,0,1,2,3,4,5,6,7,8,9,10,11,12,13,14,15,16,17,18,19,20,21,22,23,24,25,26,27,28,29,30,31,32,33,34,35,36,37,38,39,40,41,42,43,44,45,46,47,48,49,50,51,52,53,54,55,56,57,58,59,60,61,62,63,64,65,66,67,68,69,70,71,72,73,74,75,76,77,78,79,80,81,82,83,84,85,86,87,88,89,90,91,92,93,94,95,96,97,98,99,100,101,102,103,104,105,106,107,108,109,110,111,112,113,114,115,116,117,118,119,120,121,122,123,124,125,126,127,128,129,130,131,132,133,134,135,136,137,138,139,140,141,142,143,144,145,146,147,148,149,150,151,152,153,154,155,156,157,158,159,160,161,162,163,164,165,166,167,168,169,170,171,172,173,174,175,176,177,178,179,180,181,182,183,184,185,186,187,188,189,190,191,192,193,194,195,196,197,198,199,200,201,202,203,204,205,206,207,208,209,210,211,212,213,214,215,216,217,218,219,220,221,222,223,224,225,226,227,228,229,230,231,232,233,234,235,236,237,238,239,240,241,242,243,244,245,246,247,248,249,250,251,252,253,254,255,256,257,258,259,260,261,262,263,264,265,266,267,268,269,270,271,272,273,274,275,276,277,278,279,280,281,282,283,284,285,286,287,288,289,290,291,292,293,294,295,296,297,298,299,300,301,302,303,304,305,306,307,308,309,310,311,312,313,314,315,316,317,318,319,320,321,322,323,324,325,326,327,328,329,330,331,332,333,334,335,336,337,338,339,340,341,342,343,344,345,346,347,348,349,350,351,352,353,354,355,356,357,358,359,360,361,362,363,364,365,366,367,368,369,370,371,372,373,374,375,376,377,378
0,0.6260992,0.54417205,0.57758653,0.5834343,0.5896567,0.5821753,0.5710883,0.52014476,0.53905755,0.6258177,0.6133858,0.4955857,0.5919665,0.63601494,0.6089218,0.5789516,0.5565431,0.52088606,0.59735805,0.57234275,0.5731263,0.5781973,0.5365001,0.6196972,0.5193405,0.46354434,0.5787824,0.51162016,0.5690582,0.44578853,0.5668358,0.5317351,0.57697195,0.5077405,0.54072833,0.5239441,0.64318657,0.6348603,0.5448581,0.56993085,0.599601,0.5735311,0.6203756,0.6044311,0.64628655,0.5876972,0.5245092,0.6311381,0.6215381,0.5817016,0.50149107,0.5159585,0.5279548,0.5202421,0.5539922,0.52717215,0.53767574,0.49704,0.68178797,0.67660993,0.5602989,0.53943765,0.46866685,0.61630976,0.5890201,0.5689389,0.38523388,0.45870355,0.47157955,0.3466285,0.41528445,0.46603554,0.5177567,0.4394027,0.4299569,0.40930143,0.3458784,0.54431635,0.4011797,0.53996044,0.4829246,0.4858973,0.45671278,0.62884957,0.5122984,0.6160333,0.4210562,0.46096632,0.45462176,0.40283045,0.5434954,0.52310556,0.51097727,0.50861084,0.547864,0.5722353,0.49033558,0.48966175,0.59653026,0.54723567,0.5414266,0.56103706,0.60627794,0.5418405,0.5506144,0.58909607,0.51515967,0.6492012,0.64777005,0.5404322,0.6304402,0.6499142,0.63815457,0.6423009,0.55216837,0.5418773,0.5180253,0.53957456,0.5661634,0.5296953,0.5678641,0.518716,0.48992467,0.515481,0.46055943,0.5770841,0.591107,0.47920477,0.44358832,0.422003,0.47894672,0.39633965,0.45591563,0.5190362,0.52802503,0.55787116,0.49945426,0.55266166,0.5163231,0.5758787,0.54704845,0.6254763,0.60774136,0.51196444,0.4728933,0.5917271,0.5375535,0.63445187,0.4455304,0.40763807,0.430759,0.578381,0.5762186,0.59441,0.5469391,0.5132758,0.5319587,0.5916929,0.60721815,0.6114489,0.48154825,0.5874693,0.5620652,0.5392299,0.515241,0.5515968,0.62397224,0.5279377,0.627728,0.49938485,0.37375313,0.5117658,0.58705497,0.57531655,0.45438477,0.46116257,0.43637764,0.57344806,0.6294303,0.68139833,0.6327844,0.5654698,0.5533838,0.5912077,0.60849696,0.60016054,0.6092574,0.5008013,0.52706087,0.6533751,0.59070945,0.5284542,0.6105832,0.6329369,0.61116886,0.58559376,0.5322326,0.53484887,0.6122798,0.5828007,0.5612005,0.61625534,0.56399125,0.63773626,0.64198565,0.51268905,0.5930731,0.5764334,0.51650614,0.40674505,0.5753539,0.5061725,0.49439886,0.54267335,0.55269456,0.4846364,0.61718464,0.6319555,0.5262677,0.5378642,0.5907633,0.55964154,0.60221267,0.6296393,0.6274473,0.61059386,0.49863896,0.59636784,0.60138696,0.5516958,0.4936839,0.51314455,0.5183639,0.47889838,0.55140096,0.50437343,0.5945158,0.54955345,0.67830396,0.6901753,0.63926476,0.5642121,0.49187583,0.6344172,0.5639334,0.54900134,0.45967272,0.44689825,0.476233,0.4129714,0.4405131,0.4318087,0.49581778,0.47917637,0.5200163,0.43594486,0.3721202,0.5508391,0.5331803,0.6000676,0.51611274,0.5670859,0.44651893,0.6272187,0.4409158,0.6577171,0.50921357,0.45361766,0.6092401,0.45965478,0.54283166,0.5020566,0.50135165,0.5022033,0.55763304,0.5703151,0.47910416,0.41038218,0.5769454,0.5108221,0.5348356,0.55997896,0.64102906,0.5562492,0.53328794,0.5849467,0.51632667,0.65130955,0.63755137,0.5374909,0.62491626,0.633245,0.64489543,0.63279665,0.55704314,0.48828548,0.49391785,0.500098,0.54962116,0.5356831,0.5577266,0.52347356,0.5311521,0.5377867,0.4346519,0.5701512,0.5941477,0.50949186,0.50004226,0.47582963,0.5071798,0.5016781,0.4671485,0.50174403,0.52911335,0.5763062,0.5315394,0.5510815,0.5379707,0.5560966,0.5614505,0.6216906,0.5849162,0.49112314,0.4730873,0.58008486,0.49284214,0.60073817,0.4668624,0.44139752,0.41497102,0.60856116,0.58208245,0.5897189,0.5508105,0.54825103,0.5554146,0.57609886,0.5957229,0.5975304,0.5320992,0.56252295,0.5800201,0.5184534,0.48847184,0.5342059,0.60915893,0.53210574,0.59200656,0.5138549,0.39448357,0.5133917,0.6010262,0.6161275,0.4586125,0.50441885,0.4638035,0.5585053,0.6363733,0.68457025,0.5729443,0.5624135,0.4891761,0.4973774,0.5483856,0.55299354,0.53325176,0.5318883,0.5474726,0.5358516,0.51135427,0.5279362,0.52793443,0.51980036,0.56356096,0.5570077,0.54980916,0.5427634,0.5498944
1,0.64861673,0.53727233,0.57936984,0.5910152,0.600878,0.6018638,0.5903863,0.50159794,0.5246117,0.6409049,0.6265755,0.4988054,0.59757525,0.6511367,0.6229548,0.58828485,0.5616901,0.518486,0.6206463,0.5999648,0.5867853,0.5912075,0.53379244,0.6431543,0.52199596,0.45664296,0.57850635,0.5166774,0.5680623,0.45490578,0.5959155,0.5301213,0.6021349,0.5227543,0.5441992,0.495743,0.63196164,0.63573426,0.5148127,0.5525017,0.5932792,0.53568876,0.6119718,0.5900021,0.62452096,0.5621218,0.480856,0.6508146,0.61853796,0.56093425,0.47371575,0.4819253,0.51280427,0.4925592,0.5297374,0.494335,0.5294113,0.49902576,0.69225514,0.68093294,0.5693216,0.55094326,0.4833621,0.63239926,0.61349386,0.59769166,0.38593808,0.47188196,0.4650713,0.33481875,0.41302627,0.4824101,0.5294791,0.46006158,0.43656275,0.40631288,0.3437271,0.5359442,0.40661746,0.55927014,0.49949792,0.5061559,0.46958813,0.6240762,0.51915425,0.61564237,0.41435078,0.46981302,0.45813462,0.39172795,0.54658705,0.5378722,0.5118934,0.5154007,0.5536842,0.55497855,0.5031859,0.49635512,0.5884715,0.5350946,0.52035236,0.56109273,0.6144844,0.5433799,0.5286159,0.5871993,0.5188904,0.6489064,0.65482134,0.53737724,0.6462015,0.6644285,0.62364167,0.6442593,0.52674085,0.49872616,0.4782502,0.5442827,0.585418,0.53217083,0.58268994,0.52361554,0.49304682,0.5167492,0.45539558,0.5946576,0.6029485,0.4764536,0.43438002,0.4188584,0.4749277,0.38913745,0.461306,0.52068406,0.533017,0.5672241,0.49525988,0.5517447,0.5124575,0.5591733,0.5449649,0.63239795,0.6095902,0.5213013,0.48304445,0.60445756,0.49401188,0.6218993,0.44975486,0.40635258,0.44650522,0.5811492,0.5864926,0.6132925,0.5636491,0.5085402,0.51908946,0.61814255,0.6270532,0.6267238,0.4839926,0.6035289,0.56983143,0.54665023,0.52076524,0.5580887,0.63352984,0.51693815,0.64809513,0.51494044,0.38080525,0.50903296,0.60337657,0.5901456,0.45013413,0.4672461,0.42859662,0.584958,0.6435323,0.6933109,0.6545377,0.55564576,0.5530716,0.60081404,0.6219004,0.6184681,0.63674074,0.47739112,0.5128337,0.65856725,0.5968155,0.5296213,0.6247091,0.64529896,0.61990607,0.59150803,0.53610545,0.5301036,0.632955,0.6069768,0.56808525,0.6356736,0.55146843,0.66528195,0.6383743,0.5102335,0.59293437,0.5793741,0.49791008,0.40491185,0.5968042,0.51272947,0.50710344,0.5618069,0.5684072,0.4427136,0.60324407,0.62631756,0.48754826,0.51500136,0.57507944,0.5226304,0.5877925,0.6122546,0.5980958,0.5817515,0.44394833,0.6018844,0.58427256,0.53571796,0.46450287,0.4799367,0.49949428,0.4419512,0.52249813,0.47159737,0.5875571,0.55465686,0.6869116,0.68798435,0.65247285,0.5742997,0.5005121,0.64907515,0.5882509,0.5701051,0.4568492,0.45086294,0.4705062,0.41108134,0.42840075,0.429963,0.50109905,0.4893163,0.5293159,0.4472337,0.37025812,0.5370661,0.53462136,0.60859394,0.53342384,0.5748161,0.44675064,0.62057775,0.43194172,0.65752655,0.5155607,0.46122676,0.607784,0.44655603,0.54110175,0.5117691,0.5003554,0.5108273,0.5584203,0.5428411,0.4817577,0.40343207,0.56631136,0.4929496,0.5239316,0.55848813,0.6519719,0.5567491,0.50153506,0.58153594,0.5211927,0.6508719,0.6479261,0.53852206,0.6401955,0.6432948,0.635738,0.6333934,0.53568584,0.44450513,0.44853848,0.5003903,0.5538563,0.5361684,0.56359196,0.52723503,0.5392185,0.54375476,0.42698827,0.5845663,0.60719913,0.51956546,0.4967781,0.4714568,0.5113264,0.505561,0.47215608,0.5027715,0.5314559,0.57358307,0.5163334,0.54981524,0.54175997,0.54164517,0.5584359,0.63397384,0.5779185,0.4803545,0.4734593,0.5844507,0.44089243,0.58038527,0.4609624,0.44405216,0.41602013,0.6178741,0.59469193,0.61217564,0.55964273,0.5453405,0.5345807,0.59828013,0.6139921,0.62138206,0.54785615,0.57015026,0.59264266,0.52286327,0.49217972,0.54029316,0.61142963,0.5203186,0.61287385,0.5102388,0.3968724,0.5105443,0.6215093,0.6432447,0.4521827,0.5148409,0.4661581,0.56589293,0.64581823,0.7053256,0.5790235,0.56420875,0.4829379,0.49245718,0.561056,0.5615689,0.53354573,0.5340022,0.5543144,0.5384407,0.5093379,0.52619624,0.5266491,0.5223962,0.56871384,0.5605534,0.5541057,0.54259706,0.5534391
2,0.6740892,0.54413784,0.5938845,0.6086937,0.62044585,0.62845033,0.61859,0.4914514,0.5156097,0.6608575,0.6412796,0.5187294,0.6171031,0.67270374,0.64927083,0.61266226,0.5840475,0.524982,0.6562518,0.64246166,0.61216396,0.60913336,0.54357195,0.655061,0.53378135,0.46922922,0.5852389,0.5263022,0.57704353,0.482473,0.62649405,0.5403042,0.63138247,0.5568311,0.56483567,0.47846046,0.6186983,0.6331644,0.49248713,0.5395812,0.5866157,0.50361985,0.6077877,0.57938415,0.60215557,0.5467875,0.45388353,0.6773314,0.624935,0.5547717,0.4575407,0.4620315,0.50401366,0.48067585,0.51284385,0.47539946,0.52742547,0.51018244,0.6963189,0.6814847,0.5792556,0.5702883,0.5150568,0.6417871,0.6335079,0.62449586,0.40870318,0.49765524,0.47381884,0.3476489,0.4289306,0.50664467,0.5532706,0.5002358,0.4660529,0.42544544,0.3633381,0.535048,0.43611312,0.58313274,0.53687984,0.5361867,0.49445388,0.61879545,0.53805685,0.6203878,0.42900264,0.4886359,0.4791868,0.40089962,0.5533388,0.55216897,0.5159436,0.53155875,0.57489824,0.5455226,0.53066075,0.5116214,0.5767395,0.52253526,0.5025657,0.55864656,0.61096466,0.5402125,0.5039673,0.5819297,0.51935863,0.64557374,0.657059,0.53715885,0.6607496,0.6737391,0.60340315,0.6400575,0.5058281,0.4682163,0.45976734,0.55309325,0.60371685,0.5409516,0.60460645,0.53268206,0.50589556,0.5117052,0.45663074,0.6125332,0.61430323,0.48566827,0.44503978,0.43777817,0.4812422,0.40082783,0.47742274,0.5241871,0.5373709,0.57493407,0.50090855,0.5600635,0.5153161,0.5464896,0.55223864,0.6447386,0.61586064,0.54825187,0.513241,0.6272027,0.45645323,0.6038606,0.47130045,0.43101168,0.48105332,0.5945995,0.60412604,0.6364635,0.5810566,0.5207304,0.5224066,0.65818006,0.6555219,0.6471402,0.51283365,0.6245516,0.5825555,0.5541897,0.52878815,0.56189525,0.635537,0.50898933,0.6658003,0.54977834,0.403317,0.513637,0.60726017,0.595902,0.448003,0.48592338,0.43491268,0.58724844,0.6565569,0.6983558,0.6793464,0.55813164,0.5639769,0.6186782,0.640759,0.6434609,0.668814,0.46487066,0.5025251,0.66524005,0.6099254,0.5428603,0.649771,0.66508996,0.64009714,0.6103632,0.5602446,0.5353193,0.66476816,0.64624155,0.5848061,0.6621325,0.55131453,0.67865765,0.63232964,0.52030146,0.5984751,0.5837909,0.49764544,0.42270795,0.6217292,0.52947694,0.5288571,0.590957,0.5937052,0.41427958,0.58963555,0.6187345,0.45655137,0.4984669,0.56276137,0.49334037,0.5780322,0.5965841,0.5748675,0.568563,0.40917483,0.6201568,0.5814113,0.5416517,0.44686133,0.46037176,0.4880631,0.42256117,0.5020521,0.45392066,0.5808213,0.5610054,0.6872252,0.6821188,0.65837413,0.5855955,0.51817083,0.65715146,0.6110383,0.5894779,0.46553534,0.465412,0.47568747,0.42155105,0.43069005,0.44017294,0.5159722,0.5096042,0.5479821,0.47003362,0.38223913,0.5327521,0.5401034,0.6202391,0.5579728,0.5827901,0.46346742,0.6144799,0.43710414,0.65666294,0.5257064,0.47752625,0.6093087,0.44730398,0.54465526,0.52217585,0.5035396,0.52517605,0.5742158,0.5268578,0.49719086,0.40906805,0.5545805,0.4791875,0.51457196,0.55740273,0.6490988,0.5521826,0.47003978,0.57630026,0.5220171,0.6483937,0.6531727,0.54031056,0.65343773,0.6478704,0.62154186,0.6271528,0.5195738,0.41847205,0.42756495,0.50469005,0.56204665,0.54067254,0.57876027,0.53426075,0.5518047,0.54300076,0.42705357,0.6009742,0.62527543,0.53339916,0.50583774,0.47928944,0.51896566,0.5108162,0.4878635,0.506477,0.5342874,0.57656443,0.5116374,0.5641586,0.5496452,0.5342526,0.56640196,0.65206754,0.58217204,0.4858513,0.49355206,0.6035846,0.4007966,0.5620349,0.46627957,0.46252608,0.433467,0.6338573,0.61442584,0.64148426,0.5712301,0.55698425,0.52931786,0.6352798,0.6421414,0.6511466,0.57913077,0.5862333,0.6109183,0.52631134,0.49947426,0.5403054,0.60747397,0.51267534,0.6343019,0.51578164,0.41358215,0.5093042,0.63016576,0.6550461,0.44708258,0.52650577,0.47649735,0.5659641,0.6534125,0.7147655,0.57903093,0.56350625,0.47880214,0.48926985,0.576578,0.57309395,0.5385709,0.54168004,0.5612353,0.5434248,0.51304436,0.52885807,0.5262826,0.5250043,0.574265,0.56575435,0.56277835,0.5459315,0.55905354
3,0.6967019,0.56409615,0.61726916,0.63141817,0.6429137,0.6558694,0.650013,0.48967782,0.51097775,0.68261284,0.65594566,0.55211866,0.64623165,0.69590914,0.68147343,0.64787924,0.6185538,0.5393532,0.69688964,0.6925626,0.6461634,0.62885034,0.5651027,0.6514536,0.55162746,0.49846983,0.59576786,0.53677213,0.59361655,0.52255106,0.65283036,0.5588311,0.65984106,0.6014177,0.59739345,0.47242516,0.60290426,0.62594414,0.47757745,0.5299244,0.5772537,0.47801092,0.6082144,0.5737641,0.5809564,0.542014,0.44465354,0.70748913,0.6402999,0.5627687,0.45169732,0.45518264,0.5006309,0.48187858,0.50268644,0.47185457,0.5301976,0.5272999,0.6931547,0.67828006,0.5888182,0.59354824,0.5563416,0.6437389,0.64677185,0.6449914,0.44826084,0.5304716,0.49456525,0.3811861,0.45868665,0.5334278,0.58346635,0.5510177,0.51215583,0.46185663,0.39914006,0.5408254,0.4841214,0.6069639,0.5862995,0.56906307,0.52554554,0.6138556,0.5649606,0.6298482,0.4610776,0.51305175,0.5124081,0.42670685,0.56295353,0.5633532,0.52192223,0.5532929,0.6062513,0.54333335,0.5666204,0.5328258,0.5620744,0.5101018,0.4862879,0.55068123,0.59338427,0.52962005,0.47624078,0.5727118,0.5135796,0.6409861,0.65473074,0.53879154,0.6723212,0.6765846,0.57989943,0.6299853,0.49051735,0.45239097,0.46346503,0.56434286,0.61768836,0.5536098,0.628613,0.54261553,0.52535725,0.4972982,0.46282047,0.62761086,0.6211761,0.50371015,0.47342327,0.47387612,0.49537367,0.42817995,0.49946094,0.52842957,0.5398252,0.5787281,0.5133585,0.5749927,0.52445495,0.5391733,0.56615573,0.65889984,0.6236775,0.5862834,0.5551016,0.65387505,0.42786238,0.5823078,0.50478035,0.4764245,0.5267094,0.615631,0.62528276,0.6591301,0.5946204,0.5495098,0.5417125,0.7047731,0.68843216,0.66809344,0.5608328,0.6458594,0.5966236,0.5604535,0.53784513,0.56135964,0.627786,0.50304043,0.6787181,0.5963248,0.4352144,0.52458996,0.5954926,0.58810395,0.44557676,0.5124562,0.45341268,0.5782872,0.6671979,0.69620055,0.70160556,0.57372105,0.58307433,0.6402421,0.66072154,0.6701577,0.6995417,0.46324325,0.49494925,0.6733877,0.6286037,0.56687665,0.68113256,0.68812776,0.66661775,0.63873696,0.6018963,0.5499123,0.70211446,0.69490254,0.61012316,0.6922309,0.5645392,0.6739235,0.6246118,0.540494,0.6068833,0.5879634,0.5144203,0.45579728,0.6446514,0.5522425,0.5545286,0.6225766,0.62202585,0.4006243,0.5762103,0.60914403,0.4342629,0.4876712,0.5527836,0.47206107,0.5744041,0.5849408,0.55995786,0.57326645,0.39503753,0.64928955,0.59283954,0.5688496,0.43988118,0.4533093,0.48338816,0.41792744,0.49021968,0.45258448,0.5734732,0.56701773,0.6793743,0.6736093,0.6568703,0.59642816,0.5410639,0.65878457,0.6282344,0.6025053,0.48287344,0.4868888,0.4890736,0.44022143,0.44598264,0.45934078,0.53643423,0.5349432,0.57174397,0.49803567,0.40380222,0.5386388,0.54849076,0.634081,0.5834599,0.5894987,0.49311754,0.6106784,0.45506626,0.6565954,0.5366765,0.4977968,0.6142462,0.45974207,0.55351985,0.5312403,0.5095741,0.54214185,0.6015471,0.52392817,0.52159816,0.42496726,0.54259896,0.47018635,0.5033329,0.5528624,0.62964433,0.53969646,0.43982425,0.56926525,0.515726,0.64563704,0.6537262,0.5415184,0.66361105,0.64675325,0.6037914,0.61478674,0.5090228,0.4111443,0.43260273,0.511437,0.5715773,0.54755646,0.5992551,0.5425702,0.5659287,0.5317436,0.432534,0.6163222,0.6439468,0.5471471,0.5248294,0.49532604,0.52786994,0.5168373,0.5099801,0.5118657,0.5370417,0.58470345,0.5173087,0.59253657,0.5603286,0.5357842,0.5834057,0.67167217,0.59610933,0.5059603,0.5280234,0.6338413,0.37595928,0.54823875,0.48100954,0.4918702,0.46273085,0.6536225,0.6374983,0.67250854,0.58203125,0.582607,0.5410346,0.6817293,0.67590487,0.6815122,0.6174555,0.6060719,0.6315356,0.5275898,0.50817657,0.53436446,0.59663683,0.5074933,0.65235317,0.52936655,0.44008905,0.5095568,0.6229216,0.6467076,0.44071898,0.5363078,0.4923893,0.5575168,0.658939,0.7129987,0.572928,0.55998105,0.47685662,0.48714456,0.5922537,0.58541787,0.54704905,0.5529772,0.5671202,0.549412,0.5210034,0.53453463,0.52666336,0.5271378,0.57860386,0.57095075,0.5734086,0.55130315,0.56517124
4,0.71032435,0.59242743,0.64084506,0.6514629,0.66103446,0.6774101,0.677007,0.49374065,0.5088492,0.70078826,0.66736335,0.59090614,0.67642885,0.71486723,0.7114911,0.6851173,0.65744585,0.5573704,0.7335477,0.7403022,0.6818179,0.64587367,0.5929236,0.632734,0.5709173,0.53755015,0.6059495,0.54525024,0.6132536,0.56647867,0.6696451,0.5807394,0.6820675,0.644915,0.63285154,0.47628447,0.584413,0.6136954,0.46974024,0.52137125,0.5643261,0.46033078,0.61038786,0.5717937,0.56207293,0.5455057,0.45076585,0.7358375,0.6604731,0.5807018,0.45344877,0.45829335,0.50041306,0.4909505,0.497348,0.48034683,0.5351357,0.545084,0.6821547,0.6707384,0.59604675,0.6151509,0.5973223,0.6383475,0.65182954,0.65551645,0.49668023,0.5634885,0.5216458,0.42924008,0.4966186,0.557777,0.6120673,0.6007523,0.56363434,0.5069917,0.4437984,0.54964125,0.54051155,0.6251663,0.6347875,0.59727645,0.5561857,0.6085463,0.5933533,0.6409514,0.50332195,0.5378174,0.54999757,0.46347284,0.57365113,0.5695338,0.52844286,0.5752304,0.6396735,0.5454728,0.6024847,0.5559523,0.5462587,0.4983365,0.4712245,0.53692544,0.5644071,0.51266444,0.44889343,0.55993307,0.50203574,0.6349687,0.6471517,0.5406512,0.67797595,0.6712591,0.55551726,0.61535007,0.4808119,0.44973257,0.48439896,0.5748905,0.6239506,0.5658212,0.6479159,0.54984754,0.5466231,0.47615936,0.4726738,0.63602084,0.6203455,0.52556217,0.51349396,0.5192955,0.5130544,0.4663286,0.5225533,0.532635,0.5396908,0.57718456,0.52927303,0.5926036,0.5385645,0.5379451,0.582776,0.6697202,0.6300732,0.62565833,0.5978254,0.6782678,0.4095724,0.5594888,0.5431861,0.5326817,0.573789,0.63801426,0.64377666,0.6754682,0.60071236,0.5892819,0.5736239,0.748683,0.71929616,0.683578,0.6149834,0.6625591,0.6070386,0.5636254,0.54679734,0.55665326,0.6104715,0.49844572,0.68394554,0.64290196,0.47055689,0.53898853,0.5704085,0.56793416,0.44322407,0.5406119,0.48029602,0.5601255,0.67321754,0.6860884,0.7152971,0.59863496,0.60274565,0.65830415,0.67591244,0.69239295,0.72196674,0.46941745,0.48888543,0.6800306,0.6476593,0.59534144,0.7106793,0.70864314,0.69199306,0.6690402,0.6529558,0.56952906,0.7372666,0.74307173,0.6397345,0.71989983,0.58635825,0.6519409,0.6154003,0.56504357,0.6141693,0.5897637,0.54159415,0.49694026,0.65971494,0.5759915,0.577559,0.64852875,0.6464265,0.40041435,0.56316006,0.5976271,0.42178655,0.4807692,0.5437793,0.4593936,0.5746059,0.5765451,0.5533099,0.5920377,0.39888337,0.68279034,0.6144021,0.609689,0.4412541,0.45562002,0.48296148,0.4230117,0.48510784,0.46376657,0.56518036,0.5703798,0.6638686,0.661466,0.64825183,0.6042034,0.563502,0.65458536,0.6364597,0.60582364,0.5044565,0.5107028,0.50579095,0.4623514,0.4704725,0.48341155,0.5567946,0.5588746,0.59389955,0.523771,0.4310612,0.55058414,0.5572497,0.6457531,0.6026961,0.59263176,0.52827936,0.60798293,0.48212585,0.6561334,0.5457753,0.51693743,0.6204151,0.47978792,0.56596863,0.5371558,0.5167993,0.55760884,0.63246834,0.5311253,0.548616,0.44777128,0.5309054,0.46501425,0.4893809,0.5435674,0.5966824,0.5206209,0.41427806,0.56028795,0.503236,0.6416273,0.6485969,0.54081964,0.6681643,0.6390807,0.5835421,0.5977234,0.5021445,0.41920412,0.45867515,0.5187745,0.57930875,0.5536053,0.6179713,0.5494472,0.5772052,0.5122101,0.44112596,0.6269513,0.6582374,0.5567561,0.5481913,0.51493806,0.53524107,0.5229691,0.53369766,0.51812893,0.53897226,0.5947694,0.53070474,0.6288126,0.5709866,0.54509115,0.6049013,0.68708545,0.61555135,0.5340006,0.5677557,0.66819763,0.3665419,0.5394609,0.50146794,0.52525103,0.49769443,0.67204934,0.6569181,0.69822764,0.5887062,0.61707765,0.566653,0.7291193,0.70819986,0.70578146,0.6535262,0.62344176,0.64979976,0.52551085,0.5159966,0.5248291,0.5796213,0.50317675,0.6625732,0.5477253,0.4709075,0.51060677,0.6012278,0.6198591,0.43364906,0.54139614,0.51136553,0.5428156,0.6601738,0.70090985,0.5621194,0.55366796,0.47706407,0.48516554,0.60496074,0.5955499,0.5568501,0.5651412,0.57090044,0.5546077,0.5303227,0.5405339,0.5277349,0.5287597,0.58009034,0.5742412,0.5833195,0.55704546,0.56996804
5,0.7101505,0.6206241,0.6552265,0.66145873,0.6682657,0.68741894,0.6924888,0.50012296,0.5075235,0.7090708,0.6708802,0.6244573,0.6981888,0.7242804,0.73209655,0.71402836,0.69149584,0.5725391,0.7580862,0.77603257,0.71016765,0.65518105,0.6181872,0.60356367,0.586498,0.57727057,0.6117711,0.5497811,0.6296342,0.60515225,0.6729133,0.6009572,0.69308996,0.6768916,0.66203207,0.48716956,0.56426185,0.5967176,0.46868324,0.5124531,0.54893184,0.45246726,0.6092894,0.57011837,0.5461078,0.55292356,0.46723375,0.75586694,0.6787928,0.6008764,0.45972314,0.46734425,0.5013039,0.50185806,0.49505255,0.49394763,0.539277,0.5574881,0.66281116,0.6575016,0.59836113,0.6294369,0.62886685,0.6253342,0.64720076,0.6533922,0.54482025,0.5899355,0.5488603,0.48362258,0.53596956,0.57552373,0.63174313,0.63878095,0.60836744,0.55131173,0.4896457,0.5559269,0.59249777,0.6318681,0.67047054,0.6143807,0.5800072,0.6008993,0.61592084,0.6489058,0.5471328,0.55824256,0.58418965,0.50464934,0.58285,0.56934583,0.5341437,0.5923093,0.66584456,0.5478924,0.6295034,0.57600284,0.5314652,0.48774412,0.45863652,0.5199933,0.5310944,0.4940855,0.4278337,0.54455984,0.48813763,0.6253459,0.6327714,0.5407168,0.674237,0.6563488,0.53214675,0.59768325,0.47535393,0.45587158,0.51311815,0.58120275,0.6203892,0.57287043,0.65606207,0.5516733,0.56423676,0.45563313,0.48440823,0.63438773,0.6101982,0.5452796,0.5555784,0.56470126,0.5299695,0.5088716,0.54261214,0.5364192,0.5369747,0.569633,0.54442084,0.6075948,0.55376744,0.540858,0.59679484,0.6722524,0.6318432,0.6562702,0.631034,0.69440806,0.40116343,0.5371078,0.5792151,0.58720505,0.6129747,0.65459853,0.65333426,0.6803616,0.59721905,0.62930626,0.6098275,0.7811946,0.74075913,0.68837273,0.66185236,0.67003065,0.60922486,0.56213,0.5538243,0.54948,0.5859498,0.4950742,0.6784094,0.67858344,0.5041235,0.55299425,0.5393332,0.5416918,0.44321987,0.5640878,0.5103568,0.53769624,0.67151016,0.66714025,0.71554995,0.62498474,0.61459225,0.6659028,0.6808637,0.704489,0.7305522,0.47903195,0.48401633,0.68019086,0.65977836,0.6188242,0.7298999,0.7209105,0.7090322,0.6921487,0.7012311,0.5872659,0.7624932,0.7802994,0.6666103,0.7385076,0.60789514,0.6181315,0.6041626,0.5869412,0.61628586,0.5870165,0.5690946,0.5373961,0.66210055,0.59585077,0.59224564,0.6622967,0.6615035,0.41091192,0.5511916,0.5842376,0.42003438,0.4760771,0.53486395,0.45614487,0.5739113,0.5683477,0.55274934,0.6164637,0.41612348,0.7114636,0.6386852,0.6513963,0.44816405,0.46329942,0.48427066,0.43278593,0.48431662,0.48018005,0.5559637,0.56841314,0.64161694,0.6437321,0.63247013,0.60581267,0.57955885,0.6442142,0.63313377,0.5975799,0.525583,0.5318899,0.5209316,0.4841838,0.49919894,0.507719,0.571486,0.5756901,0.6082055,0.54177564,0.46101445,0.56124043,0.5624012,0.64888716,0.60984886,0.5894175,0.55959773,0.6029758,0.51221776,0.65202856,0.55101484,0.531114,0.62419504,0.5028379,0.57856077,0.53843844,0.52362716,0.56782883,0.65701,0.54254895,0.57053196,0.4733159,0.51979333,0.46220863,0.47478765,0.5309715,0.5584168,0.49994266,0.39787912,0.5490387,0.48874658,0.633143,0.6358436,0.537222,0.6636168,0.62398875,0.5615939,0.5776019,0.4962025,0.43641803,0.49553096,0.52495223,0.5822058,0.5551033,0.62738883,0.55244535,0.5816705,0.49137256,0.45102695,0.6296682,0.6642751,0.55922943,0.56881094,0.5340785,0.5391464,0.52862805,0.5542252,0.524452,0.5393333,0.6016551,0.54690963,0.663553,0.5775701,0.5574847,0.62397075,0.6929382,0.634216,0.5602778,0.6018321,0.697419,0.37042752,0.5341967,0.52286404,0.55561614,0.5316158,0.68313545,0.6655619,0.7124922,0.5890899,0.6509653,0.59812886,0.7677267,0.7312158,0.7181602,0.6798154,0.6322488,0.66084117,0.5199189,0.52093947,0.5149018,0.5582639,0.49879798,0.66095954,0.5657153,0.5004463,0.5117761,0.57143027,0.58217335,0.42896274,0.5404279,0.5306918,0.5261743,0.6539143,0.6793829,0.5488637,0.5447804,0.47957528,0.48327076,0.611352,0.60021216,0.5653319,0.57518923,0.5716558,0.5572351,0.53750974,0.5437206,0.5293424,0.5298132,0.5772416,0.5737175,0.5896228,0.56121546,0.57177866
6,0.6935225,0.6396462,0.6548808,0.6569844,0.66097707,0.6827748,0.69232637,0.50577563,0.5059662,0.70260674,0.66234976,0.6429335,0.7046671,0.72116756,0.73873216,0.7268227,0.71209544,0.579347,0.76503056,0.7933587,0.7240024,0.65331745,0.6328631,0.5711718,0.5933279,0.6073277,0.61010456,0.5493393,0.6366811,0.63169366,0.6616889,0.61520934,0.6905157,0.6918377,0.6787499,0.50039536,0.5440206,0.5759451,0.47236452,0.50327647,0.53301406,0.45378765,0.600372,0.564644,0.5322155,0.5583709,0.48696828,0.76197094,0.6881628,0.61418474,0.4680493,0.4782968,0.50212777,0.5099133,0.49410418,0.5053452,0.53965414,0.5604962,0.63561827,0.6369656,0.59412116,0.6328694,0.6452531,0.60543954,0.6326959,0.63841516,0.5836783,0.60532504,0.57030237,0.5337418,0.5690122,0.5843364,0.63813174,0.6583595,0.636709,0.58598036,0.52952194,0.55493754,0.627993,0.62362003,0.68611825,0.6167139,0.592702,0.5888581,0.62698096,0.64881265,0.58322185,0.5708608,0.6091038,0.5425888,0.58793664,0.56298023,0.53794074,0.6010408,0.6768419,0.54677707,0.64191216,0.5886318,0.51926315,0.47938278,0.45035037,0.50378275,0.5020295,0.4796975,0.41737998,0.5283613,0.47660965,0.60943604,0.6107434,0.53775376,0.65903765,0.63292986,0.5110609,0.5782028,0.47242963,0.4650085,0.538633,0.5810574,0.60777456,0.57239366,0.64940846,0.54752016,0.5733666,0.4435977,0.4957227,0.6219513,0.5917144,0.5576166,0.5881634,0.60061944,0.5426233,0.5474715,0.55668914,0.5394418,0.5324665,0.55683845,0.5536064,0.61444056,0.56434095,0.54312927,0.6024513,0.66345537,0.6254817,0.67105836,0.6480552,0.69697577,0.40071526,0.5160122,0.6062545,0.628062,0.6378659,0.6596764,0.65021104,0.67138636,0.584606,0.6582283,0.63870513,0.7963421,0.7468528,0.68000007,0.6923456,0.665422,0.6014528,0.5560645,0.5570169,0.5423881,0.55826956,0.49328908,0.6604267,0.6970623,0.5313142,0.562577,0.5114309,0.51751757,0.4477993,0.5779585,0.5378263,0.51707023,0.65945834,0.6400437,0.6994873,0.6438765,0.61393374,0.6590627,0.67236805,0.7026644,0.72272366,0.48830277,0.4807854,0.66958374,0.6589343,0.62854296,0.73295915,0.72120064,0.7133827,0.70100015,0.7349898,0.5968282,0.7718343,0.7995091,0.6834723,0.7431958,0.6207653,0.58087415,0.5899519,0.5991981,0.61041284,0.5786187,0.58789194,0.5697929,0.65042096,0.60866946,0.59631485,0.66162235,0.66521,0.42786306,0.5402982,0.5689698,0.42735493,0.47284806,0.52548915,0.46086168,0.5677295,0.5570084,0.55328447,0.63559943,0.44015077,0.7269437,0.65664685,0.68092424,0.4580155,0.47268817,0.48599905,0.44389626,0.4854161,0.49445757,0.5455923,0.5600685,0.6142346,0.6194201,0.6108366,0.59978163,0.5855868,0.6277042,0.6186653,0.57898486,0.54284513,0.54711777,0.5313674,0.5035116,0.526478,0.5283672,0.5771617,0.5821402,0.61031216,0.55036014,0.49092463,0.56415844,0.5600063,0.63896894,0.60283804,0.5785662,0.580117,0.59267026,0.53880477,0.64090586,0.5515515,0.53903604,0.62292737,0.52453977,0.58745086,0.53508794,0.5289887,0.5708663,0.66726124,0.5515033,0.5820587,0.49750307,0.5096572,0.4613151,0.4630867,0.5176464,0.5243747,0.48358652,0.39339373,0.5360981,0.4775991,0.617108,0.61503136,0.53100055,0.6480904,0.6028216,0.53908134,0.5564357,0.48973784,0.4557746,0.5304677,0.52905554,0.57868147,0.5505645,0.6230622,0.5507316,0.5776666,0.47676796,0.46130478,0.6232952,0.6601351,0.5539412,0.5801621,0.5492459,0.5394447,0.53371096,0.56788486,0.5298308,0.53791577,0.60073787,0.55958045,0.6871476,0.57658064,0.5663312,0.63328016,0.68581754,0.64483863,0.57706136,0.62219584,0.71273595,0.3838081,0.52965665,0.5408485,0.5777946,0.5591629,0.6820002,0.6596998,0.71205854,0.5828747,0.67408055,0.6244323,0.7896021,0.7390775,0.7155457,0.6922107,0.62891096,0.6612194,0.5127828,0.52251077,0.50740707,0.5355031,0.49441403,0.64579517,0.5786372,0.5242719,0.5128762,0.5420344,0.5446152,0.43030182,0.5350559,0.5473419,0.5119562,0.6384332,0.65036917,0.53600043,0.53437334,0.4846831,0.48273867,0.60873365,0.5970262,0.5697714,0.5802099,0.56885725,0.5560759,0.5404018,0.54261523,0.5309715,0.52997345,0.5691068,0.56782037,0.5895877,0.561689,0.56948495
7,0.6600335,0.643821,0.6393353,0.63703924,0.6389342,0.66326666,0.6761206,0.509292,0.5041944,0.6796072,0.64066964,0.63996077,0.69284827,0.7048802,0.72909206,0.7199981,0.71388954,0.5759814,0.7517051,0.78934234,0.7199025,0.6399187,0.6329158,0.54340684,0.5878001,0.61887133,0.59890944,0.54438704,0.6300827,0.6421462,0.6382443,0.6204324,0.6747801,0.6888694,0.6800887,0.5108822,0.5246116,0.55275583,0.47695655,0.49556118,0.5182962,0.46016493,0.582009,0.5519961,0.51786494,0.55569446,0.5030566,0.7508747,0.68357545,0.61361486,0.4773583,0.48839068,0.5028258,0.5135007,0.49302387,0.5107284,0.5340546,0.5537973,0.60287684,0.6084745,0.5840376,0.62497294,0.6446856,0.5817086,0.6108079,0.6142942,0.606168,0.6082744,0.58129513,0.5691114,0.5890086,0.5842853,0.6299461,0.65705013,0.6429546,0.6043997,0.55787617,0.5453563,0.63922477,0.6013832,0.6788952,0.6043176,0.59284693,0.5713104,0.62395716,0.6372264,0.6031729,0.5740032,0.62108546,0.5697837,0.5872575,0.5531563,0.5392697,0.6001279,0.6681603,0.53974015,0.6378631,0.59109384,0.5106142,0.47562587,0.44826865,0.49209732,0.48443806,0.47447747,0.41874626,0.51421916,0.47233754,0.5862163,0.5829444,0.53236485,0.6337266,0.6058714,0.49343953,0.5583947,0.471668,0.47253147,0.5529922,0.57457185,0.58966565,0.56556314,0.6280967,0.5391564,0.5711836,0.44570205,0.50516105,0.6011353,0.5684372,0.55974424,0.6020473,0.6194903,0.5486004,0.5738006,0.5632011,0.5410806,0.5274598,0.54140097,0.55243325,0.60964745,0.56631166,0.5399003,0.5955696,0.64273477,0.60801345,0.6670444,0.64663106,0.68248844,0.40632898,0.4966705,0.61927414,0.6468179,0.64548653,0.6505061,0.6343901,0.6497952,0.56571305,0.6690649,0.65104204,0.7911162,0.7343539,0.65939164,0.7020243,0.64816517,0.5858626,0.54755586,0.55581975,0.5375231,0.53250206,0.49414515,0.63132846,0.6962631,0.54882616,0.56449836,0.4947322,0.50257516,0.4588315,0.579634,0.55777884,0.50392765,0.636555,0.60835296,0.666433,0.6492744,0.60117185,0.6374756,0.65002394,0.6856149,0.69899106,0.49541402,0.4800004,0.64685374,0.64319146,0.6191295,0.7173242,0.7080472,0.7036147,0.6924258,0.74781084,0.59525883,0.7618562,0.7974628,0.68587744,0.73182064,0.6206966,0.54928815,0.57233435,0.5960096,0.59528404,0.56525844,0.5928275,0.58976203,0.6269368,0.61354816,0.59085387,0.64844036,0.65837926,0.44637093,0.5292007,0.5518547,0.43930238,0.47154012,0.51558214,0.46911126,0.55386865,0.5406352,0.5479382,0.63955873,0.46357948,0.72430706,0.6609131,0.6900314,0.46923423,0.48165601,0.48831925,0.45515668,0.48640642,0.5027236,0.5335134,0.54708076,0.5839718,0.5896799,0.5872877,0.58776397,0.5816783,0.6069592,0.59759533,0.5554668,0.5546509,0.5558801,0.53613216,0.51938945,0.5467027,0.5434751,0.57325846,0.57813406,0.5977928,0.55148524,0.51802444,0.55715764,0.54828435,0.61616236,0.58386505,0.56166226,0.5878385,0.57628554,0.5574794,0.6209733,0.5479712,0.54187053,0.61590976,0.54141974,0.59013015,0.5295164,0.53263086,0.5672741,0.65942305,0.5528662,0.58224094,0.517496,0.50159144,0.46364036,0.4578475,0.50612277,0.50184476,0.47642282,0.40123963,0.52367836,0.47465584,0.59307885,0.58917767,0.5238476,0.6236266,0.5800306,0.5180631,0.5371995,0.48404565,0.4725223,0.55371547,0.5312045,0.5694509,0.54198277,0.6052413,0.5454749,0.5658242,0.47393015,0.47229803,0.60895383,0.64577997,0.54273725,0.57813483,0.55751437,0.537193,0.5383805,0.5730836,0.5332095,0.5351741,0.58983654,0.5630775,0.6935224,0.56684333,0.56609994,0.62789196,0.6648847,0.64107025,0.58166397,0.6259876,0.70859176,0.402849,0.523172,0.5526404,0.5892107,0.5775126,0.66639274,0.6401666,0.69706094,0.57105345,0.6797515,0.6364888,0.79041076,0.72878826,0.697887,0.68932587,0.6128804,0.650188,0.5077456,0.52227885,0.5038692,0.51528543,0.49158257,0.61945,0.5839865,0.5405326,0.5139657,0.5210171,0.51765054,0.4408824,0.52897596,0.55880725,0.503583,0.6150303,0.61806023,0.5261616,0.5244251,0.49240133,0.48533732,0.59627706,0.58545387,0.5679507,0.57774323,0.56261224,0.55076545,0.5392477,0.53836673,0.53171057,0.5288701,0.5561658,0.55629385,0.5816925,0.5570212,0.5627592
8,0.61219,0.6321185,0.61134285,0.6033586,0.60447216,0.63095427,0.6463381,0.5110869,0.5033121,0.6417435,0.608786,0.61424285,0.6627853,0.6760342,0.70181936,0.69344515,0.6960844,0.5643212,0.7177103,0.76260924,0.69771147,0.61732745,0.61843556,0.5269383,0.5696329,0.6084834,0.57780993,0.5370019,0.60768694,0.6351274,0.60597277,0.6158729,0.6474439,0.6697708,0.6657113,0.51588804,0.5067665,0.5290642,0.4797103,0.49175993,0.50624245,0.46746087,0.5558772,0.53146046,0.5012334,0.54169506,0.51240194,0.72191226,0.6640757,0.59754276,0.48784173,0.49697924,0.5042799,0.51383954,0.4915029,0.511046,0.5231391,0.5408581,0.5684673,0.57349813,0.5711322,0.6085168,0.6289581,0.5584365,0.58586705,0.58772486,0.6098832,0.5999235,0.5810421,0.58551216,0.593779,0.57775503,0.6084004,0.63637483,0.6263398,0.60524267,0.5729022,0.52980316,0.6250297,0.5698949,0.6495956,0.5806689,0.5816332,0.54875404,0.60727906,0.6133689,0.6034036,0.56874144,0.61903024,0.5824835,0.5807889,0.5439732,0.5383605,0.59112346,0.63959575,0.5271256,0.61838156,0.58280945,0.5059185,0.47907,0.45415047,0.4879104,0.48237842,0.48169884,0.43166998,0.50538296,0.47891083,0.55735236,0.5539055,0.5265769,0.6028478,0.581702,0.48041284,0.5403354,0.47458634,0.47777265,0.5548541,0.5638104,0.5701755,0.55563533,0.59546065,0.5295864,0.557762,0.46478412,0.512789,0.57570195,0.54489124,0.5517923,0.59415615,0.6185559,0.5471904,0.5840963,0.5623624,0.5407912,0.5233014,0.52682006,0.5404304,0.5937738,0.5600189,0.52975285,0.5757301,0.6114899,0.57896405,0.64461046,0.6276599,0.6507339,0.4177226,0.4803727,0.6163494,0.64064425,0.6355778,0.6274029,0.6089475,0.6195698,0.5439474,0.6602463,0.64446324,0.764272,0.70271105,0.6298447,0.6898306,0.61954296,0.56682503,0.53936356,0.5516871,0.535383,0.513263,0.49882135,0.59543955,0.6763162,0.55619377,0.557612,0.49449855,0.50174254,0.47797683,0.5693912,0.56807137,0.50170743,0.6054373,0.57777256,0.61866933,0.63966507,0.57964253,0.603579,0.615741,0.6544844,0.662197,0.5007528,0.4827554,0.6138827,0.61517096,0.5898727,0.68284583,0.68131524,0.67953736,0.666694,0.7391214,0.5833539,0.7316002,0.77273095,0.673474,0.70472676,0.6080417,0.5308423,0.552167,0.57547647,0.5709606,0.54861903,0.5823595,0.5958708,0.59497064,0.6113997,0.57802844,0.62655056,0.6426605,0.4634464,0.51715094,0.5335065,0.45215687,0.47365525,0.50612795,0.47698635,0.53314465,0.5197483,0.5321828,0.62389076,0.4821109,0.70261306,0.6491967,0.6772721,0.4816287,0.4900323,0.49236548,0.4670994,0.4868494,0.50542796,0.5202758,0.5332549,0.55337214,0.55728674,0.56687516,0.57391685,0.5711007,0.5850363,0.57593054,0.53453976,0.5609425,0.5593082,0.53653413,0.53222466,0.55707246,0.5533293,0.56124145,0.5663435,0.570862,0.54916817,0.5403727,0.5426011,0.52839464,0.5846621,0.5578281,0.54236305,0.5842871,0.55482394,0.56685996,0.59270054,0.5421033,0.54200906,0.6034182,0.5519503,0.58632517,0.5253587,0.5350559,0.5600214,0.63347614,0.54532415,0.57264084,0.5322972,0.49679083,0.47089666,0.46191818,0.49902013,0.4948907,0.48148417,0.42068458,0.51461554,0.48312798,0.563482,0.56345654,0.51782995,0.5955546,0.56094575,0.50073826,0.5228056,0.4821825,0.48614877,0.5627848,0.53214514,0.55711335,0.5330515,0.57785535,0.53873867,0.54765666,0.48599568,0.4850361,0.58877116,0.6227362,0.5282796,0.562135,0.5576742,0.5334948,0.542539,0.5704707,0.5340447,0.53186774,0.5699581,0.5553992,0.6819448,0.54966784,0.55514276,0.60719717,0.6316028,0.62004787,0.57541883,0.6140261,0.6837699,0.42578214,0.51413363,0.5572522,0.5893748,0.5856507,0.6371575,0.61073065,0.6700619,0.5547741,0.66638976,0.6314316,0.7687464,0.6998561,0.66729295,0.67090935,0.58554274,0.62977993,0.50801116,0.52281594,0.50419426,0.501368,0.4928465,0.5876089,0.5810819,0.5502255,0.51506186,0.51421994,0.5082438,0.46285146,0.5246401,0.5643791,0.5029807,0.58765423,0.5880886,0.5206999,0.51671195,0.5020793,0.49189454,0.5758611,0.5671379,0.5591233,0.56693995,0.5538474,0.5420118,0.53588015,0.5333855,0.53076345,0.52658194,0.54088175,0.5410898,0.5668358,0.54758966,0.5521788
9,0.5577221,0.6084587,0.5762719,0.5615122,0.56329334,0.59104663,0.6085368,0.51283634,0.50523096,0.59492433,0.5732834,0.571268,0.61912537,0.63649195,0.65697193,0.651396,0.6626462,0.54891026,0.66700906,0.7145783,0.6610453,0.59011203,0.5936203,0.5249293,0.5429486,0.5800096,0.5490295,0.53004193,0.5706306,0.612208,0.56857926,0.6038002,0.6107489,0.63875324,0.63772416,0.51651734,0.49226043,0.5078688,0.48131788,0.49398267,0.49855402,0.4745304,0.5267279,0.5064144,0.48320985,0.51798886,0.51648617,0.67803633,0.6329845,0.5700516,0.5002625,0.5052568,0.5078674,0.5137512,0.49094325,0.5105286,0.5114103,0.5279628,0.5371474,0.5363908,0.55919766,0.58870256,0.60335416,0.5390875,0.5621699,0.5652366,0.5979743,0.58357847,0.5731116,0.58659554,0.5865342,0.56870127,0.577283,0.60225034,0.5918581,0.59287536,0.5770851,0.51352996,0.591497,0.5360493,0.60375655,0.551991,0.5627473,0.52369225,0.58033174,0.5797326,0.58690614,0.5587045,0.60506076,0.5821334,0.57002574,0.53900933,0.53626627,0.57791924,0.59615576,0.51214486,0.58730006,0.56611997,0.5052051,0.49079573,0.46891993,0.49255538,0.49533096,0.50137043,0.45483908,0.504068,0.49676263,0.5269954,0.52891916,0.5226237,0.5719714,0.5647974,0.47293803,0.5262665,0.483165,0.48348388,0.54833245,0.5517014,0.55240124,0.54630715,0.5581952,0.5218813,0.5365989,0.4993981,0.519709,0.5494012,0.52500814,0.53670853,0.56858706,0.60082906,0.53992,0.5807433,0.5562094,0.53869134,0.52097476,0.51611066,0.5221083,0.57141256,0.54970825,0.5159461,0.5472662,0.57338893,0.54203033,0.6075853,0.5948827,0.6060971,0.43574768,0.46921888,0.5997653,0.6129707,0.6107247,0.59439796,0.57948357,0.58644307,0.522369,0.63534266,0.62339056,0.7176367,0.6556901,0.5961121,0.6577407,0.5832531,0.5489264,0.5335014,0.5473719,0.5348179,0.50318867,0.5076677,0.5587958,0.6396193,0.5562725,0.54369104,0.51138204,0.5160842,0.5051859,0.5503796,0.5701459,0.5103036,0.57152826,0.5536994,0.56381774,0.6179893,0.5542844,0.56300956,0.5746041,0.6138633,0.6179357,0.5062519,0.49040356,0.57550436,0.5811108,0.54639536,0.6334986,0.64251214,0.64198434,0.62818205,0.71228945,0.56493545,0.68423086,0.7263016,0.64982706,0.6652935,0.58710515,0.5283797,0.5317089,0.5421894,0.5395715,0.53075784,0.55833524,0.58969367,0.5580845,0.6047837,0.5602338,0.6007141,0.6200258,0.47942683,0.5056174,0.515663,0.46581417,0.48109362,0.4994147,0.4839677,0.5093211,0.49755427,0.50708526,0.59058374,0.4961367,0.66523904,0.6248444,0.6468456,0.49611536,0.49928778,0.4995485,0.4812507,0.48842475,0.5059142,0.5085526,0.5231506,0.52519405,0.5257828,0.55321515,0.5633734,0.5591049,0.5649796,0.55810636,0.52205896,0.5633153,0.5592542,0.53579605,0.54397523,0.55917007,0.56024444,0.54453593,0.55164874,0.5342234,0.5477859,0.55794305,0.5255856,0.5043378,0.55057985,0.5309319,0.52491295,0.57290506,0.5305425,0.56850535,0.559043,0.5368869,0.54204345,0.5865158,0.55709016,0.5780076,0.5257364,0.5371983,0.5534663,0.5934999,0.5315352,0.556407,0.5430096,0.49583083,0.4836391,0.47664592,0.49899745,0.5034175,0.49875346,0.4496855,0.5109849,0.5029221,0.5325055,0.5426828,0.5146425,0.5700554,0.54875517,0.48843378,0.51470184,0.48661777,0.49898836,0.56123006,0.5329157,0.5452218,0.5271917,0.5476249,0.53236204,0.5256506,0.51228625,0.49992198,0.56546706,0.5942343,0.51319444,0.5358751,0.5514005,0.5293174,0.54598254,0.56284446,0.5329565,0.5288371,0.54525435,0.53921396,0.6564008,0.52860194,0.5366962,0.57553625,0.59014976,0.5842187,0.56198436,0.5898855,0.64192474,0.45246866,0.5042951,0.5560008,0.5802464,0.58440524,0.5992205,0.5769375,0.63538986,0.5354726,0.63776946,0.61278504,0.72642785,0.65578455,0.62805897,0.63837856,0.5506183,0.60421604,0.51437145,0.52622527,0.50722027,0.49583572,0.5002227,0.5570433,0.57116175,0.5567819,0.5161062,0.5233238,0.51753926,0.49541175,0.52215904,0.5656968,0.5097721,0.5613306,0.5650787,0.5191824,0.51204526,0.5124195,0.5015409,0.55203116,0.54588723,0.5448731,0.5496387,0.54431784,0.5318733,0.532639,0.5299465,0.528172,0.5239768,0.52703226,0.52610475,0.54859924,0.5359316,0.5395037
10,0.5087947,0.5806958,0.542085,0.5211064,0.52461714,0.5522339,0.5713078,0.5165023,0.5117315,0.54842675,0.5417836,0.5227935,0.57239807,0.59038293,0.598703,0.6034821,0.62120956,0.5352559,0.61009985,0.65315145,0.6180561,0.56433296,0.5659898,0.53526,0.5147366,0.5431538,0.51732284,0.5252266,0.52535486,0.5787545,0.5315612,0.5880675,0.56936944,0.6023776,0.60078216,0.5161838,0.48352748,0.49255827,0.48469865,0.5030188,0.49702564,0.48237315,0.50161684,0.48349833,0.466894,0.49006206,0.5188242,0.6265334,0.59620017,0.538143,0.5151954,0.51499856,0.5147232,0.5162912,0.4937324,0.51398814,0.5042956,0.5210799,0.51323897,0.50377184,0.5509928,0.57122314,0.57559323,0.5256034,0.5431057,0.55020285,0.57727414,0.5644591,0.56263435,0.5796066,0.57351005,0.5609619,0.54275733,0.5640742,0.549494,0.57421416,0.5750147,0.5018093,0.55012923,0.50671387,0.55181396,0.5251593,0.54167795,0.50013465,0.54931384,0.5421037,0.5613096,0.54818577,0.584215,0.5733279,0.55723286,0.5397822,0.5342655,0.5646825,0.547262,0.49931008,0.55177224,0.5466556,0.5089506,0.50982374,0.4917627,0.5051848,0.51805866,0.5291633,0.4846944,0.51031446,0.5222582,0.50065273,0.5119872,0.5217132,0.54581887,0.555745,0.47205865,0.5179261,0.4979349,0.492514,0.5388456,0.5410482,0.5385512,0.5407472,0.5256293,0.5182875,0.51369524,0.54232657,0.52696127,0.52636564,0.51161987,0.5193028,0.5347458,0.5734438,0.53006464,0.5697219,0.5475884,0.5354764,0.5207708,0.51066905,0.5038568,0.5485101,0.5403777,0.5037311,0.5176183,0.53480417,0.5044264,0.56333846,0.55513126,0.5571943,0.46058273,0.46447238,0.5754581,0.57281363,0.5772157,0.55922097,0.55285555,0.5569977,0.5043595,0.60238165,0.5956983,0.6588875,0.60279095,0.56409395,0.61138827,0.5456596,0.535888,0.53087616,0.5453831,0.5342509,0.50215805,0.52004355,0.5273145,0.59253985,0.5533969,0.5268716,0.54011375,0.54133123,0.53685504,0.5279982,0.5674638,0.52591157,0.5413237,0.53885895,0.5140601,0.59034294,0.53132033,0.5245504,0.5349722,0.5719052,0.57460773,0.51402664,0.5038429,0.5381617,0.5482533,0.49997663,0.5794555,0.59606653,0.5944921,0.58586127,0.67313415,0.545358,0.62869453,0.66505915,0.6210515,0.62025577,0.5643334,0.5385015,0.5135345,0.50593245,0.5058217,0.5137111,0.5266245,0.57555634,0.5218893,0.5967498,0.54083884,0.57592493,0.59348273,0.4962095,0.49727574,0.50073737,0.4822641,0.49493894,0.4981332,0.49166054,0.48835662,0.4789545,0.4783089,0.5465748,0.5082985,0.6196372,0.5943441,0.60625595,0.51362616,0.5113006,0.51078135,0.4990349,0.49375504,0.50842243,0.5015387,0.51989025,0.5022147,0.49915767,0.5470101,0.55994284,0.55056417,0.549274,0.54626393,0.5196284,0.56419986,0.55816746,0.53703356,0.55637705,0.5570982,0.56698114,0.52768123,0.5391174,0.49645558,0.5499428,0.5717777,0.5111953,0.4814719,0.5194953,0.50868726,0.5122202,0.5581989,0.506934,0.565734,0.5249906,0.53486824,0.54378706,0.5677502,0.55893,0.56797224,0.53151023,0.5397743,0.5507596,0.5473189,0.51621705,0.5383274,0.55208737,0.4992056,0.50117934,0.50090045,0.50754106,0.52237386,0.5242897,0.48416278,0.5132676,0.5297245,0.5049495,0.52956927,0.515068,0.5516925,0.54339814,0.4819416,0.51287484,0.49786434,0.51313674,0.5543484,0.5345725,0.53700477,0.5266886,0.52264696,0.52760476,0.5036706,0.5467785,0.51583004,0.5430223,0.5653165,0.5000139,0.5063639,0.5423202,0.5257763,0.5488948,0.55385435,0.53133696,0.52689546,0.52113867,0.51963973,0.6234206,0.5081543,0.51661485,0.54053426,0.5475317,0.54098624,0.545931,0.5597591,0.59134007,0.48252332,0.49603197,0.5519768,0.56632173,0.5769101,0.5610321,0.5454523,0.59879494,0.51620847,0.6021069,0.5873863,0.6703751,0.6053097,0.58695364,0.59633684,0.51477563,0.57873565,0.5249112,0.5330975,0.51154494,0.49818912,0.5139088,0.53306717,0.5577019,0.5638134,0.5169744,0.54425114,0.5399698,0.5332118,0.52114373,0.5652732,0.52097917,0.5403861,0.5505819,0.5199377,0.51045316,0.5218219,0.512066,0.5303096,0.52653235,0.52860224,0.5298251,0.5359928,0.5231551,0.53170455,0.5297462,0.52494335,0.5223476,0.51787096,0.5152289,0.53168374,0.52548295,0.52741724
11,0.47504357,0.5564521,0.5159984,0.49107292,0.4967909,0.522669,0.54234684,0.5230625,0.52295417,0.5108168,0.51920027,0.48171642,0.53388774,0.5439595,0.5364872,0.5603947,0.5799866,0.5270808,0.55947715,0.59112155,0.57812285,0.544932,0.5426534,0.5520019,0.491824,0.50943875,0.48822695,0.52252036,0.482267,0.5426272,0.5015019,0.5714935,0.5300915,0.56707704,0.5611258,0.5175621,0.4818891,0.48508614,0.49179503,0.51752293,0.5022607,0.49182406,0.4865645,0.4690233,0.45570675,0.46491432,0.5220823,0.5764184,0.5597983,0.5086349,0.5320954,0.52682334,0.5247905,0.52294475,0.5013679,0.5234625,0.5044286,0.52236134,0.49898118,0.4815441,0.5471738,0.5598622,0.5529786,0.51857626,0.53062075,0.5427628,0.55520165,0.5479021,0.5533629,0.5709446,0.56062376,0.55670834,0.5117687,0.531471,0.51075923,0.55568933,0.5709038,0.49760506,0.51303613,0.48688337,0.5057148,0.50559396,0.5240159,0.48215944,0.5215164,0.5079779,0.53529656,0.5400764,0.56233984,0.5606826,0.5446579,0.5453548,0.53310806,0.5541017,0.50310946,0.49212977,0.5203911,0.531374,0.5176399,0.5332437,0.51963824,0.52317345,0.54347974,0.5584128,0.51601756,0.5219999,0.54952264,0.4830394,0.50466394,0.5235617,0.52758193,0.5524841,0.47821727,0.51582694,0.5172217,0.5053535,0.5302045,0.5336237,0.5297689,0.5402867,0.5050271,0.51953334,0.49507573,0.583475,0.53478515,0.51042044,0.5060881,0.5043685,0.5032209,0.5445455,0.5211437,0.5568761,0.5391446,0.5319846,0.52237725,0.5102502,0.4905022,0.52948385,0.5347408,0.4964811,0.49343893,0.5027599,0.4735597,0.52099705,0.51711196,0.51356685,0.49027058,0.46588573,0.55057484,0.5315435,0.54365504,0.52968496,0.533919,0.53622293,0.4931764,0.5701568,0.5684311,0.599549,0.5549835,0.5390466,0.5596306,0.5133567,0.5295172,0.5312434,0.5467336,0.53287774,0.5081045,0.5345696,0.50525874,0.5450329,0.55143404,0.511857,0.5718971,0.5696618,0.56710124,0.50804585,0.56288934,0.54295886,0.52007186,0.5327224,0.47915086,0.5632709,0.5157825,0.49611863,0.5046579,0.536809,0.5401213,0.5247409,0.5221957,0.50742716,0.5216277,0.46200642,0.5326661,0.5487277,0.5437344,0.549317,0.6285038,0.52913684,0.5762636,0.6013248,0.5930404,0.57741076,0.54509133,0.5542827,0.49949244,0.47643057,0.4754204,0.49911743,0.49536923,0.5580994,0.49298692,0.5882847,0.5231657,0.5550405,0.5661316,0.5143618,0.49384168,0.4906631,0.5020003,0.51413363,0.50345105,0.5010546,0.47560602,0.46798226,0.45295316,0.5016119,0.5202741,0.5745473,0.5639904,0.563806,0.5335252,0.5263304,0.5254844,0.52006865,0.5040968,0.51554066,0.5005625,0.5232179,0.48670202,0.48094517,0.54593027,0.5634083,0.54712135,0.53881335,0.54028934,0.5248233,0.564701,0.5574607,0.54064196,0.5685322,0.55379164,0.5737699,0.5137121,0.5312868,0.465762,0.5549401,0.5819279,0.50235265,0.46458027,0.4948421,0.49377957,0.50488573,0.543986,0.48765832,0.56101364,0.49577716,0.53619474,0.5470501,0.5500105,0.5583403,0.5577618,0.5406407,0.54266953,0.5516724,0.5035506,0.50365806,0.5229871,0.56077135,0.50732464,0.52180684,0.5307136,0.5236018,0.54449826,0.5520482,0.5190476,0.52019846,0.5571851,0.48485902,0.52412707,0.518587,0.54171616,0.54243517,0.48183608,0.5163716,0.51428944,0.52857643,0.5461935,0.53739816,0.5337777,0.53178793,0.5084373,0.52507085,0.48584256,0.5807757,0.5308475,0.5255348,0.5412478,0.49070993,0.48084632,0.5333635,0.5237269,0.55130875,0.5458727,0.530124,0.52651054,0.5017264,0.50142395,0.58944154,0.49190652,0.49962258,0.50931793,0.5110965,0.49960893,0.5308237,0.5303238,0.5420631,0.51400894,0.49089408,0.54752016,0.55199206,0.5667597,0.5302463,0.52156407,0.5659647,0.50123405,0.5680204,0.5616252,0.61129314,0.5586597,0.5510223,0.5514854,0.48492712,0.55770606,0.53638774,0.54203475,0.51601106,0.5059247,0.53189856,0.5176952,0.54444164,0.57189286,0.5176508,0.5694163,0.5665074,0.56858367,0.52152234,0.56413764,0.53280175,0.52698535,0.54310024,0.5214908,0.51157516,0.5290175,0.52134925,0.5148275,0.51281536,0.51372457,0.51180845,0.5300672,0.51780146,0.53408086,0.5332704,0.5222868,0.5224789,0.51470184,0.51035255,0.51951003,0.5185518,0.5182569
12,0.45888618,0.5395235,0.50100183,0.47512192,0.48297754,0.5056214,0.524509,0.5318278,0.53683585,0.48682827,0.5067622,0.45653746,0.50925153,0.5035415,0.4814495,0.5282876,0.54514205,0.5249575,0.5224115,0.53924435,0.5471443,0.5335583,0.52706283,0.5689539,0.47889465,0.4875546,0.466175,0.5215646,0.45005685,0.5105355,0.48229384,0.5551,0.49806806,0.5365347,0.524754,0.52123994,0.48691067,0.48538825,0.50220174,0.5343542,0.5127835,0.5028039,0.4834451,0.46584308,0.45206097,0.4483191,0.5271408,0.5347015,0.5288577,0.4865799,0.5488556,0.5394805,0.5364969,0.53273964,0.5131598,0.537026,0.5113963,0.5300025,0.49434036,0.47232088,0.54635847,0.5550232,0.5394836,0.5170079,0.52449286,0.54196,0.5372034,0.53668123,0.5469427,0.5644935,0.5511985,0.5559946,0.4897835,0.5108276,0.48447803,0.5421106,0.56737894,0.5012826,0.4886593,0.47900578,0.47447628,0.4966904,0.5134982,0.47274178,0.502505,0.4837059,0.515578,0.5353137,0.5436261,0.5473462,0.5341729,0.55342615,0.5328142,0.54721266,0.47106263,0.49180028,0.49911466,0.5243315,0.5303045,0.55674154,0.54782593,0.5429258,0.5660552,0.5833025,0.5442659,0.53608817,0.5733334,0.47654796,0.506461,0.52699417,0.5187477,0.5522199,0.4905143,0.51929444,0.53792906,0.52051836,0.5243952,0.5297046,0.5254225,0.5437075,0.4977731,0.5246866,0.48467857,0.61497515,0.54260904,0.5029848,0.5077819,0.49505937,0.48175788,0.52051365,0.5154801,0.54577065,0.5329094,0.52894044,0.5251979,0.513929,0.4847885,0.5166449,0.5331796,0.49496105,0.47816265,0.4817576,0.45394963,0.48821262,0.48806593,0.4817978,0.5210672,0.47289976,0.5305017,0.49816,0.5167017,0.50993747,0.5238187,0.5254658,0.48983034,0.5442494,0.54597414,0.54915893,0.5189734,0.52341056,0.5119753,0.49006337,0.5292761,0.53318757,0.5505107,0.5307345,0.518705,0.54913795,0.49481994,0.5065353,0.55280364,0.50213253,0.5988995,0.59380114,0.59089917,0.49437732,0.5575232,0.5570157,0.5100089,0.5328273,0.4617667,0.54167193,0.5092187,0.48102176,0.48725,0.5131141,0.51835287,0.53707635,0.5423579,0.48691756,0.5034232,0.43916488,0.5001268,0.50688773,0.4971805,0.52387804,0.5851173,0.5186815,0.5349255,0.54668677,0.5697123,0.54271847,0.53206295,0.56964076,0.49108258,0.45950916,0.45296296,0.48850808,0.47083938,0.5398355,0.4748092,0.57773215,0.50852555,0.5376875,0.5395485,0.53240585,0.49561998,0.4863532,0.5229294,0.5354072,0.51411885,0.51187426,0.4733424,0.4661847,0.4369228,0.4651212,0.5319009,0.53689003,0.53854537,0.52666813,0.55310136,0.54228157,0.54131,0.5415468,0.51825464,0.5267585,0.504944,0.53016376,0.48007792,0.47317973,0.545961,0.5694878,0.54704493,0.53226084,0.53793603,0.533823,0.56389946,0.55603415,0.5443372,0.5774248,0.5496026,0.57773507,0.50323975,0.52801085,0.4469863,0.5600767,0.58704853,0.49982387,0.45704493,0.47845823,0.48635554,0.5024722,0.53192496,0.47518155,0.5546411,0.47535366,0.5391554,0.54981685,0.53485566,0.5547811,0.5475855,0.5500032,0.5450673,0.5536528,0.4686387,0.49632034,0.5122818,0.5674988,0.5195299,0.5427885,0.5603379,0.5435937,0.5643595,0.5766607,0.55008316,0.52959716,0.5799713,0.4746753,0.5247312,0.52381015,0.5384772,0.54286355,0.48821127,0.52385813,0.53289616,0.5436312,0.5391363,0.5402735,0.5344774,0.54029506,0.5054409,0.52468824,0.47509554,0.60741264,0.5435715,0.5148127,0.52510875,0.48636153,0.4644641,0.5256908,0.52310014,0.55227,0.5393289,0.5293725,0.5274757,0.4893392,0.488079,0.5595251,0.48217148,0.4882148,0.48618996,0.48548815,0.46742016,0.51811445,0.5056832,0.5020268,0.5436776,0.48989654,0.54277104,0.53886956,0.5553795,0.5102962,0.5073115,0.540787,0.4932564,0.5410279,0.5399924,0.5590929,0.5225328,0.5247287,0.509703,0.4644568,0.54330987,0.5457977,0.5501529,0.5197204,0.516396,0.55073506,0.51030034,0.5331342,0.57830524,0.51833045,0.59186834,0.5895231,0.59558266,0.5225015,0.56147665,0.54279995,0.52084213,0.5397681,0.5232709,0.51467484,0.5335637,0.5284873,0.50722736,0.5060908,0.502474,0.49877876,0.52659434,0.5159472,0.53888637,0.53925276,0.52081275,0.5240932,0.5169777,0.5111984,0.51318485,0.5155264,0.51299036
13,0.45792514,0.53026843,0.49653646,0.47254616,0.48193622,0.49993718,0.5166391,0.54063123,0.5497655,0.47721925,0.5032185,0.44971207,0.49860144,0.47396457,0.44204238,0.5084154,0.51988655,0.5272841,0.50014967,0.5029502,0.5268189,0.529046,0.51948625,0.5811721,0.47756168,0.48088005,0.45405918,0.52222264,0.4329557,0.4867055,0.47419682,0.53937775,0.47569132,0.5123817,0.49654904,0.5261974,0.4971615,0.49212226,0.5141223,0.54970723,0.5257562,0.51491106,0.49042633,0.47346893,0.45727643,0.44341934,0.5336347,0.5050075,0.50682694,0.47470698,0.5622659,0.5505767,0.5471057,0.5430422,0.52678347,0.55055016,0.5229575,0.54019225,0.49784166,0.4756152,0.54617006,0.55429745,0.5349081,0.51873076,0.5228142,0.54639435,0.5260812,0.53079,0.543592,0.56161296,0.54611486,0.55735254,0.47944272,0.50362813,0.4743711,0.53579843,0.5653016,0.51118296,0.48032352,0.48253757,0.4617751,0.4990755,0.51114315,0.47340998,0.49451813,0.472726,0.5056773,0.53355795,0.53001094,0.53556585,0.5270404,0.56124,0.53298247,0.543588,0.4543999,0.49758404,0.48964375,0.5251182,0.5444919,0.57553685,0.5712194,0.560221,0.58208656,0.59954214,0.56654644,0.54937124,0.5897929,0.48105344,0.5153096,0.530515,0.5183964,0.55212665,0.5072572,0.5269842,0.5564672,0.5358049,0.5221666,0.5284965,0.5236408,0.5482312,0.50085425,0.5316921,0.48359382,0.63241166,0.54905677,0.5028027,0.51432943,0.49235642,0.47356418,0.5050713,0.5138306,0.53804123,0.5301182,0.5268613,0.5284994,0.52047306,0.48764592,0.5105916,0.53473324,0.4987582,0.47276068,0.47299874,0.44709292,0.46911976,0.47166684,0.4643853,0.5489478,0.48519972,0.5177985,0.4775579,0.49936816,0.50045484,0.5213275,0.52299476,0.49275383,0.5268475,0.5303833,0.5126927,0.49677274,0.5168693,0.47610494,0.47666374,0.53296465,0.5347276,0.55443645,0.5281049,0.5315922,0.56079924,0.4955869,0.4824854,0.5575482,0.49910378,0.61573523,0.6086076,0.6049487,0.48839033,0.55143464,0.5655191,0.5100009,0.5359899,0.45977885,0.5282776,0.51038677,0.47862786,0.48253337,0.5015819,0.5091803,0.54828465,0.55982673,0.47828096,0.49384657,0.43317568,0.48329335,0.47518468,0.46099514,0.51020116,0.54828894,0.51452446,0.507858,0.50778824,0.55295956,0.5192395,0.5258874,0.5802825,0.48958087,0.4566526,0.44127464,0.48332846,0.4559364,0.52210253,0.46704862,0.5632118,0.4971377,0.5223784,0.51477575,0.5477804,0.5021797,0.48792616,0.5418266,0.55447304,0.5273741,0.52349496,0.48093787,0.4731565,0.43390557,0.44333446,0.54219043,0.51053196,0.52104896,0.49945778,0.5684621,0.55585957,0.5547176,0.55958927,0.5334906,0.53926367,0.5130108,0.53689826,0.4825696,0.47620532,0.5435614,0.57257247,0.5469872,0.5271582,0.53614885,0.5432009,0.56029224,0.55184764,0.5454921,0.5801807,0.5439407,0.5755729,0.4959308,0.5275377,0.4415836,0.5625035,0.5856027,0.50285536,0.45993415,0.47100222,0.48522127,0.5042303,0.5220065,0.47071615,0.5458855,0.46592808,0.5417983,0.5500006,0.5226983,0.5479403,0.5374663,0.55692863,0.5460069,0.5538815,0.44611698,0.49506038,0.5054926,0.56940526,0.53390294,0.5605483,0.5839508,0.5624744,0.578746,0.5940069,0.57438785,0.5389466,0.5943131,0.47494188,0.528989,0.52909005,0.5386039,0.54221606,0.50056356,0.5338949,0.55018044,0.556092,0.53427625,0.54143447,0.5367273,0.5486545,0.5105198,0.5257989,0.47248468,0.62247646,0.5528852,0.5101882,0.51710546,0.48705876,0.4594547,0.5195898,0.52314705,0.55042577,0.5336724,0.52871484,0.52900094,0.48491636,0.4818219,0.5368368,0.4800714,0.4835974,0.47310898,0.47210276,0.4485173,0.50777733,0.48721418,0.4753151,0.5681609,0.49387902,0.53678954,0.52683634,0.5426379,0.5009539,0.5022862,0.5248299,0.49229023,0.5236154,0.5253341,0.51998436,0.49947235,0.5094562,0.4754318,0.4534959,0.5354261,0.55106795,0.5545075,0.521957,0.527407,0.566328,0.50873905,0.5238552,0.5793581,0.51921576,0.6063971,0.6039239,0.6108305,0.52271014,0.55606264,0.54972655,0.5198661,0.53765464,0.52506673,0.51854366,0.53572327,0.533476,0.50684315,0.50552005,0.49605215,0.49247256,0.5249526,0.5165212,0.54398644,0.5452661,0.5206281,0.5261717,0.52293146,0.5161679,0.5120177,0.51551837,0.5114003
14,0.46796063,0.52700675,0.49976134,0.48010105,0.489996,0.5020731,0.51555043,0.54649216,0.557637,0.4795727,0.50590205,0.4588432,0.49865672,0.45751935,0.42192593,0.4986587,0.5039807,0.53141326,0.49016365,0.48264846,0.5157281,0.52855825,0.5183166,0.58566064,0.48659998,0.48758242,0.45299202,0.5243263,0.43109816,0.47314557,0.47467685,0.52500796,0.46330613,0.49532592,0.47930083,0.53053117,0.5109932,0.5032496,0.5256903,0.56017554,0.53837246,0.52797765,0.5037559,0.48927572,0.47152767,0.45026413,0.54034656,0.487504,0.49445003,0.47303373,0.5688382,0.5573986,0.55337036,0.55052006,0.53955483,0.5597743,0.53593177,0.5485925,0.50706536,0.48885483,0.54421747,0.5536636,0.53572726,0.5209941,0.5228637,0.5535132,0.5222134,0.5283728,0.54247737,0.56156856,0.5445945,0.55845606,0.4801426,0.50684875,0.47914118,0.5360492,0.56403816,0.524037,0.48670796,0.4938146,0.46593577,0.51002544,0.5153015,0.48391694,0.496217,0.47494662,0.50600916,0.53398114,0.5213557,0.5271437,0.5235401,0.566019,0.5331829,0.5414941,0.45246497,0.5074622,0.49007168,0.53008217,0.5574948,0.585681,0.58587027,0.57104504,0.5895658,0.60450745,0.58188957,0.5588492,0.5966023,0.49424705,0.5278943,0.5325918,0.52282685,0.54946786,0.52677834,0.53729707,0.5692791,0.5486918,0.5228086,0.52863854,0.5223154,0.55077803,0.5091634,0.53809434,0.49045748,0.63438547,0.5525273,0.5067051,0.5221289,0.4953161,0.4777467,0.49935424,0.5157649,0.5342118,0.5308773,0.52609295,0.53155017,0.5281602,0.49802318,0.5099411,0.5377378,0.5071191,0.47666046,0.4745669,0.45203856,0.4638693,0.4679325,0.46014413,0.5709023,0.50227815,0.5124137,0.47090122,0.49157342,0.4991359,0.5239181,0.52518576,0.4986259,0.5175762,0.52140296,0.490705,0.48719347,0.5168923,0.45606402,0.47227058,0.53737026,0.53413224,0.55590844,0.5251395,0.5442662,0.56618875,0.5043411,0.47344723,0.5631921,0.50230443,0.6197819,0.6115196,0.60776085,0.489501,0.544575,0.56765366,0.5161869,0.5389344,0.46905532,0.52336526,0.5161682,0.48581424,0.48785216,0.50020313,0.5096156,0.5550682,0.5701473,0.4808834,0.49139062,0.4421668,0.4799485,0.45590633,0.43864197,0.50557095,0.5201076,0.5154425,0.49410182,0.48564768,0.5426821,0.5068295,0.52561384,0.5836435,0.49557865,0.46571508,0.44108865,0.48439693,0.45063958,0.5064087,0.46696872,0.5446475,0.4894135,0.50838214,0.49342883,0.5578721,0.5126459,0.49480096,0.5560997,0.56747663,0.54027075,0.5356202,0.4958766,0.48725083,0.44487908,0.43785143,0.55005753,0.49571258,0.51209944,0.48319727,0.5757893,0.56382006,0.5619212,0.5706858,0.54692173,0.54938006,0.522752,0.539973,0.49290082,0.48866248,0.53694814,0.5683018,0.54365116,0.52117974,0.5323138,0.55011636,0.5530559,0.5437758,0.5426777,0.57544434,0.53674656,0.56592304,0.49150693,0.52727866,0.4484866,0.5600853,0.5770313,0.5093495,0.47159168,0.471377,0.4883247,0.50862956,0.5135351,0.47431982,0.5343662,0.46761766,0.5426815,0.5466873,0.5132495,0.538588,0.52778506,0.5594622,0.54486036,0.5501985,0.43671623,0.49939206,0.500674,0.564479,0.5479827,0.57145137,0.5973689,0.57552844,0.5862282,0.6014637,0.59070694,0.54558796,0.5982924,0.48417357,0.5339869,0.5328878,0.53798485,0.5387377,0.5177954,0.54506487,0.5626806,0.5635622,0.5311745,0.5395926,0.5378676,0.55334014,0.51873124,0.52724516,0.47734326,0.6241756,0.557711,0.5093093,0.51476824,0.49200773,0.4651663,0.51528454,0.5231521,0.5451285,0.5282839,0.5277963,0.5300306,0.4877016,0.4832076,0.52176255,0.48532882,0.48607555,0.4702262,0.46938738,0.44367436,0.499239,0.47491285,0.46195808,0.584893,0.5031189,0.5290136,0.51584226,0.5285164,0.49968934,0.50432444,0.5171913,0.49590144,0.51584566,0.518545,0.49562097,0.48888162,0.50369847,0.45174527,0.45069623,0.53183955,0.55124974,0.5533164,0.52241,0.5371432,0.5748401,0.5099852,0.51589566,0.57255375,0.52035713,0.60992736,0.60723716,0.6132351,0.5211995,0.54742426,0.5530579,0.5208857,0.534355,0.52655447,0.5217917,0.5361251,0.5365403,0.5113674,0.5088873,0.4948244,0.49314815,0.5244287,0.518232,0.5469915,0.54867464,0.5217846,0.52771795,0.5303516,0.52323234,0.51419294,0.5170828,0.5125844
15,0.4840795,0.5269189,0.50626004,0.4929401,0.502175,0.50745666,0.5170195,0.5466127,0.55704176,0.4896465,0.51184094,0.4787156,0.50410825,0.45376337,0.420421,0.49483535,0.4943956,0.5344622,0.48782045,0.47498417,0.5103793,0.52856195,0.52086604,0.58210343,0.5031186,0.5022251,0.46216902,0.52788776,0.44151738,0.46978223,0.47949216,0.51255906,0.45970634,0.48522586,0.4730028,0.5322156,0.5269201,0.51647663,0.5356152,0.5635003,0.54872006,0.54194516,0.51916575,0.5093137,0.4935316,0.46613634,0.5453751,0.4797561,0.48978943,0.47928143,0.565733,0.55748653,0.55249375,0.551887,0.5492379,0.561552,0.5471254,0.55153567,0.5191328,0.5081708,0.538771,0.5487321,0.53693026,0.52112025,0.5219994,0.5599302,0.5238745,0.52645606,0.5417556,0.56207997,0.5445046,0.5568873,0.48868805,0.5150751,0.4942305,0.5397845,0.5619076,0.5359481,0.50329214,0.5074998,0.48177996,0.524686,0.5226074,0.50207675,0.503599,0.48699507,0.51448244,0.53569794,0.515738,0.52284056,0.522875,0.5657196,0.53315365,0.5385715,0.46193206,0.51869106,0.4962824,0.5342276,0.5673805,0.585159,0.5899308,0.5729414,0.58871806,0.59789145,0.5911974,0.56254655,0.5937629,0.51244116,0.54070216,0.53212196,0.5268944,0.5422887,0.5476751,0.548783,0.57363576,0.5566745,0.5241575,0.5285549,0.5197529,0.54881805,0.51694494,0.5417995,0.50263363,0.62238663,0.5522175,0.5106634,0.52730066,0.5019071,0.49081331,0.5021463,0.52014893,0.53373116,0.5340756,0.52683496,0.5338593,0.5351007,0.5133356,0.51164937,0.5405856,0.519122,0.48799723,0.48222396,0.46587393,0.46963924,0.4743131,0.46537325,0.5854188,0.5231593,0.5122881,0.47627345,0.49100062,0.5023006,0.5282147,0.52755105,0.50347865,0.51394975,0.51677203,0.48034066,0.486963,0.5193404,0.4518287,0.474896,0.5389908,0.5305229,0.55297136,0.5219914,0.5548668,0.5626875,0.5165184,0.47633386,0.5660306,0.5101571,0.6116644,0.6030627,0.6000106,0.49568504,0.53690374,0.56451863,0.5234304,0.5389947,0.48454177,0.52499,0.5222736,0.4978069,0.4989636,0.5050411,0.5148366,0.55461496,0.5702977,0.49211627,0.4934876,0.4619324,0.48548546,0.448906,0.43056294,0.5052788,0.4991996,0.5187864,0.48977605,0.47691253,0.53707784,0.50258917,0.5289701,0.57956535,0.5087519,0.48198014,0.45108035,0.49161318,0.45271808,0.49396998,0.47049606,0.5237233,0.4857363,0.4959243,0.4771905,0.5607718,0.52576125,0.50574666,0.56459165,0.57198644,0.55050224,0.54813474,0.5145883,0.5058325,0.46802163,0.44623142,0.55432653,0.48956063,0.50977814,0.47584766,0.57240945,0.5636867,0.56001335,0.5723057,0.5563183,0.55379134,0.53227,0.5371415,0.5086629,0.507652,0.5262038,0.55463284,0.5349025,0.5128037,0.52493984,0.55248934,0.54204607,0.5316637,0.5355205,0.5633073,0.5282414,0.5495811,0.48959735,0.52468884,0.46498272,0.55174136,0.56192803,0.51650625,0.48870286,0.47701237,0.4933281,0.51360035,0.5056295,0.48470953,0.52035815,0.47838363,0.54093856,0.54008454,0.5054545,0.5280032,0.51907396,0.5565402,0.54149675,0.5413675,0.43905032,0.5075338,0.49575195,0.55216885,0.55961114,0.57297605,0.59895873,0.58002,0.58753747,0.5985902,0.5994052,0.5474347,0.592572,0.49937207,0.53706384,0.53416616,0.5330952,0.5315564,0.5382577,0.5562595,0.5677742,0.56371945,0.52788866,0.5343917,0.535609,0.55178314,0.52458936,0.52770835,0.4880099,0.6135213,0.557611,0.50897956,0.51390886,0.50000083,0.47876117,0.51283056,0.52276003,0.53666764,0.52281463,0.52640396,0.5296371,0.49540105,0.49123108,0.5120335,0.49655563,0.49503374,0.4761104,0.47369206,0.45079422,0.49198547,0.4682416,0.45896727,0.59240973,0.51698095,0.5195684,0.5060027,0.5134019,0.50289464,0.50984335,0.5148568,0.50018775,0.51566595,0.518386,0.4837636,0.48798475,0.5036395,0.43987218,0.4541494,0.5290548,0.54657197,0.54626906,0.52149284,0.5446221,0.5737979,0.51128244,0.50806254,0.5573556,0.5216525,0.6024301,0.60022616,0.6041286,0.5177108,0.5360135,0.553332,0.5205254,0.5285095,0.52745444,0.523425,0.53550726,0.5379163,0.51787597,0.5136024,0.49823302,0.49965984,0.52454764,0.52010167,0.54597414,0.5473582,0.5243802,0.5282949,0.5374055,0.530671,0.51742834,0.5186737,0.51531893
16,0.50116414,0.52706003,0.5113555,0.50570226,0.51335156,0.5117432,0.51690364,0.5395092,0.5464791,0.5029811,0.5189045,0.5032615,0.5091379,0.46036494,0.43412852,0.49242452,0.48735377,0.5343161,0.4879471,0.47474277,0.50662875,0.52604115,0.5242789,0.57276016,0.5237483,0.5180026,0.47925198,0.53346944,0.45935264,0.47480416,0.48447046,0.50223523,0.46295634,0.48107955,0.47546187,0.52987844,0.5435645,0.52979344,0.54304993,0.5590406,0.5557429,0.55625457,0.5328509,0.52910054,0.5204075,0.4866361,0.54682654,0.47832978,0.48977262,0.4900308,0.5519143,0.5494956,0.54324245,0.5450453,0.5542539,0.55472887,0.5542732,0.547177,0.531378,0.5291417,0.52949697,0.5364293,0.5340766,0.51777506,0.51893365,0.5630239,0.5278892,0.522085,0.53931737,0.5600681,0.5429922,0.5511236,0.5009679,0.5229466,0.5139642,0.5431404,0.5567804,0.54382807,0.5241482,0.5189513,0.50306255,0.53837013,0.52949286,0.52422255,0.5117082,0.5035167,0.52753645,0.53800565,0.5103354,0.52182335,0.52362454,0.55982554,0.53276557,0.53295505,0.47834444,0.5286152,0.50363606,0.5332075,0.5732634,0.57450545,0.58382434,0.56591517,0.5820685,0.5820301,0.59642863,0.56030405,0.583808,0.53166443,0.55127007,0.5290192,0.5263756,0.53054076,0.56855893,0.5603468,0.56873494,0.55821955,0.52373177,0.52687734,0.5150875,0.54112804,0.51932144,0.54171664,0.51758903,0.6006102,0.5487948,0.5113526,0.5271176,0.5102401,0.50836056,0.51043093,0.52563685,0.53501177,0.53772813,0.52905905,0.53532016,0.540004,0.53044313,0.5124971,0.5425042,0.53369963,0.5040409,0.49121153,0.4845878,0.48221222,0.4869144,0.4754713,0.59238684,0.5464175,0.51426756,0.48961774,0.49418694,0.50604343,0.53083825,0.52618617,0.504195,0.5124208,0.51361114,0.47703385,0.49199504,0.5199072,0.46039745,0.4820642,0.5353283,0.5242471,0.5450981,0.5191526,0.5629137,0.54977113,0.5283704,0.48651442,0.56283516,0.520697,0.5951798,0.58665276,0.5846312,0.5044814,0.5281956,0.55897355,0.527203,0.53499544,0.50096995,0.5300891,0.52467513,0.5094116,0.511135,0.51151615,0.5197827,0.5456534,0.55954915,0.508475,0.49786103,0.48729116,0.49427837,0.452308,0.4350573,0.5045146,0.4826918,0.52170837,0.48990104,0.4760999,0.5336689,0.5024359,0.53318155,0.5704759,0.5278559,0.49986568,0.4686325,0.504268,0.45884198,0.4851557,0.4738105,0.50294113,0.4862375,0.48577052,0.46722364,0.55565774,0.5398749,0.51907414,0.56722623,0.56735325,0.5565952,0.56041366,0.53322047,0.5256184,0.49906144,0.46366388,0.55389136,0.48789573,0.51085746,0.4740371,0.5577125,0.5544157,0.54802865,0.5634054,0.5602452,0.55072767,0.54024076,0.5279588,0.527053,0.5292984,0.5131093,0.532179,0.52043986,0.5020582,0.51437044,0.54978746,0.52762634,0.5161116,0.5245725,0.5450884,0.5188295,0.5286814,0.48983783,0.51835066,0.4877607,0.5379113,0.54179466,0.5220212,0.50819874,0.48537993,0.49867517,0.51770526,0.49764714,0.4995106,0.5046024,0.49480626,0.536454,0.5312937,0.49802738,0.51730824,0.51175624,0.54849166,0.5362638,0.5275844,0.45057088,0.5169543,0.48933426,0.53328174,0.5674592,0.5647842,0.5895286,0.57572514,0.5854032,0.5873135,0.60180414,0.54398215,0.58044046,0.51710343,0.53694516,0.5327864,0.5224521,0.5212615,0.559812,0.56685036,0.5646453,0.5552924,0.52217096,0.5263529,0.5286946,0.5430842,0.5236907,0.5263558,0.5029193,0.59435284,0.55359024,0.5063853,0.51054424,0.5102507,0.49659595,0.5120117,0.5220839,0.5260522,0.5172468,0.52449924,0.5274685,0.5053487,0.50407386,0.5044421,0.5120615,0.50919205,0.48836452,0.48093897,0.46591845,0.48590356,0.46636406,0.4621775,0.5904614,0.5339293,0.509082,0.49737632,0.49788585,0.50721306,0.5148904,0.5141223,0.50155807,0.519706,0.5223206,0.48006788,0.4930473,0.50477827,0.43933716,0.46184576,0.5239259,0.53843105,0.5344751,0.5203249,0.5501208,0.56300133,0.5114647,0.4992262,0.5351125,0.5229941,0.58707815,0.58672416,0.58728373,0.512786,0.5227838,0.5522507,0.5164327,0.52032465,0.52790904,0.52332157,0.5345937,0.53802454,0.52391815,0.51765513,0.504954,0.5098737,0.5251017,0.5215688,0.54007787,0.54037434,0.52831304,0.52803403,0.5430854,0.5374224,0.5196841,0.5190232,0.518395
17,0.5146215,0.5254881,0.5116763,0.5139173,0.5196188,0.51205367,0.5125484,0.5258789,0.5272448,0.516038,0.52639025,0.52713823,0.5091641,0.47401503,0.45793748,0.48830572,0.48038676,0.5305548,0.48648328,0.47690043,0.5013382,0.51969844,0.52650756,0.561577,0.54539955,0.5289056,0.50095814,0.5421799,0.47892877,0.48522383,0.48719606,0.49400628,0.47135934,0.4813329,0.4835184,0.5233622,0.559399,0.54185915,0.54726243,0.5480446,0.55884933,0.56951696,0.5421322,0.5445863,0.54801494,0.50690645,0.54397196,0.48028365,0.4918849,0.5018263,0.52926004,0.534278,0.5267727,0.53044575,0.55377614,0.54080474,0.5566905,0.5361837,0.5418968,0.5476066,0.51792926,0.51654184,0.5246801,0.5120158,0.51469654,0.5625776,0.5306767,0.51369125,0.53414315,0.55265725,0.5376723,0.5413065,0.5136499,0.52665335,0.53324753,0.54304844,0.5468689,0.54644597,0.5436581,0.5258989,0.52438045,0.54830426,0.533394,0.54615974,0.5162736,0.5190741,0.54129803,0.5406577,0.5026016,0.5220122,0.5243538,0.54961574,0.53193957,0.52414,0.49709845,0.5354476,0.50830096,0.52466905,0.57515,0.55700237,0.57018733,0.5525391,0.57378083,0.56164837,0.5996624,0.5539914,0.57134837,0.54856837,0.558804,0.5245181,0.5196378,0.51660585,0.58782464,0.5712224,0.5564804,0.55380356,0.5202631,0.5229043,0.50847745,0.5283645,0.51368225,0.5380791,0.5337528,0.5754221,0.5443737,0.5074885,0.52114636,0.51951385,0.52637076,0.52032036,0.5311428,0.536151,0.5396584,0.5324179,0.5361815,0.54278946,0.5465853,0.51069826,0.5439984,0.5496931,0.52194846,0.49801165,0.5040801,0.49710158,0.50128484,0.48627147,0.59297305,0.57031924,0.5150451,0.50593126,0.49760234,0.5075282,0.52947474,0.5192374,0.4996855,0.50997853,0.51009685,0.47633976,0.4986984,0.51584136,0.4771163,0.49125585,0.5261698,0.51686573,0.53366244,0.51748407,0.5693307,0.5298311,0.5381319,0.4993885,0.5520102,0.5320468,0.57646424,0.56768024,0.56651354,0.5142584,0.51811594,0.5549537,0.52502483,0.5278336,0.513788,0.5358103,0.52112997,0.5165253,0.52046853,0.5159419,0.52089584,0.5292366,0.5397878,0.5266333,0.5036076,0.51356983,0.5012465,0.46327892,0.4491609,0.50017375,0.46855655,0.52262676,0.49022686,0.4777029,0.53063226,0.5029886,0.536115,0.56061184,0.55085826,0.5148588,0.49072602,0.5215919,0.46571016,0.47990483,0.47496727,0.48492372,0.49124184,0.47890854,0.46425328,0.54297763,0.5529765,0.5328613,0.56436837,0.55475044,0.55786914,0.5709853,0.54836494,0.54331297,0.53201616,0.48445126,0.54842097,0.48722106,0.51242006,0.4746184,0.5339118,0.53717566,0.52765167,0.54525065,0.5580622,0.5409067,0.5462597,0.51399434,0.54540974,0.5495755,0.5009044,0.5043095,0.5020855,0.4909724,0.5032649,0.54399663,0.5109738,0.49899992,0.5119329,0.5236982,0.5099592,0.5061172,0.49249864,0.50880593,0.5139427,0.5211192,0.51902926,0.52504647,0.52870566,0.49548814,0.5045574,0.52113694,0.48956877,0.5159443,0.48824263,0.5132959,0.53028554,0.5225821,0.49033746,0.5075082,0.5061447,0.53752536,0.52999914,0.5111337,0.46814784,0.5252957,0.481188,0.510062,0.57123846,0.54929703,0.57196957,0.56454897,0.5835824,0.571526,0.59951174,0.53683627,0.56695676,0.5344788,0.53434914,0.5297051,0.5073418,0.51026607,0.5800704,0.5766818,0.55488056,0.5393908,0.51305413,0.5166285,0.51747245,0.5285225,0.51426774,0.52339005,0.5214539,0.5726119,0.54845685,0.50018114,0.50270414,0.5231116,0.51573205,0.51282895,0.5218186,0.5149485,0.5119374,0.52228993,0.5240366,0.51581156,0.5198488,0.49687502,0.53061634,0.52703744,0.5044476,0.4881167,0.48432803,0.4812495,0.46809563,0.46783412,0.58035034,0.5518418,0.4986042,0.49039268,0.48286757,0.5104724,0.5165393,0.512355,0.49828872,0.52451533,0.5278785,0.4800016,0.5004873,0.5038487,0.44868848,0.47195077,0.5152098,0.52926373,0.5205341,0.52028364,0.55508655,0.5449577,0.51146436,0.4890582,0.5088884,0.5244373,0.56935155,0.57244986,0.5685022,0.5081795,0.5088382,0.55215627,0.5082531,0.511672,0.5286084,0.52229655,0.5340885,0.53772086,0.52819884,0.5201096,0.5133623,0.52130705,0.5260077,0.52241695,0.5299645,0.5284878,0.5330303,0.5273508,0.5472583,0.5431017,0.519714,0.517475,0.52089113
18,0.5215032,0.5220248,0.50620204,0.5152412,0.51932746,0.5077942,0.5037897,0.50874656,0.5035195,0.52683103,0.53485984,0.5468166,0.5023062,0.4910429,0.4856189,0.48181835,0.47360194,0.5247104,0.48188755,0.4783837,0.49369863,0.51056516,0.52695185,0.553002,0.5656691,0.5314729,0.523689,0.5551016,0.49479547,0.49765235,0.4876309,0.48782066,0.48382992,0.4844558,0.49411213,0.51393956,0.5727078,0.55197465,0.5476683,0.53350234,0.557828,0.57981646,0.5458794,0.55308574,0.5718756,0.5228695,0.5379732,0.48420116,0.49514937,0.5121634,0.5027091,0.51532286,0.5067186,0.5116239,0.54801226,0.5238804,0.5554374,0.5216547,0.5497853,0.5605529,0.5070018,0.49211973,0.5088906,0.50676006,0.5121913,0.5611769,0.529614,0.5018875,0.527281,0.53857964,0.52774155,0.5293226,0.5250679,0.52472174,0.54873395,0.5383658,0.53186214,0.5447267,0.55800503,0.52886367,0.542377,0.5541253,0.5333701,0.5641404,0.514821,0.529815,0.5526104,0.5440528,0.4913972,0.5212798,0.52396554,0.5377141,0.5306837,0.5132762,0.51433307,0.5386646,0.5080517,0.50852466,0.57368934,0.53799325,0.5533954,0.53723246,0.5682843,0.54275984,0.6024379,0.5468716,0.56168026,0.56093776,0.56390697,0.5207465,0.50790554,0.5043299,0.60366625,0.58084846,0.54126865,0.5461668,0.51466364,0.51698244,0.50104463,0.51302654,0.50050205,0.5324067,0.5504462,0.55385995,0.5416402,0.50016767,0.5115322,0.52998686,0.541937,0.5284024,0.5361378,0.5361575,0.5384603,0.5362865,0.5368907,0.54458225,0.5600904,0.5068341,0.5465823,0.56591636,0.5394744,0.501201,0.52113545,0.51045084,0.5132599,0.4950798,0.58933836,0.5929708,0.5121331,0.52075845,0.49866402,0.5057243,0.5237215,0.5076492,0.49116552,0.50556123,0.5065031,0.4755755,0.50496614,0.50706744,0.49692023,0.5001392,0.5139935,0.51049024,0.5216383,0.51768726,0.57570696,0.50787425,0.54583573,0.5112957,0.5342677,0.5426846,0.56214803,0.5520327,0.5513502,0.52491003,0.5067135,0.55614275,0.5169776,0.5201239,0.5203081,0.54050934,0.5119436,0.51729256,0.5249277,0.5166801,0.517268,0.50886744,0.51526415,0.5442558,0.5114972,0.53777516,0.5033355,0.4785834,0.46913844,0.4918689,0.4571588,0.52197564,0.48871505,0.47794247,0.5278088,0.5029102,0.5371899,0.5546444,0.5752889,0.52503055,0.5145395,0.54296106,0.4709906,0.4785751,0.47452083,0.47199762,0.50158536,0.47637627,0.46869776,0.5246565,0.5631051,0.545206,0.55660236,0.53700215,0.55449635,0.57805467,0.5577339,0.5564334,0.5607382,0.5034752,0.5390674,0.48626894,0.51317644,0.47592574,0.5060814,0.51567394,0.50320965,0.521847,0.55014825,0.5275894,0.5508536,0.49853593,0.5615438,0.5652709,0.49325094,0.47641936,0.48364925,0.48272002,0.49598962,0.5397615,0.49444422,0.48388684,0.501587,0.5038898,0.50454915,0.48536164,0.49889696,0.4989048,0.5416691,0.506027,0.4970684,0.526534,0.5505094,0.5083617,0.5130995,0.5257244,0.4821785,0.53142416,0.47283334,0.530949,0.5247578,0.5175239,0.48246372,0.49983555,0.50254756,0.52751654,0.52400863,0.49633193,0.48871776,0.53122526,0.4723669,0.4861606,0.5716081,0.5312301,0.5508253,0.54983556,0.58548576,0.55613315,0.59406996,0.5292443,0.55722743,0.54962397,0.5315859,0.52672535,0.49132505,0.50204164,0.5968382,0.58590925,0.5422528,0.52014685,0.5019085,0.5066899,0.504066,0.51136893,0.49800304,0.52012235,0.54369706,0.5546856,0.54607403,0.49089268,0.4913074,0.539889,0.53472376,0.5161379,0.52311695,0.50558263,0.5078327,0.52028996,0.52060103,0.52669144,0.5370801,0.48965254,0.5516357,0.5471422,0.522482,0.4939585,0.5018487,0.47856745,0.47214618,0.47379848,0.56515455,0.5685977,0.4895724,0.4864505,0.46981707,0.51202846,0.5139311,0.5091486,0.49107352,0.5278731,0.5338112,0.48059198,0.5077708,0.5001554,0.46615082,0.48299038,0.5042811,0.52188706,0.5082427,0.52218425,0.56147635,0.52451736,0.51381934,0.47828075,0.4831362,0.52616173,0.5552611,0.56316096,0.55419344,0.5067873,0.4955687,0.55501795,0.49768677,0.5052743,0.53043365,0.5216386,0.5346007,0.5381896,0.53072006,0.5210568,0.5220551,0.5317832,0.52720815,0.52272314,0.5177359,0.5141264,0.5375537,0.52666456,0.55057013,0.5479712,0.5174442,0.5142783,0.5223517
19,0.52162695,0.5183746,0.49660417,0.5101985,0.5135441,0.50085276,0.49323004,0.49269098,0.4813302,0.5353923,0.54546815,0.5612981,0.49024767,0.5079441,0.5109875,0.47497568,0.469959,0.51969874,0.4758551,0.47923324,0.48577997,0.501664,0.5266919,0.55071187,0.5831942,0.52617687,0.5442145,0.5722427,0.5031564,0.5093424,0.48747554,0.48375815,0.49946985,0.4894279,0.5050428,0.5040117,0.5819069,0.55971116,0.5441131,0.5192805,0.5530385,0.5851927,0.5448328,0.5541048,0.58835286,0.5324756,0.5314553,0.49068958,0.50045234,0.52040356,0.4787921,0.4977837,0.48832142,0.49412295,0.5384496,0.5095694,0.55289483,0.508186,0.55505997,0.56687933,0.49982464,0.46852112,0.48981187,0.50484765,0.5143505,0.56263345,0.5244133,0.48931745,0.5217738,0.51971793,0.51455414,0.51801527,0.5352578,0.5186242,0.559671,0.53063667,0.51396865,0.5413118,0.5663022,0.5305083,0.55649227,0.5572808,0.5302173,0.5755471,0.5073365,0.5344716,0.5600942,0.5490301,0.4780165,0.5188194,0.5218931,0.5270168,0.52918243,0.5030489,0.5280829,0.5390913,0.502845,0.48701277,0.56987214,0.52301073,0.5381315,0.52478975,0.5683739,0.5307005,0.60506207,0.542147,0.55859727,0.56797135,0.5677582,0.51957285,0.4946307,0.49711448,0.61423427,0.5885774,0.5284499,0.5393576,0.51000714,0.5106248,0.49457785,0.49869722,0.48342705,0.52704394,0.56720626,0.54127777,0.54252046,0.4922305,0.50219756,0.54214084,0.5537142,0.53314555,0.5407104,0.5358088,0.53424245,0.53992504,0.5378481,0.54693973,0.5705459,0.50375,0.551747,0.5810998,0.55523217,0.5014829,0.5341513,0.52005184,0.5201294,0.5014918,0.5837852,0.61228704,0.50494605,0.5318221,0.4966539,0.50164807,0.5154808,0.4949592,0.48156667,0.5006875,0.50515634,0.47503287,0.5106439,0.49629638,0.5158302,0.5068097,0.50320274,0.50672996,0.51227444,0.5195326,0.58306193,0.4899106,0.55260724,0.5204494,0.5127977,0.55164266,0.55687904,0.54428095,0.54357576,0.537427,0.49502054,0.56411684,0.5055673,0.5149971,0.5206689,0.54429233,0.49985304,0.51261556,0.5247514,0.51459044,0.5109621,0.48970047,0.4916345,0.5604851,0.52345335,0.5590403,0.5006146,0.49509865,0.49098083,0.4820918,0.4516481,0.5219504,0.48645574,0.47628903,0.5269044,0.5033231,0.53767884,0.5560821,0.5986928,0.5317684,0.53774834,0.5674405,0.47416314,0.4822677,0.4747676,0.46568647,0.5179549,0.47881654,0.48022166,0.5041006,0.5689504,0.5544594,0.5447713,0.5179782,0.54757506,0.58026695,0.56077266,0.5641095,0.5808954,0.51793844,0.52836686,0.4867293,0.5140657,0.47881988,0.4808398,0.49525586,0.48067096,0.49904174,0.53818834,0.51549304,0.55505526,0.48574993,0.57398826,0.57487553,0.49248856,0.45427227,0.47015145,0.47982517,0.49661005,0.5424903,0.48144832,0.47511145,0.4984187,0.49131304,0.50602525,0.4701267,0.5110029,0.49327448,0.5701444,0.49823156,0.48005643,0.5288731,0.57418835,0.526138,0.5272705,0.5336698,0.47699058,0.5439428,0.46011704,0.54592013,0.52274406,0.5199245,0.4748076,0.49575308,0.5013646,0.5224621,0.51975703,0.4881991,0.510249,0.53494513,0.4650304,0.46604672,0.56964606,0.5158955,0.53120786,0.535547,0.592671,0.5454757,0.58651036,0.5246099,0.5543156,0.5617339,0.53134084,0.52569586,0.47887322,0.49942714,0.6083992,0.59444106,0.53142434,0.50363714,0.49246815,0.4980403,0.4918733,0.49581033,0.4797174,0.5184644,0.56908756,0.545246,0.54948556,0.4806911,0.47992724,0.5614784,0.5533981,0.5236088,0.5270949,0.5002467,0.5065015,0.5192139,0.5186299,0.53925943,0.5548628,0.48576343,0.5746739,0.56822866,0.5417006,0.4988871,0.5162301,0.47882566,0.4777147,0.48038605,0.5490694,0.58260494,0.48369578,0.48787305,0.4607514,0.512726,0.5086493,0.5064695,0.4825887,0.5297007,0.5404839,0.48184273,0.5141956,0.49588048,0.4897423,0.4939922,0.49483097,0.51821667,0.50128824,0.52548325,0.5705646,0.5074392,0.52157176,0.4684868,0.46277595,0.528265,0.5492872,0.5626408,0.54895884,0.5114136,0.4849117,0.5612255,0.48783287,0.5033041,0.533835,0.5224096,0.53631246,0.54031557,0.5325522,0.52138054,0.53018975,0.539967,0.5287151,0.522878,0.50622976,0.5005848,0.5408034,0.5262558,0.55421054,0.5528616,0.5140972,0.51069564,0.522893
20,0.5177394,0.5175678,0.4869466,0.50221616,0.50585985,0.49513015,0.48572406,0.4825147,0.466761,0.5436822,0.55898535,0.5721598,0.4781401,0.5218574,0.5295638,0.47196853,0.4742669,0.5187778,0.4729326,0.48277596,0.48206213,0.49692988,0.5282822,0.5561843,0.5977776,0.51768774,0.5602745,0.5916032,0.5034137,0.5189782,0.48882976,0.48204064,0.51686513,0.49565125,0.51516867,0.49636394,0.58594966,0.5646071,0.5370444,0.508815,0.54543835,0.5840175,0.54158306,0.5497522,0.59558785,0.5365092,0.52729183,0.5020993,0.5102362,0.5279621,0.46344632,0.4865436,0.47694468,0.4833347,0.5276993,0.5031953,0.55175704,0.5002219,0.55818164,0.56755155,0.49840045,0.45139223,0.47290748,0.5072013,0.5221284,0.5691458,0.5175871,0.47959414,0.52130234,0.5013496,0.5013845,0.50982183,0.54527044,0.51253843,0.56804407,0.5238916,0.49772918,0.5393967,0.5707476,0.5341501,0.56884146,0.55983895,0.52598405,0.5793379,0.49643877,0.5344343,0.5648163,0.55613583,0.4662325,0.5156789,0.51824564,0.51945496,0.5277415,0.4968981,0.5389424,0.5386914,0.4949891,0.46474624,0.56482506,0.5157328,0.52754015,0.5187303,0.57366836,0.5281551,0.60601604,0.5414231,0.5626807,0.57035166,0.5712319,0.52161103,0.48418808,0.4964043,0.6179479,0.5933894,0.52207226,0.53690326,0.51040065,0.5060749,0.49097613,0.48890692,0.4683264,0.5243247,0.5833713,0.5394221,0.5474169,0.487193,0.49732763,0.55606335,0.56226695,0.5354587,0.5454586,0.53724426,0.52854764,0.54265237,0.539144,0.55070716,0.578264,0.5053133,0.5598915,0.59378874,0.56855917,0.50128293,0.5434075,0.5258901,0.5215091,0.50757027,0.5776441,0.62590295,0.49541917,0.5398317,0.49303558,0.49828973,0.5085422,0.48622215,0.47459805,0.4990438,0.5093123,0.47816917,0.5174216,0.4881299,0.53201497,0.51016676,0.49851847,0.5060482,0.5075607,0.52161175,0.5907409,0.48090944,0.5598274,0.527494,0.49238652,0.558728,0.5614365,0.5460578,0.5445694,0.5527222,0.48513398,0.577011,0.4947984,0.5145094,0.517799,0.5489268,0.48931056,0.5059207,0.5222545,0.51270396,0.50637555,0.4770764,0.47453114,0.5756699,0.541282,0.5781667,0.49651194,0.51030225,0.5111531,0.47564352,0.45690632,0.52552515,0.48743534,0.4761197,0.53067327,0.50723976,0.5402219,0.5656494,0.6189142,0.5390911,0.5586849,0.59307694,0.47704715,0.49217668,0.47831205,0.466095,0.5395099,0.4856627,0.4969313,0.48559853,0.5701106,0.5594343,0.52999586,0.5015839,0.5389791,0.5769967,0.55891883,0.56736577,0.5912054,0.52859956,0.51929325,0.49262515,0.5178212,0.48663667,0.46425754,0.48100987,0.46597847,0.48247984,0.5250955,0.5091702,0.55966216,0.47927696,0.5819944,0.5789158,0.4982712,0.44213024,0.466179,0.48287123,0.5065733,0.55493283,0.47553712,0.4758859,0.5060719,0.49031717,0.5165487,0.4634076,0.53020847,0.49647143,0.59919345,0.50196695,0.4716862,0.5347404,0.5991839,0.55019605,0.54878557,0.5457789,0.47585145,0.55254066,0.4516725,0.55748093,0.52636945,0.53169334,0.46821576,0.4964725,0.5030556,0.5242719,0.51827794,0.4902455,0.5322682,0.53813165,0.46185338,0.45388234,0.5662422,0.50731844,0.5170076,0.5252367,0.60363597,0.5416321,0.5768366,0.52486366,0.5579808,0.5709194,0.5352384,0.5275482,0.47366264,0.503185,0.6135501,0.6012923,0.52606183,0.49533084,0.48957768,0.49202114,0.4843806,0.48552373,0.46583864,0.52008474,0.5953919,0.545641,0.5592025,0.4728611,0.4736728,0.58689123,0.57212406,0.5367167,0.53427595,0.5004868,0.5095016,0.5196724,0.51918596,0.5550105,0.5726393,0.48976788,0.5986405,0.58899945,0.5621611,0.5045862,0.52791625,0.48329926,0.48480466,0.49030337,0.5358959,0.59288013,0.48267457,0.49694285,0.45775473,0.51455003,0.50423807,0.5078034,0.47663787,0.5320779,0.5492593,0.48701686,0.52120006,0.49520394,0.5169494,0.5046338,0.4916119,0.51824194,0.50149256,0.5282643,0.581723,0.49843955,0.53677684,0.46184656,0.45179018,0.5306512,0.55275893,0.57106626,0.5535976,0.5230927,0.47895163,0.5689848,0.48205626,0.50613034,0.53830177,0.5248885,0.53874564,0.544064,0.5351327,0.52235484,0.5374721,0.5455667,0.5306208,0.5235012,0.49809274,0.49093166,0.54198545,0.5262337,0.5592157,0.5586193,0.511689,0.50856614,0.5231603
21,0.5140918,0.5226013,0.48242432,0.49643973,0.50115913,0.4951346,0.48677295,0.48184714,0.46423727,0.5544143,0.5749166,0.5826149,0.47287598,0.5307781,0.53953415,0.47777593,0.4911018,0.5243833,0.4788098,0.49428678,0.48770478,0.49981278,0.53456813,0.5677991,0.61003995,0.51316214,0.5709233,0.6094402,0.49852926,0.52647007,0.49290434,0.48281503,0.53352386,0.5023123,0.52395976,0.49332315,0.5844752,0.5662233,0.5274583,0.50408185,0.5362713,0.57551146,0.53953886,0.5439726,0.5938487,0.53831524,0.52756995,0.52123195,0.5273786,0.5373583,0.46050203,0.48459187,0.47655702,0.482615,0.5186703,0.5079661,0.55394286,0.5004517,0.5593939,0.56485623,0.5027768,0.44447845,0.46403036,0.5122885,0.5335581,0.5794084,0.51333547,0.4756469,0.5282324,0.49017334,0.4922465,0.5055157,0.5561962,0.5116841,0.577642,0.5231613,0.488214,0.54123545,0.5755503,0.5421294,0.58282495,0.56336623,0.5229382,0.5761605,0.4866408,0.53271997,0.56978965,0.56488293,0.46055475,0.5141477,0.51378495,0.5153012,0.5266092,0.4976949,0.54942745,0.53983945,0.48828974,0.44750765,0.5595688,0.5170924,0.5223044,0.5202699,0.5806311,0.5343637,0.60231745,0.5441685,0.57130265,0.56983405,0.5743644,0.5261787,0.48022464,0.50130105,0.61381084,0.59402776,0.5233573,0.5402729,0.51917976,0.5053096,0.49152756,0.4860167,0.46125427,0.52566266,0.59836704,0.5461235,0.55549455,0.48814398,0.49995196,0.57155216,0.57003427,0.5380574,0.5512261,0.5425547,0.52345544,0.5440213,0.5404141,0.5552866,0.58359486,0.51466995,0.5701711,0.60246307,0.5792699,0.50394225,0.5507662,0.52957225,0.5191285,0.51693195,0.5707956,0.63144386,0.487383,0.5477156,0.49054998,0.4997737,0.50714815,0.4863214,0.4737713,0.50488573,0.52160984,0.4901662,0.5279622,0.48751488,0.5455764,0.51019526,0.5032533,0.5078828,0.5076151,0.5219287,0.59629875,0.48350275,0.5682565,0.53460497,0.4776858,0.56466323,0.5726045,0.5555027,0.5524296,0.5706327,0.47958708,0.5900539,0.48846188,0.51846665,0.5159266,0.55672127,0.48517472,0.5018951,0.5208539,0.5149704,0.5085298,0.4749434,0.46810415,0.59032726,0.56528956,0.5965292,0.49651822,0.52249223,0.52731615,0.47807565,0.47744516,0.53516203,0.49683106,0.48337224,0.5413471,0.51811373,0.547453,0.5805743,0.63415056,0.5515283,0.5765026,0.6169348,0.4833904,0.5084353,0.48688778,0.47165105,0.5629418,0.49462992,0.51514405,0.47312936,0.5669368,0.55968076,0.51369107,0.49069658,0.530835,0.56834394,0.55495024,0.5683956,0.593396,0.5394818,0.51425385,0.5083607,0.5277336,0.50356007,0.460216,0.47607926,0.4634283,0.47564477,0.5141901,0.5116222,0.5646392,0.48081973,0.58524454,0.5793337,0.50745535,0.44154185,0.47417468,0.49044526,0.5235594,0.57492614,0.47901526,0.48678398,0.5250598,0.5019946,0.5357957,0.4662615,0.5561425,0.5108654,0.62855524,0.51831514,0.4739364,0.54569536,0.62359554,0.5797371,0.57651395,0.56070113,0.48034456,0.5576417,0.4488013,0.56583697,0.5360309,0.55132544,0.46412817,0.50252914,0.5079912,0.53172797,0.51978105,0.5028527,0.5554068,0.543242,0.46510935,0.4524124,0.5618334,0.50736576,0.5095039,0.5209934,0.6139655,0.543702,0.56410575,0.5298686,0.56511533,0.57789034,0.5430351,0.53184503,0.47731343,0.5117264,0.6115627,0.6046401,0.5275478,0.49794307,0.49725816,0.4896275,0.48384926,0.4825735,0.4622275,0.5257012,0.6193576,0.55368054,0.5730916,0.47098023,0.4776472,0.6131721,0.59132123,0.5556216,0.544293,0.50642294,0.5174321,0.52191895,0.5226024,0.5743517,0.5898412,0.50579107,0.6215291,0.60798115,0.58395314,0.5134354,0.5397012,0.49287486,0.49387297,0.5074187,0.5277511,0.5988447,0.4878071,0.51451856,0.4622104,0.5198003,0.50480384,0.51669407,0.47720385,0.53805095,0.5613861,0.5011103,0.53154427,0.50257915,0.5446417,0.515287,0.49863586,0.52015257,0.5079907,0.52817017,0.59223413,0.49986485,0.5591967,0.46056125,0.45226595,0.53311396,0.5633755,0.5846813,0.56503886,0.5402928,0.4791241,0.57504773,0.4826669,0.51183665,0.54219145,0.52829003,0.5410011,0.54846376,0.5392957,0.52498895,0.5439051,0.54910773,0.53292125,0.5251116,0.49502882,0.48714978,0.5408046,0.5265466,0.56554615,0.565211,0.5119814,0.5093775,0.52402973
22,0.5142828,0.5347908,0.48710418,0.49741384,0.5034475,0.5039348,0.50011796,0.4918063,0.47518122,0.5694246,0.5915039,0.5959971,0.4800721,0.5338147,0.54168814,0.49599096,0.52243525,0.5370327,0.4978816,0.5184364,0.5060439,0.51192224,0.54676604,0.58154815,0.6209212,0.519178,0.57662404,0.6219827,0.49356687,0.5321673,0.4994822,0.4859836,0.5461554,0.5081156,0.53113663,0.49601278,0.5777709,0.5644708,0.51671463,0.5051625,0.52673095,0.56035596,0.5411772,0.5405953,0.5852117,0.5420809,0.5329875,0.549451,0.5533382,0.55058205,0.47075936,0.49220845,0.48834196,0.49227396,0.5132524,0.5236854,0.5599877,0.5089535,0.55864054,0.5613617,0.5110518,0.4486042,0.46705475,0.51723963,0.5445768,0.58928627,0.5154437,0.47845665,0.5424028,0.49120975,0.49030405,0.5038335,0.56862336,0.5199842,0.5922195,0.5323685,0.48860216,0.54704744,0.5851173,0.554859,0.6010796,0.5682676,0.5225118,0.56798965,0.48263907,0.5325455,0.5782834,0.57379925,0.46381664,0.51660013,0.5097677,0.5133615,0.52589595,0.50668144,0.5622368,0.5441136,0.4863947,0.4398691,0.5546251,0.5255661,0.52103883,0.52818334,0.58446765,0.5458335,0.5911017,0.5484183,0.5801162,0.56848645,0.57655,0.53190196,0.4847052,0.5093478,0.6016878,0.58974624,0.53062516,0.5484504,0.53712785,0.50902903,0.49639142,0.49042517,0.4661784,0.53085184,0.61212236,0.556581,0.56537,0.49670452,0.51088345,0.58828485,0.5804933,0.5441269,0.5586203,0.5525826,0.5204582,0.54399675,0.54092914,0.55884355,0.5866001,0.532788,0.58133703,0.6060546,0.58747584,0.51241237,0.5586941,0.53305966,0.5156064,0.5328501,0.56221616,0.6272424,0.48483044,0.55879575,0.4915494,0.5095158,0.51411283,0.49818215,0.48117894,0.52078223,0.54286903,0.5153023,0.54452753,0.49800378,0.55767334,0.50803226,0.518051,0.51112,0.5111141,0.5189268,0.596731,0.49746045,0.5777135,0.5436232,0.4716136,0.5708871,0.5849819,0.5682791,0.56323093,0.58971256,0.480403,0.5979511,0.48887134,0.52480054,0.5185032,0.5688467,0.4907638,0.50440395,0.52353245,0.5244525,0.520881,0.4844201,0.47370207,0.60428196,0.5936297,0.61504936,0.5056277,0.5309257,0.5387655,0.49332634,0.5150565,0.55159354,0.5185943,0.5035116,0.559246,0.53808343,0.56028616,0.5958828,0.6430737,0.57168996,0.59120286,0.63615614,0.4971035,0.5294939,0.50074,0.47978622,0.5831444,0.50238806,0.5306876,0.46894613,0.5603297,0.55578834,0.49752313,0.4863099,0.5247652,0.5552217,0.5515468,0.56917787,0.5911037,0.5556654,0.5143976,0.53630203,0.54605794,0.5321392,0.46938288,0.48079547,0.47429344,0.4787228,0.5077618,0.52327675,0.5691505,0.48959115,0.5837955,0.57831377,0.5155789,0.45138723,0.4937282,0.5002495,0.5422712,0.5962649,0.4919164,0.505559,0.55228794,0.5236985,0.56112015,0.47720733,0.58647954,0.5356837,0.65723866,0.54484725,0.48649478,0.5612907,0.64519745,0.61182564,0.60663944,0.5756235,0.49125502,0.56074214,0.452621,0.57199097,0.5502647,0.5742718,0.46416545,0.51377183,0.5164218,0.5413632,0.5237602,0.5233525,0.58023536,0.5523115,0.47582978,0.46233112,0.5564198,0.51564646,0.5073144,0.5228075,0.6184235,0.54861015,0.5473132,0.53801143,0.5714538,0.5835953,0.55300057,0.5370431,0.489415,0.52207774,0.60233307,0.6028096,0.534771,0.5107685,0.51692086,0.49120313,0.490587,0.48691767,0.47220433,0.5347558,0.6384116,0.56483024,0.5876408,0.47769746,0.49512875,0.63676924,0.6112845,0.5788498,0.55585605,0.5166896,0.52944916,0.52584976,0.52842665,0.59587246,0.6056545,0.5354277,0.64102334,0.62366253,0.6065061,0.5276319,0.5551206,0.50728303,0.50521815,0.53471094,0.5246646,0.60022837,0.49959013,0.53911465,0.47411254,0.5300133,0.5131865,0.5352421,0.4871026,0.54980004,0.5772343,0.52820355,0.54764414,0.520872,0.5698485,0.52668333,0.5175169,0.5213981,0.5178307,0.52367485,0.59859675,0.5112743,0.58607566,0.4661266,0.46421653,0.53543985,0.5764012,0.5975395,0.57804865,0.55954033,0.48582938,0.57638377,0.49031672,0.51720494,0.54326296,0.5309842,0.542139,0.5520019,0.54490685,0.5295914,0.5496389,0.55152947,0.5353773,0.52779794,0.49732637,0.48963198,0.53752387,0.52706546,0.5718699,0.5714231,0.5156709,0.51351917,0.5261881
23,0.51989025,0.5531865,0.5018216,0.50701,0.5140709,0.52176785,0.5258899,0.51013154,0.49714687,0.588682,0.60671115,0.6143848,0.5015926,0.53153414,0.5387875,0.52690035,0.5658056,0.5548245,0.5312399,0.5568272,0.53674173,0.53227675,0.5635036,0.5930038,0.63138884,0.53895825,0.5789634,0.6272818,0.49324998,0.5365476,0.5072349,0.4912227,0.5520043,0.5118944,0.5367917,0.5038942,0.56682616,0.55984324,0.5063887,0.5103484,0.5179806,0.5409796,0.5470383,0.54152423,0.5726991,0.5502398,0.54255503,0.5852281,0.5863449,0.5675705,0.4913175,0.50688607,0.5097528,0.5094681,0.5114834,0.54662687,0.5689887,0.52319163,0.55614954,0.55932736,0.5202122,0.46195492,0.48252255,0.51959175,0.551121,0.5942717,0.5256112,0.48701084,0.56126046,0.5056453,0.49679264,0.50230306,0.58258414,0.5383821,0.6135476,0.5525048,0.498783,0.5549529,0.6022737,0.5707444,0.6239454,0.5737534,0.52491796,0.55742794,0.4874466,0.536318,0.59195673,0.581272,0.4759987,0.5245928,0.50768626,0.5118207,0.52567416,0.5230487,0.57847583,0.55126727,0.4914407,0.44339845,0.55003315,0.538049,0.52143115,0.53940064,0.5816722,0.5579764,0.57162434,0.55202687,0.5850023,0.56804603,0.57733047,0.53725344,0.49781466,0.5177462,0.5828459,0.5812918,0.5402747,0.5584968,0.5614375,0.5162761,0.50449854,0.5004257,0.4835732,0.53792995,0.62501043,0.56544507,0.5756124,0.5121796,0.52803624,0.605569,0.5965539,0.5559526,0.56755847,0.56674784,0.51989084,0.5430124,0.5398887,0.55925757,0.5870934,0.5576674,0.5926507,0.6046457,0.5935664,0.52773005,0.56882554,0.53768694,0.5131331,0.5561688,0.5512099,0.6131242,0.49023223,0.57511425,0.4969087,0.5283967,0.52954775,0.52154225,0.49616593,0.54613966,0.5715412,0.5545029,0.5679509,0.52021825,0.5698425,0.50564396,0.5405046,0.51443124,0.516105,0.5123136,0.5903138,0.51958126,0.58744395,0.55494237,0.47471172,0.5789577,0.59352946,0.57957566,0.5727957,0.6077642,0.48833176,0.59748566,0.49665263,0.53112483,0.52689034,0.5845831,0.50611836,0.5147604,0.5316529,0.54201233,0.54380673,0.5029458,0.48906395,0.61668915,0.62266046,0.63375545,0.52602804,0.53596073,0.5463825,0.52168024,0.56678,0.5732071,0.5534871,0.5386288,0.5825661,0.566765,0.5772238,0.60689026,0.64518774,0.5988051,0.6032353,0.6491042,0.51982754,0.55264497,0.51842964,0.4883163,0.59533787,0.50617033,0.5410261,0.4726521,0.5516618,0.5493889,0.48326033,0.4872131,0.52144593,0.53953713,0.5502133,0.57051885,0.58810365,0.57987195,0.51922077,0.5749502,0.572483,0.5710313,0.48866618,0.49265164,0.49587992,0.48856184,0.5060279,0.54161614,0.5721445,0.5027808,0.57840556,0.5774135,0.519012,0.46887326,0.5219077,0.5104439,0.55674714,0.6118533,0.5119785,0.52826905,0.5820872,0.55013734,0.588711,0.49283636,0.6177255,0.56740737,0.6832836,0.5764751,0.507061,0.57909966,0.6625237,0.6424627,0.63426465,0.5875052,0.50830764,0.5635131,0.4640724,0.57754403,0.5663257,0.59493136,0.46950042,0.5294771,0.5285278,0.54938024,0.52935976,0.54736847,0.6061294,0.56569934,0.49345815,0.4822764,0.54990435,0.52971,0.50755596,0.52878,0.6136683,0.5528318,0.52661586,0.5472106,0.57342726,0.58894825,0.5630595,0.54117405,0.5084099,0.53120077,0.5869144,0.5956276,0.5447613,0.53015023,0.5462148,0.49612555,0.502962,0.49656278,0.4952786,0.5454902,0.65165216,0.57414293,0.5994358,0.4934285,0.5256393,0.65498614,0.6318947,0.6037496,0.56699437,0.5290569,0.5435898,0.5311695,0.5355035,0.6165094,0.61894625,0.5762058,0.65541285,0.6349314,0.62839156,0.54789245,0.5761186,0.524942,0.518703,0.572063,0.5250771,0.5971893,0.5174603,0.567176,0.49198368,0.5452673,0.5296451,0.5630119,0.5063275,0.5674978,0.59617084,0.5690994,0.5702704,0.54999584,0.5908991,0.53915066,0.5465485,0.5197883,0.527323,0.51493675,0.59838945,0.5296551,0.61318487,0.4788786,0.48582825,0.5373709,0.58692765,0.60439634,0.5875121,0.5769542,0.49849868,0.57162213,0.5042488,0.5195764,0.5397711,0.53129715,0.5413463,0.5530077,0.5513666,0.5358755,0.55499476,0.55384403,0.53764457,0.53123295,0.50378567,0.49708572,0.53298634,0.52776337,0.576419,0.5756247,0.5222633,0.52020806,0.5298728
24,0.5305036,0.5753699,0.5238606,0.5239946,0.53151816,0.5461719,0.56044334,0.53176045,0.5242898,0.61015654,0.61912787,0.6375214,0.53490627,0.5256925,0.53439635,0.566847,0.61418796,0.5740974,0.5757232,0.60649174,0.5755291,0.5575979,0.5817205,0.5991471,0.6419272,0.5708142,0.5797774,0.62570125,0.49991667,0.5404351,0.51458335,0.49792096,0.55023676,0.51339006,0.5414176,0.5149189,0.55353403,0.55330145,0.4981534,0.51689935,0.5113626,0.5211478,0.5560002,0.54631734,0.5592704,0.5617996,0.55380803,0.6240525,0.6211215,0.58561665,0.51608425,0.52419895,0.53510565,0.5292038,0.5120609,0.570928,0.5789164,0.5388922,0.55265146,0.5602207,0.5272551,0.48081505,0.5077045,0.5180395,0.5508586,0.5917154,0.54308933,0.49928257,0.58095336,0.5307145,0.5108274,0.4988671,0.5974038,0.5645463,0.6402968,0.58080786,0.5159929,0.56198317,0.62688017,0.58668864,0.6491363,0.5783965,0.52962625,0.54687655,0.50116086,0.54475886,0.61000067,0.58633846,0.4948871,0.5384239,0.5086709,0.50932777,0.52609736,0.54398,0.59683925,0.5593162,0.5036015,0.45654613,0.5460335,0.55096245,0.52150375,0.5501967,0.5715176,0.5668876,0.54642034,0.55352813,0.5835738,0.5693941,0.5767479,0.5408296,0.5176515,0.5238497,0.560427,0.5711149,0.54821694,0.5666969,0.586254,0.52491254,0.5139226,0.51287216,0.5104318,0.5440595,0.6371796,0.56881404,0.5848659,0.5315394,0.54696584,0.6218969,0.6185806,0.5738517,0.5771782,0.58359367,0.52131844,0.5417741,0.5367944,0.555172,0.5849003,0.5846515,0.6036954,0.5995924,0.5981944,0.5482058,0.5809797,0.5437981,0.5128245,0.58426106,0.53835905,0.5908157,0.50381094,0.5965959,0.5062439,0.55423,0.5509456,0.5528341,0.51516354,0.5773364,0.603762,0.60405374,0.5972164,0.5512116,0.58330864,0.5049415,0.5659706,0.51651037,0.52073205,0.5032115,0.57768226,0.5444167,0.5963451,0.5679269,0.48556662,0.5896566,0.5953367,0.5859363,0.57809985,0.6225623,0.5025496,0.588649,0.51062363,0.53560925,0.54033536,0.60192883,0.52798414,0.5314597,0.5447034,0.56602556,0.5744541,0.5250269,0.50900286,0.62656385,0.6480769,0.6517555,0.5562286,0.53872824,0.55181646,0.55915236,0.62439287,0.59643835,0.59813744,0.5858215,0.60811764,0.6009181,0.59524316,0.6109644,0.64108014,0.6289263,0.61278874,0.6555459,0.5493756,0.57518834,0.53724796,0.49635875,0.5972225,0.5050622,0.546141,0.48157904,0.54271,0.54259384,0.47261527,0.49072498,0.52081805,0.5241638,0.5512386,0.572143,0.58669716,0.60993755,0.52676165,0.6187138,0.60351545,0.6142578,0.51198065,0.50733817,0.52208716,0.5001617,0.5075327,0.56201273,0.57286555,0.5165715,0.5705626,0.5772363,0.5160853,0.4904449,0.5540528,0.5198262,0.56278294,0.6168336,0.5356105,0.5509794,0.6082924,0.57566184,0.6147485,0.509459,0.64620024,0.60100615,0.70420885,0.6073177,0.5323178,0.59559333,0.6748984,0.66767406,0.65521276,0.59401315,0.5300812,0.5668403,0.48327392,0.58374107,0.5812086,0.60895705,0.48019153,0.5481498,0.54395205,0.55339366,0.5356288,0.5702845,0.63088655,0.58157635,0.5160073,0.5093275,0.5427411,0.5457854,0.5075676,0.5362344,0.59965384,0.5539903,0.50414914,0.55554014,0.56934065,0.5943581,0.57152146,0.5426169,0.53180254,0.5366165,0.5679714,0.5850626,0.553954,0.55077195,0.5791807,0.50288004,0.5179781,0.50827664,0.5271057,0.5555007,0.65935767,0.578044,0.6060635,0.5158362,0.56419945,0.6663753,0.6519785,0.6271758,0.57566345,0.54127604,0.5576308,0.5375055,0.5422745,0.63259286,0.62835366,0.6214691,0.6638828,0.6413853,0.6476583,0.5725112,0.6014855,0.54330945,0.5336813,0.6150242,0.52692246,0.5904764,0.5396636,0.59455824,0.51358354,0.5642175,0.5518292,0.5967337,0.5314337,0.5893699,0.6166192,0.6199445,0.59824544,0.5865845,0.60764754,0.5519949,0.58094805,0.5141776,0.5333938,0.50368404,0.591309,0.5503648,0.63630193,0.49779782,0.51385343,0.5385241,0.59173894,0.60278624,0.590207,0.58970046,0.5156487,0.56143236,0.52229863,0.5177252,0.5312794,0.5283468,0.5381166,0.5501145,0.55808204,0.5431758,0.5603221,0.55677545,0.5395207,0.5349584,0.5121859,0.50698686,0.5284866,0.52878803,0.5780637,0.57684577,0.5304066,0.5279746,0.53485656
25,0.54453593,0.5981337,0.5486189,0.5450966,0.55244297,0.5729155,0.59745306,0.5508948,0.54971087,0.63013434,0.62785614,0.6618674,0.5739248,0.5183713,0.5314005,0.60888416,0.65808,0.59073716,0.62388015,0.65934026,0.6151138,0.58320206,0.59814185,0.59932286,0.65150654,0.60780656,0.58035326,0.6191011,0.5129904,0.54483956,0.52056605,0.5051875,0.5423476,0.51332444,0.54537046,0.52623326,0.54100055,0.5463109,0.49352777,0.5223956,0.50838023,0.5050547,0.5659329,0.553218,0.54756796,0.5732767,0.5635672,0.6595563,0.6506714,0.6001805,0.53817576,0.5394832,0.5580344,0.54622763,0.513731,0.5905848,0.58719736,0.5515913,0.5489696,0.56407183,0.53000104,0.5003961,0.537434,0.5122863,0.54356694,0.58160937,0.56511486,0.5132322,0.59750235,0.5607795,0.52969754,0.4931942,0.61135495,0.5934238,0.667842,0.6111806,0.53659314,0.5654912,0.6547357,0.59877247,0.6722625,0.5807675,0.5360046,0.53818405,0.5206882,0.5562038,0.629376,0.5886279,0.517466,0.55675745,0.51276404,0.5057571,0.5273353,0.56497425,0.6138855,0.5659219,0.5210612,0.4758244,0.5436562,0.56118315,0.5204982,0.5576682,0.5561677,0.5706401,0.52082676,0.55233663,0.5758494,0.57215744,0.57478,0.54162836,0.53955054,0.52514946,0.5390797,0.56237704,0.5512781,0.5698856,0.6048001,0.53256243,0.52267486,0.5243169,0.5414331,0.5471129,0.64747894,0.5656056,0.5915922,0.5505922,0.56303024,0.63467616,0.64279586,0.5954326,0.58599985,0.6009407,0.52432644,0.5409495,0.53182954,0.5466571,0.5801916,0.60789865,0.6131584,0.5928226,0.60197157,0.5700661,0.5935024,0.55066264,0.5147217,0.61170495,0.5253692,0.56421274,0.5236458,0.62074393,0.5186577,0.58259165,0.57439,0.5860839,0.53354156,0.60871917,0.6337505,0.65555996,0.62901765,0.58524144,0.5979074,0.50706774,0.5891157,0.51655,0.5238186,0.49371734,0.5616759,0.5660827,0.60264826,0.58161217,0.5014985,0.60202014,0.5903338,0.5863482,0.57786864,0.63214564,0.5206843,0.57420063,0.52736515,0.53674674,0.5567605,0.6182762,0.55169356,0.5512433,0.56065273,0.5926523,0.6075219,0.5445896,0.5278404,0.63310486,0.66609806,0.6671112,0.5914419,0.5403703,0.55626583,0.59848905,0.67648774,0.6168087,0.64514416,0.6368645,0.6318638,0.63480234,0.61112475,0.6080061,0.6324463,0.6564605,0.6196043,0.6561011,0.58029556,0.5950429,0.55427766,0.5041325,0.5898595,0.50028735,0.54758674,0.49223,0.5356527,0.53741384,0.46707806,0.49434248,0.5226166,0.51250607,0.55407655,0.57358813,0.5874376,0.63932467,0.53442293,0.6595496,0.6333255,0.65279454,0.5327533,0.5206311,0.5459877,0.5092657,0.5106641,0.57927465,0.5711317,0.5273459,0.56207955,0.5775955,0.50708133,0.5121549,0.5845513,0.5271173,0.55923533,0.6101077,0.5592147,0.57090086,0.62636566,0.5964279,0.63604015,0.5246587,0.66868234,0.6311558,0.71778935,0.6325614,0.55876786,0.60722595,0.6814513,0.68410635,0.66699797,0.5941212,0.55378115,0.5706462,0.50812715,0.59033686,0.59273523,0.614525,0.49473232,0.5672066,0.56092864,0.553109,0.5415495,0.5880865,0.6512523,0.5966041,0.54033875,0.5395558,0.53634965,0.5599442,0.50639397,0.5431152,0.5795781,0.5516633,0.48380455,0.56131417,0.5597987,0.59910977,0.57694554,0.5407865,0.555366,0.53662306,0.5494436,0.5745219,0.55954343,0.5671697,0.6078883,0.5097059,0.53221464,0.5186348,0.5609098,0.5626046,0.66179806,0.5755127,0.6063083,0.54059196,0.603003,0.67024165,0.6686972,0.6460663,0.58050805,0.5516677,0.5697792,0.5443333,0.5473233,0.6412763,0.63256437,0.66208583,0.66608196,0.6432427,0.66240686,0.59767675,0.62725645,0.5592176,0.54869306,0.6556287,0.52844137,0.5816043,0.56332046,0.6180924,0.5366903,0.5844881,0.5758214,0.63079196,0.55700296,0.61213386,0.6357029,0.6719624,0.6284624,0.6246949,0.62050855,0.5638932,0.61409247,0.5048908,0.53459936,0.49235103,0.5790992,0.56861246,0.6520714,0.52039695,0.5439249,0.5385335,0.5901272,0.5936711,0.5856141,0.5966408,0.5347573,0.54803234,0.54057336,0.51146406,0.5188443,0.5224145,0.5327468,0.5430459,0.56416094,0.550317,0.56562936,0.5603999,0.54098934,0.5385541,0.5200912,0.51647496,0.52537435,0.5301958,0.5765897,0.57512784,0.5383236,0.5352412,0.54054356
26,0.5598901,0.61747944,0.57174546,0.5664587,0.5729422,0.5969218,0.6294715,0.56342083,0.5686103,0.64412034,0.6318833,0.6808976,0.6107823,0.511199,0.5307746,0.64459884,0.6885575,0.6012462,0.6654786,0.7039058,0.64690673,0.6039978,0.6100958,0.59553355,0.65729105,0.63940036,0.58165294,0.6100277,0.53014445,0.5500528,0.52499294,0.5121685,0.5312144,0.5125055,0.54798925,0.5354242,0.53361475,0.5413956,0.49378726,0.5261462,0.51057863,0.49645606,0.5743818,0.5608048,0.54056156,0.5816198,0.56894046,0.68506503,0.6686185,0.60676646,0.5530634,0.549534,0.5744096,0.5568761,0.5164151,0.60095155,0.5916178,0.5581453,0.5459591,0.56964207,0.52738565,0.515823,0.5651331,0.50318116,0.53066,0.5658771,0.5873486,0.52702487,0.60747695,0.58846104,0.54931647,0.4864222,0.6218451,0.61806864,0.68905276,0.63575923,0.55700994,0.56419444,0.67791975,0.6031705,0.68786925,0.5796706,0.5434065,0.5331449,0.5408077,0.56720954,0.64548635,0.58765924,0.5405372,0.57636786,0.51879793,0.50205797,0.5293192,0.5806674,0.6251842,0.5699899,0.54021835,0.49720016,0.54463774,0.5668278,0.51920915,0.5611314,0.54027194,0.5700061,0.5012423,0.5489492,0.5644051,0.5750674,0.5710711,0.539522,0.5567658,0.52011985,0.52381575,0.5577785,0.54826736,0.5665349,0.6118119,0.5374407,0.5295221,0.5321653,0.5706416,0.5468141,0.6531561,0.5582772,0.5942609,0.56569093,0.5736086,0.64083534,0.6618918,0.6156649,0.592245,0.6154615,0.5287501,0.54100263,0.5260683,0.5353228,0.5736421,0.62222975,0.61849105,0.58619756,0.60500574,0.58912784,0.60453,0.55654,0.51804173,0.6323156,0.51427984,0.5395582,0.5460905,0.64272964,0.5327624,0.60836196,0.59593767,0.61447155,0.5481738,0.6337572,0.6547471,0.6978265,0.6576681,0.6155976,0.6111503,0.5125684,0.60538954,0.5148272,0.5252248,0.48613903,0.54661,0.58057433,0.60390145,0.5942246,0.518834,0.61314625,0.5815672,0.58279324,0.5727615,0.6348084,0.53907657,0.55871385,0.541666,0.53352606,0.5736175,0.6305251,0.5733125,0.5705276,0.5766061,0.61656296,0.6365185,0.55753636,0.54224366,0.63581264,0.674154,0.6769036,0.6248792,0.541384,0.55970544,0.6314889,0.7121837,0.63010985,0.6848011,0.6800756,0.6491471,0.6615162,0.62222266,0.6004794,0.6222151,0.6760547,0.6238425,0.65224576,0.6065569,0.6106008,0.5674269,0.5121096,0.5768642,0.49453482,0.5470518,0.50196165,0.5331387,0.53585225,0.46790957,0.49726665,0.52687836,0.507673,0.55769014,0.5753189,0.5901831,0.6605713,0.53981185,0.6895011,0.65541357,0.6777091,0.5468766,0.53008956,0.5630404,0.51424074,0.51497287,0.58901095,0.56782055,0.53296655,0.55498505,0.5784218,0.4941225,0.5302221,0.6079259,0.53105336,0.5480246,0.5941628,0.5801919,0.5866084,0.6345494,0.6110386,0.65041804,0.5376162,0.6831172,0.65310335,0.7225311,0.64913386,0.5830474,0.61134976,0.68073237,0.6895646,0.6690328,0.58861786,0.5754703,0.5749778,0.5339052,0.596013,0.6002595,0.6122403,0.5105398,0.58340555,0.5763972,0.5497403,0.54608536,0.5977635,0.664117,0.607476,0.5627494,0.56869507,0.5329066,0.56934947,0.50533146,0.54900515,0.5593354,0.54762334,0.4700991,0.5634023,0.5477691,0.6016074,0.5781739,0.53652877,0.5733409,0.5311471,0.5355645,0.5674756,0.56034553,0.5747913,0.6247833,0.51543057,0.5429575,0.5253092,0.589888,0.5655863,0.65886307,0.56876475,0.6003175,0.56300163,0.6344686,0.66649634,0.67811316,0.6581152,0.5813734,0.55938613,0.57892305,0.55088145,0.5499655,0.641607,0.63087714,0.68920165,0.6620199,0.6412008,0.6712768,0.6189187,0.64858484,0.56957513,0.56143343,0.68527305,0.5283797,0.5730561,0.585261,0.63616145,0.5592922,0.60304,0.5974324,0.6584201,0.5782354,0.63135326,0.6489347,0.7134951,0.65594643,0.6571847,0.62936866,0.57414615,0.63922906,0.49384406,0.53155917,0.48316753,0.5651747,0.58104223,0.6582712,0.54321116,0.5711877,0.53742075,0.5841662,0.58134866,0.57614446,0.59835553,0.5524486,0.5345637,0.55448836,0.50150084,0.504869,0.5149375,0.5268311,0.533365,0.56787944,0.55549544,0.5704761,0.56410164,0.54199624,0.54157126,0.525714,0.5234619,0.52450174,0.53158337,0.5723141,0.571062,0.5442392,0.54069257,0.54617363
27,0.57433385,0.6295916,0.5902211,0.5847041,0.5897176,0.6137418,0.650131,0.5684854,0.5800703,0.6485928,0.6303448,0.687634,0.63845664,0.5052022,0.5313525,0.66722,0.6997431,0.6036002,0.6915399,0.7305425,0.6639275,0.6160456,0.6160899,0.5921307,0.6561085,0.65529686,0.58483493,0.6014724,0.54867864,0.55509984,0.52811396,0.5185682,0.5198885,0.51112056,0.5476631,0.542158,0.5359963,0.5421027,0.5003055,0.52978784,0.51952726,0.49799308,0.5796355,0.5687439,0.5413354,0.58585596,0.56828284,0.6956113,0.67083836,0.6027571,0.56013733,0.5534928,0.5837719,0.56006545,0.5213815,0.599791,0.5913198,0.5575249,0.54513824,0.575786,0.51984847,0.52350587,0.58427787,0.49336302,0.5151702,0.54760337,0.60459375,0.53894764,0.6086675,0.60611784,0.5651549,0.48002732,0.6263999,0.63124645,0.6964671,0.64718515,0.5733764,0.5584055,0.6877463,0.5975343,0.690965,0.5742624,0.55081034,0.53374535,0.5562381,0.5745167,0.65322,0.58276945,0.56046003,0.59271437,0.5250815,0.49960408,0.53153104,0.58653986,0.6269929,0.5719871,0.5566287,0.5168083,0.55091494,0.5681653,0.51968914,0.56271136,0.5302112,0.56850356,0.49322006,0.5453991,0.5541586,0.57712036,0.5660272,0.5357412,0.5635097,0.51002955,0.5187867,0.5593987,0.54040885,0.5571838,0.6049105,0.53892267,0.5343463,0.53565025,0.5932449,0.5446573,0.6514225,0.5524098,0.5925448,0.5749446,0.57856536,0.6385602,0.66839665,0.62848085,0.59447837,0.623178,0.53422296,0.54214716,0.52116066,0.5239183,0.56615007,0.62454504,0.61758405,0.58143264,0.60689044,0.6023074,0.61273104,0.55907923,0.52138585,0.6415065,0.506951,0.524071,0.5663578,0.65660715,0.54620576,0.627484,0.6124548,0.6324126,0.5583892,0.64683175,0.6610899,0.7214401,0.6770435,0.6365884,0.61883116,0.52181876,0.6122212,0.5128823,0.52590907,0.4821689,0.53740704,0.5873081,0.5981535,0.6025167,0.53310287,0.6194551,0.57479066,0.58004224,0.5655572,0.62968254,0.5537012,0.5477736,0.54874676,0.5267848,0.58855945,0.63582414,0.59048194,0.586456,0.58989936,0.63282025,0.655816,0.5631095,0.55239576,0.63491744,0.6714326,0.67823863,0.65010047,0.5416719,0.5611873,0.6519743,0.7243522,0.6336606,0.7088996,0.70520127,0.6559131,0.6756752,0.6270322,0.59322834,0.61441183,0.6839294,0.6268229,0.6469216,0.62405515,0.62078965,0.5759937,0.52066785,0.5629656,0.4909781,0.5460146,0.510249,0.5378678,0.5400413,0.47643548,0.5007238,0.53430706,0.5114793,0.56109524,0.5789742,0.5946602,0.6685267,0.5412234,0.70302355,0.66447794,0.68288684,0.55400276,0.5355693,0.57266396,0.51584136,0.5213695,0.5888798,0.5652534,0.5336633,0.55164814,0.5807629,0.4813645,0.5424285,0.62055,0.53184897,0.53379595,0.57430255,0.5972738,0.598174,0.63400495,0.6200027,0.65722716,0.5485405,0.6893894,0.6636662,0.717881,0.6557931,0.6022674,0.6071252,0.6719559,0.6839045,0.66267633,0.5803486,0.5914824,0.58105344,0.55532926,0.60015666,0.6047921,0.60456586,0.5253259,0.5941467,0.5876029,0.5451799,0.5484924,0.59808284,0.6677421,0.6122741,0.5801004,0.5932337,0.5347933,0.57335347,0.50715715,0.5553483,0.54640925,0.5457054,0.46679008,0.5622515,0.5382759,0.6008653,0.575462,0.53193265,0.58108187,0.5229998,0.5299989,0.5667088,0.5571148,0.57099235,0.6247865,0.5198428,0.5491629,0.5282503,0.609472,0.56453615,0.6511533,0.5629805,0.5901724,0.5795798,0.6534758,0.656548,0.67717934,0.6625894,0.5793672,0.56455016,0.5848076,0.55630916,0.5505447,0.6348185,0.62383014,0.69686544,0.65276414,0.6364839,0.67383206,0.6327616,0.6614499,0.5726104,0.5696324,0.69792336,0.5261494,0.5678878,0.603326,0.6485195,0.57951987,0.6169816,0.6132466,0.6738812,0.59247524,0.6426235,0.6515107,0.7348917,0.6752458,0.677772,0.63367563,0.583266,0.65149933,0.48413596,0.526834,0.4775642,0.5543113,0.5869807,0.65443635,0.56300545,0.59171677,0.5356865,0.5785592,0.57262367,0.56688714,0.5971577,0.5654403,0.5246802,0.56138915,0.49032146,0.49264967,0.50825125,0.52290446,0.52424854,0.5671858,0.5569161,0.574329,0.5669436,0.54235953,0.54356927,0.5286655,0.52758455,0.5258238,0.5322013,0.56599617,0.5654415,0.5468941,0.5435694,0.5511825
28,0.58636844,0.6328223,0.6023867,0.59763855,0.60097843,0.62132704,0.65602773,0.56833416,0.58635116,0.642352,0.6236249,0.6771801,0.6529661,0.50149626,0.531067,0.6739785,0.68953985,0.5978404,0.69789183,0.73502976,0.6630843,0.61811274,0.6163461,0.5944582,0.6460874,0.64840233,0.5908574,0.5963666,0.5657877,0.5585304,0.5308224,0.52539766,0.5115794,0.50973815,0.54362273,0.549001,0.55131286,0.55185133,0.5150954,0.53671336,0.536847,0.51136804,0.58155745,0.5772131,0.55175215,0.5862338,0.56209296,0.68947446,0.65623754,0.5884369,0.5617334,0.55278265,0.5884834,0.5573781,0.53077763,0.5879341,0.58751833,0.5509803,0.549142,0.58258784,0.510071,0.5228244,0.59027267,0.48762766,0.50223625,0.53148925,0.61231107,0.54803836,0.6012619,0.60801756,0.5739163,0.47609514,0.6235903,0.62762487,0.6843775,0.64043635,0.5816606,0.5497553,0.67780554,0.5821288,0.6781031,0.5645783,0.5568736,0.5415124,0.5632077,0.57651246,0.6484542,0.57416946,0.5734452,0.6014565,0.5302445,0.5001895,0.5331561,0.5807381,0.61747175,0.57319635,0.56651574,0.5313611,0.56400216,0.5678145,0.5245908,0.56636274,0.5324282,0.5710693,0.50057966,0.54510415,0.55091363,0.57827663,0.5618914,0.5328168,0.5576928,0.49952492,0.5265718,0.5691508,0.53110844,0.5444968,0.58482313,0.5378589,0.53799903,0.53625405,0.6068042,0.54306364,0.6413447,0.55433667,0.58787113,0.578333,0.5794061,0.6284941,0.65754044,0.6292044,0.5922518,0.6214464,0.5400566,0.54437244,0.5186456,0.51574296,0.55875134,0.6145928,0.610532,0.58024424,0.60748225,0.60819167,0.6173334,0.5561076,0.5230971,0.6376549,0.50526536,0.5233292,0.5796842,0.6574842,0.5561898,0.63800675,0.62189597,0.63714397,0.56506175,0.6450497,0.65049726,0.72202617,0.6834011,0.6447217,0.6172623,0.5352273,0.6094937,0.51308894,0.5278633,0.4826277,0.5386007,0.5886501,0.58535594,0.6026633,0.5401373,0.6182873,0.57646304,0.583867,0.56042236,0.6177647,0.56169134,0.546892,0.5467755,0.5202398,0.60036206,0.6329462,0.60203844,0.59746754,0.59927684,0.6390559,0.66255283,0.5635063,0.56083024,0.6317932,0.65935284,0.6695479,0.6632066,0.54150444,0.559991,0.65753514,0.7101321,0.62701774,0.713623,0.7069625,0.65049165,0.6754898,0.62562555,0.59224486,0.6130212,0.67825955,0.6303284,0.6439654,0.630809,0.6255773,0.5809126,0.5309729,0.55346423,0.4932157,0.5467913,0.51897335,0.5519194,0.55181676,0.49463522,0.50724477,0.546388,0.5245819,0.5638603,0.58635443,0.60025924,0.6609367,0.53853786,0.6979261,0.65808415,0.66583854,0.5565507,0.5388187,0.5772848,0.5160248,0.5316966,0.57955647,0.5668998,0.5319552,0.55434996,0.5864583,0.47496927,0.5494982,0.62183625,0.5324359,0.5236937,0.55814457,0.6103811,0.6074994,0.62848735,0.625346,0.65772516,0.5586039,0.6891521,0.66211706,0.70434403,0.65342945,0.6146275,0.59611917,0.6561452,0.6694487,0.65107054,0.5738356,0.5998446,0.5906839,0.5691521,0.6037174,0.60882306,0.5954909,0.53799254,0.59851825,0.5934243,0.5420002,0.54867303,0.590651,0.6620934,0.6109882,0.59074485,0.61142874,0.54408354,0.57355773,0.51484126,0.56483316,0.54780096,0.5507579,0.47620606,0.56053746,0.5370516,0.59754187,0.57141453,0.52959615,0.5777599,0.5178472,0.5354644,0.5743093,0.55241764,0.5564323,0.6065411,0.52351135,0.5518222,0.5298488,0.6182645,0.5606584,0.64104193,0.56416416,0.5796564,0.58868694,0.6579327,0.64383537,0.6651689,0.660697,0.5764466,0.5681974,0.58833724,0.5601263,0.5501774,0.6239334,0.6134958,0.68307966,0.6406308,0.63084203,0.67088896,0.6376386,0.66346335,0.5685011,0.57215756,0.6912404,0.52243745,0.56880397,0.61681306,0.65608674,0.5959469,0.62488323,0.62112355,0.6743119,0.5988989,0.64340234,0.64089686,0.7314311,0.6827451,0.6827077,0.63367414,0.5924274,0.64923686,0.47931156,0.5244973,0.4759939,0.5518916,0.58850235,0.6425186,0.57774,0.6039122,0.53385836,0.57928216,0.57454306,0.56396514,0.5967124,0.571821,0.52194595,0.5620913,0.4828494,0.4855516,0.50503683,0.52318585,0.5190748,0.5613037,0.554045,0.5770632,0.56828976,0.5421161,0.5444793,0.53019947,0.530359,0.5285773,0.5315645,0.5593081,0.55966705,0.5462795,0.5441707,0.55557376
29,0.59643674,0.62865925,0.6077398,0.6047652,0.6068523,0.6207212,0.647115,0.56679755,0.5909491,0.62658525,0.6138985,0.6480526,0.6538808,0.5016496,0.52831143,0.6659931,0.65929,0.58617914,0.68551695,0.71759194,0.64541745,0.611954,0.6127236,0.6063333,0.62729883,0.61608255,0.5994577,0.5963267,0.5783385,0.55957055,0.5351265,0.53495014,0.5097481,0.51059026,0.5374065,0.5605477,0.58015466,0.5723486,0.540999,0.5506894,0.5640837,0.53806144,0.58172226,0.5863661,0.5715883,0.58313006,0.5534474,0.6682368,0.626878,0.56712455,0.5610739,0.55044806,0.59177,0.55248135,0.54712844,0.5693362,0.5836361,0.5419461,0.5609984,0.5913301,0.5027855,0.5169273,0.581876,0.49185437,0.49837723,0.52374774,0.608271,0.5548525,0.5886984,0.5924375,0.57504565,0.47827932,0.6133257,0.6056842,0.65006906,0.6139887,0.5791844,0.54093784,0.6455129,0.56017035,0.64798516,0.5520709,0.5606514,0.55658144,0.5600412,0.57323956,0.62965816,0.5639108,0.57676077,0.5999569,0.5334183,0.5061317,0.5336037,0.56482685,0.5970853,0.5751527,0.5680427,0.53897375,0.5843708,0.5695063,0.5365895,0.5758746,0.55077404,0.58146,0.5253034,0.55148363,0.55839616,0.5791275,0.56203896,0.53355336,0.5411242,0.49435347,0.54798037,0.58842635,0.5251859,0.53303367,0.55529153,0.5363768,0.54181653,0.5371565,0.6118371,0.54451066,0.62443,0.56751406,0.58227164,0.5771661,0.5785341,0.613341,0.6282842,0.6163513,0.58633685,0.61091197,0.5457838,0.5474788,0.519475,0.5139704,0.5530747,0.59527236,0.5996687,0.5842759,0.60776764,0.6069267,0.6183084,0.5465436,0.52192163,0.6222356,0.5116221,0.5393812,0.58293736,0.6433635,0.5609232,0.63993853,0.6234371,0.62902963,0.569626,0.6290025,0.6252104,0.6996712,0.67640406,0.6389995,0.605037,0.55297804,0.5991669,0.5176903,0.53364897,0.4877193,0.5529487,0.587974,0.56752264,0.5919796,0.53806376,0.6087201,0.5904074,0.59778863,0.560688,0.6023452,0.5623552,0.55934536,0.53776526,0.5193782,0.60984993,0.6228756,0.60749453,0.60349387,0.6053355,0.63617283,0.6570128,0.56247044,0.5704597,0.62847817,0.64134425,0.65131503,0.6634173,0.5420822,0.5562404,0.6492857,0.6701952,0.6118285,0.69944656,0.6845897,0.63432574,0.6626914,0.61950314,0.6019679,0.62001234,0.6593637,0.6350126,0.64578366,0.6260926,0.6261359,0.5846132,0.5454113,0.55376637,0.50524366,0.5529043,0.5318119,0.5763133,0.5718569,0.525506,0.5197932,0.56514394,0.5477848,0.5663284,0.5982129,0.6063948,0.6378508,0.5344007,0.6750587,0.6375573,0.62779653,0.5578461,0.54283535,0.5803107,0.5174032,0.5484799,0.5648158,0.5763481,0.5316372,0.5643398,0.59671926,0.48152214,0.5549844,0.6140713,0.537548,0.52580625,0.5541194,0.6202291,0.6177935,0.6234307,0.6302648,0.65481764,0.5701032,0.6845889,0.65041965,0.6834457,0.6450106,0.6199206,0.58204216,0.6356695,0.65013564,0.638268,0.5737336,0.60045433,0.6044549,0.5748398,0.6081204,0.6155645,0.5898804,0.54811656,0.59724694,0.59407634,0.543385,0.5472301,0.57995933,0.6482948,0.60551023,0.5947665,0.6235177,0.5620111,0.57262325,0.5307962,0.58037484,0.5672517,0.5665544,0.499448,0.5622904,0.5478387,0.593272,0.5699462,0.53161055,0.5664885,0.52173054,0.55340654,0.59123725,0.54994196,0.53599906,0.57320064,0.5274687,0.55359524,0.5337842,0.61778915,0.5557079,0.63200855,0.57568514,0.5723573,0.5903701,0.64851016,0.63265073,0.64362836,0.6551285,0.5746511,0.5718846,0.5915373,0.562484,0.5501203,0.6128673,0.6031132,0.649819,0.6280506,0.62612456,0.66445905,0.63385236,0.65426296,0.55903584,0.56943005,0.666109,0.51985925,0.57733756,0.6258685,0.6606332,0.6080454,0.62747407,0.6202284,0.6598805,0.5978545,0.63398886,0.6186212,0.70243514,0.67774993,0.6711128,0.63094234,0.6026182,0.6339239,0.4823685,0.5290195,0.47817037,0.5620986,0.58919764,0.62628394,0.58665246,0.6088028,0.53200763,0.5907389,0.59089345,0.57134354,0.60062975,0.5718481,0.5284489,0.55983067,0.48508456,0.48599556,0.50751203,0.52839565,0.51981616,0.55195683,0.5484419,0.5791876,0.5683048,0.54188186,0.5449796,0.53269386,0.53438365,0.5319459,0.5299977,0.55505306,0.5562078,0.5441257,0.5441919,0.5600323
30,0.606658,0.62131214,0.60702056,0.60737896,0.60921687,0.6155005,0.6267289,0.567514,0.59674144,0.6045335,0.6048046,0.60427856,0.6439711,0.50717,0.52307785,0.6472947,0.6141529,0.57280743,0.6600003,0.68210006,0.61608535,0.60174423,0.6082118,0.6274089,0.60254693,0.5627845,0.608903,0.6009476,0.58389986,0.5591121,0.5439062,0.5491695,0.51729935,0.516982,0.53246236,0.5810154,0.61967206,0.6019437,0.580294,0.5737336,0.6017567,0.5783055,0.58321744,0.5963062,0.5981617,0.5768139,0.5470298,0.636468,0.5875233,0.54401034,0.5607325,0.5500625,0.5959982,0.5498178,0.5723009,0.55023944,0.5839267,0.5349719,0.5821405,0.603716,0.5027578,0.5115276,0.56199557,0.5103101,0.50895244,0.5291147,0.59357387,0.5614079,0.5766609,0.5629027,0.570962,0.4905705,0.5971625,0.5693638,0.5962234,0.5711397,0.5662186,0.534992,0.59453297,0.5372301,0.6031103,0.53917205,0.5623974,0.5769424,0.5478371,0.56620353,0.59922826,0.55545145,0.5702159,0.58825535,0.5341033,0.51891714,0.53298193,0.5431553,0.56905574,0.57909167,0.5623946,0.540389,0.6111508,0.5762361,0.55759364,0.5930212,0.583997,0.600114,0.56660724,0.5660187,0.5759301,0.5804411,0.5690562,0.53947127,0.51859874,0.49796602,0.581595,0.61681765,0.52719194,0.52760255,0.52244925,0.53689647,0.5468875,0.5417965,0.6116714,0.55045336,0.604701,0.59021276,0.5776387,0.5736337,0.5785179,0.5971487,0.58507454,0.5926544,0.5786093,0.5960528,0.55137354,0.5510317,0.5237575,0.5204311,0.55100906,0.5721156,0.5888226,0.5944784,0.6100111,0.6002512,0.61658627,0.53157294,0.5179698,0.5994494,0.5284108,0.5693822,0.5761696,0.6166351,0.56101346,0.634917,0.6177603,0.6113171,0.5736251,0.6031547,0.59190404,0.65865004,0.65916276,0.6212984,0.5839724,0.574299,0.5847973,0.5275876,0.54525363,0.49706045,0.5796942,0.58800966,0.54803324,0.5707591,0.5287438,0.59223515,0.6151551,0.6204931,0.5670374,0.58845127,0.5572446,0.5838383,0.5268309,0.5285913,0.6192865,0.6087353,0.6071264,0.60570645,0.610023,0.6276366,0.64222467,0.56365937,0.5830202,0.6264813,0.6216649,0.62649494,0.65284085,0.54519033,0.5511679,0.6311481,0.61041147,0.5915962,0.67060375,0.6418042,0.6119522,0.64183205,0.6113254,0.6222469,0.63368183,0.6301331,0.63963294,0.65155745,0.6108536,0.62474996,0.5903225,0.56601286,0.56745315,0.5294904,0.56758034,0.5525192,0.6100363,0.5985255,0.5714588,0.54047716,0.5920805,0.58177,0.569658,0.61354446,0.61285347,0.60192037,0.5336722,0.63843846,0.6077715,0.5749467,0.56064415,0.5507614,0.58441156,0.5226423,0.5739603,0.55044395,0.5953516,0.53592855,0.5810088,0.61107045,0.5046694,0.56336695,0.6013002,0.55106753,0.54550725,0.5671413,0.6277038,0.63186264,0.62352836,0.63748986,0.6517354,0.5852577,0.6771594,0.6326285,0.6572952,0.6342573,0.6196099,0.56930906,0.6134222,0.62979203,0.62742543,0.5818724,0.5949198,0.6204789,0.574289,0.6136151,0.6267201,0.59172314,0.55561835,0.5919936,0.5902894,0.55136,0.54526937,0.5711929,0.628256,0.59901524,0.5941832,0.6311815,0.5883093,0.572991,0.5560574,0.603747,0.60269374,0.5936284,0.5361592,0.5707718,0.56988305,0.5894752,0.57378787,0.53854436,0.5526086,0.53732693,0.58306295,0.6163543,0.5529878,0.51749825,0.5326663,0.5327505,0.5576937,0.54320174,0.6117588,0.5513418,0.62689364,0.59612644,0.5698962,0.5862882,0.6286297,0.62618923,0.6161444,0.6488609,0.57520944,0.5771037,0.59661454,0.5640137,0.5511905,0.6048947,0.59567183,0.60373306,0.6164416,0.6235273,0.6571841,0.62340605,0.6358725,0.5473797,0.56364614,0.62694275,0.5224947,0.5927933,0.63087565,0.664175,0.61660117,0.6272827,0.611247,0.63353115,0.5908849,0.61769915,0.5904275,0.65187216,0.6625877,0.6453064,0.6279237,0.61393845,0.6099073,0.49430257,0.543231,0.48344877,0.585343,0.592512,0.6094655,0.59042287,0.6091356,0.5297558,0.61291164,0.6195234,0.5883406,0.6108456,0.5678053,0.54326427,0.5580769,0.5009047,0.4944724,0.5165556,0.53728163,0.5260701,0.54298574,0.54339117,0.58151627,0.5678737,0.54266024,0.5463685,0.5386121,0.5420947,0.5356173,0.528729,0.5562241,0.55787164,0.543221,0.54595363,0.56552386
31,0.6194676,0.6153858,0.6017936,0.6080111,0.61092836,0.6101704,0.6007652,0.57238495,0.60497564,0.58084947,0.600339,0.5557904,0.62795556,0.5190091,0.51755255,0.6232138,0.5623485,0.56231475,0.6297555,0.63580894,0.5830839,0.592667,0.6054805,0.65355915,0.5771739,0.5010557,0.6174831,0.6084864,0.58253276,0.5594467,0.55913186,0.5682166,0.5349709,0.53112096,0.53213394,0.61153823,0.66472,0.6362821,0.6320632,0.60481495,0.64829385,0.6292023,0.5896513,0.60755754,0.6277267,0.56822264,0.54665416,0.6005795,0.54414105,0.52401173,0.561864,0.55407166,0.6018724,0.5525735,0.6061519,0.53632444,0.5912156,0.5335552,0.6114901,0.6212659,0.51218224,0.5117327,0.5369077,0.5428672,0.5352369,0.5474157,0.5720281,0.5696158,0.5698607,0.5267199,0.56513673,0.5138228,0.5783684,0.5273281,0.53242373,0.5199567,0.5457132,0.53412485,0.5355936,0.5190192,0.5509855,0.5280336,0.5635131,0.5993284,0.53045577,0.5584252,0.5629552,0.5517345,0.55661047,0.56913215,0.5324728,0.5375175,0.5321627,0.520945,0.5391817,0.58568424,0.55354667,0.53866124,0.6422216,0.5885209,0.58755654,0.6170557,0.6262443,0.6242537,0.6197557,0.5875831,0.5989576,0.5832387,0.5835214,0.55007374,0.49639094,0.510245,0.623536,0.65159124,0.53911126,0.5306512,0.49262178,0.5408338,0.55363053,0.55205536,0.6107711,0.56058174,0.58726865,0.61679256,0.57529896,0.569986,0.58109033,0.58373404,0.53762084,0.56407434,0.5712987,0.5827368,0.5567171,0.55453295,0.5308387,0.5346473,0.55362684,0.55117667,0.5817228,0.6103899,0.61648726,0.5911613,0.6138694,0.5150551,0.51302814,0.5748877,0.55616397,0.6068178,0.56272084,0.58366483,0.55898094,0.6256348,0.6068062,0.588926,0.578215,0.57427293,0.5588105,0.60720927,0.6371034,0.5960048,0.55890715,0.59754986,0.5705794,0.5418299,0.5627659,0.50962204,0.61478466,0.5900204,0.53075486,0.5431409,0.516634,0.5726345,0.64513373,0.6469776,0.5772391,0.5803612,0.54917467,0.6148257,0.5199907,0.54929197,0.63095534,0.5946256,0.6018875,0.60598975,0.6157429,0.6179825,0.6231021,0.5690061,0.59849757,0.626372,0.6039613,0.5997802,0.6356184,0.5527074,0.5474121,0.6085514,0.5421454,0.5708059,0.6343271,0.58722854,0.5895622,0.6192255,0.6040881,0.6486569,0.64976877,0.59588474,0.64258915,0.65842414,0.58886296,0.62414455,0.60037035,0.5926427,0.5936508,0.5645867,0.5916428,0.5823625,0.649914,0.62839967,0.6309496,0.5691921,0.6269434,0.62527007,0.5754299,0.63053703,0.620222,0.5592126,0.5403991,0.59489673,0.5753121,0.51801956,0.56611496,0.5641605,0.59057605,0.5331029,0.6083707,0.5411507,0.6227168,0.54608065,0.6025962,0.6281881,0.54259497,0.5776564,0.58792865,0.5737609,0.58193153,0.59495926,0.6335222,0.65007997,0.63012695,0.6473763,0.6503056,0.60430247,0.66768295,0.61343837,0.62822163,0.6240117,0.61610407,0.5610791,0.59238863,0.61117554,0.61991984,0.59600663,0.58624524,0.6357234,0.57103527,0.6194909,0.6409209,0.6021513,0.5614966,0.5847511,0.58343667,0.56492996,0.54404473,0.5674159,0.6050609,0.5947394,0.5926942,0.636417,0.62067723,0.5757706,0.5894529,0.63466984,0.64724034,0.62873816,0.5834533,0.5866215,0.5981474,0.58699375,0.5830011,0.5493405,0.5415346,0.5625223,0.62088376,0.6464037,0.56274563,0.5070964,0.4945958,0.53982836,0.5663979,0.5591117,0.6044433,0.54862183,0.6265276,0.6206044,0.5713317,0.57916594,0.6037706,0.6252461,0.5874836,0.6438484,0.57801837,0.584787,0.60473627,0.5654434,0.5536164,0.60154927,0.5925371,0.55480105,0.60618097,0.6233387,0.65147334,0.6096601,0.61253417,0.5377279,0.5585583,0.5815209,0.5332893,0.6124548,0.6325449,0.6681581,0.6233862,0.6272412,0.5963342,0.6003454,0.5804367,0.59958774,0.5636296,0.5895757,0.6416441,0.61064655,0.6271331,0.62577456,0.58332354,0.5132278,0.5665589,0.49107373,0.6176476,0.6003261,0.5945687,0.5914452,0.60775995,0.52689135,0.64165807,0.65385836,0.60998183,0.626911,0.5628506,0.5625438,0.55948144,0.5300136,0.50945884,0.53150636,0.54730004,0.5354533,0.5384485,0.54242814,0.5847954,0.5681741,0.54532623,0.54995674,0.54920346,0.5545745,0.53986466,0.5292502,0.5645246,0.5663174,0.54605854,0.5511225,0.57277596
32,0.6367933,0.6129872,0.5936779,0.6095443,0.6146892,0.6082684,0.57532233,0.5810607,0.61557823,0.5602762,0.6029636,0.5134115,0.6109109,0.5369169,0.51466393,0.5988802,0.5125523,0.556844,0.60271895,0.5875151,0.5537184,0.5885681,0.6048817,0.6801187,0.5561633,0.44557774,0.62492424,0.6165462,0.57702595,0.5619604,0.5794708,0.59081304,0.55930114,0.5521597,0.537439,0.6493784,0.7105752,0.6711764,0.6908464,0.6406675,0.6995997,0.6848312,0.60293454,0.6211809,0.6578997,0.56001914,0.55325204,0.566951,0.5028407,0.51035696,0.5642145,0.56252646,0.6089249,0.5611027,0.6459616,0.5293107,0.6056845,0.53856295,0.6462693,0.64449006,0.5294435,0.5191696,0.51375884,0.5838592,0.5724452,0.57351047,0.5483396,0.57936835,0.5693813,0.4914793,0.55966306,0.543681,0.56067127,0.48892274,0.47141227,0.4704606,0.52184397,0.5388599,0.48125336,0.50849,0.50162786,0.51979053,0.5655388,0.6212993,0.51293856,0.5535002,0.527332,0.5531896,0.5406693,0.54718995,0.5296957,0.5589245,0.5322336,0.5025046,0.5137246,0.595323,0.5460767,0.53682905,0.67417103,0.6035767,0.6233026,0.64519954,0.67015463,0.6495883,0.67631876,0.6131066,0.6214881,0.58858335,0.6038735,0.5633442,0.48009744,0.5284765,0.66791344,0.6883482,0.55883557,0.5409899,0.46958157,0.5480168,0.5619465,0.5671356,0.612435,0.5731669,0.5749614,0.64110285,0.5745861,0.5674125,0.58656794,0.5740383,0.49528286,0.5366887,0.565805,0.57413393,0.56141293,0.55774933,0.53957534,0.55392236,0.5606836,0.5365454,0.57948065,0.6298361,0.62740093,0.58281755,0.6121959,0.50168806,0.5093655,0.55366313,0.5915071,0.6452011,0.54750115,0.5513954,0.55682224,0.61516494,0.5931116,0.56656975,0.58364093,0.5476412,0.53158027,0.55534893,0.6154974,0.56847095,0.535504,0.6211771,0.5596028,0.55808336,0.58360195,0.52398986,0.65301657,0.5934986,0.5189667,0.51545125,0.50609434,0.5542772,0.6744558,0.67215896,0.58691853,0.5781921,0.54091555,0.64562094,0.5213185,0.5797712,0.64665514,0.5834936,0.5930131,0.6065724,0.6245036,0.6113073,0.605004,0.5781379,0.6157266,0.62847745,0.5906121,0.575361,0.6167239,0.56569964,0.5478969,0.58681947,0.4776717,0.5529452,0.59907854,0.53202975,0.57196176,0.6009204,0.5994093,0.6760562,0.664676,0.56329995,0.6439877,0.6638933,0.5661083,0.6256531,0.6142999,0.62291497,0.62589717,0.6055084,0.6221792,0.61909795,0.6921866,0.6585365,0.696886,0.6033771,0.6672439,0.6743298,0.58460635,0.6482268,0.6304112,0.51863104,0.5550853,0.55236185,0.5465941,0.46796012,0.573616,0.58196646,0.5984136,0.54778624,0.6490548,0.5374237,0.65513736,0.5615036,0.6273913,0.6472416,0.58826095,0.59809816,0.5778144,0.6026924,0.6272481,0.62964976,0.63848144,0.6697411,0.64097685,0.6583281,0.65034086,0.6252003,0.6573266,0.5970355,0.5991446,0.61621773,0.61176693,0.55823135,0.5746006,0.59614664,0.6161702,0.61224747,0.57776904,0.6485441,0.56865,0.62579316,0.6555001,0.61848986,0.56779814,0.57763606,0.57608664,0.5809163,0.5443634,0.5690608,0.5830897,0.5949148,0.5940077,0.6407346,0.65473133,0.5798893,0.62742364,0.6706374,0.69312936,0.66623366,0.63512844,0.60746,0.6260082,0.5862494,0.5957073,0.5620772,0.5371341,0.5923437,0.66119766,0.6770582,0.5774687,0.50534016,0.46530417,0.54829717,0.58002204,0.5797303,0.5989824,0.54781073,0.6293496,0.6437388,0.57330555,0.57164913,0.579744,0.6278522,0.56151265,0.64062184,0.5817793,0.5947007,0.61561626,0.5674214,0.55713487,0.60278535,0.593543,0.51190156,0.59681964,0.6250962,0.6486542,0.5964559,0.5898376,0.5335428,0.5576204,0.53870004,0.55091614,0.63347244,0.63234395,0.67276865,0.6298319,0.6294043,0.57852507,0.5662389,0.56898206,0.5839318,0.54321194,0.5284079,0.61966664,0.5739624,0.62979305,0.6376592,0.55983365,0.53500694,0.59472686,0.50001717,0.65289575,0.6122184,0.58336145,0.5929509,0.6067485,0.52380466,0.6716813,0.6871457,0.629598,0.64592344,0.5595864,0.58141494,0.56590235,0.56825966,0.52809304,0.5504255,0.5560191,0.5450205,0.54052234,0.5475663,0.5896647,0.5703359,0.55024016,0.5563639,0.5635545,0.57089674,0.54509574,0.53223646,0.5793526,0.58098745,0.55397296,0.56025064,0.58211
33,0.6579835,0.61400765,0.5854374,0.6141923,0.6218579,0.6113766,0.55582833,0.5916398,0.62755066,0.54657114,0.6115602,0.48393524,0.59818596,0.5582676,0.5163735,0.5798532,0.47352847,0.55570453,0.5850598,0.5473989,0.53315157,0.5905559,0.6052704,0.7027435,0.54166543,0.40670776,0.63169247,0.62244195,0.57224286,0.5663924,0.6002927,0.61468786,0.58298415,0.57620645,0.5470215,0.68806785,0.7517191,0.7025861,0.7460782,0.6757681,0.7475857,0.73599684,0.62083346,0.6370471,0.68615943,0.5561063,0.5647219,0.54156375,0.47049645,0.5048566,0.5672594,0.57342744,0.61643445,0.5730911,0.6854632,0.52725375,0.6242148,0.5483859,0.6810157,0.67032844,0.5496268,0.5322266,0.49932203,0.6231705,0.60994416,0.5996572,0.528472,0.58942044,0.57341444,0.46457675,0.5561861,0.5728018,0.5473129,0.46208072,0.42442426,0.4324509,0.500862,0.547911,0.44104987,0.5053353,0.46421775,0.5154585,0.569969,0.64122254,0.5009048,0.5537408,0.49856272,0.55750036,0.5286189,0.5282968,0.5279476,0.5797465,0.5336649,0.4912105,0.4977,0.60755914,0.54394764,0.53751266,0.7019636,0.61673003,0.65774614,0.6723069,0.7077132,0.6711962,0.72510016,0.6377344,0.63829374,0.5962398,0.625883,0.57651097,0.4731814,0.5481925,0.7066861,0.7210203,0.5807059,0.5547178,0.45498067,0.557033,0.57109636,0.5839846,0.6179601,0.5858212,0.56719977,0.6585207,0.57334363,0.5662635,0.5941133,0.56657416,0.46355745,0.5156916,0.5624561,0.5700733,0.5657507,0.5606095,0.5482244,0.5736658,0.5706485,0.5299457,0.58011025,0.6487144,0.64019877,0.57803947,0.6132236,0.49541146,0.5093992,0.5400654,0.6263291,0.6784894,0.53634894,0.52586985,0.5560792,0.60704124,0.5803657,0.54878974,0.58967406,0.5268298,0.5133067,0.5139858,0.5988583,0.5449147,0.5189321,0.6435891,0.5532637,0.5732842,0.6033203,0.5381371,0.6879079,0.59705997,0.51408947,0.494713,0.5011257,0.5403374,0.6979915,0.6920183,0.59193105,0.57828176,0.53534114,0.67018884,0.53098685,0.6139582,0.6660092,0.576833,0.58319104,0.60954106,0.6365454,0.61026263,0.59276617,0.5892612,0.632743,0.6326857,0.5826979,0.55592453,0.60173297,0.58285505,0.5537739,0.57093537,0.4279194,0.54002357,0.57330424,0.48811603,0.5613326,0.59103847,0.5973463,0.6995218,0.6762243,0.5388661,0.6451656,0.66644824,0.5491646,0.6286858,0.6290284,0.6526307,0.6543395,0.6448928,0.65254784,0.657006,0.73152995,0.68611956,0.75697786,0.63763255,0.7069811,0.7211768,0.596125,0.6654773,0.6443662,0.4894335,0.57439595,0.5189946,0.52734107,0.43294352,0.5816974,0.6009567,0.6071054,0.56371933,0.6896006,0.5368001,0.68699294,0.579803,0.6520818,0.6664382,0.63092935,0.6217581,0.573731,0.6317012,0.6692195,0.6614267,0.64376587,0.6867761,0.65187806,0.668624,0.65065765,0.64495206,0.6478636,0.5868971,0.57385784,0.6124427,0.60899246,0.559901,0.560278,0.5855463,0.6157011,0.6273329,0.57281816,0.6589358,0.5698763,0.6330868,0.6686399,0.634805,0.57625455,0.57275575,0.57153344,0.59595954,0.5460745,0.57473767,0.5672251,0.59995496,0.6001187,0.6455044,0.6844869,0.5831308,0.663507,0.70589954,0.7322546,0.6990504,0.6815484,0.62849176,0.6475458,0.5870736,0.60907334,0.5742959,0.54053664,0.62058824,0.69657004,0.7031498,0.5931631,0.5087787,0.44723344,0.5569701,0.5964648,0.60090464,0.5973778,0.54853183,0.632132,0.6610955,0.57225955,0.5662475,0.5620804,0.6300139,0.5406133,0.6388715,0.5846433,0.60479987,0.62780064,0.57025236,0.560993,0.6073152,0.59764785,0.4813614,0.5875367,0.6275317,0.64870983,0.5875405,0.57362074,0.53589964,0.5622369,0.50676763,0.56970966,0.65303457,0.6326273,0.6773187,0.6367225,0.6344945,0.56216896,0.5379338,0.5593658,0.57371795,0.5312553,0.48085347,0.60171986,0.5430145,0.63503635,0.649186,0.5436691,0.55444735,0.6208234,0.50827944,0.6840486,0.62568146,0.57709366,0.5976006,0.60806113,0.5211869,0.69748735,0.7136145,0.64193785,0.66275334,0.5594876,0.5956196,0.5773215,0.607563,0.5461021,0.56960964,0.5619325,0.5522444,0.54826957,0.55788404,0.5960638,0.57477564,0.55667496,0.56466955,0.57882893,0.5882287,0.5509124,0.5368194,0.59684277,0.5982156,0.56613517,0.57222694,0.592814
34,0.67866045,0.617566,0.5811398,0.6223406,0.6316442,0.6187518,0.5464848,0.60151654,0.63891083,0.5409514,0.62088466,0.46880236,0.5942048,0.57696235,0.5214241,0.57099515,0.4525171,0.5571741,0.5798339,0.524931,0.52421165,0.5969094,0.60627097,0.7171032,0.53279394,0.38831592,0.63726777,0.6237288,0.5725437,0.57158715,0.6160342,0.6364287,0.5981576,0.59757227,0.55770135,0.71908695,0.78138787,0.7259473,0.78610647,0.7029743,0.7824801,0.77279145,0.6370261,0.652751,0.7081446,0.5590399,0.5769347,0.5283839,0.45286027,0.5076765,0.57086897,0.58363086,0.62360394,0.5847005,0.7161065,0.5272795,0.6415417,0.5604113,0.7077446,0.69169575,0.56672245,0.54779625,0.49839702,0.6504098,0.63603973,0.61890507,0.5194971,0.599172,0.57991344,0.45333654,0.5576218,0.59526944,0.5403736,0.45220786,0.39823747,0.41354525,0.49095234,0.5587409,0.4200769,0.5072702,0.44423214,0.5165526,0.5779966,0.65716785,0.49891308,0.5582743,0.48248124,0.5615739,0.5262392,0.5182889,0.5292779,0.59719807,0.5360521,0.48936138,0.4930911,0.62033457,0.5492004,0.54328585,0.72022945,0.62400216,0.6821578,0.6918671,0.73129344,0.68423635,0.75621516,0.65577435,0.6461116,0.6036933,0.6432578,0.5867356,0.47518364,0.5638472,0.73195946,0.743054,0.59820455,0.5672604,0.4496287,0.5659294,0.57941616,0.5987432,0.6266749,0.59642184,0.5615311,0.66637784,0.5697499,0.5666857,0.60235167,0.55989957,0.44432297,0.50523764,0.56115294,0.5695091,0.57122976,0.562975,0.55468595,0.5887068,0.58125454,0.53099424,0.5799387,0.66193736,0.65081096,0.57807237,0.6171463,0.4975557,0.51469594,0.5364208,0.6509672,0.701105,0.5346844,0.5120295,0.5586846,0.60413545,0.5730189,0.539635,0.5963928,0.51512283,0.5056238,0.49193758,0.5903301,0.53141624,0.5121806,0.6621316,0.5515668,0.58467114,0.61815435,0.5491526,0.7122016,0.59952444,0.5143617,0.48618564,0.50541073,0.5318427,0.71125233,0.7030637,0.5905568,0.57697135,0.5354031,0.6838622,0.5446168,0.6418475,0.6852709,0.57491565,0.5769162,0.61579853,0.6494529,0.61494875,0.589217,0.6002212,0.64699036,0.6374272,0.5796446,0.5431967,0.595273,0.5989432,0.56202024,0.5643855,0.40044567,0.5330614,0.5624578,0.46478352,0.5574905,0.59021807,0.59735525,0.71405023,0.6828169,0.5272169,0.64665025,0.6653,0.54257894,0.63211,0.6405614,0.6767394,0.67096794,0.67507917,0.6743921,0.68827665,0.76085716,0.7072892,0.79931575,0.6647245,0.7376989,0.7561798,0.60664666,0.67981225,0.6594417,0.4768098,0.59278435,0.500855,0.5206475,0.41667986,0.5891311,0.6170719,0.61579627,0.57754177,0.72147727,0.5371481,0.7113425,0.59703857,0.6707774,0.6816772,0.6600519,0.6435329,0.57677734,0.65342003,0.6971263,0.6827569,0.65088147,0.69853705,0.6597631,0.6780261,0.65120155,0.6613178,0.6415997,0.58536506,0.55673575,0.6139986,0.61058414,0.56448555,0.5484275,0.57902175,0.6170691,0.63945174,0.5739811,0.66723484,0.57588714,0.64068264,0.68010175,0.64527434,0.58650285,0.57162094,0.5720375,0.608095,0.54822564,0.58245224,0.56055045,0.6080741,0.6102905,0.6523837,0.70431185,0.584142,0.6899451,0.7328191,0.75664115,0.7203471,0.71298796,0.64424676,0.6588947,0.5883196,0.6198615,0.5834597,0.5490589,0.64106387,0.71978384,0.7195451,0.6054299,0.51383686,0.4405291,0.564506,0.6116294,0.61773723,0.60057217,0.550071,0.6318448,0.6694188,0.56715953,0.5649893,0.5548623,0.62799305,0.5262723,0.63856757,0.585532,0.6121762,0.63944036,0.573758,0.5642421,0.613024,0.6033947,0.46666425,0.57806104,0.62903506,0.6505152,0.5849877,0.5676241,0.5428942,0.5708074,0.490997,0.58323807,0.6680493,0.63599145,0.681515,0.64456713,0.6412878,0.55229306,0.5214196,0.5547936,0.5706647,0.5275253,0.45496342,0.592248,0.5247266,0.6399071,0.6591586,0.53690195,0.56718373,0.638511,0.51319593,0.7044972,0.63718617,0.57562447,0.6059921,0.6140715,0.5195924,0.7136186,0.7282224,0.6451622,0.67237055,0.56308156,0.602396,0.5905614,0.6374572,0.55838776,0.5840062,0.5647752,0.55576146,0.5579015,0.56950265,0.60274273,0.5805754,0.5627103,0.57241815,0.59157306,0.60275996,0.5558345,0.5409884,0.6108135,0.61218816,0.579081,0.5840766,0.60272884
35,0.6934427,0.6215827,0.5825599,0.6318497,0.6411509,0.62739974,0.54809713,0.6074173,0.6464918,0.54126406,0.62460303,0.46539733,0.5994994,0.58606154,0.5256576,0.57294446,0.45100915,0.55900997,0.5854712,0.52352273,0.5261759,0.60392016,0.6073299,0.72003514,0.52711713,0.38881597,0.639941,0.6186647,0.5791129,0.5758727,0.62243307,0.6520667,0.59961474,0.61066616,0.56515807,0.7356189,0.7950585,0.7376805,0.8049235,0.7163597,0.798714,0.7898234,0.6449856,0.6648394,0.7198897,0.56790453,0.5848898,0.52689874,0.45064136,0.5161562,0.5736804,0.58910096,0.6285678,0.59129196,0.73137486,0.5265074,0.6525175,0.57135373,0.7200914,0.70204663,0.57583797,0.5617548,0.5109772,0.65925443,0.64345086,0.6265124,0.5253455,0.60792047,0.58671874,0.46109483,0.56579405,0.6076865,0.53959227,0.4597706,0.3935009,0.41595972,0.4970908,0.5679718,0.41826302,0.51083046,0.44129106,0.5228485,0.5889778,0.667006,0.507674,0.5637068,0.48168445,0.5631613,0.53513604,0.5203247,0.5340757,0.6089174,0.53864807,0.49646756,0.49753055,0.6302779,0.56056386,0.5548478,0.72565454,0.62301207,0.6903125,0.6987365,0.73642516,0.6852385,0.76529586,0.662764,0.6433965,0.6075251,0.6505598,0.5913864,0.48193744,0.5703688,0.739721,0.7503855,0.60616106,0.57421666,0.4520032,0.5725237,0.58493125,0.60775816,0.63602513,0.6030756,0.555254,0.6635806,0.562706,0.5680676,0.60911894,0.5527572,0.4364316,0.5066447,0.56131,0.5713719,0.57870734,0.5646552,0.5573103,0.5950206,0.5897183,0.53685695,0.5755043,0.66563565,0.6554355,0.5812305,0.6223758,0.5057897,0.5240622,0.5413065,0.6590194,0.7097498,0.54442745,0.51155823,0.5653714,0.6064546,0.5732301,0.54014075,0.60332215,0.5135765,0.5073816,0.49118668,0.5899595,0.53047764,0.51437926,0.6737606,0.55283135,0.5904054,0.6261661,0.554393,0.720906,0.5994027,0.5156283,0.4900564,0.5197732,0.5280174,0.7114775,0.7027803,0.5828608,0.57214594,0.5423211,0.6843378,0.5557562,0.65454704,0.6994939,0.5759735,0.57674885,0.6238979,0.65925735,0.62264425,0.5935492,0.6081126,0.6554421,0.6398298,0.57898736,0.53748024,0.5982218,0.6073078,0.56702477,0.56686354,0.39608967,0.5313164,0.5661576,0.46437174,0.55813235,0.5953901,0.5978955,0.7159996,0.68319863,0.52911365,0.6474049,0.6600049,0.546895,0.63493246,0.6454929,0.6913134,0.67212206,0.69079626,0.68174094,0.70613843,0.7750094,0.7186231,0.81899244,0.6785129,0.7530328,0.7733206,0.61230457,0.6884379,0.6710543,0.47980163,0.6044758,0.49865574,0.5247342,0.41740707,0.5940264,0.62612253,0.622536,0.58587354,0.738328,0.536655,0.7230074,0.6089968,0.6782104,0.6886746,0.6696068,0.65867716,0.5858434,0.66262335,0.70558685,0.68947774,0.6604,0.7043564,0.663291,0.6866545,0.6527108,0.6729886,0.640105,0.59215873,0.5499959,0.6205576,0.6182279,0.5696452,0.53767353,0.5750841,0.6180454,0.6473004,0.58156586,0.6731954,0.5859668,0.64648885,0.689759,0.6468137,0.59617215,0.5744178,0.5777028,0.61622536,0.549773,0.58993673,0.5625306,0.61599785,0.6218153,0.6623577,0.7109406,0.58218443,0.7011742,0.7456394,0.7616017,0.7258484,0.7242262,0.6505343,0.658451,0.5881413,0.6250824,0.58739823,0.55775046,0.649303,0.7268783,0.7231458,0.6104949,0.51724166,0.4426167,0.56987476,0.62114394,0.6262211,0.607248,0.5512858,0.6267076,0.66678804,0.55862033,0.5680736,0.55821186,0.619749,0.5183922,0.63960993,0.5842752,0.6149859,0.64871347,0.5774316,0.56600136,0.61703646,0.6086908,0.46666867,0.56838673,0.62806106,0.65196514,0.5876279,0.5716715,0.5509577,0.5798604,0.49125147,0.58720165,0.6759274,0.64375514,0.6852627,0.65328014,0.6467995,0.55130166,0.5184852,0.5565708,0.5738253,0.5291821,0.4516116,0.5923724,0.52159834,0.64090705,0.6657362,0.5382625,0.57097006,0.64463043,0.5132967,0.7101836,0.643017,0.5767691,0.6164527,0.62584925,0.51907206,0.7162804,0.7278212,0.63971084,0.6721974,0.5700664,0.60076404,0.60088956,0.64997303,0.56120133,0.589435,0.56498617,0.5551954,0.5648471,0.5777021,0.607959,0.5858784,0.5662759,0.577032,0.5987674,0.61093116,0.5584786,0.5430252,0.61601853,0.6179432,0.5883291,0.59223455,0.6092479
36,0.69841033,0.6228247,0.58735216,0.6389446,0.6465586,0.6332712,0.55777264,0.60591215,0.6467749,0.54397714,0.6189767,0.4701402,0.61053884,0.58206517,0.5260178,0.58202577,0.46478063,0.5585232,0.5972145,0.53961223,0.53522563,0.6076262,0.6062198,0.7100121,0.5229661,0.40427205,0.63819957,0.60686344,0.59067947,0.5775073,0.61690193,0.6581813,0.5854364,0.61177176,0.5657139,0.73396975,0.7911372,0.7359003,0.8013726,0.7126261,0.7950403,0.78594327,0.6413915,0.6703255,0.7196015,0.5795,0.58445483,0.53310955,0.45985883,0.52577627,0.5728674,0.586233,0.6284286,0.5889347,0.72836053,0.5226063,0.6531725,0.5771513,0.7153984,0.6985616,0.5736316,0.569232,0.53230655,0.647474,0.6293651,0.6189109,0.54403996,0.6135595,0.5901701,0.48465207,0.5786278,0.6071996,0.5427232,0.48049894,0.40658024,0.43624842,0.51766586,0.5722732,0.4317232,0.5123796,0.45095912,0.5310524,0.60008913,0.66914535,0.52442515,0.567102,0.493751,0.5606137,0.55242175,0.53385156,0.5412583,0.61239904,0.54088557,0.5088415,0.50645804,0.6339954,0.57454646,0.56971264,0.7173971,0.6127719,0.6797925,0.69026315,0.72195596,0.67270434,0.75192934,0.6565878,0.62987876,0.6055778,0.6450642,0.5883769,0.4889012,0.5647185,0.7296308,0.7419953,0.60158455,0.5721371,0.4584096,0.5745365,0.5861216,0.6080814,0.6421904,0.60359395,0.54679126,0.65027195,0.55214375,0.5684805,0.6112037,0.5438006,0.4377159,0.51800376,0.5616202,0.5737491,0.5867291,0.56549066,0.5553416,0.590281,0.59307235,0.5433787,0.56564385,0.65846485,0.65147895,0.58406377,0.62638116,0.5165171,0.5343932,0.55060226,0.6487257,0.7035828,0.56331736,0.5222127,0.5745214,0.61116546,0.5793562,0.54772985,0.6082006,0.5198635,0.51488477,0.50747615,0.59490246,0.5399178,0.5224379,0.676501,0.554213,0.58910674,0.62606525,0.5526749,0.71222854,0.5949109,0.51422936,0.50232273,0.5408262,0.52792305,0.69802237,0.6902929,0.56960297,0.5622876,0.55459136,0.6716439,0.5596447,0.64771205,0.7047437,0.5769326,0.5808009,0.6304324,0.66228104,0.62933916,0.6020382,0.60926837,0.6549933,0.63708067,0.57761663,0.5373303,0.60760915,0.6044136,0.56564164,0.5747379,0.41051733,0.5324504,0.5796827,0.48305458,0.5601592,0.60201144,0.596448,0.7037285,0.67655027,0.5410843,0.64589125,0.65029246,0.5601175,0.6360801,0.64146966,0.6944069,0.656472,0.68985724,0.67301846,0.706425,0.77200633,0.7184249,0.8157352,0.675451,0.7502607,0.77100354,0.61064243,0.6893781,0.675751,0.49422598,0.60531116,0.508642,0.5345151,0.43044895,0.59358245,0.6246109,0.62411463,0.5855682,0.7371938,0.53327584,0.7194402,0.6124413,0.6721907,0.6851913,0.6578086,0.6641535,0.5979377,0.65736073,0.69260496,0.6787412,0.6709226,0.7038362,0.66063577,0.69273204,0.65444,0.6785774,0.64273846,0.604024,0.55151737,0.6289566,0.6308461,0.572641,0.5271488,0.5718491,0.6159988,0.6487906,0.5937805,0.67596096,0.5986935,0.64838326,0.695633,0.63820195,0.60298616,0.5803153,0.58729076,0.61855793,0.55015934,0.59409773,0.5704096,0.62050533,0.6322087,0.6745613,0.7033656,0.5764145,0.6947458,0.74138254,0.7460013,0.71397746,0.71432817,0.64514315,0.64623046,0.5850246,0.6225556,0.58447987,0.56265885,0.6430386,0.71703166,0.71332705,0.60581553,0.51578605,0.44945374,0.57221806,0.6219914,0.6238541,0.6137062,0.55072737,0.61593306,0.6529315,0.54715574,0.5735338,0.5681572,0.60463995,0.5154131,0.6406266,0.58048004,0.6127522,0.6536831,0.5805375,0.565444,0.616085,0.61087376,0.47660527,0.5583854,0.6233915,0.6504573,0.5921447,0.5827622,0.557682,0.58700216,0.50359297,0.57997984,0.6751287,0.6551544,0.6874834,0.66188985,0.6477087,0.55749804,0.52649105,0.5627756,0.57978857,0.5322227,0.46691936,0.59948784,0.531244,0.6363424,0.66736376,0.5440634,0.56505215,0.63838995,0.5090707,0.6996053,0.64008784,0.57721484,0.6267621,0.6415451,0.519282,0.7039869,0.7115709,0.62645894,0.66158205,0.579334,0.5912092,0.604869,0.6418114,0.55352193,0.5841781,0.56284404,0.55040526,0.5659199,0.5792159,0.61032474,0.58884114,0.5660417,0.57692313,0.5982182,0.6102878,0.55848205,0.54229987,0.61010456,0.61309135,0.5905083,0.5939962,0.61043245
37,0.69155824,0.6185701,0.5907373,0.6399086,0.64473534,0.63308775,0.5708551,0.5948238,0.63734233,0.54635787,0.6043283,0.4804573,0.6217251,0.5662636,0.52272564,0.5926424,0.48642853,0.55374956,0.6094141,0.5650913,0.54633534,0.6056028,0.6000491,0.68752384,0.520619,0.43020082,0.6313473,0.5898853,0.60444146,0.5753434,0.59884375,0.6525722,0.5570657,0.599787,0.5579615,0.7127831,0.76954776,0.7200898,0.7754273,0.6911,0.7720536,0.7616394,0.6270541,0.6673973,0.7073338,0.58983004,0.57404184,0.542107,0.4744135,0.53201723,0.5659189,0.5737032,0.6206881,0.5763017,0.70706797,0.51514167,0.64143276,0.5742727,0.6941673,0.68210644,0.55902785,0.56634086,0.5554603,0.61612684,0.59475535,0.5942496,0.5686905,0.61312616,0.586194,0.5156523,0.59070635,0.591548,0.54703337,0.50760967,0.43199676,0.4671599,0.54551053,0.5697879,0.45488194,0.5095685,0.46768606,0.5364927,0.60769343,0.6629141,0.5446647,0.5675296,0.5128057,0.55296665,0.5728438,0.55509496,0.54910326,0.6057217,0.5424747,0.5213654,0.515846,0.62931126,0.5872806,0.58322114,0.6970185,0.59428924,0.6520624,0.6666491,0.6898344,0.64782816,0.7181358,0.63792056,0.6072073,0.5979434,0.6273629,0.57704467,0.4938075,0.54706293,0.7040318,0.71933436,0.58452165,0.55992943,0.4650895,0.57027715,0.58223855,0.5983084,0.64133847,0.59610826,0.53662044,0.62833184,0.53964806,0.56539893,0.6054555,0.5325744,0.4465318,0.53513896,0.5606047,0.5740636,0.59204084,0.5653292,0.54901356,0.5743241,0.589051,0.54688233,0.5522028,0.6416735,0.63795954,0.58326894,0.62637573,0.5271502,0.54250264,0.5595052,0.6228082,0.6837015,0.5861805,0.5390363,0.5827713,0.614249,0.58705115,0.5580343,0.607551,0.5296108,0.5237154,0.53300697,0.60099983,0.55443865,0.53311616,0.66951704,0.5533153,0.5799656,0.6168275,0.5447808,0.6872961,0.58517265,0.50927156,0.51791555,0.5624761,0.5312449,0.6727122,0.66695845,0.55253065,0.54671085,0.5685508,0.6480998,0.5550296,0.6220725,0.69868,0.5753978,0.58425426,0.6316438,0.6563619,0.6315757,0.6102027,0.6007574,0.64351493,0.62779385,0.57340175,0.5403655,0.61831254,0.59125,0.5591632,0.58313054,0.43684915,0.5339744,0.5966052,0.5131081,0.5612429,0.6062509,0.5907839,0.6779933,0.66296077,0.5572397,0.640812,0.63642555,0.57895136,0.6344198,0.627571,0.6856335,0.62428284,0.6723279,0.65044284,0.6874138,0.7518029,0.7065661,0.78947407,0.65488344,0.72938204,0.7499376,0.60167706,0.6819178,0.67197424,0.5148962,0.59403855,0.52501875,0.54443127,0.45052364,0.5854185,0.6110335,0.6175442,0.57509375,0.71762335,0.52601683,0.70027673,0.6058825,0.6538322,0.6715531,0.6259522,0.6588426,0.60932595,0.6384773,0.65813994,0.64881086,0.6794486,0.69609076,0.64928627,0.69289094,0.65397084,0.6763753,0.6466934,0.6163351,0.5564138,0.63461936,0.64480406,0.5716581,0.517431,0.56806207,0.6088818,0.6416233,0.6077514,0.6744154,0.6125641,0.64512587,0.6943598,0.61955786,0.6062884,0.5878991,0.59884816,0.6129843,0.549379,0.59178233,0.58093834,0.61956805,0.6401332,0.6862717,0.6827461,0.5666486,0.671164,0.71939516,0.71182966,0.6857876,0.6855646,0.62825227,0.6240194,0.5787885,0.6118783,0.57422173,0.5626269,0.6224616,0.6919601,0.69195604,0.59133136,0.5079152,0.4578079,0.5708334,0.61321497,0.61011624,0.6154194,0.54730856,0.59995955,0.62991387,0.5334881,0.578146,0.57884467,0.5835986,0.5156256,0.639207,0.573489,0.60587513,0.6525051,0.58219635,0.5620263,0.6077413,0.6076718,0.49064898,0.5482659,0.61460894,0.64371353,0.5949529,0.59643495,0.56297183,0.59186995,0.5224545,0.5631445,0.6654252,0.6674436,0.6860741,0.6685528,0.6416456,0.5664081,0.5404786,0.5692663,0.5844434,0.53358114,0.49458718,0.60881364,0.5482361,0.62698096,0.6628544,0.55033135,0.54992926,0.6203914,0.5025217,0.67362726,0.6272349,0.5745105,0.63524896,0.6570151,0.519871,0.67787784,0.68134046,0.60686874,0.64131767,0.5889065,0.57570004,0.6015962,0.6141745,0.5373333,0.5695324,0.5582882,0.541566,0.56048566,0.5734788,0.60905445,0.58821505,0.56180775,0.5718813,0.5890973,0.60014087,0.5564268,0.5393061,0.59414333,0.59835225,0.58441824,0.588331,0.6055082
38,0.6727778,0.6081881,0.58810955,0.63240725,0.6344008,0.625669,0.5829852,0.574626,0.61792296,0.5466879,0.58429575,0.49426743,0.62736857,0.5428854,0.5172599,0.59933406,0.50754106,0.5449401,0.6169783,0.59038156,0.55523837,0.5978973,0.5875546,0.6557022,0.5210274,0.46119958,0.6186687,0.5706227,0.61542654,0.56906736,0.57075495,0.6345725,0.519862,0.5761751,0.5428741,0.6733304,0.7316603,0.6910296,0.7284226,0.654299,0.7323558,0.71905535,0.6059956,0.6554156,0.68396467,0.59394675,0.5550138,0.5496694,0.48794252,0.53108424,0.55216473,0.5531021,0.60459805,0.5552531,0.6705797,0.50577015,0.61802596,0.56170285,0.65962476,0.6561506,0.5347193,0.552399,0.5739426,0.57068,0.54628605,0.5553235,0.5905437,0.6046714,0.57319045,0.5444095,0.5963993,0.56202155,0.55003434,0.53385395,0.4633263,0.49984467,0.5714065,0.56068563,0.4819318,0.50230074,0.48607498,0.53579646,0.60886973,0.64837325,0.5631454,0.5650341,0.5323295,0.5410259,0.59042305,0.57784986,0.5554256,0.5892939,0.543201,0.52981347,0.52259064,0.61560494,0.5952647,0.5908967,0.66870093,0.5710349,0.6129612,0.63162696,0.6460707,0.6151301,0.67001563,0.6101815,0.5795044,0.5863816,0.60137665,0.55890435,0.4965317,0.5211441,0.66824776,0.6863557,0.55848634,0.5392058,0.46919054,0.5597355,0.57345074,0.57966745,0.6311682,0.5805924,0.52691686,0.601609,0.52800804,0.5574074,0.5906371,0.52026385,0.46113068,0.55250496,0.5574412,0.57049334,0.5915791,0.56386536,0.53959143,0.5500288,0.5768146,0.5450542,0.5385298,0.6181104,0.61570877,0.5764949,0.61943007,0.5355132,0.54562044,0.5634978,0.5879582,0.65288275,0.6062903,0.5557409,0.5863739,0.61206865,0.5913393,0.566834,0.5987805,0.5385642,0.53003824,0.55865663,0.6042277,0.5679054,0.5428349,0.65225667,0.54943115,0.56395394,0.5989303,0.53341824,0.6504025,0.57080996,0.50257295,0.53235304,0.5788638,0.5373916,0.6401435,0.6363799,0.5346519,0.5270572,0.5796676,0.61832285,0.54368365,0.5834238,0.68066436,0.570738,0.5824852,0.6249624,0.64141923,0.6274471,0.6145666,0.58225536,0.6211789,0.61244005,0.56566644,0.5440045,0.6247821,0.5712179,0.5503841,0.58757037,0.46684334,0.53438747,0.6103904,0.54473364,0.5604893,0.60586315,0.5802174,0.6426622,0.64359605,0.57153904,0.6306613,0.619252,0.5978378,0.6288993,0.60490006,0.6657128,0.57966715,0.6401112,0.618555,0.6504583,0.71593505,0.68388784,0.74088866,0.6198348,0.6931689,0.712632,0.5876816,0.66643393,0.6588744,0.534921,0.5724545,0.5413322,0.5497978,0.4716297,0.56903845,0.58681375,0.6017435,0.5557386,0.6819364,0.51589924,0.6675506,0.5899697,0.6268545,0.65005094,0.5795399,0.64364475,0.6166535,0.6093537,0.6065413,0.6021353,0.68248016,0.68063045,0.62839997,0.6844589,0.64886576,0.6652318,0.64808565,0.6249537,0.56022877,0.6343226,0.65555423,0.56640905,0.5101618,0.5631731,0.59615153,0.6249148,0.6198395,0.66723424,0.62523484,0.63610715,0.68344253,0.5935757,0.6063324,0.5949278,0.6092151,0.5991237,0.54764897,0.58173233,0.5901134,0.61228216,0.6443466,0.69385254,0.6530055,0.554142,0.6346143,0.6821568,0.66517615,0.64596903,0.64430135,0.602689,0.59580237,0.5704515,0.5950189,0.55804527,0.55863786,0.59087276,0.6565006,0.6634403,0.57004845,0.4948941,0.465627,0.5656223,0.59599376,0.5871646,0.609084,0.54098773,0.58092844,0.6020604,0.5194311,0.578927,0.5850649,0.55978096,0.51770514,0.6331761,0.5635317,0.5955615,0.6441331,0.5815682,0.5559385,0.59163576,0.5980096,0.50371754,0.5386925,0.60205203,0.63040024,0.59290653,0.60698825,0.5671598,0.5941202,0.5411711,0.5414359,0.6477236,0.67636037,0.67888284,0.67070735,0.62770414,0.5729838,0.55508333,0.5718011,0.58473414,0.53186196,0.5263646,0.61512864,0.5660403,0.6142845,0.6507239,0.55429685,0.52846974,0.59331393,0.49654168,0.6362145,0.6060285,0.5682814,0.64011997,0.66772634,0.52061695,0.6422059,0.6422228,0.5837973,0.6145681,0.59608895,0.5576057,0.5920543,0.5730905,0.5171813,0.549555,0.55151135,0.5299935,0.550346,0.5625493,0.6037833,0.5834014,0.5545748,0.5630306,0.57272756,0.5821303,0.5532644,0.53534555,0.5723035,0.57741714,0.57101053,0.57607394,0.59498847
39,0.6436745,0.5936629,0.57795405,0.6163264,0.6165274,0.61202383,0.5913392,0.5492749,0.5912609,0.54386497,0.56346834,0.5085403,0.6239837,0.51647925,0.5099175,0.59889656,0.5220334,0.5349438,0.61676604,0.60819036,0.55990714,0.5864783,0.57085955,0.61959064,0.5236108,0.49065012,0.59979296,0.55217564,0.618318,0.55925757,0.53879297,0.60594684,0.4826713,0.5449388,0.5233421,0.6211764,0.6811254,0.6514686,0.6658799,0.60861766,0.6813863,0.66340417,0.58293605,0.63504636,0.65087646,0.5878182,0.5316908,0.55318946,0.4964063,0.5215756,0.5342628,0.5292003,0.58222324,0.5307806,0.6253101,0.4977242,0.586706,0.5421532,0.61721504,0.62489307,0.5072739,0.53139216,0.58358175,0.52187145,0.49640283,0.5110985,0.6030483,0.58947563,0.5539776,0.5640738,0.593465,0.5257238,0.5500759,0.55311936,0.49359515,0.52674437,0.5885515,0.54689574,0.5073982,0.49263427,0.50141525,0.5283457,0.6024164,0.62644714,0.57542425,0.5595973,0.5473565,0.52746207,0.6004634,0.59537244,0.55804306,0.56655544,0.5426185,0.53246665,0.52420974,0.59428245,0.5960891,0.5911945,0.63785255,0.54826534,0.5715708,0.5919149,0.5995652,0.58129907,0.6176872,0.5785696,0.5526473,0.57293177,0.572633,0.5377037,0.4977402,0.4934214,0.62933534,0.6484661,0.53003097,0.5145409,0.47004208,0.54521847,0.5609914,0.5564685,0.6123378,0.5598905,0.5199516,0.57507926,0.5199398,0.5460153,0.56910187,0.5095806,0.47853187,0.5648978,0.552323,0.5632704,0.5844047,0.5605932,0.529094,0.5230416,0.5575276,0.53779984,0.52747405,0.59111446,0.58774245,0.56348276,0.6039174,0.5388984,0.54197526,0.55975115,0.5526807,0.61523205,0.61767495,0.56693643,0.5832943,0.6028955,0.5893781,0.57160175,0.5827156,0.54478633,0.5321524,0.5771295,0.60209906,0.5762807,0.547888,0.6251649,0.5437882,0.54463106,0.5756926,0.5219841,0.60817724,0.5540947,0.49657783,0.54240793,0.5865607,0.54432636,0.60628456,0.6033464,0.519856,0.507931,0.5846023,0.5879872,0.5288923,0.54110324,0.65179056,0.5640893,0.57412064,0.6101558,0.6192995,0.6167856,0.6134224,0.5573504,0.5915367,0.5928555,0.55514187,0.5460319,0.62310606,0.54757774,0.54023147,0.58565146,0.49345526,0.5337906,0.6160866,0.5694273,0.55823755,0.6001839,0.5664568,0.603855,0.6203608,0.5794602,0.6143445,0.6003275,0.61029756,0.61919045,0.5772922,0.63676924,0.53216696,0.5975165,0.5828347,0.6016195,0.668081,0.65214705,0.6751409,0.5774488,0.64733857,0.6638025,0.5715753,0.644219,0.6359092,0.54712737,0.545398,0.55247414,0.5481457,0.48814115,0.5474574,0.557052,0.57899857,0.53239363,0.63593996,0.5061875,0.62600887,0.5676173,0.59574306,0.6236692,0.5291644,0.62149054,0.6177339,0.57599646,0.549013,0.5481348,0.67766047,0.6590569,0.6012899,0.667433,0.638374,0.64597005,0.64394605,0.62720907,0.56070054,0.62746537,0.65957487,0.55784905,0.5065724,0.55698276,0.5790894,0.60031134,0.6263389,0.65359384,0.6333891,0.6212994,0.6630913,0.56587344,0.6029439,0.5988493,0.6145081,0.5794279,0.5451122,0.56570745,0.593447,0.5989526,0.64301765,0.69436806,0.6200901,0.5416704,0.5927743,0.6357844,0.6149583,0.60246193,0.6000715,0.57333565,0.56719416,0.5613176,0.5753484,0.5393012,0.55217046,0.5546548,0.6176175,0.63301194,0.5472533,0.48121107,0.4723577,0.55763656,0.5735548,0.56008345,0.59469855,0.53306496,0.5622761,0.5746025,0.5081503,0.5750095,0.58454895,0.538082,0.52062935,0.6219406,0.55243677,0.58370364,0.6289616,0.5780351,0.54831773,0.57018125,0.5824809,0.5130918,0.53059995,0.5867609,0.61113214,0.5841943,0.60923976,0.56903464,0.59196323,0.5536896,0.5212354,0.62374586,0.67783594,0.66523755,0.6661406,0.60670424,0.5741629,0.5663144,0.56879455,0.57996345,0.5276012,0.5537341,0.6147353,0.5793812,0.59887546,0.6301242,0.55511916,0.5062778,0.56269866,0.49353138,0.5941408,0.5806137,0.5597121,0.63940847,0.6703172,0.52141905,0.6033688,0.60120434,0.56166196,0.58709115,0.5983767,0.5406963,0.57816285,0.52837247,0.498531,0.5294229,0.5436389,0.5185254,0.5383287,0.5495436,0.5944554,0.5744378,0.5459258,0.5521849,0.5528686,0.5603166,0.5495942,0.5316373,0.5498727,0.555241,0.5527794,0.55952305,0.580415
40,0.60768706,0.5787774,0.5635064,0.5941337,0.594105,0.59447736,0.5945144,0.5256551,0.5633976,0.53816223,0.5455014,0.5198203,0.611938,0.4922015,0.5014886,0.5916459,0.5288444,0.52769285,0.6084815,0.61525893,0.5604641,0.5736355,0.5548945,0.58472073,0.52656317,0.5126787,0.57716256,0.5377752,0.6117182,0.5477804,0.5116388,0.57227784,0.45582294,0.51302385,0.50455,0.56702816,0.6248227,0.6074104,0.5989412,0.56362957,0.6268211,0.6037412,0.5617267,0.60916066,0.611589,0.57240516,0.51122385,0.5521604,0.5001826,0.5072311,0.5185657,0.50968874,0.5587178,0.51055497,0.58000886,0.49557143,0.55361754,0.5213583,0.5743143,0.59248614,0.48495102,0.5113021,0.583194,0.48344857,0.45871451,0.47340736,0.60376257,0.5723292,0.53485614,0.57168764,0.5838909,0.49332854,0.54744476,0.5614081,0.5162943,0.5433988,0.59407437,0.53202695,0.5261206,0.4839917,0.5106479,0.515987,0.5890993,0.59998196,0.5796379,0.5522974,0.5549762,0.5153063,0.6013826,0.60273015,0.5559868,0.5426198,0.54015505,0.5302637,0.5201292,0.56971264,0.58952814,0.5861657,0.6089231,0.53167254,0.5372358,0.5553071,0.55891144,0.5528832,0.57148844,0.5490589,0.532473,0.55962086,0.54632264,0.5186498,0.49883512,0.47175115,0.5935784,0.61089444,0.50746953,0.4940114,0.47103116,0.53071463,0.5472329,0.5349795,0.5888529,0.5389593,0.5168436,0.5536147,0.5173074,0.53565216,0.5467747,0.50399137,0.49531552,0.5694582,0.5461004,0.5543357,0.571841,0.55508626,0.5197025,0.4998479,0.53493804,0.5280275,0.52115494,0.56498295,0.55958015,0.5476501,0.58211565,0.53580594,0.53233415,0.5491132,0.5251243,0.5765666,0.61744195,0.5702773,0.5746676,0.58786833,0.58203167,0.5721215,0.5642174,0.5489488,0.53159964,0.5850662,0.59452754,0.57924265,0.5468524,0.59232825,0.5387934,0.5270833,0.55290884,0.51298565,0.56789774,0.539064,0.4930288,0.54679036,0.58437943,0.5490535,0.57645345,0.5730137,0.51192856,0.49525598,0.58256197,0.56207114,0.51491153,0.50544304,0.6152752,0.5575839,0.5620299,0.5897492,0.59324414,0.6008663,0.6065064,0.53304005,0.5612905,0.5719343,0.54398495,0.54560536,0.6126548,0.5241718,0.52920854,0.5780281,0.51343185,0.53361034,0.61164945,0.5826445,0.5552315,0.5897401,0.5533055,0.5679909,0.59598833,0.5789921,0.59344447,0.58249027,0.6130102,0.60652936,0.551502,0.60333896,0.49410772,0.55251867,0.5499745,0.55188096,0.61489505,0.61516035,0.60400736,0.5374692,0.59970915,0.61062,0.5558929,0.61810887,0.6048599,0.548775,0.52061313,0.5566656,0.540663,0.49804288,0.5274957,0.5301406,0.55515367,0.5128714,0.5883459,0.5018731,0.5829302,0.54376835,0.56470084,0.59577084,0.4882393,0.5970994,0.6118733,0.5467608,0.5007091,0.50058216,0.66475725,0.63546014,0.57503414,0.6442075,0.6237093,0.6217437,0.63378656,0.621914,0.55731136,0.6147365,0.6547775,0.54809034,0.5070656,0.5499458,0.56052905,0.57195884,0.62487084,0.634574,0.63404095,0.6024771,0.63609797,0.5426549,0.59596646,0.59805316,0.6121011,0.5578782,0.54187,0.5476198,0.58837605,0.58200175,0.63477385,0.6863673,0.58987916,0.5329335,0.55453646,0.58882004,0.5696148,0.5639205,0.5618154,0.5461237,0.54386026,0.5529434,0.55632687,0.5222897,0.5449467,0.52214205,0.5818905,0.6045795,0.5290003,0.47392836,0.48012182,0.5489463,0.55101115,0.5358782,0.57624215,0.5257349,0.54748625,0.5523945,0.5032092,0.5682545,0.57851464,0.5232889,0.52412266,0.606972,0.5427268,0.57217354,0.6087972,0.57124734,0.5408114,0.5482745,0.56369,0.5190457,0.5254074,0.5710036,0.5892318,0.57006174,0.60153455,0.5670972,0.5839911,0.55741954,0.50871587,0.59651315,0.6699325,0.64670736,0.65427256,0.5816639,0.5702443,0.5723267,0.5624385,0.57164127,0.5232984,0.57060575,0.6067393,0.5857786,0.58199805,0.60349023,0.55362207,0.48968092,0.5359083,0.49411055,0.5553205,0.5568601,0.5503614,0.6324538,0.662703,0.52224225,0.5679932,0.56502444,0.54535663,0.5650475,0.59449595,0.5279685,0.563081,0.49081653,0.4860433,0.5135865,0.536375,0.5104293,0.52714145,0.5372421,0.5816474,0.56227493,0.5372702,0.541216,0.53475106,0.5402851,0.54544693,0.5285888,0.5312292,0.53612375,0.5334636,0.5419832,0.56400895
41,0.570664,0.56750554,0.55123085,0.57066107,0.57172173,0.57617134,0.59237987,0.5110766,0.54182124,0.53189105,0.5327917,0.52679974,0.59517694,0.47648138,0.49520242,0.58060604,0.5309585,0.526312,0.5942895,0.6115417,0.55841875,0.5613337,0.5448831,0.55587536,0.52909607,0.52535754,0.55609185,0.5300838,0.5987635,0.5374522,0.49744606,0.5421581,0.4477578,0.48903847,0.49304044,0.5236377,0.5724614,0.56762004,0.5414049,0.52931696,0.5772533,0.5513502,0.54594135,0.5832515,0.5728389,0.553876,0.50137275,0.54770356,0.50271124,0.4959755,0.5123161,0.50235486,0.54058474,0.5025381,0.543586,0.5040431,0.5263399,0.5062087,0.53950197,0.5638798,0.4749289,0.50093603,0.5744174,0.4668277,0.44288367,0.4519488,0.59364444,0.5589306,0.5226905,0.5676508,0.57196623,0.4742232,0.5444204,0.5578468,0.5278093,0.5489394,0.5878468,0.52095693,0.5348396,0.4802882,0.513576,0.50264525,0.5713429,0.5739864,0.5766457,0.5462143,0.55465937,0.5070139,0.5944139,0.5979884,0.5501711,0.52250934,0.5357495,0.5260237,0.51261324,0.5484123,0.57758296,0.5795633,0.5848331,0.52562076,0.5168322,0.528568,0.52994347,0.5342394,0.5383249,0.5273284,0.52253807,0.54906857,0.52707726,0.5066246,0.502417,0.46352455,0.56562936,0.57806736,0.49819952,0.48680606,0.47828794,0.5203095,0.5351935,0.52122146,0.56690854,0.5229169,0.5177153,0.5402926,0.52076346,0.5312123,0.5306628,0.5063327,0.5096789,0.56629163,0.53992,0.54607743,0.55641437,0.54743755,0.5132794,0.48577735,0.5148774,0.5205471,0.5212471,0.5450715,0.5377669,0.53509504,0.5599733,0.52783525,0.5202136,0.53586704,0.51175445,0.54417974,0.60617435,0.5666701,0.5638519,0.57055634,0.5728108,0.57003933,0.5496381,0.55284566,0.5318957,0.58260524,0.58344215,0.5789744,0.541581,0.5614348,0.53703356,0.51572144,0.5365215,0.50754714,0.5361315,0.5302637,0.49350014,0.5462332,0.5727395,0.5494999,0.55400187,0.5497931,0.5128333,0.4935193,0.57488513,0.5435202,0.5068832,0.48539197,0.5771059,0.55319524,0.55160075,0.5685269,0.5676456,0.5822464,0.5947799,0.5170225,0.5380252,0.55337226,0.53507,0.54418993,0.59620607,0.5063701,0.51968443,0.5679,0.52674466,0.5356481,0.5979996,0.58391696,0.55221635,0.5761067,0.54497904,0.54003406,0.5739724,0.571423,0.57236135,0.56901807,0.60677016,0.59319675,0.53503484,0.57200027,0.47527525,0.51556575,0.52720773,0.5135528,0.565503,0.57908124,0.54261833,0.50912887,0.558722,0.5620323,0.54336786,0.59272575,0.5711337,0.54275686,0.5064139,0.55510926,0.5314705,0.5035304,0.5168876,0.51470464,0.53735214,0.50494653,0.5486813,0.5077769,0.54681754,0.52433085,0.53813845,0.5705842,0.46780542,0.5759549,0.59983575,0.52978295,0.47372064,0.47109428,0.64518416,0.614323,0.557001,0.61799407,0.6073031,0.5967695,0.61921525,0.6092122,0.55102605,0.59687585,0.6399732,0.5401791,0.5119699,0.5433463,0.5440329,0.54548466,0.61490774,0.613147,0.6255128,0.58362234,0.60654867,0.5280644,0.5864798,0.59215593,0.601742,0.538278,0.53821594,0.5320107,0.575593,0.56564313,0.6194856,0.6694684,0.5667743,0.5312095,0.527274,0.5499783,0.5349121,0.5367728,0.53517884,0.5267088,0.52947545,0.5474678,0.54127765,0.5108132,0.5394711,0.50130796,0.55437416,0.58047026,0.52026355,0.47967646,0.49259973,0.5416941,0.53411275,0.52122355,0.5599439,0.5211198,0.53893965,0.5385142,0.50675464,0.5616194,0.5700651,0.51823086,0.5290836,0.5910719,0.53623813,0.5621235,0.5862033,0.56132245,0.5348906,0.5314427,0.5457031,0.5235427,0.5248745,0.55796176,0.5693636,0.55480075,0.5860285,0.56145555,0.5710007,0.5535544,0.50838137,0.57047236,0.65301824,0.6260897,0.63601345,0.55755365,0.5640717,0.57293546,0.55661994,0.56240743,0.5220904,0.5746573,0.5928109,0.5852208,0.5664985,0.5766997,0.5513856,0.48299077,0.5192408,0.4973719,0.5266971,0.5405745,0.54173076,0.62039477,0.6439261,0.5230081,0.5410874,0.53834426,0.53787094,0.5520701,0.58465374,0.52081865,0.5512424,0.46927837,0.48263514,0.5049852,0.5309215,0.5077333,0.5192641,0.5279565,0.5668079,0.54885626,0.52971596,0.5319253,0.5232444,0.5273133,0.54072106,0.5260874,0.5193673,0.5231477,0.5176275,0.5272189,0.5483541
42,0.5398553,0.56264365,0.54711854,0.5516925,0.55443865,0.5607271,0.58645314,0.50992256,0.5319098,0.5283504,0.52669084,0.53120106,0.5792171,0.4750918,0.49549925,0.569631,0.532491,0.5323056,0.5775959,0.59903663,0.55614144,0.55175155,0.5440653,0.5355412,0.53193873,0.53131914,0.5415824,0.5296213,0.5844184,0.53109914,0.5008839,0.52346486,0.4625974,0.48002458,0.4941373,0.4996033,0.5328039,0.539966,0.5031307,0.512178,0.5396937,0.5150255,0.538745,0.56364816,0.5420265,0.53935313,0.5070152,0.54167134,0.50758135,0.49503303,0.5197617,0.5114073,0.5324198,0.51178485,0.5220505,0.5257212,0.5116962,0.5026767,0.51988125,0.5441538,0.48163986,0.50665635,0.56126744,0.47732854,0.45311266,0.4520667,0.5760578,0.5533393,0.5222142,0.555434,0.562112,0.47365862,0.5439499,0.54529315,0.5290668,0.5459231,0.5718179,0.51828235,0.5341377,0.48474863,0.51300615,0.49355367,0.55281526,0.55385095,0.5690888,0.54521227,0.5486628,0.50454,0.58252835,0.582305,0.54316384,0.5100639,0.5302485,0.52334374,0.5055678,0.53616226,0.56369334,0.57524943,0.5670472,0.5314458,0.5131648,0.51542604,0.51452357,0.5261888,0.52004814,0.51714337,0.522868,0.5438574,0.5186945,0.5043004,0.5116937,0.47350606,0.54812413,0.55302936,0.50596464,0.49880564,0.4968655,0.5166791,0.52757686,0.51906407,0.55243576,0.5152382,0.5222471,0.5350102,0.52957886,0.5354062,0.525459,0.5174032,0.5219421,0.55776566,0.53496265,0.54045266,0.5410238,0.53848344,0.5110518,0.48379362,0.50296056,0.5196104,0.5283219,0.5357358,0.5269658,0.53110063,0.5433819,0.5192702,0.510283,0.5250537,0.51558816,0.5241299,0.58715093,0.5591008,0.5545591,0.55522954,0.5655004,0.5677445,0.54337054,0.55820453,0.53628224,0.5721669,0.57148284,0.577827,0.5359123,0.5399232,0.540496,0.5128961,0.53030914,0.5059391,0.5171911,0.5304293,0.49983054,0.5432032,0.55394435,0.54554635,0.539585,0.53542435,0.52165025,0.50411177,0.5639998,0.5327442,0.5096032,0.48631787,0.5448895,0.5521751,0.54771,0.5519239,0.5473561,0.5644731,0.5805412,0.5141313,0.5267866,0.54044837,0.53069913,0.54481477,0.5784767,0.49925593,0.515052,0.5593822,0.5347513,0.54137486,0.5782233,0.5758445,0.55033565,0.56191427,0.5443236,0.52192247,0.55722725,0.5607925,0.5557419,0.5615474,0.5945242,0.58125997,0.5327446,0.54881614,0.47971603,0.49507815,0.51948076,0.4943608,0.5278959,0.5500025,0.50185275,0.4979432,0.5308973,0.52566314,0.53678966,0.5727882,0.5414707,0.5341822,0.50803405,0.55034983,0.5251427,0.50837725,0.5203149,0.5158163,0.53036547,0.5132895,0.52393895,0.52620983,0.52448493,0.51437753,0.5201595,0.55226624,0.47286585,0.5625806,0.583476,0.5295708,0.47302327,0.4652567,0.6211701,0.598322,0.5513612,0.5918003,0.59238684,0.57473224,0.6024757,0.5903836,0.5443226,0.5748312,0.6149817,0.53704286,0.52159077,0.53873444,0.5325454,0.52619356,0.59750885,0.59268874,0.607741,0.5692032,0.5784581,0.5236384,0.5775028,0.5817448,0.5852033,0.5234804,0.5347679,0.522819,0.55803853,0.55389184,0.5982345,0.6442655,0.55292255,0.53774863,0.51487815,0.5250525,0.5130585,0.52318496,0.5217454,0.51861537,0.5245239,0.54674983,0.5332507,0.507067,0.5385991,0.49733222,0.538017,0.5616962,0.52322453,0.5013646,0.5122917,0.53718764,0.5270026,0.5201105,0.5512189,0.5204904,0.5374583,0.5329464,0.51847535,0.5571637,0.5622059,0.5229009,0.5368722,0.5769855,0.53360784,0.5540023,0.5636834,0.549144,0.53156817,0.5235373,0.53243756,0.5286699,0.5300483,0.55025935,0.55503273,0.54323417,0.56648403,0.5538066,0.555579,0.5451529,0.5216809,0.54983854,0.6288121,0.6059738,0.6129448,0.5394922,0.5589857,0.56903154,0.55398864,0.5552381,0.5261316,0.56713545,0.5759391,0.57907075,0.5553435,0.55570346,0.55006266,0.48742327,0.51556027,0.5019977,0.5120272,0.5349392,0.5353317,0.60553956,0.6146634,0.5237203,0.52451193,0.5221665,0.53870755,0.54838645,0.5700033,0.5187427,0.54701513,0.46878687,0.4891085,0.5049653,0.52735984,0.51053226,0.5168175,0.52364975,0.5519543,0.5366185,0.52416384,0.5258444,0.5213082,0.5245737,0.5355623,0.52409935,0.51574796,0.5179196,0.50925624,0.51832926,0.5357467
43,0.52094084,0.565031,0.5536074,0.5415892,0.54581285,0.5511665,0.57949513,0.5218909,0.534687,0.5299062,0.5273391,0.5359257,0.5683755,0.4906398,0.50582814,0.5616708,0.53648233,0.54539335,0.56163675,0.580964,0.55594856,0.54718626,0.5527056,0.52338403,0.5359841,0.5353517,0.5360758,0.5345662,0.5735803,0.5310651,0.5221153,0.5199706,0.49940532,0.488881,0.51008314,0.49628365,0.50961345,0.52786386,0.48625237,0.5129848,0.51695496,0.49750578,0.54118556,0.5545639,0.5235791,0.5334435,0.52821887,0.53605396,0.51703453,0.5071498,0.540395,0.5358619,0.5348715,0.5384689,0.51646566,0.5590795,0.512855,0.5137243,0.51811373,0.5360147,0.50605226,0.5307425,0.5491424,0.51371133,0.48850006,0.47442922,0.5559809,0.5572599,0.5347459,0.5405353,0.55751914,0.4922683,0.54821754,0.5294483,0.5244675,0.53923064,0.5498824,0.5263057,0.5280168,0.49843255,0.51330996,0.4930884,0.53774947,0.5429797,0.5603488,0.5519451,0.54128915,0.50907266,0.56993186,0.5596259,0.5382562,0.507117,0.52507627,0.5253474,0.50275654,0.53565,0.55206436,0.5766989,0.5552672,0.5469256,0.5246428,0.51577693,0.5109452,0.52633005,0.51390016,0.51922053,0.5305106,0.54485387,0.5226683,0.51151407,0.5289971,0.50217354,0.5405789,0.53660077,0.5296632,0.52988553,0.52803546,0.5202889,0.5259644,0.5292046,0.5486907,0.5167733,0.5296363,0.535057,0.5418192,0.54784745,0.5316935,0.535449,0.53325623,0.54737103,0.53201026,0.5384894,0.52835536,0.5295191,0.5133368,0.49390802,0.5021402,0.5271129,0.5410474,0.53818434,0.5283856,0.53755593,0.535169,0.51523876,0.50666213,0.5201552,0.5347539,0.5184116,0.56543916,0.5513606,0.54985255,0.5449447,0.56217015,0.5670018,0.54638255,0.5660032,0.5463528,0.5573541,0.5606944,0.5768454,0.53420675,0.5316668,0.5497749,0.51886433,0.535125,0.508233,0.5119,0.5393009,0.5132717,0.541585,0.5322836,0.53850156,0.53154385,0.5285647,0.5352353,0.5252887,0.5525906,0.52826273,0.5255221,0.5085777,0.5246508,0.5550023,0.55230504,0.54375815,0.53599524,0.55096054,0.5666982,0.52436024,0.52816176,0.53444946,0.5315591,0.5498412,0.56371486,0.5053029,0.5178373,0.55548763,0.5392247,0.551385,0.55625045,0.5626249,0.5509172,0.5501216,0.55178946,0.5123986,0.54661006,0.55180115,0.5465158,0.5592832,0.58014446,0.5721344,0.54522383,0.53674585,0.5056114,0.49384052,0.5274054,0.49475968,0.5053021,0.5311586,0.48405153,0.504099,0.51848465,0.5045326,0.5374151,0.56077313,0.5205931,0.5274766,0.52556634,0.5449898,0.5246106,0.5154962,0.5375174,0.53323555,0.5345098,0.5378943,0.5160113,0.5555077,0.5184588,0.51641685,0.5126849,0.5428427,0.50213563,0.55913323,0.5651271,0.54575837,0.4968007,0.4822994,0.59540045,0.5880262,0.5579237,0.5680143,0.58249867,0.5577547,0.5853519,0.5674886,0.5401531,0.5501147,0.58126664,0.54007035,0.53548586,0.5370297,0.5272832,0.51710343,0.57522047,0.5757462,0.58257943,0.56202435,0.5547131,0.5288239,0.5737752,0.5684625,0.5653319,0.51478755,0.53222555,0.52226895,0.5394057,0.54891557,0.5735416,0.6128401,0.5476151,0.55091786,0.51692617,0.5149953,0.50308836,0.5210947,0.51937467,0.52194625,0.5267665,0.550978,0.5339522,0.51130486,0.5442196,0.5113197,0.53250045,0.54760855,0.5363773,0.53681356,0.5390692,0.53571016,0.530675,0.53255594,0.55228615,0.52392626,0.5423039,0.5330247,0.5358728,0.55547595,0.55672723,0.5346525,0.54804754,0.5663362,0.53448474,0.54797155,0.54312253,0.5362699,0.53140026,0.5255201,0.52617675,0.53583854,0.5401584,0.54868495,0.5473599,0.53820086,0.54667646,0.54649466,0.54092526,0.53554463,0.54611343,0.53664225,0.5997289,0.5882074,0.58716905,0.53051275,0.5569292,0.5620104,0.5548934,0.55256724,0.53588367,0.5518062,0.55898154,0.5690928,0.5501735,0.5434941,0.5508258,0.50163764,0.5239334,0.5071706,0.51069516,0.5392312,0.5323902,0.5911399,0.5777278,0.5247101,0.51703423,0.5140226,0.5446621,0.5520615,0.5519945,0.5199455,0.55309004,0.48989144,0.50427026,0.51335657,0.5248278,0.51736444,0.52096987,0.52565616,0.53910667,0.5277612,0.52126443,0.5238689,0.52930194,0.53226984,0.5304067,0.5228636,0.5198634,0.520079,0.5102783,0.51670074,0.5274931
44,0.51550895,0.57329303,0.5687726,0.5413254,0.54624844,0.54853344,0.5738314,0.542633,0.5471366,0.53657603,0.5331988,0.5423695,0.5638741,0.5217717,0.52761924,0.557827,0.5437594,0.56321555,0.5485445,0.5609267,0.5588929,0.54872465,0.5681398,0.51749307,0.54092616,0.5412607,0.5392745,0.5420447,0.56992656,0.53909767,0.5571783,0.53096443,0.5520985,0.5144147,0.53980327,0.5095249,0.501508,0.52954894,0.4871654,0.5275569,0.50784355,0.49646252,0.55110854,0.55603814,0.5175219,0.5371687,0.560344,0.53239083,0.5313736,0.5299616,0.5694191,0.5700573,0.54509735,0.5772126,0.52362555,0.59805495,0.52781147,0.5377085,0.53150755,0.5383033,0.544943,0.57064116,0.5431024,0.56822056,0.54260045,0.51467144,0.5387707,0.5702278,0.5580429,0.5285136,0.5595905,0.5264195,0.55755466,0.51659477,0.51903474,0.5340246,0.52734715,0.54359293,0.52125525,0.5191342,0.5180061,0.50234276,0.5296745,0.5413609,0.55337435,0.56622547,0.5368712,0.52035725,0.56130856,0.5358029,0.53791475,0.5131629,0.5215707,0.5335908,0.50649357,0.54572725,0.5467706,0.58597195,0.5478867,0.5672095,0.5462606,0.5265255,0.5158038,0.53097814,0.5151391,0.5312362,0.54126483,0.55024207,0.5368708,0.5258815,0.55401,0.54481465,0.5395039,0.5275885,0.56352943,0.57345235,0.5683391,0.5296143,0.53047806,0.5491127,0.5551458,0.52581984,0.53811604,0.5372577,0.5546452,0.56552196,0.5460389,0.5565611,0.54406214,0.53862524,0.53111625,0.54022694,0.5203826,0.52172714,0.51948565,0.5131278,0.5116667,0.5418126,0.55623275,0.5497483,0.5399322,0.5525655,0.53464884,0.519729,0.51215976,0.52218086,0.5629375,0.5242739,0.54664874,0.54690546,0.551976,0.5405223,0.5623827,0.56799054,0.5566626,0.57578564,0.56129545,0.54188484,0.5518819,0.57558984,0.54028046,0.5366087,0.563271,0.5321483,0.54924846,0.5144794,0.5176508,0.55410063,0.53292644,0.54577804,0.51311386,0.52994156,0.5274329,0.52658653,0.54980326,0.55284494,0.5430658,0.5278266,0.55315614,0.54710895,0.51810855,0.56113446,0.5636756,0.5444738,0.53423905,0.5434422,0.55524504,0.54343915,0.5389434,0.53393865,0.53616,0.5586574,0.55380243,0.5239646,0.52915746,0.55675334,0.54196596,0.5645198,0.53552824,0.54842204,0.5543549,0.54257625,0.5650486,0.50869066,0.5405149,0.54707885,0.54511184,0.55951566,0.5676515,0.5669273,0.5692291,0.5356226,0.54639786,0.50955456,0.54798615,0.50989825,0.49635124,0.5223362,0.4854333,0.5231974,0.5195038,0.4973407,0.54384834,0.55577105,0.5097078,0.5253128,0.5543035,0.54079664,0.5302991,0.52598053,0.5637841,0.5618833,0.5463784,0.5737256,0.5220436,0.5900113,0.52647686,0.52937734,0.51441306,0.5411138,0.5487838,0.5650136,0.54697263,0.5736649,0.5378775,0.51577145,0.57082444,0.5826848,0.5727421,0.54810303,0.5796374,0.5463632,0.56842536,0.5428415,0.5396054,0.5246956,0.54263574,0.5480741,0.5512869,0.5372783,0.5271942,0.5175305,0.551961,0.56317693,0.554011,0.56188756,0.5365398,0.5412059,0.579452,0.55476123,0.54497683,0.51158977,0.5309908,0.53004307,0.52284116,0.55045813,0.54941034,0.5787633,0.5478676,0.5667516,0.52955496,0.51712036,0.5023998,0.52635264,0.52409875,0.53358006,0.53276706,0.5580041,0.54240453,0.5219786,0.5559841,0.5399557,0.53430533,0.53632617,0.5550868,0.57924426,0.5701954,0.53698343,0.543133,0.5548775,0.5614379,0.53036743,0.55088013,0.5354825,0.5549193,0.5561368,0.5539366,0.54894626,0.5611489,0.55908173,0.53780955,0.5440966,0.5258106,0.5243916,0.53426254,0.53507775,0.52677435,0.5452249,0.5521134,0.55155635,0.54512364,0.539714,0.5295992,0.5417592,0.53025264,0.5273348,0.5758397,0.5302211,0.5686567,0.5739458,0.5618656,0.53059554,0.55758464,0.5531889,0.558085,0.55511624,0.5500486,0.5335232,0.5437686,0.55677575,0.5514876,0.5397912,0.5537019,0.522711,0.5405995,0.51280224,0.5183735,0.549908,0.53281385,0.5809181,0.53796655,0.5264615,0.5160312,0.5103644,0.5518368,0.5603204,0.53245044,0.5224473,0.56912935,0.52844685,0.52537495,0.52842563,0.5222649,0.52595115,0.5312427,0.5339986,0.52961266,0.5235008,0.5213238,0.52598065,0.5451355,0.5479306,0.5259213,0.5227089,0.52929366,0.527384,0.5200988,0.5217935,0.5237144
45,0.5209251,0.5844381,0.58782005,0.54840785,0.5530838,0.5515067,0.56982934,0.5658708,0.5639585,0.5459108,0.54109377,0.54949194,0.5642864,0.5637109,0.5598961,0.55773693,0.5528296,0.5814314,0.5394082,0.5424624,0.5642874,0.5550017,0.5858432,0.5156989,0.54511124,0.5502314,0.5485984,0.5494886,0.574767,0.5559175,0.5989692,0.55313176,0.6103139,0.5530305,0.5792387,0.5328596,0.5042135,0.5396129,0.50042087,0.5491291,0.5094018,0.5073294,0.56384414,0.5640434,0.5200078,0.54794663,0.59542835,0.53120255,0.54821056,0.5575122,0.5996052,0.6055554,0.5585765,0.61825114,0.53834003,0.63357747,0.5502344,0.56863075,0.55322945,0.5466486,0.59056383,0.6190268,0.5465077,0.62756723,0.6032641,0.56352216,0.5290553,0.59028834,0.5868606,0.52365214,0.56848997,0.56959313,0.5701501,0.5117418,0.51600224,0.5337918,0.51043457,0.5651113,0.5171638,0.54205096,0.5278468,0.5189873,0.53065705,0.54585695,0.5504398,0.58465904,0.53773,0.53629714,0.560636,0.516868,0.54270923,0.5260812,0.52056795,0.547468,0.51706386,0.56177235,0.5507455,0.60263026,0.5429938,0.58634794,0.5712024,0.54280967,0.52550733,0.53703797,0.51985776,0.54842955,0.551386,0.5561761,0.5556262,0.54375726,0.58283657,0.59203345,0.54005903,0.5237768,0.5984371,0.6179898,0.6099437,0.5421677,0.5398773,0.5740347,0.56814486,0.53912896,0.54499716,0.53962994,0.5651129,0.58389574,0.5629913,0.5758388,0.5536717,0.5345232,0.53166926,0.54526746,0.5185651,0.5159296,0.52807015,0.53619564,0.52790284,0.559613,0.56999755,0.5646979,0.55700386,0.5714584,0.5386499,0.5344785,0.52854216,0.5298034,0.5914333,0.5354639,0.5358892,0.5479944,0.5626523,0.54088587,0.5640298,0.5693676,0.57047814,0.5857266,0.5777823,0.52894163,0.54502934,0.57296145,0.5560785,0.55235934,0.5769857,0.5497084,0.5692468,0.52432376,0.5295488,0.570543,0.554905,0.5588646,0.5019799,0.52096695,0.52523756,0.527389,0.5623079,0.58097625,0.5376429,0.5291339,0.58704346,0.5921978,0.52250934,0.5688109,0.5776273,0.551239,0.5395951,0.5413779,0.54644805,0.56516635,0.5541553,0.5354095,0.5411378,0.56741637,0.54837644,0.5524675,0.548817,0.5615119,0.5444873,0.5773312,0.51852906,0.5366497,0.5594639,0.53922784,0.57959867,0.50814056,0.5356303,0.545719,0.5490084,0.5585794,0.55987287,0.5665389,0.59877384,0.544323,0.59225005,0.5379294,0.5766797,0.53318447,0.49758357,0.52106756,0.5004623,0.54851156,0.52950275,0.50098974,0.55242074,0.5540821,0.5066897,0.5277977,0.58657634,0.5383088,0.540196,0.53903884,0.5919805,0.5938132,0.56105864,0.6119082,0.53670263,0.6216202,0.54268533,0.5489227,0.5213239,0.54314667,0.601505,0.5775596,0.5310635,0.6056944,0.5854665,0.5551992,0.55047816,0.5810727,0.58943635,0.5328238,0.5820829,0.5408336,0.55099595,0.5189363,0.5400783,0.50092924,0.50570273,0.5574282,0.56415385,0.53624856,0.52921116,0.5234698,0.5327014,0.55376005,0.528162,0.56550115,0.5238611,0.55654037,0.59445184,0.5429483,0.5265771,0.51212335,0.5310489,0.5431454,0.510307,0.5557902,0.5306297,0.5468624,0.5500713,0.5804624,0.5474634,0.52750397,0.5078587,0.5351,0.53235245,0.54836994,0.5395263,0.56389207,0.55457795,0.53602064,0.5709475,0.5757021,0.53836673,0.5259907,0.573171,0.61918867,0.60065925,0.5407601,0.56065094,0.581271,0.57416314,0.5379576,0.55870557,0.538205,0.5710744,0.5581977,0.55287737,0.5603406,0.5724671,0.55357516,0.5418254,0.5420969,0.51326334,0.5148665,0.5390174,0.5470177,0.5316133,0.555354,0.5612217,0.5550085,0.54536337,0.5455473,0.5166987,0.5413605,0.526831,0.5217105,0.6033481,0.52787745,0.5393125,0.5637736,0.5417556,0.53738743,0.5590081,0.54359376,0.5617104,0.5614853,0.5655268,0.5169439,0.5313794,0.54327786,0.5592348,0.5426477,0.5572479,0.54666346,0.56059515,0.51894486,0.5289126,0.56255436,0.5344783,0.5775235,0.5020551,0.5289583,0.5189594,0.5088066,0.5573116,0.5696839,0.5144164,0.5248505,0.5911015,0.57561344,0.54853654,0.54674876,0.5193595,0.5339491,0.54536456,0.54682183,0.52372074,0.5237027,0.5241346,0.5311428,0.5651238,0.5675601,0.5228606,0.5237193,0.5405126,0.5365887,0.5361438,0.5316524,0.5237064
46,0.53231984,0.5948797,0.60537344,0.5585936,0.56225127,0.5572519,0.56604326,0.5857148,0.57956904,0.5543568,0.5473563,0.5559875,0.56717116,0.6086972,0.59808123,0.5603374,0.5608294,0.5952739,0.53430766,0.5286012,0.57014084,0.5624101,0.6010832,0.5156866,0.5470927,0.56179845,0.559937,0.5551982,0.58663267,0.57985145,0.6389402,0.5818882,0.66226983,0.5988446,0.62129307,0.55942273,0.51183635,0.55151653,0.5202094,0.5703313,0.51774895,0.5239483,0.5740416,0.57293683,0.52483153,0.5606212,0.62454456,0.5316607,0.562627,0.5828414,0.6239221,0.6338341,0.57073164,0.65122765,0.55487436,0.6570726,0.5726053,0.59918314,0.5749995,0.5554241,0.63289684,0.66614634,0.56043357,0.67795116,0.6563157,0.60938764,0.5297664,0.6145487,0.61457795,0.5283725,0.5836792,0.6143529,0.5833619,0.51789105,0.51661384,0.53974026,0.50484633,0.58465105,0.51771796,0.56260294,0.54098725,0.53974795,0.5412725,0.55211806,0.55373776,0.6024047,0.5436952,0.55332977,0.5697457,0.5069952,0.55161,0.5431909,0.52226794,0.5645103,0.53280085,0.57725817,0.5646999,0.62404615,0.5383333,0.5988209,0.59225595,0.5588685,0.5361146,0.542135,0.5249917,0.56467175,0.55818826,0.55885804,0.5718876,0.56099355,0.60963595,0.6330678,0.53745174,0.5221241,0.624793,0.6513992,0.64328146,0.55531996,0.55189675,0.59858084,0.5827596,0.55312014,0.5479679,0.5410424,0.5714776,0.5984968,0.5769956,0.5892273,0.56138015,0.53716123,0.5327622,0.5529283,0.5239688,0.51267445,0.53719354,0.5573588,0.54646474,0.5753587,0.579471,0.5766644,0.5736941,0.5884451,0.5430657,0.5585449,0.55591375,0.5401223,0.6116193,0.5449335,0.5367742,0.5550699,0.58234334,0.54392403,0.56490296,0.56915516,0.5839544,0.5936053,0.5911261,0.52039826,0.53986275,0.5680764,0.5798502,0.5753804,0.5858754,0.56743926,0.5909586,0.53639174,0.5420069,0.5838159,0.5739727,0.5803958,0.5037072,0.5124056,0.52323383,0.52928424,0.57090396,0.6037603,0.5382573,0.5300579,0.6200533,0.6327279,0.53277624,0.57516116,0.5895462,0.55990314,0.5478453,0.5426408,0.5393475,0.5839282,0.5688751,0.5350057,0.5427732,0.57228035,0.54609334,0.585594,0.5740856,0.5671172,0.54726255,0.5853253,0.5064478,0.52963436,0.5638398,0.5385097,0.59041613,0.5082941,0.52862924,0.54541487,0.5536345,0.5535737,0.5573681,0.57092494,0.62658346,0.5615846,0.6324973,0.57387495,0.607964,0.55837774,0.50453246,0.5236925,0.5231357,0.5729645,0.5427364,0.51105386,0.5586683,0.5512916,0.5068937,0.53208405,0.61379975,0.53681177,0.55015635,0.5521629,0.6152019,0.6207691,0.5739938,0.64293885,0.55373746,0.6426674,0.55978024,0.5695623,0.5281345,0.5438549,0.64794517,0.5934254,0.52009606,0.6340655,0.62815905,0.5897862,0.53714305,0.5820362,0.60173565,0.5229142,0.5853396,0.54216224,0.5329442,0.4991408,0.5375144,0.4818106,0.47841954,0.56384534,0.5693849,0.530812,0.5301372,0.5304066,0.52242666,0.5452353,0.51202464,0.5685024,0.51646465,0.56967384,0.6136686,0.5345696,0.51257867,0.5149989,0.5320619,0.55728364,0.5028608,0.5603201,0.5213072,0.5229544,0.55099124,0.587989,0.56517607,0.54165983,0.515332,0.54408216,0.54078287,0.56068134,0.54500985,0.5648496,0.56506205,0.54957265,0.58509666,0.6088955,0.53948754,0.5149459,0.5843987,0.6474482,0.62399805,0.54677,0.5789551,0.60579234,0.58557767,0.544554,0.5615227,0.5400013,0.5810825,0.56022435,0.55158585,0.5644444,0.57845557,0.54798484,0.5443661,0.5411341,0.50760204,0.5086178,0.54379284,0.5555042,0.5367812,0.5632835,0.5638483,0.5548967,0.5444908,0.5522215,0.50748354,0.5461906,0.5331497,0.51829916,0.6210105,0.5258106,0.5166602,0.5577501,0.53167814,0.5472499,0.55907226,0.53378975,0.56373614,0.56882274,0.57746524,0.5051151,0.52242583,0.52962863,0.5720335,0.54988474,0.55898476,0.5687957,0.57943875,0.52515495,0.536434,0.5729791,0.53476804,0.58113474,0.4777259,0.531432,0.5231754,0.50778,0.55962586,0.5762548,0.50213856,0.5262932,0.6129893,0.62005466,0.5694183,0.5638547,0.5168406,0.5396782,0.5602986,0.56098926,0.52092713,0.52728826,0.5287817,0.53757155,0.5851067,0.58687663,0.5217078,0.5255975,0.55009294,0.5446119,0.5547505,0.54357886,0.52633876
47,0.54425085,0.6008109,0.6168279,0.5672216,0.56935316,0.562105,0.5602199,0.59801596,0.58940303,0.55876964,0.5490736,0.56177676,0.56929326,0.648044,0.63475686,0.56343204,0.56484187,0.601437,0.5314641,0.52018034,0.5735432,0.5664915,0.60988533,0.5150034,0.54672235,0.5748111,0.5689319,0.55827737,0.6018841,0.60638744,0.6698726,0.61147004,0.6995307,0.6436886,0.6575435,0.58255017,0.51746607,0.559607,0.53975666,0.584434,0.52743924,0.5382377,0.5772045,0.5777338,0.525583,0.569848,0.640435,0.53166896,0.56939703,0.60055155,0.6374903,0.6486034,0.57782143,0.668991,0.5672455,0.66365236,0.5890267,0.6239742,0.5897859,0.5594025,0.6640313,0.7034806,0.5827618,0.71096814,0.69196147,0.6429332,0.5404984,0.6389264,0.63517195,0.54188395,0.6027716,0.65369195,0.59499764,0.5350809,0.5207537,0.5507082,0.5126568,0.59766823,0.5236106,0.57855046,0.5543493,0.5620297,0.56005555,0.5561603,0.564233,0.6150337,0.5526445,0.56761295,0.5868829,0.50704604,0.5625816,0.5615582,0.52616423,0.5812335,0.55070496,0.58616257,0.58613676,0.64615244,0.5310231,0.60109586,0.60318714,0.5692364,0.54332423,0.5440141,0.52686334,0.57447,0.5600278,0.55590916,0.58013195,0.57374686,0.62940377,0.6603948,0.5277017,0.5187702,0.636024,0.6658207,0.661418,0.5664856,0.56393194,0.61803186,0.59413594,0.564672,0.54628086,0.54042184,0.57362795,0.60620993,0.58404946,0.5947397,0.5670929,0.5466064,0.53341216,0.5613798,0.53613055,0.5120836,0.54503524,0.5724075,0.5636804,0.5850441,0.5834836,0.581073,0.58447474,0.598445,0.54424876,0.5885049,0.5911852,0.5497749,0.6171536,0.547505,0.5495951,0.5662313,0.60858464,0.54668224,0.56312937,0.56537026,0.59413075,0.5972234,0.59698063,0.51560444,0.5352834,0.5601761,0.6061409,0.6009409,0.586113,0.5814422,0.61018986,0.54834735,0.55015737,0.5900134,0.58622944,0.6059822,0.5200651,0.50503045,0.519781,0.5303413,0.5748299,0.61696875,0.54521865,0.5289997,0.64597815,0.6604174,0.54331064,0.57657367,0.5956692,0.56637985,0.5542694,0.54395914,0.53218746,0.59585553,0.5790066,0.52986443,0.5386256,0.57213837,0.54469734,0.6163629,0.59978116,0.5702956,0.5492308,0.5851415,0.49819055,0.5273144,0.5643627,0.53767663,0.5933444,0.5066816,0.51737446,0.5449306,0.5546622,0.54360294,0.55875045,0.5786447,0.64652306,0.5846225,0.6595571,0.6111162,0.635941,0.5797415,0.51137984,0.5258567,0.5459658,0.5901959,0.55267274,0.5208222,0.55875087,0.5438621,0.504523,0.5338765,0.6284271,0.53433305,0.554758,0.5621635,0.628611,0.6362291,0.5817233,0.65994245,0.566488,0.64845866,0.57111794,0.58693415,0.53007823,0.5386744,0.67957705,0.60928166,0.5167166,0.65349346,0.6578237,0.6122391,0.5321335,0.5844166,0.60587364,0.51880044,0.58553934,0.5506042,0.5161977,0.48697126,0.5301881,0.47012922,0.46620524,0.5644221,0.5657126,0.5206806,0.5286461,0.53580165,0.52400744,0.5356176,0.51007515,0.5675706,0.51410556,0.5766817,0.63032687,0.53020823,0.5049261,0.5197318,0.53352475,0.56883395,0.5010051,0.55922973,0.5231813,0.5114914,0.5478102,0.5870177,0.5773654,0.55417293,0.5197211,0.5498697,0.54500604,0.56611997,0.5477498,0.55878943,0.5696745,0.5592762,0.59527683,0.6317568,0.53313833,0.50118023,0.5839409,0.6579866,0.63466465,0.5541815,0.59399813,0.6237773,0.59194136,0.5484195,0.5579116,0.5396605,0.584145,0.56027764,0.5474701,0.5598861,0.57816046,0.5416771,0.54382545,0.5401521,0.51017183,0.50596243,0.5468719,0.556793,0.5389757,0.56567174,0.5595481,0.54883164,0.5394593,0.55607,0.5000098,0.5561782,0.54947585,0.51573914,0.62284166,0.5201386,0.50515544,0.55523545,0.53376377,0.55570793,0.556071,0.52343476,0.5622013,0.57340187,0.58044165,0.49803993,0.5161228,0.5163254,0.5869319,0.5593657,0.5562567,0.58504117,0.59402883,0.53068227,0.5368562,0.57770467,0.5326171,0.58943814,0.4706628,0.5329773,0.52557683,0.5054657,0.55845314,0.57732403,0.4989825,0.5261009,0.6295833,0.6525464,0.58452433,0.57584006,0.51573753,0.542546,0.5732575,0.5732388,0.5203127,0.53258187,0.5337681,0.5432762,0.60131484,0.6020769,0.5223064,0.52779984,0.5554878,0.5491453,0.57179135,0.5545092,0.53001815
48,0.55156255,0.5987489,0.6189505,0.56997126,0.5703164,0.5623714,0.5504172,0.6007667,0.59066653,0.5571309,0.5446977,0.5668571,0.56671304,0.67550266,0.66319346,0.5636614,0.56294215,0.5987158,0.52756095,0.5150522,0.57133293,0.5637885,0.6093714,0.51201737,0.54460603,0.587093,0.5720205,0.55848444,0.6158381,0.62982136,0.6877292,0.63558614,0.7189667,0.6797656,0.6813726,0.59682167,0.51508266,0.56002796,0.55228645,0.5868781,0.53257567,0.5424834,0.57064265,0.57477874,0.51768166,0.5721585,0.63917935,0.528827,0.56541073,0.60802144,0.6382577,0.6469267,0.57765424,0.6686624,0.57045865,0.65267307,0.59589154,0.6402713,0.59306526,0.5546672,0.6801693,0.7256687,0.60831267,0.72405225,0.7068814,0.65961516,0.5569627,0.65838546,0.6442148,0.5597346,0.6207626,0.68204606,0.6031243,0.5601802,0.5272357,0.5633527,0.5310382,0.6023253,0.53338414,0.5898079,0.56485575,0.58370435,0.5833929,0.554829,0.57999426,0.61889356,0.5611242,0.5762138,0.6070082,0.51461697,0.572853,0.57820415,0.5312035,0.5940445,0.5676552,0.5847794,0.6100002,0.6640426,0.5187689,0.5926744,0.600465,0.5705022,0.5441764,0.5412866,0.5220492,0.575001,0.55672544,0.54621595,0.5777652,0.57949615,0.6392081,0.671237,0.5087348,0.5103946,0.630162,0.6588426,0.66215205,0.5733703,0.57385135,0.6291637,0.5982429,0.5716895,0.54070234,0.5374131,0.5725999,0.60548866,0.58248097,0.5923841,0.57071996,0.56021196,0.5327076,0.5673672,0.55234826,0.51364416,0.55040276,0.57966644,0.5768063,0.58687764,0.58206373,0.5759131,0.58569324,0.598357,0.53989756,0.61970335,0.6285353,0.55614406,0.60541385,0.5408725,0.5705219,0.5774885,0.6360236,0.5459079,0.5570226,0.5566085,0.59914565,0.5944316,0.592589,0.5116833,0.5291769,0.5485538,0.6282803,0.62349087,0.57654667,0.58916354,0.62332624,0.55785227,0.5509716,0.5876307,0.5900392,0.62953436,0.54837584,0.4994087,0.51420367,0.5292162,0.5745015,0.6187743,0.55627126,0.5255319,0.66041774,0.67124665,0.54887813,0.5698447,0.5936213,0.5670668,0.5544986,0.54147637,0.52287936,0.59899014,0.58178455,0.51858133,0.5283423,0.5677298,0.5409586,0.6388321,0.62105775,0.56758165,0.5486752,0.575651,0.49056336,0.52677643,0.55799395,0.53338295,0.5857873,0.5017542,0.5011249,0.543711,0.5496154,0.5294757,0.56206733,0.5872989,0.655411,0.6086383,0.6706766,0.6434748,0.6561452,0.5925384,0.5121899,0.5235723,0.56118304,0.59588236,0.5537187,0.52320474,0.5503782,0.52957326,0.49473554,0.52985364,0.625891,0.52838016,0.549352,0.5669205,0.6301034,0.63667893,0.5823166,0.6599515,0.56944746,0.6379874,0.5721444,0.598565,0.5241778,0.5247604,0.69307005,0.6218578,0.521817,0.6614714,0.6713333,0.6199767,0.53438985,0.58674824,0.6006688,0.51986146,0.58090144,0.5641126,0.5034618,0.4844635,0.5191654,0.46727154,0.4698715,0.55864227,0.5553054,0.5084046,0.5255818,0.53926677,0.5370576,0.5236112,0.52215856,0.5605369,0.51572955,0.57636875,0.639114,0.5292863,0.5039063,0.5262894,0.53502125,0.57559156,0.50488645,0.5494387,0.5353831,0.51306546,0.53866637,0.5775502,0.58012366,0.5600701,0.51721334,0.54975,0.54103416,0.5628763,0.54711163,0.54540026,0.5667971,0.5633356,0.59974223,0.64063627,0.51670307,0.4832582,0.5701133,0.6490907,0.6303672,0.5615884,0.60270774,0.63245475,0.59088135,0.5488661,0.5494028,0.53653485,0.58157605,0.5564449,0.5384262,0.5483944,0.5727892,0.53497636,0.53987265,0.53828204,0.52027863,0.50648296,0.5473544,0.55011225,0.53675824,0.56029075,0.55034935,0.53651327,0.5286075,0.5545193,0.49218944,0.5708936,0.57384676,0.51272035,0.60638803,0.5082479,0.50620174,0.55481666,0.5464393,0.5584691,0.5487712,0.5116094,0.5558264,0.5712853,0.5706613,0.49309784,0.51009274,0.50323015,0.60084176,0.56900233,0.5473136,0.59334904,0.6026905,0.5349948,0.528772,0.57491326,0.5287165,0.59878653,0.4819577,0.53318244,0.5238944,0.5007258,0.55456346,0.57241946,0.50547,0.5239965,0.6374863,0.66847384,0.5920122,0.5805912,0.51660776,0.5429116,0.5818914,0.5808819,0.5205146,0.5373622,0.53754926,0.54660505,0.61098325,0.6104022,0.5239043,0.52975446,0.5553045,0.5488035,0.58345807,0.5615674,0.5328182
49,0.5507187,0.5871381,0.61053246,0.564211,0.56292504,0.55611753,0.536592,0.5942576,0.5830893,0.54912657,0.53459865,0.5703466,0.5566182,0.6883607,0.67941344,0.5584371,0.5550601,0.58803695,0.5201253,0.51015764,0.5618059,0.5536491,0.5985105,0.5071071,0.5413712,0.5957094,0.56666416,0.55615604,0.6235655,0.6451147,0.69129175,0.6490098,0.7207063,0.7022547,0.68933433,0.5993476,0.5018475,0.5510146,0.5533855,0.57684,0.5295092,0.5326798,0.5543271,0.56207013,0.4993219,0.5660648,0.62081105,0.52204245,0.55083275,0.60504353,0.62718546,0.629671,0.5702865,0.6513506,0.5624927,0.6272951,0.59194434,0.64749944,0.5831943,0.5394858,0.6808404,0.73054266,0.6312536,0.7176143,0.70194393,0.65938824,0.5729391,0.66837955,0.6394685,0.57607555,0.6318433,0.6963337,0.6058649,0.58838457,0.53452945,0.57380146,0.5542697,0.5991482,0.54409385,0.59745926,0.57069916,0.6029901,0.6066399,0.5460747,0.5966974,0.6113448,0.5655637,0.5779254,0.62413335,0.52551514,0.5795597,0.5909597,0.53619605,0.6004787,0.58135116,0.57235867,0.6307811,0.6731168,0.5015989,0.57633257,0.58479565,0.5626731,0.5388027,0.53485423,0.50984806,0.5668571,0.5500957,0.5298633,0.5653536,0.57781345,0.63852596,0.6663666,0.48164153,0.49604446,0.60971165,0.6325522,0.647314,0.5746498,0.5803734,0.6308123,0.59297585,0.5735519,0.53291094,0.53340626,0.570077,0.59623337,0.57311213,0.5836891,0.5718451,0.57357657,0.53015614,0.56757396,0.5686261,0.5163512,0.5528964,0.5797976,0.5839646,0.5812657,0.57602865,0.56151557,0.5762079,0.58750254,0.529259,0.64750844,0.66160566,0.55804217,0.57828087,0.5252896,0.59309995,0.5841648,0.65836936,0.5396588,0.54586107,0.54324543,0.59811336,0.5840679,0.57783824,0.50597227,0.5199323,0.5334403,0.6408391,0.63782597,0.55923104,0.5897954,0.628099,0.5635071,0.5440952,0.57813406,0.58593345,0.646025,0.5827981,0.49580547,0.50787526,0.5264371,0.5717037,0.6094945,0.56753534,0.5207094,0.661087,0.6647559,0.54597944,0.55399936,0.58307654,0.5598553,0.5460854,0.5326654,0.5106033,0.5934958,0.5766119,0.5016302,0.5139207,0.5598364,0.5321978,0.6498092,0.6351408,0.5571722,0.5449926,0.5582183,0.4807486,0.5242591,0.5434937,0.52350354,0.56751835,0.49433225,0.48069906,0.54095745,0.5378401,0.51288426,0.5654799,0.5940801,0.65279436,0.6282805,0.66635907,0.6666245,0.66623867,0.5942649,0.50341505,0.51455176,0.56371117,0.58916736,0.5436382,0.5143318,0.5335727,0.50800943,0.47536072,0.51882666,0.60591066,0.5176893,0.53250015,0.56633526,0.6205093,0.62237567,0.5759548,0.64402217,0.56053185,0.61394435,0.56133294,0.60378134,0.5098268,0.5019465,0.6884898,0.6287294,0.53433496,0.65732116,0.66954666,0.61461693,0.54108477,0.58739644,0.58678955,0.524716,0.571126,0.57900053,0.4963201,0.49186736,0.5067005,0.47342777,0.48672545,0.5485029,0.54196817,0.49781376,0.52321815,0.54165167,0.55849296,0.50865984,0.5442771,0.54606414,0.51970583,0.5701862,0.6371139,0.5304281,0.5080953,0.5348725,0.5364525,0.5770336,0.5140888,0.53090173,0.5551346,0.52463573,0.5237084,0.5621902,0.57302773,0.55730855,0.5077139,0.5436382,0.52821594,0.5521627,0.5439976,0.5260181,0.5575078,0.5617639,0.5984648,0.6356423,0.49095562,0.46214387,0.54581785,0.62357324,0.6129271,0.56751573,0.6037194,0.63119453,0.5818801,0.546439,0.53872424,0.5318039,0.57588774,0.5478154,0.5242931,0.53348136,0.5641464,0.52836984,0.53333753,0.5350107,0.5354169,0.50928074,0.5452636,0.53710437,0.5306523,0.5474306,0.5389334,0.5191998,0.5121109,0.5469414,0.4828136,0.5896121,0.6026538,0.50880945,0.57426745,0.49000904,0.51750165,0.5545808,0.5653993,0.55318904,0.5370631,0.49834326,0.5446208,0.55988413,0.5480494,0.4876069,0.50201243,0.49055448,0.6112718,0.5765779,0.5326562,0.5938537,0.60498106,0.53791106,0.51381415,0.5655392,0.52506477,0.6056342,0.50844157,0.53218895,0.5185697,0.494668,0.54994905,0.5628042,0.51925755,0.52053726,0.6351803,0.66722006,0.59162265,0.57799673,0.5192527,0.54158866,0.584697,0.5824473,0.51996446,0.53932965,0.53915745,0.5467268,0.6128798,0.61074996,0.52547294,0.5310594,0.54968727,0.5435234,0.58740795,0.5630328,0.5331833
50,0.5409084,0.5677175,0.5927857,0.5500143,0.547917,0.544334,0.5212148,0.58093125,0.56904286,0.53651434,0.5213103,0.57081896,0.53908014,0.6866416,0.68202376,0.5478,0.543435,0.5723847,0.50940186,0.5040148,0.5461292,0.5387561,0.5790153,0.50263304,0.5373008,0.59810144,0.55173004,0.55222917,0.6207921,0.6491957,0.68130046,0.6491527,0.7063932,0.7099148,0.6810763,0.59029573,0.4790895,0.53308266,0.54240257,0.5575784,0.51832914,0.51009053,0.5310928,0.53984684,0.47168148,0.55157155,0.5897005,0.51254165,0.52945226,0.5933592,0.6080685,0.60169303,0.5580092,0.62206244,0.54510885,0.5943238,0.5786201,0.6470395,0.5617267,0.51503426,0.6682469,0.71880263,0.64772826,0.6938131,0.6806938,0.64602023,0.583274,0.66645837,0.62177783,0.5868193,0.6322291,0.6966143,0.60202426,0.6151432,0.54157686,0.5798791,0.5767294,0.59053314,0.5531358,0.6029353,0.5721599,0.6187441,0.62566215,0.52942365,0.60965997,0.5915634,0.5638728,0.5737386,0.6338733,0.53559786,0.5807704,0.5993097,0.54023296,0.6003421,0.5906521,0.55116224,0.64447016,0.670394,0.48208076,0.55729246,0.5612926,0.54910964,0.5303319,0.527892,0.4932479,0.55354667,0.54356205,0.5084419,0.5463795,0.5704849,0.62943196,0.6492222,0.45074865,0.4777363,0.5811816,0.59364295,0.622138,0.5705789,0.5830348,0.62415403,0.57894427,0.57125556,0.524809,0.5312191,0.5678208,0.5799288,0.55886734,0.57121736,0.57000446,0.58253664,0.5259431,0.5606283,0.58143187,0.5191425,0.5528401,0.5751415,0.5845525,0.57055104,0.567014,0.5404625,0.5575501,0.5675692,0.51301444,0.6682615,0.685645,0.5557729,0.5422892,0.5032125,0.610971,0.5828766,0.6707807,0.52833015,0.5307921,0.52788943,0.5911737,0.56716144,0.55606854,0.49815357,0.5078856,0.5165661,0.64104986,0.64034754,0.5389429,0.5843171,0.6243369,0.56521773,0.53193665,0.56526554,0.5764693,0.65303326,0.6168153,0.4939968,0.50393444,0.5243018,0.56919837,0.59144276,0.57551986,0.5166393,0.64830154,0.64365673,0.5340251,0.5315074,0.5659895,0.5450613,0.52967095,0.51799506,0.4968724,0.58165115,0.565333,0.48154256,0.49928257,0.54868054,0.51785916,0.64871824,0.6410434,0.5403498,0.5398518,0.5365746,0.468546,0.51775944,0.5229452,0.5087405,0.5414514,0.48765278,0.4585545,0.53573364,0.5200127,0.49581712,0.567144,0.5964689,0.64001006,0.6396613,0.6490191,0.67874837,0.66560626,0.58534646,0.48541966,0.49892032,0.5528308,0.57292354,0.524538,0.49533072,0.51090163,0.4810406,0.44766766,0.50188875,0.57311356,0.5036023,0.5074237,0.5622919,0.6033902,0.5975404,0.5649147,0.6171585,0.54193974,0.58265877,0.5407438,0.6036084,0.48891848,0.47311965,0.6682946,0.62933654,0.55200505,0.64196914,0.6561222,0.60134375,0.5488795,0.5851477,0.5667102,0.5319622,0.5569063,0.5917813,0.49444446,0.5078923,0.49492952,0.4880715,0.512181,0.53788036,0.5295114,0.49232617,0.52412295,0.5442479,0.5835097,0.4909559,0.57044154,0.524073,0.5246353,0.5613735,0.6238989,0.5322865,0.51515216,0.54582685,0.5380356,0.5746417,0.527171,0.5068458,0.57815474,0.5411388,0.5052882,0.5455028,0.55973995,0.54771453,0.49501616,0.5344785,0.51020336,0.5377199,0.5407234,0.50353336,0.54512674,0.55607796,0.59342474,0.6198906,0.46029502,0.4414206,0.51826286,0.5891224,0.5882718,0.57092863,0.5977316,0.6215987,0.56670934,0.54260945,0.52809435,0.5283227,0.569908,0.5350893,0.50733376,0.5188854,0.5536688,0.52212656,0.52569693,0.53034747,0.552274,0.5133712,0.54140884,0.5210893,0.52269995,0.5305563,0.5275245,0.49942166,0.49203742,0.5345492,0.47189313,0.6106709,0.63111264,0.50465155,0.534647,0.46816435,0.53401095,0.5526969,0.58511895,0.5405318,0.52240604,0.48546198,0.53003347,0.5396137,0.5173415,0.4810552,0.49129173,0.47944912,0.6161737,0.5795891,0.5155473,0.58848727,0.6016624,0.539498,0.4960903,0.5531974,0.5243874,0.6075324,0.5440012,0.5304518,0.51289636,0.49038208,0.54727924,0.5505122,0.53640103,0.5170431,0.6233609,0.65138197,0.58454084,0.5697059,0.5228286,0.53942937,0.5816962,0.5782164,0.51744,0.53695345,0.53855526,0.5438651,0.6076553,0.6040238,0.52605754,0.53159916,0.54049754,0.5348606,0.58355045,0.55899817,0.5305742
51,0.5244548,0.54513663,0.5692787,0.5302655,0.5287483,0.5303208,0.5078475,0.564752,0.55273074,0.52281916,0.50874496,0.5675616,0.5172815,0.67262083,0.6718702,0.5343384,0.5317975,0.55614513,0.49801886,0.49714163,0.52796847,0.52374774,0.5553014,0.50125414,0.53250676,0.593507,0.52871364,0.5480999,0.60590595,0.6419184,0.6606403,0.63683283,0.67950803,0.70465046,0.6593665,0.5728694,0.4519408,0.50937563,0.5226616,0.5351748,0.50254434,0.48078105,0.5061295,0.51147795,0.43924105,0.53097373,0.5540801,0.5032069,0.5076005,0.5767876,0.5865246,0.5708412,0.5445399,0.5889142,0.5231956,0.5629246,0.5600644,0.6420677,0.53359646,0.48582667,0.64714867,0.69412225,0.6568519,0.65747017,0.64942354,0.62626696,0.5858607,0.65328497,0.5955419,0.59113395,0.6218391,0.6860408,0.5919907,0.63755894,0.5480452,0.58193153,0.5948533,0.5804025,0.5594015,0.6076256,0.57132995,0.6306561,0.63819784,0.5067784,0.6160361,0.56173474,0.5563786,0.56643534,0.6347303,0.5420351,0.5762065,0.6043434,0.5429522,0.59569335,0.59585994,0.52624345,0.64977884,0.6555953,0.46421015,0.54123014,0.53753704,0.5349617,0.52281713,0.5238516,0.47742286,0.5401554,0.5404511,0.4853424,0.52630484,0.5608103,0.6160413,0.6254016,0.42232203,0.4596555,0.55354697,0.553028,0.594708,0.56304336,0.58220327,0.61250913,0.5595833,0.5671289,0.5180186,0.53317213,0.5668919,0.55986506,0.5440007,0.55790734,0.5652883,0.5849947,0.5209104,0.54808575,0.5891408,0.5213121,0.55117476,0.5688517,0.5799889,0.5586071,0.5573514,0.51733565,0.53390664,0.5424912,0.49359345,0.6803496,0.6989176,0.551088,0.50711274,0.47917312,0.62034464,0.57317954,0.6716443,0.5142348,0.5147607,0.5142061,0.58005923,0.5470018,0.53327554,0.49002337,0.49511343,0.50068355,0.6295032,0.6303319,0.52132386,0.57517517,0.61419654,0.56393117,0.5186613,0.5535234,0.56561226,0.65097946,0.6454348,0.4932971,0.5051703,0.52511257,0.5693146,0.56881005,0.5786622,0.5152749,0.6254592,0.6137591,0.5157186,0.5076035,0.545981,0.5255446,0.5087855,0.5007063,0.48458844,0.56729,0.5515888,0.46229666,0.4887851,0.5347833,0.49990728,0.63729346,0.6391308,0.52093196,0.5362564,0.5157759,0.45628276,0.5080561,0.5012474,0.4923075,0.5133011,0.4852059,0.43818122,0.5278781,0.49836162,0.48010698,0.5659226,0.5932861,0.6201409,0.64151716,0.6230432,0.6805358,0.65522057,0.5691422,0.46245518,0.4793873,0.53227895,0.5526334,0.50194705,0.4716625,0.48714203,0.4529217,0.4165967,0.48260948,0.5363412,0.48963964,0.48101917,0.5579509,0.5840395,0.56937015,0.55281585,0.5872904,0.51922643,0.552735,0.51575774,0.6004827,0.4656964,0.44377163,0.6375859,0.6250079,0.57191604,0.6183797,0.6367555,0.5874236,0.5549721,0.5798519,0.54451275,0.540357,0.5398187,0.6004995,0.49600756,0.52966726,0.4853511,0.50949496,0.5407337,0.53112024,0.52050877,0.49359956,0.529852,0.5482609,0.60689974,0.47172266,0.5946995,0.4965882,0.52964795,0.5535736,0.60145146,0.5340165,0.5226133,0.55915517,0.5400232,0.57122105,0.54192615,0.48291487,0.5996842,0.55725,0.48726884,0.5323313,0.54619193,0.5358347,0.48429567,0.52640665,0.49297637,0.52447623,0.53962827,0.48192012,0.5340171,0.548718,0.5877954,0.5986784,0.4313088,0.42560586,0.49609914,0.55672747,0.56498057,0.5716529,0.5873753,0.60725355,0.5491886,0.5392288,0.5186286,0.5285869,0.56580824,0.52059394,0.4914099,0.50736386,0.54242265,0.51626015,0.51853955,0.524878,0.5679127,0.51793414,0.5371617,0.50625515,0.5157948,0.51509655,0.5176166,0.4806379,0.47195163,0.5199118,0.4608375,0.6315382,0.6546714,0.50168616,0.49873054,0.44753063,0.54992765,0.54820454,0.60073316,0.5238217,0.5074056,0.47550565,0.5149211,0.5143381,0.48667598,0.47492737,0.4793901,0.47142616,0.6143379,0.57630414,0.50065887,0.58029264,0.59459734,0.53996354,0.48042497,0.54263103,0.5288726,0.60365915,0.5811388,0.52849853,0.51063985,0.49059847,0.5483999,0.537671,0.5529264,0.5148313,0.60508585,0.6264126,0.57329684,0.5586626,0.5263425,0.537211,0.57461405,0.57017195,0.5126971,0.5302779,0.5365156,0.5391568,0.59781593,0.5930055,0.5251722,0.5315523,0.53074086,0.52557653,0.57405114,0.5512747,0.5256628
52,0.50655466,0.52489394,0.5454288,0.5101723,0.51059604,0.5181238,0.4992255,0.5502372,0.53895503,0.5125228,0.50078857,0.5620636,0.49658385,0.65093035,0.6522156,0.52161235,0.52366775,0.54369026,0.489271,0.49078837,0.5117864,0.5130609,0.5329604,0.5040058,0.5278516,0.58434254,0.50235087,0.5448971,0.5819423,0.6259189,0.634561,0.615895,0.6457935,0.69059604,0.6299353,0.5527229,0.4278121,0.48557582,0.50062287,0.51632446,0.48772076,0.45347798,0.486219,0.48389587,0.40961224,0.51003236,0.52368003,0.49685597,0.49155658,0.561257,0.56827253,0.54525256,0.5339218,0.5606369,0.5032384,0.541736,0.5422477,0.6366763,0.50642717,0.45942682,0.62393063,0.6631667,0.66015977,0.616614,0.6162536,0.6076273,0.58154595,0.63250685,0.56758,0.5907538,0.60407037,0.66968197,0.5781167,0.65489954,0.5542705,0.58194023,0.60720694,0.57366866,0.5633431,0.6130168,0.5710455,0.6393713,0.64433306,0.48308474,0.61609656,0.528054,0.5456015,0.55895853,0.6278194,0.543564,0.5673891,0.60775495,0.5445532,0.5896731,0.5989161,0.5045002,0.6482998,0.6318829,0.45230266,0.53229904,0.5204302,0.5250889,0.5189817,0.5242399,0.46712762,0.53167707,0.5419873,0.46585426,0.51121366,0.5522822,0.6033556,0.60153747,0.4028977,0.44672227,0.5353427,0.5225144,0.5740742,0.5549182,0.5790637,0.60034424,0.54042274,0.5639338,0.51368743,0.5391168,0.5671206,0.5405796,0.5329884,0.5462154,0.55902654,0.5814397,0.5162512,0.53333414,0.59207904,0.52256745,0.54912174,0.5639716,0.5737222,0.5498594,0.5494687,0.4975675,0.51106536,0.51808333,0.47535557,0.6848236,0.702722,0.5469519,0.48243007,0.4592607,0.6208976,0.5577057,0.6626622,0.50061285,0.5014895,0.50541514,0.5681148,0.52791905,0.5155307,0.4836428,0.48414388,0.48882863,0.6098862,0.6106216,0.5107126,0.5652594,0.6012868,0.56089884,0.5086237,0.54670316,0.5577419,0.6425163,0.6661324,0.49321914,0.5117928,0.52927935,0.5722783,0.54647106,0.5773123,0.5170631,0.5992144,0.58315694,0.49664146,0.48801723,0.5274476,0.50626075,0.48877895,0.4852555,0.47645319,0.5548247,0.5396922,0.44830397,0.48549342,0.5203663,0.48241493,0.6195071,0.6312257,0.50362456,0.5362647,0.50046164,0.44720662,0.49786967,0.483694,0.47828662,0.48969176,0.48827112,0.42313647,0.5191379,0.47690162,0.46708867,0.5627413,0.58495826,0.5980089,0.6348939,0.5941006,0.6746116,0.6375843,0.55126035,0.4412467,0.46086988,0.5091793,0.5345491,0.4827334,0.4509339,0.46859223,0.4298337,0.3900147,0.4670294,0.5058676,0.4797326,0.4607717,0.55676514,0.56782883,0.5456287,0.54359263,0.5626296,0.49934402,0.53215986,0.49343464,0.5973777,0.44618827,0.420902,0.6035162,0.6180785,0.59095806,0.59145385,0.6173215,0.5790379,0.5576084,0.5721249,0.5244376,0.548305,0.52192026,0.60454565,0.49865988,0.55305976,0.47892752,0.5340684,0.5666078,0.53160423,0.51589406,0.5013033,0.539942,0.5544879,0.6246919,0.4537548,0.6127662,0.46837074,0.5341645,0.54881984,0.57405716,0.5349717,0.52861166,0.57385486,0.5423674,0.5691202,0.5563862,0.46550322,0.61627996,0.5688662,0.4742063,0.52625376,0.537646,0.526899,0.47910023,0.52226734,0.48183268,0.51696515,0.5413988,0.46572077,0.5281549,0.54224163,0.5845051,0.5779197,0.4107398,0.4183816,0.4859379,0.5362601,0.55115217,0.5703563,0.57647413,0.59277946,0.5341961,0.53788406,0.5107282,0.53266895,0.564186,0.50757027,0.48056433,0.4999559,0.53175056,0.51056826,0.51296294,0.5193155,0.5803382,0.5222764,0.5339607,0.4965702,0.5127383,0.50583553,0.5101513,0.46634176,0.45582482,0.50663954,0.4522887,0.64992785,0.67074406,0.5016998,0.47608808,0.43344668,0.56092036,0.5411302,0.6093402,0.50774175,0.4951285,0.47019827,0.5029547,0.49004364,0.46393874,0.47092894,0.46884686,0.46769205,0.605977,0.5673706,0.49187988,0.5720876,0.5859491,0.5394424,0.47055778,0.537819,0.5389196,0.5950185,0.612901,0.52674615,0.5132645,0.4954774,0.5527876,0.52570295,0.56586117,0.5143524,0.5853137,0.59950393,0.56121814,0.54826343,0.52903575,0.5355119,0.5663881,0.5613567,0.50678074,0.5211744,0.5341304,0.53418905,0.5869909,0.58156925,0.5230521,0.53128153,0.52352583,0.5186722,0.5626599,0.54274136,0.5200988
53,0.49349153,0.5111206,0.5270566,0.49574363,0.4987603,0.5110397,0.49657124,0.54113877,0.5316494,0.509774,0.50017965,0.5580159,0.48266068,0.6277428,0.628388,0.51235276,0.52120334,0.5378749,0.48548388,0.48564678,0.50107753,0.5095307,0.51649135,0.5099623,0.5255642,0.57607096,0.47895628,0.5428563,0.5560707,0.6050584,0.60882527,0.5917104,0.61129636,0.67246187,0.59990686,0.53609204,0.41382402,0.46831238,0.4835568,0.506209,0.47951612,0.43652967,0.47805092,0.4657717,0.39145842,0.4969173,0.5065945,0.49491316,0.48526967,0.5536315,0.55745506,0.5306201,0.5292942,0.54367805,0.4912579,0.53621215,0.53115386,0.63433015,0.48818046,0.44420376,0.6043176,0.6340195,0.6604571,0.58007234,0.5879615,0.59518224,0.5729287,0.60910815,0.5445049,0.5886811,0.5841553,0.6523167,0.5641432,0.6681924,0.5612413,0.5824045,0.6138342,0.5750802,0.5665961,0.62066936,0.5738019,0.64648086,0.64590794,0.4653933,0.612935,0.49953374,0.5352634,0.55282044,0.6159375,0.54041696,0.5573181,0.61072105,0.54560864,0.5852228,0.6029131,0.4926995,0.6434351,0.6053525,0.45003444,0.53232384,0.51408994,0.52259094,0.5197241,0.5282874,0.46524885,0.5316913,0.5469487,0.4560354,0.50634336,0.5473519,0.5960512,0.5834528,0.39775318,0.44315463,0.53223145,0.51070863,0.56762445,0.5489086,0.5750288,0.59150034,0.52696943,0.56364286,0.51243466,0.5466142,0.56749713,0.5259357,0.52910775,0.5374631,0.55384827,0.57427776,0.5130679,0.5195801,0.59147334,0.5229369,0.5476347,0.562689,0.5700463,0.5478926,0.5452238,0.48585188,0.49418822,0.5004963,0.4633972,0.6848796,0.7001597,0.5466144,0.47529796,0.4497626,0.6151635,0.5406991,0.6473214,0.4906408,0.49416634,0.50359166,0.55861443,0.51364315,0.5067918,0.47993866,0.4768163,0.48372912,0.58751774,0.58674675,0.50910246,0.55653775,0.5890624,0.55695873,0.50519174,0.5469739,0.5565218,0.63138247,0.678795,0.49411848,0.52146053,0.5352673,0.5761681,0.5278446,0.57278365,0.5207288,0.5780094,0.5599787,0.48329616,0.4769077,0.51457936,0.49285945,0.4751603,0.47564232,0.47429827,0.5479024,0.53322625,0.4433161,0.49041516,0.5092436,0.47021988,0.60059685,0.6203722,0.49238375,0.5398446,0.49353078,0.44398463,0.4900774,0.47379544,0.47013986,0.4757573,0.49564528,0.41637447,0.51305926,0.46026862,0.4576112,0.56061435,0.57251066,0.5783068,0.62190604,0.56639785,0.6641252,0.6158336,0.53766626,0.42849258,0.44911328,0.4914338,0.52383125,0.4728115,0.44037965,0.46145523,0.41828448,0.37630886,0.46230543,0.49007827,0.4766587,0.45213094,0.5616683,0.5586256,0.532092,0.54027754,0.5489194,0.48838463,0.525804,0.4799982,0.5965438,0.43655998,0.41111165,0.572658,0.610854,0.6065114,0.56635815,0.60090756,0.57824713,0.5561848,0.56217,0.50891095,0.5536747,0.50506,0.6036406,0.5003844,0.5739901,0.47614616,0.55682516,0.5849405,0.54111063,0.5155211,0.51399285,0.5519199,0.56317836,0.6352472,0.44114116,0.62277544,0.44595596,0.5377087,0.5462552,0.54765195,0.53442186,0.5325644,0.5878734,0.5447462,0.56892353,0.5695792,0.45997286,0.62676954,0.5739298,0.47028944,0.52898365,0.53692317,0.52502143,0.48058024,0.5227016,0.4800135,0.51818043,0.54493016,0.45927238,0.53014064,0.53848886,0.58542633,0.5621842,0.40383524,0.4218936,0.49100238,0.53300166,0.5518521,0.5678369,0.5686077,0.58213043,0.5259382,0.5392942,0.504503,0.5384994,0.5640457,0.49866235,0.4777463,0.49576607,0.52350694,0.50482184,0.5090319,0.5137984,0.5883236,0.5257267,0.53264105,0.4946917,0.5154323,0.50516176,0.50570923,0.45912522,0.446634,0.4986569,0.44928822,0.6648206,0.6791568,0.506322,0.47208655,0.43046883,0.565354,0.53169066,0.6099563,0.4966234,0.48844323,0.47018066,0.4969896,0.47235164,0.45402193,0.4697988,0.4618754,0.46905857,0.59242094,0.5557836,0.49111375,0.565092,0.5769824,0.5377137,0.4685501,0.5409192,0.55303717,0.58407396,0.6347102,0.5254081,0.5196251,0.50283533,0.55778503,0.51437974,0.5735276,0.515177,0.5695082,0.5772044,0.5512274,0.54116243,0.5303095,0.5344106,0.56019276,0.5548357,0.5015763,0.5126321,0.5322725,0.5303603,0.5784587,0.5731921,0.52051336,0.53112286,0.5211868,0.5164485,0.5534517,0.5363292,0.5158313
54,0.4898377,0.50561696,0.518091,0.49137583,0.4967432,0.5106899,0.49994802,0.53899825,0.53238904,0.51694316,0.507828,0.5592393,0.47921956,0.60844696,0.60607934,0.5075649,0.5249914,0.5393138,0.4873463,0.4817099,0.49731275,0.5139634,0.50787324,0.51726586,0.5283974,0.57448655,0.46362746,0.5416984,0.5362592,0.5827574,0.5866137,0.5690612,0.5791672,0.6537851,0.5751066,0.527119,0.41438732,0.4624602,0.47667202,0.5070938,0.48167086,0.435518,0.48563316,0.46377128,0.39128578,0.49868762,0.50720406,0.49718577,0.48966742,0.5591754,0.55554944,0.52908725,0.5316951,0.540759,0.49084398,0.5474661,0.5305966,0.6365239,0.4839464,0.44579375,0.59099627,0.61278516,0.66072935,0.55315566,0.5669394,0.5898573,0.5634445,0.58716494,0.53025305,0.58827466,0.56711656,0.63656336,0.55381566,0.67938775,0.5704505,0.58581185,0.6161862,0.5874602,0.5715293,0.63150585,0.58127904,0.6539846,0.64553523,0.4600586,0.6109107,0.48400354,0.5290809,0.54808617,0.60272384,0.53455055,0.549519,0.6134423,0.54682827,0.5842726,0.61096364,0.49521393,0.6388789,0.58250743,0.4592517,0.540783,0.5195334,0.5281032,0.52480805,0.5340974,0.47299078,0.5414955,0.5531331,0.4601626,0.51446605,0.54691803,0.59715074,0.57409316,0.40968883,0.4513217,0.54595435,0.5211108,0.57902926,0.54647297,0.57078874,0.5875931,0.5222025,0.56667995,0.5143768,0.5528657,0.56712294,0.5171932,0.53317624,0.5318545,0.5527033,0.56690323,0.51209104,0.5088538,0.58882105,0.52285093,0.5470825,0.5658322,0.5725159,0.5543271,0.5455491,0.4851125,0.48612905,0.49367577,0.46142954,0.6845147,0.69489706,0.55239797,0.4890074,0.45522624,0.6073299,0.5263033,0.6292055,0.4864167,0.49448118,0.50935584,0.5527897,0.5061983,0.5085164,0.47873226,0.47389758,0.48695505,0.5674753,0.5645903,0.51613927,0.5493496,0.5795951,0.55237955,0.5100921,0.55432814,0.56366843,0.62121075,0.685366,0.4969391,0.53115106,0.5409996,0.5785841,0.51376337,0.5667754,0.5243968,0.5683856,0.5491709,0.48025206,0.47619385,0.5098965,0.48939317,0.4716302,0.4742485,0.47892132,0.5479719,0.5336002,0.4493092,0.5026815,0.50471914,0.4667745,0.5849803,0.6097494,0.4891452,0.5455453,0.4957233,0.44788766,0.4863396,0.47265026,0.46976423,0.47373658,0.50514764,0.41982526,0.5130289,0.45173872,0.4522225,0.56302124,0.55671173,0.5629911,0.6046173,0.5404039,0.6512321,0.59228534,0.5321001,0.42845756,0.4485818,0.4845265,0.52306926,0.47546887,0.44498605,0.46955648,0.4228231,0.3815627,0.47403818,0.49353746,0.48134106,0.4576104,0.5743315,0.55774313,0.5311867,0.5437686,0.5483748,0.48981678,0.5346808,0.47885665,0.5986782,0.4407036,0.41846827,0.5480579,0.60477006,0.61722946,0.546084,0.58644336,0.58268476,0.55125725,0.5493497,0.49776793,0.55460703,0.49034682,0.5975234,0.500088,0.5900539,0.4768269,0.57351047,0.59347546,0.5597622,0.5188637,0.5299645,0.5626742,0.57396734,0.63934636,0.43773025,0.6254073,0.43487003,0.54009867,0.5430337,0.5279559,0.5321306,0.5354007,0.59895325,0.54692787,0.56958634,0.5817014,0.4694064,0.63196427,0.5725807,0.4778384,0.5401756,0.5443663,0.53194386,0.48850718,0.52685493,0.48902285,0.5288515,0.5486115,0.4652997,0.54052746,0.5380608,0.5911626,0.55322987,0.41327265,0.43665126,0.51143473,0.54745245,0.5684556,0.5643525,0.56560844,0.5769698,0.5262588,0.5430684,0.4997898,0.5438172,0.56376684,0.49468273,0.48383543,0.4926055,0.5194166,0.4991737,0.50582016,0.5076876,0.5914712,0.5278311,0.5331026,0.5013896,0.52469623,0.5130451,0.5045019,0.46035314,0.44562364,0.4986313,0.45427364,0.67662275,0.68155384,0.51653737,0.48813775,0.4415651,0.56417674,0.5198325,0.6030349,0.49282137,0.48910806,0.47535604,0.4976029,0.46452257,0.45865375,0.47145858,0.45954752,0.4757859,0.57530034,0.5449497,0.4982108,0.55864906,0.5675488,0.5342768,0.47486168,0.5519458,0.5688343,0.5738597,0.6453664,0.52457845,0.5276503,0.5100257,0.5605446,0.50188786,0.5756478,0.5167424,0.56149375,0.5628676,0.5446162,0.53834647,0.5296218,0.53340113,0.5583164,0.5526786,0.4989211,0.5074893,0.5313255,0.528417,0.5737524,0.56946653,0.51853,0.53123,0.52478534,0.5199471,0.5492677,0.5339097,0.5142715
55,0.4968179,0.5080433,0.5189283,0.49817812,0.50508493,0.5167967,0.50852376,0.5425129,0.53974694,0.533658,0.5224025,0.5673151,0.48665333,0.5957395,0.5894472,0.5067776,0.53427863,0.5464843,0.494149,0.47891214,0.499777,0.52501947,0.5064968,0.5239901,0.5378346,0.58232814,0.45865393,0.5412191,0.52771795,0.56136805,0.567479,0.5506503,0.5490504,0.63640064,0.5582974,0.5263548,0.43023,0.46928573,0.48169464,0.5179339,0.49483317,0.4524163,0.5084992,0.47978812,0.41147172,0.51796186,0.52547836,0.5024087,0.50310355,0.5791334,0.5611781,0.53955567,0.53954387,0.5510139,0.502233,0.57223594,0.54073983,0.64235425,0.49407506,0.46485275,0.5829567,0.600839,0.6630294,0.5355855,0.55108464,0.58909005,0.5564906,0.56857026,0.5251337,0.59214175,0.5561219,0.6224887,0.5493228,0.69023776,0.5831013,0.59393,0.61684006,0.6100561,0.58027047,0.644899,0.59406126,0.663127,0.6454922,0.47002792,0.61352247,0.48454797,0.52950084,0.54429334,0.5916473,0.5293405,0.5465527,0.61526227,0.54879117,0.5872086,0.62488633,0.512554,0.63731366,0.5671726,0.4789424,0.5549162,0.53516287,0.5396126,0.5331411,0.5394738,0.49026576,0.559485,0.55859125,0.47854245,0.5345439,0.5504894,0.60669875,0.5724849,0.43818054,0.47087425,0.573889,0.5517495,0.60699534,0.5474802,0.5659508,0.58762383,0.5255367,0.571991,0.5190569,0.5559236,0.56547374,0.512803,0.5431788,0.5288534,0.5573438,0.56264365,0.51357806,0.5020677,0.5858954,0.5231379,0.5473265,0.57272094,0.58273196,0.5683423,0.55016375,0.49609387,0.4872475,0.4977554,0.47036976,0.68692577,0.69041157,0.5649556,0.5223907,0.47673512,0.6016321,0.51745564,0.61113244,0.48834115,0.5021198,0.521488,0.54954463,0.50562733,0.5201196,0.47948706,0.47520858,0.49794886,0.5533356,0.5481918,0.52939487,0.5427471,0.573189,0.5473167,0.5229444,0.5663898,0.5780766,0.6146414,0.688793,0.5022983,0.5384289,0.54474014,0.57785225,0.50317895,0.56112504,0.52668893,0.5717121,0.5504604,0.488538,0.48568785,0.51292753,0.49665123,0.47885442,0.4813096,0.48963854,0.55364686,0.5393941,0.46571285,0.5199175,0.5076248,0.47261798,0.57475936,0.6016068,0.49337184,0.55160975,0.50563943,0.4585365,0.48682088,0.47915584,0.47681597,0.48275357,0.514736,0.43394262,0.52020645,0.4521657,0.4511002,0.57197195,0.53825146,0.5507798,0.584704,0.5138622,0.6367821,0.56795335,0.5346893,0.4419166,0.460824,0.489915,0.53167254,0.49067894,0.46654993,0.49280098,0.44447425,0.40805107,0.5036807,0.51633567,0.4927629,0.47675028,0.59433556,0.56367946,0.54191506,0.5523098,0.5600877,0.5038037,0.55624425,0.48991233,0.60292095,0.45863116,0.44318503,0.5287535,0.5998707,0.62317437,0.53046054,0.57040936,0.5877747,0.54430634,0.53301454,0.48909104,0.5504333,0.47798347,0.58647376,0.49782914,0.60094774,0.480196,0.58215225,0.5931347,0.5857949,0.52517986,0.54737514,0.57009155,0.5857681,0.63930076,0.4454154,0.6232737,0.43723387,0.54152757,0.536434,0.51822394,0.5289755,0.5388869,0.60557586,0.5489487,0.5693272,0.59379774,0.49382773,0.6338157,0.56657183,0.49604142,0.5571661,0.558383,0.5464088,0.5018258,0.53312147,0.50883776,0.5469973,0.5511511,0.48353657,0.55729216,0.5403253,0.6007322,0.5497227,0.43851647,0.46123022,0.54428816,0.57626975,0.5986003,0.559734,0.5669439,0.57620436,0.53398675,0.54796386,0.4960444,0.5471846,0.5618838,0.4945734,0.4970574,0.48827362,0.520186,0.49439457,0.50212353,0.50006133,0.5905788,0.5286643,0.5344925,0.515543,0.54033357,0.5275482,0.5062436,0.47010878,0.45240152,0.50654465,0.46832085,0.68643963,0.68063825,0.53226227,0.5219161,0.46725103,0.5598633,0.5057303,0.59025747,0.49599284,0.4968563,0.48467132,0.50303924,0.46690977,0.4771044,0.4755582,0.46175343,0.4869933,0.55631363,0.53693897,0.51111037,0.5511208,0.55663115,0.52891636,0.48821428,0.5686476,0.58399385,0.56684244,0.64654875,0.52439106,0.5354015,0.51510286,0.5594224,0.48629105,0.5733491,0.51879746,0.5618336,0.5557881,0.54085755,0.5391436,0.52668923,0.53173435,0.5613626,0.5553817,0.49992234,0.50742716,0.5312553,0.52844167,0.5722899,0.5696292,0.51788515,0.5315885,0.53391343,0.5288117,0.55073714,0.5357443,0.51583564
56,0.51244134,0.5165207,0.5265806,0.5139104,0.5214496,0.52752495,0.5204811,0.54833657,0.5500595,0.5566609,0.5405554,0.5809029,0.50217164,0.5896031,0.5804523,0.50875956,0.54718643,0.5563274,0.5043203,0.47754028,0.50612336,0.53944224,0.50997573,0.5285246,0.55297476,0.5980986,0.46346617,0.541412,0.53133833,0.542514,0.54900956,0.53720105,0.5193221,0.62126315,0.5492773,0.5314726,0.45855635,0.48632866,0.49733847,0.5350478,0.5167195,0.48550025,0.54160523,0.5102873,0.44942263,0.551472,0.55693007,0.5088054,0.5218356,0.6098938,0.57093656,0.55843395,0.5493366,0.5706594,0.52267784,0.60358644,0.5582405,0.64925075,0.51441914,0.49685678,0.5767308,0.5950039,0.6678568,0.5229241,0.53604466,0.58876586,0.55449104,0.55331075,0.52640206,0.6011875,0.55193365,0.60869986,0.55053085,0.70149654,0.5991577,0.6068747,0.6186278,0.63825846,0.5936769,0.65865254,0.6112565,0.6736726,0.6470439,0.49360445,0.62190384,0.4987337,0.53683805,0.5410204,0.5849807,0.528298,0.54890335,0.6151892,0.55172,0.59272283,0.6443644,0.5409527,0.63978463,0.5593686,0.50515294,0.5702579,0.5574037,0.55315685,0.5427809,0.5423688,0.51562035,0.58131576,0.561987,0.50697374,0.5615438,0.5565749,0.62136775,0.5744836,0.47874138,0.4983957,0.6092013,0.5950839,0.6449616,0.5505817,0.5595748,0.5889162,0.5335617,0.5777529,0.52542526,0.5548605,0.56222254,0.50960416,0.55508775,0.5275489,0.567444,0.56375754,0.5172967,0.49936423,0.58468145,0.5247219,0.5479662,0.5814609,0.5998975,0.58690053,0.5575543,0.5171165,0.4960149,0.5093301,0.4881797,0.6935027,0.68955934,0.583081,0.5690899,0.510916,0.6009222,0.5154505,0.5951855,0.49518967,0.5146835,0.53687745,0.54660994,0.51030946,0.53912073,0.48179677,0.47986922,0.51367193,0.5467604,0.5389838,0.54488444,0.5353496,0.5687277,0.5422343,0.5412225,0.5790466,0.59598714,0.6128293,0.69179416,0.50996447,0.5416824,0.5453635,0.57325214,0.4944863,0.55750775,0.52709055,0.5839629,0.5589361,0.5057859,0.5031342,0.52031326,0.5120582,0.4944983,0.49495178,0.50404143,0.56149745,0.54717004,0.48928183,0.5386503,0.51614213,0.4853573,0.5698807,0.5970931,0.50254226,0.55656224,0.5199639,0.47400615,0.4906332,0.490403,0.4885893,0.49924785,0.5226864,0.4571,0.5330025,0.46007136,0.45376754,0.58694005,0.5184391,0.53883463,0.5640125,0.48483884,0.6213934,0.5435133,0.5427748,0.46639535,0.48393574,0.50567794,0.546444,0.51535237,0.5032059,0.5268736,0.47994816,0.45325726,0.54687804,0.55378807,0.50820166,0.50600374,0.61881244,0.57294047,0.5605662,0.56225085,0.5806582,0.5275129,0.5848643,0.5098761,0.60745543,0.48631388,0.48097694,0.5116298,0.59502727,0.62536466,0.5171277,0.54972684,0.58928376,0.5372714,0.5135854,0.48056158,0.5420231,0.4674091,0.5719576,0.49459732,0.60770255,0.4851815,0.583234,0.5872687,0.61529243,0.5333526,0.5640729,0.5736887,0.596853,0.63783455,0.46307454,0.61986196,0.45103216,0.54229176,0.5253237,0.51793617,0.5266327,0.54448897,0.60740745,0.55094373,0.56644535,0.6070969,0.52949053,0.6346215,0.5584495,0.52089024,0.57534957,0.576084,0.5647615,0.5185078,0.5396075,0.5375405,0.56820375,0.55170053,0.5101519,0.576005,0.54384553,0.6114296,0.54811543,0.4753752,0.49197197,0.5832934,0.6127403,0.6361378,0.55396426,0.5703199,0.576926,0.5454843,0.55239964,0.49246365,0.54790866,0.5574212,0.49611142,0.51329154,0.4816098,0.52506363,0.4915325,0.49721697,0.49039966,0.5876848,0.5288604,0.53561485,0.53428984,0.5609382,0.5451543,0.5100815,0.48693565,0.46527973,0.51956564,0.49049118,0.69522583,0.6795586,0.55202717,0.5667396,0.50449723,0.5552348,0.4904686,0.57452506,0.5036399,0.50913876,0.4958282,0.51014936,0.47742155,0.5061069,0.48164463,0.46752852,0.5003111,0.53762656,0.5322858,0.5261739,0.5410934,0.5433735,0.5221346,0.5055918,0.58700293,0.5965968,0.5639923,0.6416724,0.5249769,0.5411407,0.51703525,0.5541896,0.46708742,0.5688812,0.52125704,0.56772715,0.5523321,0.5384115,0.5419056,0.52184105,0.52890736,0.5681521,0.5618285,0.50464326,0.51256764,0.5318187,0.5300964,0.57213086,0.57134175,0.5190429,0.53212523,0.54678494,0.5414702,0.5564638,0.5407479,0.520014
57,0.53257996,0.5281817,0.5364033,0.5340806,0.5415244,0.54003984,0.5330204,0.55290645,0.55916965,0.5808291,0.5580933,0.59717864,0.52097374,0.5883229,0.5790587,0.51196986,0.5606439,0.56533855,0.51561594,0.47785202,0.51321757,0.55303735,0.51541275,0.5297375,0.5711059,0.6176852,0.47537938,0.542396,0.54438865,0.52771074,0.5293412,0.52843285,0.48949078,0.6091586,0.54593736,0.5392904,0.4936667,0.5085931,0.52033836,0.55347705,0.5431157,0.52898496,0.57708967,0.5475807,0.49735263,0.591201,0.5932752,0.51430494,0.5405615,0.64425546,0.5807207,0.58027774,0.5573153,0.5936343,0.5474584,0.6329923,0.57798344,0.6544495,0.5381913,0.5336881,0.56857634,0.5901183,0.6743967,0.50979745,0.51796615,0.5850591,0.5582601,0.5406135,0.5298093,0.6143659,0.55332196,0.5939623,0.5555939,0.7128975,0.61720574,0.6227625,0.62344337,0.66558754,0.61108696,0.67015165,0.6304507,0.68428564,0.65056616,0.5249246,0.634779,0.52019656,0.5493964,0.53796595,0.58330375,0.5334232,0.5550117,0.6125747,0.55540013,0.59837943,0.6669415,0.57334864,0.64591944,0.55666924,0.532244,0.58203906,0.58123785,0.5644276,0.5512341,0.541386,0.5456556,0.60142076,0.56260335,0.53831226,0.58826333,0.56302005,0.63575894,0.5748265,0.52338034,0.5281657,0.64273155,0.63960844,0.68302655,0.55382144,0.551134,0.5887256,0.54187596,0.58219886,0.53230816,0.54965854,0.55755085,0.50450146,0.5644666,0.52709347,0.5810904,0.57078886,0.5225931,0.50025386,0.5866755,0.5281176,0.548543,0.5895351,0.6211258,0.60560936,0.5656108,0.544058,0.509628,0.5231213,0.51058686,0.70382595,0.6939755,0.60374534,0.6184338,0.55046564,0.6060422,0.5200405,0.5830332,0.5045552,0.5283136,0.5512642,0.54197913,0.5175897,0.5610149,0.4850768,0.486392,0.5293618,0.54755026,0.53621316,0.55809414,0.5262246,0.56450564,0.5377002,0.5609065,0.58803964,0.61256003,0.615436,0.69613254,0.5191546,0.5401392,0.5424749,0.5650663,0.48643667,0.556999,0.52578014,0.5983493,0.5677609,0.52737844,0.52426594,0.527629,0.5308949,0.51415014,0.51161516,0.51852465,0.5679066,0.5533356,0.51491696,0.5551138,0.52743465,0.5008279,0.5691041,0.5965531,0.5130437,0.55904573,0.53434354,0.49097463,0.4961907,0.50235635,0.50088197,0.51807064,0.52736163,0.48528245,0.54836756,0.47249222,0.4590892,0.605385,0.49976742,0.5250729,0.54507595,0.45408818,0.60645044,0.5204412,0.5530095,0.4969332,0.51299477,0.5280223,0.562881,0.5442343,0.5489003,0.56444395,0.5218562,0.5090163,0.594183,0.5968395,0.52369887,0.53872323,0.6430948,0.5815625,0.58170754,0.569834,0.6045522,0.55590004,0.61310166,0.5333937,0.6103717,0.51700836,0.52357244,0.49374923,0.58889794,0.62529576,0.5035104,0.5237068,0.5847504,0.5320728,0.49306926,0.4706449,0.531564,0.45801654,0.5566965,0.49196804,0.61179096,0.49096608,0.5789974,0.58031046,0.6429713,0.54206896,0.5778698,0.57419944,0.6054236,0.63737595,0.48666084,0.6184886,0.47107902,0.5426644,0.5104883,0.52347016,0.52662665,0.5525632,0.6051463,0.5528649,0.55998194,0.6221803,0.56904364,0.6364668,0.5510586,0.5466954,0.5898175,0.5938618,0.5826038,0.5354118,0.5444951,0.5707389,0.58711094,0.5498632,0.5387731,0.59151083,0.54696137,0.6196953,0.5444104,0.5163792,0.5234348,0.6199648,0.64791906,0.6724597,0.5475562,0.5730654,0.5761811,0.556205,0.55498254,0.48872837,0.5456929,0.55033517,0.49682665,0.5274648,0.4730038,0.5323961,0.49125952,0.4912288,0.47910854,0.5853512,0.5292903,0.5354353,0.55350727,0.58374894,0.5612622,0.5149526,0.50780433,0.4815361,0.53337896,0.5174271,0.70349693,0.68111444,0.57282865,0.6122432,0.54650325,0.55280435,0.4761997,0.55966276,0.5123723,0.52193564,0.50567806,0.5156479,0.4923218,0.53939277,0.48868105,0.47533458,0.5123682,0.5219763,0.53075784,0.5390911,0.5281854,0.5278928,0.51500267,0.5229454,0.60263425,0.60522425,0.5648208,0.63494587,0.5262602,0.5432884,0.5154242,0.5457285,0.44584346,0.56481665,0.5238264,0.5745877,0.54806215,0.5357176,0.5448197,0.51620954,0.5250176,0.57638335,0.5698486,0.51218104,0.5216337,0.5326823,0.53279644,0.571259,0.5721477,0.5220991,0.5327695,0.56063485,0.5554834,0.56395626,0.54711956,0.5257056
58,0.5521804,0.53957003,0.5441649,0.5533811,0.56016624,0.55100983,0.54276997,0.55412513,0.5640626,0.6010638,0.5714545,0.6136435,0.5377715,0.58940834,0.5834135,0.51465577,0.57068855,0.57086337,0.52508265,0.47925767,0.5179377,0.562046,0.52045673,0.527014,0.5891868,0.63665074,0.49051803,0.54430205,0.5620752,0.5184254,0.5087761,0.52344126,0.4612357,0.60041654,0.5453463,0.54729486,0.52811676,0.53025556,0.54594785,0.56840694,0.568778,0.5733249,0.6072591,0.5826418,0.5441442,0.62783426,0.624802,0.516894,0.5539668,0.674278,0.5868978,0.59874666,0.56109536,0.6128352,0.57094586,0.6535146,0.59514683,0.65616244,0.5584846,0.5665326,0.55652374,0.5816702,0.6808134,0.49296072,0.49577275,0.5758581,0.56654525,0.5297375,0.5313901,0.6287458,0.5575352,0.57817316,0.56213504,0.72337234,0.63503176,0.6381425,0.6310462,0.6866843,0.6304741,0.6776474,0.6483303,0.6934139,0.65571696,0.5560322,0.64915943,0.54129076,0.56428075,0.53503066,0.5854254,0.5440029,0.5621307,0.60753685,0.5592239,0.60159147,0.6887467,0.6018885,0.6541761,0.555993,0.5549139,0.5870432,0.6009128,0.57036895,0.5560856,0.536155,0.57470274,0.6152104,0.5602823,0.565368,0.608379,0.56751114,0.64456177,0.5694037,0.5631044,0.5540081,0.6664927,0.67430955,0.7121337,0.55529326,0.54119235,0.5855317,0.5468973,0.5841788,0.5390974,0.5410406,0.5526324,0.49597362,0.56804115,0.52717763,0.5959133,0.5821808,0.52854794,0.50344336,0.59175605,0.5329919,0.548705,0.5946826,0.6422652,0.6200054,0.57252824,0.57107496,0.5244308,0.53407747,0.53226787,0.7160821,0.70310766,0.6225672,0.6593414,0.58675015,0.61560065,0.5296099,0.57566416,0.51343715,0.53894603,0.5605757,0.534827,0.52449745,0.579898,0.48790753,0.4926938,0.5401479,0.5537527,0.5375953,0.56533015,0.5155603,0.5591058,0.53391355,0.5776649,0.5907408,0.62394094,0.6209993,0.7020596,0.528986,0.5339591,0.5362651,0.5546319,0.4786756,0.5593948,0.52329934,0.60846364,0.5711932,0.5478779,0.54362965,0.5316023,0.54800975,0.5325731,0.5267419,0.5292498,0.57072824,0.5556883,0.537349,0.56640536,0.5395573,0.5146208,0.5706924,0.59953094,0.52109164,0.55762655,0.5449218,0.50509644,0.5012412,0.51090497,0.509524,0.5340865,0.52722883,0.5128936,0.5636045,0.48616263,0.46574947,0.6240801,0.48566592,0.50975305,0.5304379,0.4254703,0.59383994,0.5011086,0.5628108,0.5270346,0.54131,0.5521105,0.5764545,0.5710653,0.5939269,0.5977306,0.56086665,0.5630631,0.63502085,0.634603,0.53504854,0.5665761,0.66223264,0.5863852,0.59933347,0.57285595,0.62495756,0.58271366,0.6342111,0.5547196,0.61033154,0.5437097,0.56135267,0.47394508,0.58067065,0.62435025,0.4885201,0.49475145,0.5740595,0.5299651,0.47462347,0.45942596,0.52185434,0.45016038,0.54375887,0.49165472,0.6145741,0.49771345,0.57248354,0.5760465,0.6641526,0.5504838,0.5873225,0.57297945,0.61049837,0.63941574,0.5105446,0.6209935,0.49117437,0.5430656,0.49448356,0.53025967,0.529454,0.56205666,0.6001688,0.55438894,0.5502636,0.6383099,0.6037156,0.64055556,0.54682076,0.56832063,0.5974443,0.60776746,0.59622526,0.5486538,0.5462395,0.6017037,0.5995264,0.5456844,0.56294733,0.6003058,0.5483766,0.6225442,0.5361814,0.5529131,0.5498917,0.6465204,0.67346144,0.699659,0.5414392,0.573291,0.5724452,0.5624904,0.55504155,0.48592257,0.5403688,0.5419914,0.49488875,0.5353511,0.46453956,0.54082304,0.493546,0.48518905,0.46770665,0.58539903,0.5305804,0.53359383,0.5691649,0.60519266,0.5713519,0.52035373,0.5288663,0.49775675,0.54405296,0.5438088,0.71134394,0.68659514,0.590549,0.6479704,0.58466756,0.5542394,0.46559975,0.5493136,0.5191157,0.53131366,0.511202,0.517282,0.5070759,0.56866634,0.49453574,0.48315063,0.51994705,0.5120083,0.5319036,0.54613733,0.51337284,0.5115616,0.508738,0.5364917,0.6123266,0.6093222,0.56801677,0.6301789,0.52792424,0.5406648,0.51009077,0.535635,0.42588997,0.562809,0.5258325,0.578185,0.5397333,0.5319274,0.54654604,0.5115577,0.5209229,0.58355606,0.5770575,0.5210169,0.53241116,0.53343844,0.5357275,0.5685646,0.57062346,0.5266506,0.5333935,0.5724082,0.5680154,0.5705144,0.5528637,0.53152186
59,0.5663698,0.5474256,0.54726404,0.56703997,0.5727388,0.5573973,0.54681414,0.55193925,0.56364846,0.6137476,0.5785323,0.6285114,0.54818666,0.59049654,0.5904296,0.51517576,0.57399285,0.57202256,0.5297094,0.48039547,0.5181883,0.5643384,0.5238175,0.5203969,0.6047413,0.65130407,0.50471413,0.5472633,0.57855546,0.51560694,0.48986316,0.520719,0.4382461,0.5948542,0.54492533,0.5539526,0.5545951,0.54612297,0.5685688,0.57643586,0.5883034,0.6081481,0.62672216,0.607792,0.5792597,0.6538876,0.64403087,0.5154598,0.5587625,0.69395363,0.5873886,0.6086542,0.560298,0.6225983,0.58788514,0.6618659,0.6064695,0.6539695,0.5701421,0.5883955,0.5413246,0.56730866,0.6844758,0.47276458,0.4722703,0.5620893,0.5762987,0.5202045,0.52901554,0.6403418,0.5610776,0.5626601,0.56799287,0.7313076,0.65050024,0.6492608,0.6390809,0.6987072,0.6489492,0.6806893,0.662027,0.7000054,0.6613064,0.57943946,0.6609793,0.55540794,0.57847136,0.53278863,0.58866376,0.5568471,0.5672814,0.6009803,0.5623729,0.6005554,0.7057343,0.6204557,0.66182435,0.5542451,0.56955856,0.5847322,0.611619,0.57001245,0.55588627,0.5275277,0.5963282,0.62045825,0.5556218,0.58286726,0.6183274,0.56851435,0.6440656,0.55675024,0.59084857,0.5710919,0.67630744,0.6927651,0.72726655,0.5538634,0.53128314,0.5794744,0.54669774,0.58352846,0.54609,0.5304378,0.54947114,0.48464552,0.56466067,0.52844054,0.6099185,0.59471995,0.53437483,0.50731426,0.59797746,0.5381973,0.5484229,0.59594774,0.6592407,0.626945,0.57737815,0.5923027,0.5367734,0.53885585,0.54815173,0.72752506,0.71406215,0.635099,0.68458694,0.61281717,0.6261014,0.5415915,0.5728317,0.51908773,0.54356134,0.5622429,0.52560747,0.5287341,0.59062594,0.48842,0.49661475,0.54264075,0.56234664,0.53998345,0.5649725,0.5047873,0.55196714,0.5307795,0.5881346,0.5870496,0.62825024,0.6275189,0.70812136,0.5385668,0.52434283,0.52743936,0.54426867,0.47239703,0.56292796,0.52042973,0.60994655,0.5662649,0.5623253,0.5564301,0.53114325,0.5592185,0.54509753,0.536015,0.5332287,0.5697592,0.55382574,0.55263716,0.57136536,0.5517765,0.52329934,0.5729113,0.6047815,0.5238259,0.551608,0.5497695,0.5122989,0.50337577,0.51334924,0.51184684,0.54371756,0.52158725,0.53449225,0.5770166,0.4984344,0.4728651,0.6397258,0.4794182,0.4954313,0.52152574,0.40484896,0.58520955,0.48818195,0.5704955,0.5501564,0.5622438,0.5726144,0.5837713,0.5900251,0.6282252,0.6207531,0.588814,0.60365874,0.66173625,0.65856844,0.5392888,0.58260924,0.6726052,0.585882,0.60861564,0.5711601,0.63608366,0.6020093,0.644389,0.5692956,0.6068268,0.56117654,0.5865949,0.45335045,0.570053,0.62313503,0.4729137,0.46815562,0.56005615,0.53085613,0.46146294,0.4488749,0.5155438,0.44549522,0.53539485,0.4948828,0.61699957,0.5067552,0.5668656,0.5762528,0.67624116,0.5587647,0.5923163,0.5719771,0.6123885,0.64380866,0.5291457,0.62661237,0.5059932,0.5441156,0.48147795,0.5342171,0.5343141,0.57061636,0.59444666,0.55521715,0.5392214,0.6534217,0.626401,0.6464284,0.54655355,0.5824609,0.5978628,0.6144224,0.60328585,0.5549149,0.54395974,0.6234415,0.6036888,0.53979146,0.5780904,0.6014771,0.54771066,0.61831987,0.52369136,0.5780772,0.56707305,0.6586475,0.6845235,0.71320546,0.5365355,0.5702857,0.56600887,0.5625556,0.55303985,0.4865055,0.53217363,0.5351727,0.48960203,0.5348449,0.45977986,0.5499745,0.49806648,0.48088765,0.45846343,0.5881555,0.5328177,0.5306379,0.57895064,0.62207484,0.57274973,0.52678144,0.54666126,0.51074654,0.54922557,0.56387985,0.7182375,0.69507885,0.60127056,0.6674412,0.6117518,0.5594942,0.46101117,0.54549956,0.5219184,0.5347913,0.5107023,0.5143827,0.51764643,0.58682096,0.496793,0.48883513,0.5211529,0.5096146,0.53499234,0.5454024,0.4989871,0.49680334,0.5044346,0.5439493,0.614789,0.6094964,0.5716609,0.6293217,0.5296502,0.53308344,0.50131965,0.5260354,0.41148084,0.5628718,0.52657026,0.57580966,0.5263792,0.52721405,0.5465035,0.50976086,0.51814526,0.5876613,0.5814536,0.5293891,0.5423267,0.5336917,0.5379695,0.56414497,0.566677,0.53170985,0.53375053,0.57965124,0.5765376,0.57393867,0.55628026,0.53605926
60,0.57174885,0.55008084,0.5452855,0.57208604,0.57650477,0.55761087,0.54405046,0.5480029,0.55883217,0.61732864,0.5788643,0.64049983,0.5499685,0.5904163,0.5972083,0.5129114,0.5699149,0.56999344,0.5279977,0.48051798,0.5141,0.56010354,0.52556825,0.5109288,0.61610997,0.6593041,0.5146427,0.5515281,0.58784086,0.51951706,0.47671127,0.5189005,0.42565647,0.5927062,0.5439532,0.5586723,0.5679999,0.55264926,0.5833576,0.57655597,0.59745276,0.626368,0.6328679,0.61816055,0.59589016,0.6647494,0.64824784,0.5107221,0.55495495,0.7002627,0.58254164,0.6082304,0.5562643,0.6211479,0.59493417,0.6584844,0.61084306,0.6487457,0.5706835,0.5953339,0.52626884,0.54794466,0.68276554,0.45305535,0.4535794,0.5484107,0.5842004,0.5122526,0.5237291,0.6460564,0.56138444,0.5502668,0.57178015,0.7350925,0.66255903,0.65393645,0.64461327,0.7007638,0.6640031,0.67975754,0.6705504,0.70362204,0.66528434,0.58983845,0.66593266,0.5586057,0.59009594,0.5330186,0.58980894,0.56801516,0.5680133,0.59416026,0.5640852,0.59515667,0.7148344,0.6258842,0.6653972,0.5487521,0.57445514,0.5770571,0.6114449,0.56454235,0.55074686,0.5175387,0.6059991,0.61723274,0.550065,0.5879165,0.6173257,0.5660981,0.6329276,0.5385788,0.60271615,0.5767864,0.67206126,0.6938115,0.7276422,0.54975814,0.5232715,0.5721679,0.5413435,0.58118874,0.55440855,0.51982933,0.5499642,0.47312284,0.55563235,0.53264475,0.6220885,0.6052437,0.539996,0.51155186,0.60268545,0.5422846,0.54810494,0.5941252,0.6693122,0.6256159,0.58020675,0.6037735,0.54458624,0.53664744,0.5547651,0.73504865,0.7228205,0.63836724,0.6918824,0.62467605,0.63301855,0.5537904,0.5732879,0.5201004,0.5411733,0.5561638,0.515837,0.52987635,0.59138227,0.48601013,0.49709988,0.53611135,0.57099074,0.5404148,0.55821157,0.49609375,0.543592,0.5283587,0.59066296,0.5791103,0.6254951,0.63320947,0.7116493,0.5470707,0.5133455,0.5173667,0.5367816,0.47103533,0.5651022,0.5179914,0.6011729,0.55330396,0.5675138,0.5604395,0.5272716,0.5622659,0.5490085,0.53704846,0.5295043,0.56634784,0.54885745,0.55891377,0.57083225,0.5638565,0.5253074,0.57469106,0.6107331,0.52055615,0.54252136,0.5496022,0.5108152,0.5014599,0.5099058,0.50768054,0.5460306,0.5115107,0.5463928,0.58777976,0.50780237,0.48034585,0.64898896,0.48321933,0.48592573,0.5184523,0.39875805,0.58167845,0.4842122,0.57519144,0.56167144,0.57099724,0.58506227,0.5836311,0.597339,0.6453684,0.63021475,0.60073435,0.6237124,0.67079026,0.665361,0.5361277,0.58410305,0.67294234,0.5806942,0.6077756,0.5661775,0.6356573,0.60998553,0.64345515,0.57481015,0.60017204,0.56670815,0.5951365,0.43521205,0.5571557,0.6212357,0.4587207,0.45087913,0.5486336,0.53323716,0.4559944,0.44272,0.51465905,0.44657692,0.53256583,0.5019755,0.61943424,0.52015823,0.564989,0.5802964,0.678744,0.56793666,0.5938058,0.57375133,0.612159,0.6484925,0.5380736,0.6319478,0.5121243,0.5462684,0.47663045,0.53189313,0.5395518,0.5751075,0.5901769,0.55539995,0.5302723,0.66473293,0.63352716,0.6516293,0.54879755,0.5876158,0.59293044,0.6124392,0.60313743,0.55291575,0.53804725,0.63141984,0.6001181,0.5334179,0.58205044,0.5959416,0.5457062,0.6068077,0.5096471,0.58833295,0.5730293,0.65616024,0.68079156,0.71246576,0.5334347,0.56456846,0.5585349,0.55682564,0.5505121,0.49325475,0.5222298,0.53324866,0.48166737,0.5266297,0.46302116,0.5604509,0.5050445,0.48056567,0.45375702,0.5926029,0.53558093,0.5278177,0.58294946,0.63254243,0.5662095,0.53537554,0.5590453,0.5189869,0.5485299,0.5734208,0.72266084,0.7037139,0.6028807,0.669346,0.6237571,0.5662861,0.4639918,0.5478573,0.5205419,0.5321255,0.504899,0.50791353,0.5222632,0.5912663,0.49477866,0.4911605,0.51630044,0.5158698,0.538971,0.5377601,0.48832098,0.4865539,0.5028393,0.54507625,0.61063474,0.60724586,0.5731641,0.63151234,0.53136915,0.5218599,0.49051437,0.5192998,0.40685827,0.5637505,0.52573603,0.56659484,0.50960493,0.522619,0.54483116,0.51204914,0.5183438,0.5877189,0.58185005,0.53567034,0.54916686,0.53327084,0.53891534,0.5591395,0.56128305,0.53589314,0.533574,0.5813436,0.5796786,0.5732545,0.55656826,0.53828245
61,0.5675366,0.54849815,0.5401702,0.5681866,0.5714063,0.552239,0.535906,0.545076,0.55220026,0.61240995,0.5736391,0.64899576,0.5436911,0.58950245,0.6021288,0.50908136,0.5612907,0.5675862,0.52119106,0.4805863,0.5082534,0.55165106,0.5272484,0.50083953,0.6225669,0.66019994,0.51903766,0.5574886,0.58550817,0.53000706,0.47412232,0.51769215,0.42911422,0.5951306,0.54425114,0.5619737,0.5668529,0.5487588,0.5880402,0.57045066,0.59451276,0.62603587,0.62578636,0.61235255,0.591866,0.658633,0.6396257,0.5053275,0.5458045,0.69284385,0.5751553,0.59989715,0.5515177,0.6112556,0.5918231,0.646778,0.6093824,0.6422653,0.56065625,0.5868879,0.5160391,0.5280155,0.6740895,0.4398774,0.44691676,0.54180795,0.58837444,0.5074414,0.51985466,0.6451755,0.5582757,0.54479337,0.5733841,0.73359555,0.671457,0.65250313,0.64572275,0.6930549,0.67445004,0.67563766,0.67501277,0.7039383,0.6652593,0.5848585,0.66062665,0.55044854,0.5990654,0.53836143,0.58652985,0.5746113,0.56279105,0.58801866,0.5638478,0.58716714,0.7144073,0.61823314,0.6618532,0.5384568,0.5697353,0.5675063,0.6020848,0.5568001,0.54214793,0.5090225,0.602704,0.6071278,0.5455281,0.58009726,0.60665095,0.5618732,0.612376,0.5191571,0.5979951,0.5708411,0.6567158,0.680227,0.7154441,0.5445768,0.51878124,0.56610733,0.5331432,0.57889175,0.56552035,0.51127493,0.5549487,0.46552542,0.54447967,0.54217947,0.6325032,0.61219805,0.54622585,0.51826775,0.6038777,0.5441243,0.54842573,0.5911191,0.67151475,0.61772865,0.5817949,0.6045529,0.5485805,0.5294972,0.551465,0.7357576,0.72574663,0.6317885,0.6825958,0.62114656,0.6325378,0.5657557,0.5758733,0.5172026,0.5333236,0.54488534,0.50809705,0.5297855,0.58455783,0.4825055,0.4950891,0.5229614,0.579338,0.5373654,0.5487563,0.4917409,0.53549033,0.5268933,0.5853332,0.57036453,0.61706895,0.63703966,0.709636,0.5539621,0.5033481,0.50807136,0.5345589,0.4798241,0.56411785,0.5164768,0.5835215,0.53556406,0.56296146,0.5567206,0.5226008,0.5573112,0.5443158,0.5304246,0.51978266,0.562888,0.5429948,0.55664825,0.5673272,0.5758133,0.52140325,0.5759023,0.61587524,0.5133136,0.5344278,0.54745406,0.5023405,0.49668133,0.503862,0.4993662,0.5429352,0.49989012,0.5475802,0.5959684,0.5142236,0.4889336,0.64905673,0.49793434,0.485394,0.52053976,0.41336307,0.5837486,0.491243,0.5771943,0.5603409,0.5657897,0.5874692,0.57748604,0.59240276,0.64384985,0.62562644,0.5954881,0.6216453,0.6619913,0.656621,0.52833307,0.5734391,0.66437334,0.5735223,0.59877306,0.56033444,0.62571675,0.606225,0.6344211,0.57162076,0.5913419,0.5602384,0.58656305,0.42402276,0.5426746,0.6175261,0.44866103,0.44957724,0.5469338,0.5351118,0.45980605,0.44580626,0.5204671,0.45621476,0.5352332,0.51253945,0.6216632,0.5399097,0.5686918,0.58571184,0.67262363,0.57914615,0.59303916,0.5807894,0.61061865,0.6500766,0.53503793,0.63219607,0.50864196,0.54939586,0.48471054,0.5207642,0.5434529,0.572517,0.5888249,0.5552577,0.5272568,0.66961366,0.6253531,0.652511,0.5506272,0.58394647,0.5856195,0.6030876,0.59687996,0.5437893,0.5304099,0.6247562,0.5908246,0.528086,0.5750483,0.5853436,0.54388064,0.589102,0.4978725,0.5837432,0.5681588,0.64211047,0.66593415,0.69989777,0.53238785,0.55779684,0.5523604,0.54801035,0.54947424,0.5081034,0.5124862,0.53886753,0.47338384,0.5142687,0.47805429,0.5733386,0.51562387,0.48639694,0.45561284,0.5970644,0.53821415,0.52661604,0.5832197,0.6363223,0.55599284,0.5471655,0.56566125,0.5236749,0.54357195,0.5712592,0.72211915,0.70872,0.5958876,0.6564799,0.6199668,0.57090884,0.47554845,0.5541971,0.51666,0.5253747,0.49704668,0.50050884,0.52228326,0.5847115,0.4906048,0.49078044,0.5080738,0.53099996,0.543036,0.5268547,0.48470876,0.4836826,0.5039735,0.5414086,0.6019851,0.6041815,0.5697928,0.6334096,0.53327596,0.50961155,0.4802095,0.51745844,0.41556284,0.5638108,0.5234676,0.55150735,0.49299037,0.51957816,0.54221684,0.51848036,0.52262884,0.58407354,0.5782231,0.5388068,0.55177236,0.53237134,0.5386606,0.55532193,0.55607265,0.53792906,0.5327893,0.5782479,0.5777828,0.5690509,0.55413496,0.5379099
62,0.55574095,0.5458997,0.5353539,0.5575961,0.55988896,0.5438002,0.5257631,0.5461604,0.54719883,0.6014302,0.56542134,0.6540512,0.5323853,0.58868694,0.6047076,0.50636315,0.55311304,0.5680856,0.5128266,0.48266536,0.5043219,0.5423923,0.5313359,0.49302515,0.62428474,0.65516794,0.51920223,0.5654955,0.5707472,0.54664737,0.48589107,0.5178565,0.45277393,0.60323673,0.54891944,0.56532896,0.55372095,0.5364103,0.58371425,0.5618616,0.5810923,0.6100574,0.6083945,0.59285384,0.5697385,0.63691336,0.6238842,0.5025943,0.5363776,0.6736115,0.569382,0.58913034,0.54907465,0.5989399,0.58158076,0.6322066,0.60482115,0.636456,0.5434391,0.56621844,0.5146827,0.5135467,0.658471,0.43897924,0.4575625,0.54804033,0.589061,0.50835973,0.5228459,0.6392841,0.5539009,0.54940253,0.5739644,0.7262345,0.67781883,0.64699227,0.64217865,0.67687356,0.6802253,0.6690586,0.67741674,0.70040464,0.65959895,0.5656274,0.64372903,0.5338278,0.606518,0.5509133,0.5784317,0.5757091,0.5512096,0.58284986,0.5615141,0.57914084,0.7043414,0.60084456,0.6499223,0.524925,0.5578155,0.5600034,0.5880577,0.55034864,0.5323601,0.50487614,0.5891432,0.5927724,0.5440049,0.5616602,0.58904034,0.55812925,0.58564013,0.50347066,0.5794211,0.5555305,0.63537556,0.65772223,0.69493425,0.5405081,0.5187134,0.5636755,0.52590585,0.57850313,0.58035076,0.506546,0.5640161,0.46610463,0.53577787,0.55874324,0.6416123,0.61578673,0.5542432,0.5309774,0.6010459,0.5434082,0.5499575,0.58877194,0.66655517,0.6068401,0.58327705,0.5968756,0.5518083,0.52143645,0.540908,0.7275938,0.7206507,0.6173729,0.6609433,0.6038715,0.62308145,0.5787037,0.58040726,0.512993,0.5234506,0.53250575,0.5055711,0.5315567,0.57532495,0.4811823,0.49308056,0.5077677,0.5884817,0.5313804,0.5413265,0.49339226,0.5298633,0.52639556,0.5738118,0.56445867,0.6050863,0.6387848,0.69978535,0.5591286,0.49653363,0.50183684,0.53883505,0.503367,0.5598969,0.516095,0.5607189,0.5176296,0.5509179,0.54892766,0.5202646,0.546689,0.5335281,0.51930994,0.50776774,0.56215525,0.5389246,0.5484689,0.564149,0.58796597,0.5141045,0.57685536,0.61877877,0.5059344,0.53198934,0.5472717,0.491116,0.49189523,0.49986067,0.4906091,0.53825027,0.4902174,0.5399617,0.60236955,0.5190726,0.49982947,0.6388861,0.52305084,0.49711683,0.5266894,0.45271325,0.59105515,0.5098413,0.5780407,0.54863274,0.54837877,0.5810922,0.56885463,0.5780715,0.62641305,0.6094153,0.57584,0.6006671,0.63784665,0.63768834,0.5204257,0.5567756,0.6496832,0.56809795,0.58640426,0.5564269,0.6116084,0.59384215,0.6225926,0.5625438,0.58163697,0.544294,0.5641277,0.42379454,0.5279324,0.61079085,0.44538915,0.46849945,0.55989987,0.53537333,0.4739524,0.46237373,0.5333939,0.4764692,0.542765,0.52599525,0.6230124,0.5666202,0.5780713,0.5895703,0.65986896,0.59292257,0.5911068,0.59429955,0.60789144,0.6453225,0.5207533,0.62316465,0.49722302,0.5528572,0.50833493,0.50038934,0.5450962,0.5612059,0.59041315,0.5551123,0.53254277,0.6665514,0.6056665,0.64606357,0.5495718,0.573693,0.5791555,0.58969265,0.5870526,0.5304323,0.5239563,0.6061524,0.578681,0.5253568,0.55948174,0.5714639,0.5438688,0.5671529,0.49155447,0.5678105,0.5551381,0.6216703,0.6463497,0.6800977,0.533423,0.55219096,0.5497028,0.5402482,0.55158764,0.5313229,0.50520456,0.5529594,0.46806768,0.5030918,0.5065612,0.58925563,0.53115094,0.49967775,0.46528363,0.6001213,0.5401864,0.5282081,0.58278304,0.6345504,0.54784036,0.56242824,0.5680048,0.52826,0.53716683,0.5596961,0.7139458,0.70680743,0.5830995,0.63463205,0.6025681,0.5701818,0.49632317,0.562023,0.51306033,0.5178609,0.49137715,0.4959766,0.52121115,0.5732908,0.4878602,0.48995924,0.5003068,0.5538646,0.5472136,0.51752687,0.49024147,0.49039817,0.5068951,0.53558,0.5919541,0.6012863,0.55992204,0.63093024,0.53560483,0.49933842,0.47320786,0.52175474,0.43967,0.5617715,0.5202712,0.5327989,0.48035723,0.51934737,0.53969723,0.52806646,0.53122616,0.5781518,0.57170165,0.53870744,0.5504106,0.531464,0.53795296,0.55447066,0.5528315,0.5372947,0.53164786,0.57255495,0.57280093,0.5630762,0.5502753,0.5355376
63,0.540407,0.54613775,0.533911,0.54426634,0.54601455,0.5358023,0.51759523,0.55317795,0.54672605,0.58792245,0.55737424,0.65605944,0.52029,0.58828,0.6047438,0.50745803,0.5500497,0.5737296,0.5070345,0.48861217,0.5054262,0.5357045,0.54015833,0.4900284,0.6222116,0.6463097,0.51829153,0.57544065,0.54711807,0.56844264,0.5122624,0.52046156,0.49630284,0.61656934,0.5601409,0.57024395,0.5345226,0.5202624,0.57416356,0.5550858,0.5619108,0.58530176,0.58619547,0.56585556,0.5368205,0.60475695,0.60825133,0.5049181,0.5314964,0.64677566,0.56878006,0.58188486,0.5513136,0.5907543,0.56944615,0.62074125,0.60051066,0.63255405,0.5243382,0.53975934,0.52376753,0.50918806,0.637731,0.45321548,0.48646477,0.56841844,0.58833116,0.5171857,0.536496,0.6314777,0.55163693,0.56487346,0.5754411,0.71293247,0.68189186,0.63992625,0.635385,0.655039,0.68194896,0.6606099,0.67927766,0.6924912,0.6483423,0.53713423,0.61672664,0.5140423,0.6140875,0.5709592,0.5672087,0.57268643,0.5344755,0.5784422,0.55740756,0.57313263,0.68615323,0.5797998,0.63078916,0.51188695,0.54339117,0.5576907,0.57488555,0.54824954,0.5239164,0.5070952,0.57093245,0.5775411,0.5471126,0.53741074,0.56831014,0.5567755,0.55686355,0.49526626,0.5534047,0.53559315,0.6141271,0.63390976,0.67189467,0.5392537,0.52280664,0.5660538,0.52309924,0.58117616,0.5984116,0.5069025,0.57587516,0.47706094,0.5331127,0.5819061,0.6494548,0.61736065,0.5648029,0.55240804,0.5952858,0.540857,0.5528076,0.5879269,0.65649664,0.5970272,0.5857198,0.58526987,0.5577113,0.5163624,0.5280941,0.70988506,0.7071413,0.59918994,0.63382846,0.5776757,0.60605806,0.5943079,0.5874447,0.5105909,0.51532084,0.5228385,0.51044804,0.53788733,0.569121,0.48483706,0.49380884,0.49522415,0.59949607,0.5244775,0.5395985,0.50151306,0.52897257,0.5263698,0.5591655,0.5640401,0.5918041,0.6387342,0.68149894,0.56285685,0.4945672,0.5005178,0.54937106,0.54242957,0.55424035,0.517117,0.5374926,0.50351095,0.5355589,0.5418416,0.52241904,0.53405255,0.52077115,0.5082296,0.49769965,0.56613946,0.5387739,0.5383849,0.5640886,0.6005693,0.50650376,0.5775669,0.6180265,0.5022468,0.537985,0.5521254,0.48197138,0.49020824,0.50193256,0.48525566,0.53616625,0.48521116,0.5278633,0.6079564,0.5243798,0.5138604,0.62006074,0.5564386,0.52145475,0.5354966,0.5152913,0.60199803,0.5379186,0.57958764,0.5318681,0.52377003,0.5698154,0.5617267,0.5599161,0.5992867,0.5867219,0.5480809,0.56824625,0.6037383,0.6160809,0.51663,0.541492,0.63242084,0.56743556,0.57615274,0.5566014,0.5996794,0.5783929,0.6139264,0.55208385,0.5722445,0.52365816,0.5345022,0.4363229,0.5146428,0.6004229,0.45041895,0.5073887,0.58735615,0.5345559,0.49853066,0.4939324,0.55277866,0.50759387,0.5540277,0.54188573,0.6225547,0.598477,0.59139514,0.5900031,0.6432417,0.60868615,0.5889497,0.6131925,0.603669,0.6326373,0.4992088,0.6031287,0.4817566,0.5560989,0.5464401,0.4737331,0.54505974,0.5421469,0.59360087,0.55519354,0.54580796,0.6557119,0.5810965,0.6312907,0.5451079,0.56117696,0.57622325,0.57626164,0.57694274,0.5166879,0.52146757,0.5812715,0.56687105,0.52662045,0.5394816,0.5561618,0.5467376,0.54330784,0.49210462,0.5468919,0.53861505,0.6008419,0.62917125,0.65878725,0.53632176,0.5495901,0.551802,0.53719264,0.5573668,0.56098306,0.50238144,0.5742615,0.46850154,0.49799645,0.5465157,0.6074432,0.5520049,0.5199855,0.48273897,0.6012035,0.5413241,0.53297126,0.5843677,0.629359,0.5463559,0.5803068,0.56888145,0.53653705,0.5319293,0.54366136,0.696357,0.6961868,0.56856894,0.6114644,0.5765695,0.5631114,0.52600235,0.5696518,0.51212525,0.51251674,0.49104774,0.49763563,0.5228862,0.56373847,0.48965392,0.49132338,0.49610403,0.58144253,0.55185485,0.51367044,0.50472075,0.50742334,0.51000994,0.53050214,0.58382845,0.5987339,0.5441291,0.6213668,0.53833765,0.4935395,0.47156695,0.53235406,0.4784609,0.5571801,0.5170109,0.5132696,0.47407827,0.52247983,0.538316,0.539232,0.543434,0.5719193,0.5642026,0.53642607,0.54674387,0.5311019,0.5377573,0.5575783,0.55282056,0.53457355,0.5306751,0.56707555,0.5675609,0.55747354,0.54654664,0.5324083
64,0.526525,0.5520402,0.53711647,0.5326307,0.53427744,0.53163916,0.51468676,0.56576717,0.5517638,0.57544744,0.55228156,0.6556031,0.5115623,0.587431,0.60165876,0.5138582,0.5544917,0.58468133,0.50702906,0.4996156,0.51342016,0.5341458,0.5549778,0.4931561,0.6180078,0.63604045,0.5199911,0.58657813,0.52115303,0.5934615,0.54828995,0.526196,0.5526307,0.6324449,0.5777282,0.57729614,0.5167863,0.50629336,0.5642372,0.5532054,0.5432113,0.5608962,0.5657011,0.5397483,0.50397193,0.5706569,0.59905875,0.5131179,0.5342715,0.6184095,0.57446486,0.5818479,0.5587486,0.59079653,0.56064737,0.6166022,0.5994125,0.63057303,0.508999,0.51560533,0.5416959,0.5163791,0.6149299,0.48126203,0.52928436,0.5990632,0.5892418,0.53414166,0.5616269,0.6254453,0.5548414,0.58870953,0.5797421,0.6940464,0.6837468,0.6337186,0.6276684,0.63163406,0.6809137,0.6506141,0.6810643,0.68003297,0.6331235,0.50747424,0.5837081,0.49739274,0.6236336,0.5967386,0.55576795,0.568882,0.5157287,0.574239,0.5522682,0.570211,0.66274786,0.5621487,0.60754883,0.50338835,0.5319237,0.56168425,0.5669128,0.55188197,0.519014,0.51591706,0.5547781,0.56478155,0.5552278,0.5136873,0.54873824,0.5585575,0.52976173,0.49581608,0.528682,0.5172375,0.5981786,0.6162023,0.652407,0.541356,0.5294823,0.57257533,0.5263242,0.5866508,0.6177766,0.5126509,0.5887287,0.49712625,0.53740114,0.60881627,0.6556814,0.61885256,0.57783043,0.58297753,0.58862185,0.5379647,0.5564382,0.58817893,0.6442315,0.5914286,0.5897933,0.57502186,0.5684086,0.5162238,0.5185083,0.68343294,0.68614495,0.58193773,0.6094375,0.5501807,0.5854225,0.61366636,0.59710425,0.5122105,0.51169443,0.5180912,0.522294,0.5501487,0.56974596,0.49484882,0.4993162,0.48850444,0.61257505,0.5189128,0.5447766,0.5150026,0.5342358,0.52591234,0.54524064,0.56953704,0.57906425,0.6371904,0.65616256,0.5657778,0.49825174,0.50481105,0.56440324,0.5923772,0.54995954,0.51990104,0.51818484,0.49565244,0.52196455,0.5399573,0.5293596,0.5233957,0.5107369,0.5018228,0.49317488,0.5748497,0.5431066,0.5306659,0.5685227,0.61346555,0.5014949,0.57746154,0.61232924,0.50467515,0.552255,0.5631182,0.4789769,0.49415243,0.51267153,0.4867495,0.54005,0.48625147,0.5169334,0.6135826,0.53197014,0.53110963,0.5964735,0.59442866,0.55436325,0.5454036,0.59099966,0.61359274,0.5705763,0.5827671,0.51661015,0.49894893,0.5585802,0.5587265,0.5443079,0.5710296,0.5640558,0.5206127,0.5349922,0.56787544,0.59942704,0.519617,0.5337702,0.6161613,0.57228553,0.5718038,0.5612499,0.59446675,0.5657117,0.61262083,0.5452416,0.5638613,0.5042664,0.50634015,0.46034583,0.50447744,0.5868459,0.4633864,0.559902,0.6237471,0.5344779,0.5317792,0.5382379,0.57679075,0.5477993,0.5673866,0.560015,0.61945623,0.6318141,0.605928,0.5870419,0.6258011,0.6247496,0.58753926,0.63418764,0.59773535,0.61266494,0.47687224,0.5737076,0.467619,0.55935466,0.5938529,0.4469479,0.54547185,0.51925635,0.5962997,0.55566275,0.56443983,0.63887286,0.55951524,0.6092192,0.53877527,0.55133355,0.5779332,0.56600624,0.56955695,0.50659764,0.5244491,0.55711067,0.55803174,0.5325309,0.5200458,0.54137474,0.5524737,0.51995337,0.49902937,0.52843493,0.5240619,0.58468854,0.619786,0.6413783,0.5404881,0.5506964,0.5582794,0.5403457,0.56580335,0.5932857,0.50514215,0.59944504,0.4755677,0.5015327,0.5920421,0.62590176,0.5772169,0.5450049,0.50641304,0.6005163,0.54184484,0.5402981,0.5895571,0.62335664,0.5536876,0.5990665,0.57157934,0.55096734,0.5292922,0.5291469,0.66905516,0.67663896,0.556348,0.5943657,0.5494016,0.55133575,0.56256,0.5762424,0.51490754,0.51092404,0.4972473,0.5065165,0.5302846,0.56134695,0.4978713,0.49697277,0.49689153,0.6093587,0.5566882,0.5170715,0.5253847,0.5331184,0.5117921,0.5286549,0.57980096,0.5961768,0.5252522,0.6045777,0.54111713,0.49377167,0.47603387,0.54807746,0.52734536,0.5505944,0.51468843,0.49580616,0.47454163,0.5284618,0.53862727,0.5502378,0.557673,0.5673032,0.55784404,0.5340647,0.54341507,0.5317622,0.53881043,0.5642191,0.55609775,0.5312323,0.53041565,0.5643444,0.5647547,0.5540859,0.54428405,0.52998674
65,0.5185796,0.56454414,0.544423,0.52635497,0.5283096,0.53344357,0.5186344,0.58124715,0.56103605,0.5663684,0.55182713,0.6531648,0.5092554,0.5843576,0.59440523,0.52527636,0.5658163,0.59914213,0.514155,0.5159715,0.5284716,0.5388285,0.57558256,0.50215775,0.6135854,0.626014,0.5273939,0.59799826,0.49957228,0.61883605,0.585398,0.534848,0.60979927,0.6466297,0.5989164,0.58603686,0.5075253,0.5000043,0.55833507,0.55713356,0.53047156,0.5455342,0.55191106,0.5223517,0.48228207,0.54387176,0.5999279,0.52640945,0.5452591,0.59481007,0.5847374,0.58933854,0.569732,0.59928215,0.5584391,0.62067914,0.60315686,0.62936497,0.5016554,0.50073344,0.56416583,0.53292567,0.5927345,0.51811045,0.5774928,0.6327752,0.59432435,0.5570553,0.5959794,0.6238953,0.5654957,0.61563283,0.5878635,0.669959,0.68336177,0.62990093,0.62091756,0.6106836,0.67855155,0.63896096,0.6821336,0.6631579,0.61624455,0.48527348,0.54970455,0.489078,0.63645476,0.6249111,0.54662406,0.5679421,0.49903983,0.56934226,0.5469417,0.5701886,0.6373942,0.5535451,0.5837365,0.50181854,0.5275482,0.5707622,0.56605446,0.5605465,0.51900464,0.5297236,0.5463384,0.5568269,0.5670249,0.49633697,0.53388876,0.5628393,0.50621444,0.503303,0.51336884,0.50630283,0.5904016,0.60959727,0.6409272,0.546141,0.53626966,0.58095837,0.53506166,0.59336233,0.636017,0.5228592,0.6006645,0.5221589,0.5469912,0.6354414,0.6598118,0.62193644,0.5924781,0.6203987,0.5829275,0.53635526,0.559824,0.5883979,0.63275963,0.59129286,0.59555787,0.5706922,0.5844651,0.5208725,0.5165672,0.65001625,0.65901643,0.5691106,0.5945894,0.5298747,0.56578016,0.63661826,0.60818386,0.51846844,0.51388496,0.5185616,0.53822464,0.5681189,0.5785684,0.5108612,0.5105183,0.48885164,0.6267696,0.5163159,0.5555609,0.531339,0.5454087,0.52403057,0.53559124,0.5789323,0.5675687,0.6338909,0.6262712,0.5686402,0.5072522,0.514014,0.581111,0.6448975,0.54929745,0.524725,0.50537264,0.49462017,0.5147428,0.5462751,0.5399109,0.5180527,0.5073896,0.5034657,0.49633843,0.5861951,0.5508173,0.5287062,0.5773971,0.6260957,0.5014142,0.57552826,0.600812,0.51365954,0.57185125,0.5793378,0.484572,0.50482064,0.53277117,0.49730304,0.55181277,0.49347094,0.512659,0.61962587,0.5432799,0.55151236,0.5730553,0.6326302,0.58869886,0.554824,0.6643717,0.6220538,0.6016699,0.58727735,0.5089547,0.48097494,0.55185544,0.56031,0.5361928,0.55038553,0.5470117,0.50157136,0.5118691,0.5393624,0.5933333,0.53005546,0.5370364,0.60363907,0.581069,0.5744446,0.5688384,0.5971978,0.5598753,0.6194706,0.5460865,0.5565339,0.49145913,0.48751906,0.49171817,0.49828878,0.57122326,0.48206234,0.6149171,0.6610672,0.53705853,0.5699929,0.58989453,0.6027798,0.59366614,0.58091986,0.58050036,0.61319876,0.66274184,0.6190075,0.58227044,0.610225,0.6389531,0.5878539,0.65331453,0.5904406,0.5878327,0.46091035,0.5392775,0.46027502,0.56366533,0.6429145,0.4264999,0.5488518,0.49788043,0.5964992,0.5565522,0.5846919,0.6189031,0.5477583,0.5821709,0.5332009,0.5477566,0.58343506,0.56058705,0.56675994,0.50359076,0.5327952,0.5398247,0.55354947,0.5426082,0.50571865,0.52872634,0.5599371,0.4987971,0.51025397,0.5186043,0.51624316,0.5760461,0.6203352,0.6314448,0.5449214,0.55485886,0.567199,0.548787,0.574806,0.62409747,0.5133731,0.62423295,0.488115,0.5133986,0.6358856,0.64237624,0.6049531,0.57136965,0.53354824,0.5986484,0.54224175,0.54891056,0.59876114,0.619145,0.5693242,0.61690813,0.5791141,0.57237977,0.5295763,0.52163064,0.6334287,0.6491524,0.54931253,0.58822477,0.5293301,0.53826636,0.60241014,0.5814012,0.5213473,0.51344645,0.50935173,0.52114123,0.54487747,0.56906337,0.51276124,0.5081579,0.50264597,0.63342047,0.56098443,0.5274107,0.547734,0.56343484,0.5113251,0.5317707,0.58012414,0.59294593,0.50718534,0.5826026,0.5434661,0.5004763,0.48612803,0.5667101,0.5789589,0.54323566,0.514049,0.48271656,0.48031175,0.53573525,0.54036486,0.5596072,0.5717988,0.5654258,0.55409694,0.53415483,0.54309905,0.5336672,0.5413991,0.57260495,0.5614044,0.52891934,0.5311027,0.5658236,0.5660162,0.5538108,0.54425335,0.5295171
66,0.5188383,0.5824334,0.5541893,0.52710015,0.5296278,0.5411008,0.5286523,0.5957844,0.57182217,0.5610119,0.5562483,0.64826834,0.5144074,0.5770369,0.58179456,0.5395542,0.5806427,0.6141557,0.52729756,0.5361906,0.548326,0.548857,0.60003453,0.5157842,0.610011,0.6157508,0.5419143,0.60918766,0.48679623,0.64114875,0.61543006,0.54511416,0.65670985,0.6548977,0.61918235,0.59541583,0.5114753,0.5048367,0.55939114,0.56589675,0.52699983,0.54496104,0.5466758,0.5182591,0.4792632,0.5308147,0.6110664,0.54235923,0.561907,0.58014953,0.5963048,0.6020915,0.58135736,0.6132528,0.56357026,0.6307755,0.61131567,0.627157,0.50406384,0.49875784,0.5855241,0.5537266,0.5721414,0.5568027,0.62149984,0.6620678,0.6039689,0.5821808,0.63440394,0.6269627,0.5830177,0.63955176,0.5989689,0.64077675,0.67982846,0.6280743,0.615634,0.5946894,0.6749182,0.62505233,0.6806,0.64197195,0.59980613,0.4764377,0.5186832,0.4909867,0.6517952,0.65119356,0.5407426,0.5716272,0.4874273,0.5628875,0.54208356,0.57139605,0.6123736,0.55654037,0.56208384,0.50707495,0.5322358,0.58247215,0.5721089,0.5722434,0.52454346,0.5461132,0.5490966,0.55465895,0.5803726,0.48873076,0.52555346,0.5680142,0.48583868,0.5133729,0.5124961,0.5067152,0.59126526,0.61555004,0.63867295,0.55211604,0.5407594,0.5883175,0.54723245,0.59934545,0.65093356,0.53609675,0.61011255,0.54713804,0.5591616,0.65797997,0.6608575,0.62686926,0.6072245,0.66003275,0.5792024,0.53713375,0.5618675,0.58740264,0.62424237,0.59566647,0.60230935,0.57494885,0.6051298,0.5288922,0.52455634,0.61183196,0.6271392,0.5617641,0.5928416,0.52325237,0.5502611,0.66099876,0.6184113,0.5283973,0.52184045,0.5229958,0.5546826,0.5896517,0.594154,0.5303071,0.52672946,0.4958262,0.63983744,0.5174221,0.5690966,0.54733807,0.5605532,0.52010614,0.5325802,0.5890559,0.55654055,0.62770206,0.59435207,0.5717475,0.5205854,0.5267985,0.59677136,0.69156617,0.5528247,0.5319608,0.49893755,0.4990899,0.51625055,0.56116605,0.5522968,0.5195328,0.5124401,0.51379937,0.507148,0.59707004,0.5599752,0.5340382,0.58951735,0.63718385,0.5073779,0.5706486,0.5832886,0.527546,0.59173876,0.5981793,0.49863982,0.5206139,0.56015956,0.51638794,0.57129097,0.50621784,0.5186612,0.625085,0.5590189,0.57497597,0.55411,0.66680497,0.61758196,0.5623694,0.723021,0.6241673,0.6259871,0.59218,0.5131245,0.47513214,0.5527366,0.56537133,0.5379089,0.5438768,0.5385181,0.49645883,0.5065522,0.52459764,0.5999752,0.5463335,0.55120265,0.59575593,0.5912036,0.58312654,0.57688713,0.6063433,0.5624565,0.63211596,0.5563914,0.5498622,0.4884935,0.48270795,0.5245943,0.4957007,0.5548647,0.5029475,0.66141355,0.69256693,0.543235,0.6085991,0.6417791,0.6278738,0.6402435,0.59289116,0.6031363,0.60355276,0.6877032,0.62866783,0.57781994,0.598201,0.64910305,0.5902227,0.66739035,0.5827255,0.56149924,0.45691225,0.50534433,0.46316412,0.5700327,0.68629336,0.4159188,0.5563116,0.48232698,0.5930891,0.55766886,0.60257757,0.59884554,0.5496143,0.5532704,0.5309606,0.5519478,0.59080744,0.56049967,0.56919575,0.5099281,0.5455297,0.5335551,0.5536247,0.5557744,0.49922195,0.519114,0.5673394,0.48036277,0.5226559,0.5208041,0.5183074,0.57554656,0.62980276,0.62974757,0.54847246,0.56041914,0.57590544,0.55998755,0.5821561,0.6501795,0.5262067,0.6449393,0.5038113,0.53109103,0.6723165,0.65472883,0.6327497,0.595757,0.56094646,0.5963156,0.54307765,0.557382,0.6111734,0.6185225,0.59007645,0.6322343,0.59307086,0.5998756,0.5323903,0.52453166,0.59272504,0.6158535,0.54823256,0.5946083,0.5228247,0.5275559,0.6412393,0.5851019,0.5308248,0.51963645,0.5252212,0.5386989,0.56582403,0.5867844,0.53206056,0.5248423,0.5123411,0.6506582,0.564421,0.54262733,0.56719524,0.5932606,0.50840265,0.54076284,0.58355945,0.5880328,0.4932331,0.5585844,0.5450059,0.51322323,0.5009624,0.58611715,0.6260474,0.5364157,0.51553667,0.4748329,0.4886376,0.5422319,0.5425788,0.56643206,0.5836311,0.56589717,0.5530295,0.53844285,0.54717886,0.53663564,0.54531133,0.58039486,0.5668227,0.5287476,0.53256613,0.57142234,0.5714355,0.5561343,0.5463543,0.53164124
67,0.5264146,0.6025742,0.5639884,0.53382003,0.5370665,0.55224353,0.5418451,0.60545236,0.58082354,0.55810845,0.5646487,0.6388938,0.5256876,0.5644753,0.56351644,0.5534095,0.5944989,0.62630016,0.54356444,0.5569693,0.56853026,0.56156385,0.624425,0.5327484,0.6066483,0.60250115,0.56211567,0.61978126,0.4842163,0.65682536,0.6330435,0.55517644,0.6864851,0.65453947,0.6336346,0.60386205,0.5299079,0.52122056,0.5680359,0.57730365,0.5337393,0.5605483,0.5488688,0.5276781,0.49689662,0.5331772,0.6292817,0.55773515,0.5794386,0.5755863,0.60544205,0.61623514,0.5904015,0.6279258,0.5745829,0.64276946,0.6212166,0.6222651,0.51541644,0.5093214,0.60051584,0.57251984,0.55344844,0.59003603,0.6535015,0.6812874,0.6160486,0.60525256,0.6695818,0.6322289,0.60405016,0.6556845,0.6100603,0.60762227,0.6708071,0.6259744,0.6114782,0.5844827,0.66788334,0.60837173,0.6736325,0.6172159,0.5858844,0.4826819,0.49345466,0.50091845,0.6661168,0.67086166,0.53795725,0.57885134,0.48210368,0.5552012,0.53821146,0.5713579,0.58913344,0.57011956,0.5447128,0.5170605,0.5459002,0.5942257,0.5834068,0.5845909,0.53605473,0.5630802,0.56403106,0.5582476,0.5935305,0.49107742,0.52380913,0.57226795,0.46758226,0.52130115,0.5270426,0.5198118,0.59950405,0.6317153,0.64349395,0.55761665,0.5415533,0.5922169,0.55967295,0.60311013,0.66022325,0.55148715,0.6158963,0.56751126,0.5714361,0.6729772,0.65671724,0.6319631,0.619723,0.6955832,0.57773274,0.5406633,0.5618287,0.5845211,0.61954284,0.6020952,0.6086165,0.58783096,0.62795633,0.53819966,0.5420171,0.572255,0.5929602,0.5591087,0.60376513,0.53290886,0.54029256,0.68232036,0.6253985,0.53994685,0.534248,0.52950424,0.56875545,0.6106462,0.6127853,0.5492781,0.5456797,0.50779843,0.64849806,0.52231884,0.5819874,0.5600247,0.5769363,0.5144491,0.53723156,0.5969711,0.5445605,0.61724746,0.56365806,0.57436657,0.5375147,0.54222697,0.6094881,0.7256552,0.5596418,0.5422851,0.49657726,0.50648284,0.52554667,0.58208376,0.5642659,0.5268032,0.5245866,0.5304697,0.52343714,0.6043498,0.5683724,0.5460333,0.6028409,0.643916,0.51869965,0.56238794,0.5610183,0.5431032,0.6068643,0.6156511,0.5187841,0.53771055,0.5899984,0.540473,0.5956307,0.52363217,0.535547,0.6269253,0.57793146,0.6001067,0.54230374,0.692911,0.63618934,0.5674988,0.76104695,0.6188965,0.64026195,0.5961258,0.5303616,0.48390034,0.5621628,0.5720411,0.5490787,0.5542019,0.5384429,0.506781,0.5211667,0.5253147,0.6173843,0.5651208,0.57315105,0.5918331,0.5999811,0.5955227,0.58284587,0.6185394,0.57260287,0.64609045,0.5747591,0.5436236,0.4959393,0.49255225,0.5530673,0.49602804,0.5394496,0.5222493,0.6923059,0.71396035,0.55290663,0.64296937,0.68605167,0.6494709,0.68089575,0.602303,0.62597334,0.591037,0.7025993,0.6339556,0.5758799,0.59045273,0.6526387,0.5938553,0.67425215,0.5761452,0.5378014,0.46738723,0.47761443,0.4762398,0.5788034,0.71832883,0.4155322,0.5665832,0.47505346,0.58657986,0.5586574,0.61449987,0.58153933,0.5649182,0.5268669,0.53406084,0.5633937,0.5978838,0.5655397,0.57654387,0.52649665,0.56155795,0.54022086,0.55783814,0.5711635,0.5008344,0.513089,0.5729103,0.46500716,0.53312385,0.53519017,0.53141004,0.5821946,0.64460504,0.6343171,0.55027807,0.5653618,0.5819177,0.57060647,0.5862305,0.66870433,0.5428115,0.65886277,0.5199813,0.55099785,0.6972383,0.66017777,0.65702516,0.6150752,0.58536154,0.5945376,0.54484445,0.5643979,0.62456673,0.6217786,0.61102337,0.6429501,0.61226416,0.6301931,0.5369792,0.53839517,0.5526207,0.5807784,0.5522377,0.6114854,0.53260463,0.52221036,0.674432,0.58795494,0.542458,0.52837884,0.5419065,0.55598843,0.5895442,0.6110618,0.55169326,0.54555976,0.5244606,0.6591638,0.5672682,0.55957806,0.58029115,0.61800075,0.50338656,0.5554742,0.5883853,0.58058524,0.4855446,0.5368382,0.5453952,0.53128916,0.52009016,0.60486877,0.6627439,0.5315401,0.51969314,0.4714694,0.49666005,0.54606676,0.54414344,0.5703058,0.5911734,0.5669946,0.55339134,0.546895,0.554987,0.54014206,0.54981214,0.58550227,0.57057834,0.53096,0.53442234,0.5795543,0.5796124,0.5593736,0.549622,0.53621376
68,0.53772354,0.6209758,0.5712393,0.54333216,0.54745334,0.5634613,0.5546286,0.60748184,0.5852813,0.5558945,0.57526356,0.6223182,0.54006547,0.5480842,0.54160297,0.5639113,0.6038963,0.6326668,0.55982536,0.57455444,0.5843129,0.57375693,0.6437462,0.55157727,0.6012675,0.583052,0.5835343,0.6286162,0.49067527,0.66312194,0.63635737,0.56364954,0.69659805,0.64548826,0.6389413,0.60971195,0.55976635,0.5460913,0.5823655,0.5888645,0.54938227,0.5888071,0.5557279,0.54668045,0.5309608,0.547841,0.64908576,0.5698142,0.5930096,0.5794851,0.6091805,0.6275888,0.5943665,0.6385472,0.5886315,0.6522434,0.6287883,0.6136779,0.5326578,0.5285177,0.6060679,0.5842459,0.53763896,0.6120039,0.6692231,0.68758035,0.6269772,0.622573,0.6943611,0.63615394,0.62360114,0.66179866,0.6168786,0.5739657,0.6533995,0.62066996,0.60813403,0.5797424,0.65428317,0.58919704,0.6585875,0.5910897,0.57645714,0.50153536,0.4762874,0.5137993,0.67434007,0.6798341,0.5378981,0.58653295,0.48284972,0.5482577,0.53576577,0.56813896,0.56902796,0.5901015,0.53345543,0.5287613,0.5665575,0.6039265,0.5973112,0.5953479,0.553104,0.5790793,0.5889708,0.5666717,0.60525256,0.5008037,0.5275258,0.5743347,0.45164788,0.52446145,0.5538224,0.54376566,0.6126413,0.6526241,0.6510563,0.56146854,0.53882813,0.5916134,0.56907415,0.60409606,0.6614525,0.56834507,0.61709017,0.58004844,0.58208513,0.67749953,0.6447638,0.63430035,0.6272253,0.720936,0.57832277,0.54651475,0.5596542,0.57996684,0.61806357,0.60782206,0.6126759,0.60644305,0.64881325,0.54664063,0.56543636,0.53640574,0.560815,0.55966836,0.6232195,0.55647534,0.5362451,0.6952356,0.627656,0.55085266,0.54870784,0.53662664,0.57860357,0.6264155,0.6300173,0.5645051,0.56417334,0.52251893,0.64974153,0.53060216,0.59135896,0.5674618,0.59194946,0.5084502,0.5489567,0.6008967,0.53081226,0.6023237,0.5386742,0.5748588,0.55714256,0.5593505,0.61796045,0.74284786,0.5681791,0.5558577,0.49534008,0.5140616,0.5388284,0.6044707,0.5733692,0.5368207,0.54017353,0.5493252,0.54183984,0.6058938,0.5739687,0.56210625,0.6147289,0.642399,0.5330669,0.55195814,0.53756106,0.5568238,0.6144448,0.6275627,0.5414764,0.5522565,0.6163858,0.5644817,0.6197012,0.5441322,0.56035984,0.6212165,0.59622645,0.6232746,0.53836906,0.707754,0.6423275,0.57104164,0.77731323,0.6083415,0.64371294,0.5977531,0.5579549,0.5061139,0.57844645,0.5784736,0.5670124,0.57927126,0.5443582,0.5295982,0.55146885,0.53850365,0.64007694,0.5825619,0.59797597,0.5903853,0.60511947,0.60852027,0.584867,0.62973756,0.5876013,0.6565433,0.5967344,0.5380736,0.5115172,0.5137507,0.572943,0.49923828,0.5271211,0.5372037,0.70526665,0.7230283,0.5653656,0.66922116,0.7160657,0.66569775,0.70918083,0.6092006,0.6448725,0.5774297,0.70311457,0.6349052,0.5781652,0.58698076,0.6469064,0.5969165,0.67254895,0.57242095,0.52108186,0.49090084,0.46106008,0.49596107,0.5894027,0.7355336,0.42403337,0.57671314,0.4768492,0.5790315,0.5592182,0.6182076,0.5691058,0.5894986,0.5082273,0.5434435,0.5799307,0.6027994,0.5746698,0.58746797,0.55170065,0.57944685,0.55901545,0.56543756,0.58784205,0.508529,0.5112676,0.5755944,0.453989,0.539938,0.5587327,0.5540946,0.59385806,0.65973717,0.64148283,0.5501943,0.5681802,0.5838201,0.57757115,0.5864302,0.67696023,0.56189144,0.6641149,0.53430074,0.5695873,0.7076054,0.6554995,0.67359465,0.6266791,0.60399884,0.59446836,0.54778725,0.5689553,0.6357337,0.6274775,0.6274104,0.64636135,0.63253677,0.6579581,0.54253376,0.56049186,0.5202688,0.5498532,0.5596496,0.6337062,0.55655015,0.5240034,0.69798934,0.59125984,0.5550943,0.5380563,0.5567887,0.57013077,0.61087537,0.63612795,0.56786245,0.56762224,0.53744423,0.6582068,0.5699227,0.5750222,0.5852982,0.63459444,0.4970525,0.57414097,0.5931454,0.57054025,0.48530447,0.5224762,0.54433626,0.5531127,0.5426361,0.6215847,0.6850725,0.53006744,0.52694976,0.47119573,0.5026801,0.5461611,0.5443654,0.5712537,0.5929704,0.5666222,0.55342627,0.55756503,0.56405854,0.5434743,0.5537519,0.5868073,0.571777,0.53495693,0.53622836,0.5876348,0.5880768,0.5615829,0.5526889,0.54233384
69,0.54825675,0.63427854,0.57426304,0.55203915,0.55727124,0.57203877,0.5644811,0.6018198,0.5845139,0.5528474,0.5855087,0.59710366,0.55406153,0.5315088,0.5202721,0.5697412,0.6074895,0.6321301,0.5737037,0.58623254,0.59286,0.58325994,0.65410256,0.56978583,0.5910653,0.55619925,0.6004143,0.6333261,0.50330895,0.65935344,0.6272984,0.5700451,0.68842095,0.630505,0.6346915,0.6120678,0.5937025,0.57349616,0.59847736,0.598704,0.57020247,0.62185615,0.56411666,0.56874794,0.5716714,0.5682397,0.664874,0.5771517,0.5997986,0.58800775,0.60681295,0.6334279,0.5928164,0.64246833,0.60252523,0.65627444,0.6304639,0.60176104,0.55121994,0.55005896,0.6025033,0.58716273,0.5261221,0.620581,0.6687882,0.68129635,0.63336533,0.63220835,0.704529,0.6356123,0.63710153,0.6585843,0.61585426,0.5445009,0.6259741,0.6098752,0.60529965,0.5793727,0.63200647,0.56893563,0.6344906,0.5668357,0.5723857,0.5271316,0.4684967,0.5243474,0.6721986,0.6762176,0.5402135,0.59139514,0.48836997,0.54457307,0.5348842,0.5613017,0.5530515,0.6106058,0.5290996,0.53949004,0.5903075,0.61041474,0.6106878,0.6028301,0.57307744,0.59250927,0.6179263,0.57804716,0.6143279,0.5135422,0.5345802,0.57399535,0.43970203,0.52338195,0.5858651,0.57317585,0.6274863,0.67186975,0.65690356,0.5633784,0.534283,0.58742505,0.573484,0.60275245,0.6529819,0.58508,0.6132581,0.58388364,0.590299,0.6701825,0.6234934,0.6311289,0.6277045,0.7322802,0.5802382,0.55339515,0.5560627,0.5748183,0.6178466,0.61100507,0.6129394,0.6255042,0.6631004,0.5526217,0.58891904,0.5093898,0.53545755,0.5618742,0.64469206,0.5866785,0.5374076,0.69591403,0.62519044,0.5592977,0.56219405,0.54366755,0.5839416,0.63391924,0.64237773,0.5744706,0.57893324,0.5375403,0.64221543,0.54119986,0.5959075,0.56964004,0.60383046,0.5039396,0.5649417,0.6008335,0.51565754,0.58470887,0.523328,0.57159686,0.57725734,0.5761289,0.6213028,0.74178183,0.5767562,0.5711411,0.4932337,0.51999015,0.55130434,0.6234365,0.57787955,0.54615885,0.5549381,0.56622314,0.55893385,0.6017261,0.5758579,0.5781736,0.62258065,0.6299249,0.5472757,0.5420168,0.5178642,0.56636363,0.61474943,0.6314342,0.5629101,0.56213236,0.6347936,0.5839412,0.63811255,0.56451786,0.5869366,0.60571903,0.60918295,0.63969904,0.54128414,0.7103594,0.63714015,0.57472247,0.7734389,0.5970254,0.63836795,0.5965326,0.58914095,0.5363803,0.5974948,0.58352995,0.5873218,0.61188614,0.55266607,0.5581521,0.58763736,0.5575228,0.661304,0.59542644,0.6203136,0.5896197,0.6057274,0.61924237,0.5828261,0.6368724,0.603725,0.6603465,0.61650074,0.533994,0.5304323,0.5397149,0.5831537,0.5059362,0.519726,0.54730135,0.70232236,0.71974736,0.5795491,0.68552625,0.7287899,0.6758485,0.7219103,0.6145945,0.655428,0.5654255,0.6868004,0.6322197,0.5849575,0.58708054,0.6305848,0.59747326,0.66224605,0.5726027,0.5141076,0.52198076,0.45827943,0.5168264,0.6003576,0.73730785,0.43960667,0.5839547,0.48667672,0.57314134,0.5592868,0.61392045,0.5620246,0.6163068,0.5013366,0.5583369,0.5981949,0.604621,0.5856926,0.59944236,0.58025163,0.5968029,0.58532536,0.57520586,0.60395795,0.5186957,0.5139907,0.57554644,0.4490176,0.5435576,0.5856476,0.5816589,0.6077565,0.6707939,0.64753765,0.54901856,0.56870073,0.5820057,0.57952577,0.58338386,0.673382,0.58077025,0.66007596,0.54551184,0.5845053,0.7021507,0.63891673,0.6795281,0.62931055,0.6154463,0.59668124,0.55167294,0.5707626,0.64199245,0.6330368,0.63644576,0.64044005,0.6485016,0.6777414,0.54820246,0.58514607,0.5010793,0.52860767,0.56827533,0.6549254,0.58765405,0.53274244,0.7100311,0.5963897,0.5670139,0.54679763,0.56825995,0.5796669,0.6254597,0.65609485,0.57841414,0.5873695,0.54962903,0.6489096,0.5726052,0.58660924,0.5829306,0.64222044,0.4905251,0.59321207,0.5970126,0.55887944,0.4927652,0.51920146,0.5418764,0.5753102,0.5656916,0.63436216,0.6920004,0.53281397,0.53668886,0.4729526,0.50674474,0.5427472,0.5433902,0.5698611,0.5889525,0.5634206,0.55188245,0.5674945,0.57125914,0.54590416,0.5559686,0.58471215,0.5708793,0.5395096,0.5375159,0.5929383,0.594081,0.56154925,0.5544961,0.54857135
70,0.5547665,0.6407094,0.57262915,0.5575892,0.5641954,0.57704246,0.5707018,0.59112525,0.58019096,0.5480463,0.59266275,0.5647555,0.5648862,0.51882887,0.50383264,0.57144517,0.60620666,0.6257372,0.58381706,0.59123826,0.59432495,0.5895763,0.65442324,0.5840039,0.57422256,0.5239774,0.6083877,0.6314189,0.51873344,0.64716196,0.6108129,0.57478034,0.6666133,0.6140831,0.62307787,0.610939,0.622412,0.5969902,0.6115213,0.6054692,0.5902992,0.6498679,0.5708087,0.58733326,0.6073757,0.5874336,0.6726917,0.5799237,0.59990245,0.59695685,0.60012966,0.633105,0.5874567,0.6396302,0.613071,0.6539278,0.62488,0.588856,0.5665156,0.5672737,0.5931994,0.5833497,0.51990557,0.6179671,0.6562053,0.6656813,0.6333741,0.634545,0.6996271,0.6289039,0.6421568,0.64914757,0.60582936,0.52296996,0.5897889,0.59304404,0.6025032,0.58202785,0.6014917,0.55014396,0.6031035,0.54779327,0.5731741,0.55248433,0.47005588,0.5295617,0.65790826,0.6609623,0.54459035,0.59139085,0.49695933,0.54585236,0.53524363,0.5520656,0.5416074,0.6263126,0.5308978,0.54802257,0.6114181,0.61314756,0.62009215,0.60594594,0.5912536,0.6014692,0.6422125,0.58983153,0.6194305,0.5246241,0.54215366,0.57205594,0.43365583,0.5207855,0.61387795,0.600269,0.6407489,0.6846147,0.65843767,0.56384474,0.530342,0.5820301,0.57292795,0.6001879,0.6348423,0.59905535,0.6048242,0.58057964,0.5960465,0.6519755,0.5938363,0.62112343,0.6206109,0.72850984,0.5825198,0.55947775,0.5522221,0.5706121,0.6167551,0.611615,0.6087219,0.6392794,0.667411,0.55529577,0.606475,0.49428245,0.5199346,0.56458277,0.6611756,0.6142443,0.5422072,0.68331426,0.6193922,0.5639735,0.5718472,0.55018765,0.586082,0.633041,0.64846665,0.57935494,0.58757573,0.55051035,0.6266551,0.55264014,0.5960474,0.568565,0.61218303,0.5023194,0.5806681,0.59807456,0.50049865,0.56766784,0.5191931,0.5638588,0.59435993,0.5895484,0.61925673,0.7237325,0.5838867,0.5851396,0.49021813,0.52391386,0.55951166,0.63543266,0.5772577,0.5525846,0.56578517,0.5784978,0.57214403,0.59392893,0.574624,0.58977365,0.6249255,0.6070286,0.55829364,0.53535813,0.5059345,0.5711536,0.61045647,0.62739784,0.5798447,0.56737876,0.6435006,0.5966488,0.64746857,0.58061135,0.6080728,0.5817445,0.61377454,0.6458375,0.54905605,0.7023616,0.6246711,0.5802094,0.75266844,0.5897918,0.6283042,0.5927568,0.61528945,0.566628,0.61380756,0.58647126,0.6046614,0.64181966,0.5592662,0.5842292,0.61818624,0.5750087,0.67543936,0.60207653,0.6356971,0.5883331,0.6026056,0.62565815,0.57831043,0.6385866,0.6167831,0.65664375,0.6293967,0.5328886,0.546879,0.5625001,0.5857541,0.51694137,0.5183591,0.554376,0.6888309,0.7066198,0.59429395,0.6925128,0.72514516,0.6804307,0.7199366,0.6200744,0.6556516,0.55775315,0.6550383,0.62713486,0.594998,0.58947706,0.60491866,0.5949704,0.64546824,0.57704,0.51709795,0.5531677,0.46893927,0.5339577,0.61012495,0.7259002,0.46034998,0.5872306,0.5021219,0.57135487,0.5590086,0.6045297,0.5594505,0.6379946,0.5070821,0.5765049,0.61381155,0.6031967,0.5952932,0.60903525,0.6045219,0.61029255,0.6108388,0.58531827,0.6167937,0.52739733,0.5207719,0.5738908,0.45120198,0.5460448,0.6083724,0.60688037,0.6207326,0.67528003,0.6501126,0.54819006,0.56807095,0.5783989,0.5771849,0.5785891,0.6585554,0.5959351,0.6478779,0.553489,0.5948457,0.68215907,0.611841,0.67441136,0.62363535,0.6199522,0.6009852,0.55583555,0.5704037,0.64271706,0.6361116,0.63807076,0.62529755,0.6561458,0.6863923,0.55299443,0.605979,0.49668604,0.5199132,0.5760454,0.6694695,0.6166192,0.54653203,0.7112508,0.60402185,0.5760137,0.55279434,0.5755785,0.58489347,0.6314991,0.6669992,0.5830666,0.601131,0.55918103,0.63445,0.57552826,0.5933866,0.57611537,0.6422874,0.48520005,0.6082642,0.5994827,0.54760355,0.50731266,0.5276962,0.53863037,0.59340465,0.58465576,0.6412931,0.68540865,0.53953767,0.5468927,0.47699827,0.51044863,0.53738636,0.54206383,0.56718695,0.5807564,0.5575329,0.5487331,0.57425565,0.5743044,0.54693913,0.5557998,0.58086914,0.5693205,0.54314667,0.53782433,0.5935609,0.5955657,0.5593314,0.55481446,0.5534549
71,0.55665743,0.6404419,0.5672414,0.5596177,0.5677631,0.5793509,0.573996,0.5790749,0.57497674,0.5415083,0.5950363,0.52996504,0.57139176,0.51325095,0.49524862,0.57108563,0.6023333,0.6159596,0.5899739,0.5911759,0.5913709,0.5934232,0.64677095,0.5914409,0.55137324,0.49108592,0.6061859,0.6221203,0.53409076,0.6302775,0.59329075,0.5792866,0.6386982,0.60126597,0.60804254,0.606996,0.6385028,0.61222464,0.61747754,0.60799587,0.60369295,0.66487,0.5727706,0.59792125,0.6291489,0.60039043,0.6706643,0.5798512,0.5953386,0.60342777,0.59201133,0.6273383,0.58076334,0.6315471,0.6173462,0.6454548,0.61330914,0.5787844,0.57571924,0.5754472,0.5830182,0.5775841,0.5196356,0.6095118,0.6381035,0.64604867,0.62732166,0.6321566,0.68240196,0.6163113,0.6392448,0.638135,0.5888833,0.5113811,0.54961,0.57204175,0.59951013,0.58629835,0.5661919,0.5359439,0.5690444,0.53665966,0.577959,0.5720807,0.4798732,0.52947676,0.63283294,0.6376792,0.5511285,0.58624524,0.50733256,0.55255264,0.5362542,0.5429037,0.5348716,0.63386756,0.5373972,0.55507356,0.6238561,0.61167914,0.6224095,0.6042442,0.60295624,0.6043588,0.6538897,0.59946465,0.6195665,0.53059745,0.5476532,0.56984234,0.4346527,0.5199002,0.62932235,0.618041,0.6494396,0.68827784,0.6550909,0.5638281,0.5292515,0.5781722,0.56915855,0.59755576,0.6092536,0.6076545,0.59329766,0.5731658,0.59950715,0.6262691,0.5595437,0.60524976,0.6070358,0.7108203,0.58461386,0.5631656,0.54916906,0.5686152,0.61367977,0.6109234,0.6005337,0.6437745,0.6606928,0.5546134,0.6142302,0.4919652,0.515247,0.56723404,0.66693974,0.6318084,0.54924995,0.65956277,0.61279446,0.56439734,0.57603323,0.55560726,0.5870164,0.6263667,0.6487769,0.58067155,0.5897525,0.55956113,0.6060576,0.56403726,0.5930831,0.567189,0.61789536,0.5042447,0.59189415,0.5939593,0.48751056,0.55495787,0.5254996,0.5521873,0.6051914,0.5970954,0.6124798,0.69255793,0.5886617,0.59502,0.48822728,0.52700937,0.5627261,0.6391165,0.572279,0.55574816,0.5717263,0.58553153,0.58035094,0.5852188,0.571681,0.5937602,0.62195617,0.57789403,0.5646609,0.53414065,0.50367093,0.57229507,0.60517704,0.6175585,0.59063834,0.56975895,0.64347047,0.6030325,0.64724994,0.58928335,0.61834514,0.5539443,0.6099419,0.64102304,0.5593575,0.6875409,0.610321,0.5889254,0.7203502,0.590233,0.6185385,0.5869966,0.6296132,0.5895377,0.6225708,0.58648616,0.6142089,0.6600759,0.5603387,0.60113174,0.6344887,0.5854163,0.6790068,0.60283715,0.6413853,0.586403,0.59745973,0.62666285,0.5733849,0.63474524,0.6229409,0.6459494,0.63342375,0.53666764,0.5563089,0.5756615,0.58482236,0.5329602,0.52356046,0.56146353,0.6720807,0.68843925,0.6085873,0.69259125,0.708949,0.68079394,0.706911,0.62726015,0.64705956,0.556223,0.6137757,0.62145776,0.60650796,0.5925123,0.5738318,0.59048545,0.6264462,0.5855732,0.52856356,0.57810646,0.49062854,0.54494405,0.61803824,0.70577395,0.48435992,0.58711654,0.52043825,0.57516986,0.55858856,0.5945097,0.56039965,0.6492212,0.5234455,0.59542483,0.62227833,0.598539,0.6001876,0.6132753,0.6181962,0.6168822,0.6265784,0.5936375,0.6239472,0.5317092,0.5303153,0.5718733,0.46067792,0.54978573,0.6198039,0.6227818,0.62941223,0.67229015,0.648136,0.54912454,0.5680012,0.57547987,0.572572,0.57362026,0.63554984,0.604678,0.6302822,0.5587118,0.60051626,0.65179205,0.57913005,0.66034156,0.61195385,0.6189212,0.6069636,0.55953914,0.5689612,0.6392198,0.63544565,0.634242,0.6036956,0.6541373,0.6837182,0.55608684,0.6183402,0.50560635,0.5238979,0.5815986,0.67311615,0.63569516,0.563042,0.7043546,0.6140991,0.58058786,0.5550193,0.5786146,0.5868438,0.62996143,0.6673806,0.58311474,0.60701215,0.56472725,0.6196603,0.5791563,0.59565336,0.5686072,0.6376906,0.48244083,0.61573875,0.59993225,0.5393012,0.52762663,0.54599935,0.5354957,0.604049,0.5956232,0.6414493,0.6692197,0.5493378,0.5549594,0.48483682,0.5162744,0.53232795,0.5413867,0.56426847,0.5709222,0.5506788,0.5452503,0.5769845,0.5727417,0.54662895,0.5534488,0.5773555,0.5686917,0.5447027,0.53687406,0.58912134,0.5919174,0.55620766,0.5543052,0.5561511
72,0.5558931,0.6353729,0.5603416,0.55938953,0.5690547,0.58096296,0.5757568,0.5688327,0.5711812,0.5344925,0.59274596,0.49938676,0.57428235,0.51711303,0.49646732,0.5715074,0.59833664,0.60556966,0.59334546,0.5895853,0.5877992,0.59600186,0.63520974,0.5918004,0.5261838,0.4636664,0.5956501,0.607326,0.54739887,0.61396366,0.5809184,0.5860274,0.6138221,0.596902,0.5947486,0.60167724,0.6389646,0.6178291,0.61497563,0.6059076,0.60739416,0.66316146,0.5683973,0.5987382,0.63263774,0.60429484,0.6588021,0.5795027,0.58834684,0.60615146,0.5849019,0.6175195,0.5748308,0.62042844,0.61380327,0.63180894,0.5991052,0.57532555,0.5788068,0.57346046,0.5767325,0.57566005,0.5262926,0.6016574,0.6219507,0.6284564,0.6175874,0.6289438,0.6583436,0.6004902,0.6313962,0.6305457,0.5700655,0.5107681,0.51292443,0.55123,0.5968952,0.5905828,0.53221226,0.5290376,0.53886074,0.534953,0.5862128,0.5828943,0.49621993,0.5264162,0.60169667,0.6120184,0.5605506,0.5774786,0.5189009,0.5640588,0.5374331,0.5370387,0.5332744,0.6320464,0.5476693,0.5627126,0.6238682,0.60595065,0.61637956,0.5984965,0.60612684,0.60120094,0.64906716,0.6050666,0.6148144,0.53014874,0.54994226,0.56854457,0.4432951,0.52359015,0.6274151,0.62300503,0.651322,0.68185294,0.64731264,0.56438524,0.53265387,0.5780745,0.5651141,0.5955905,0.58062303,0.6097471,0.58105487,0.5650548,0.60076433,0.5984008,0.5266159,0.5870603,0.58957547,0.6829165,0.5866716,0.5637175,0.54739004,0.5692022,0.6086495,0.6102264,0.5899794,0.6376878,0.64462185,0.55154335,0.6112225,0.50199807,0.5213408,0.5698072,0.658784,0.6356175,0.55823046,0.6300136,0.60867083,0.5614836,0.5749853,0.55954355,0.5883202,0.6176951,0.6446961,0.5809286,0.5875006,0.5638765,0.5858348,0.57568175,0.58848816,0.5679436,0.62241524,0.50973976,0.59649557,0.5893582,0.47945765,0.5498883,0.5401862,0.538297,0.60861564,0.59846205,0.60267925,0.6549764,0.591197,0.5994605,0.49048993,0.531775,0.5627939,0.6351039,0.5649589,0.55678517,0.57368684,0.5884603,0.5841543,0.57781434,0.56860393,0.58952534,0.6151658,0.54892623,0.5670715,0.5400239,0.51157385,0.57198024,0.60211235,0.6047468,0.5957296,0.5719301,0.63733214,0.605377,0.63911664,0.59036815,0.6155395,0.52852863,0.59992146,0.62729734,0.5697823,0.67099714,0.5992346,0.6023301,0.6845827,0.60026443,0.6141522,0.5801485,0.62954944,0.6011078,0.6218479,0.58323485,0.6136921,0.6619479,0.5537829,0.6053077,0.63246167,0.58588934,0.67072415,0.59956497,0.63667893,0.58460027,0.5920273,0.622278,0.56964797,0.62608135,0.62022996,0.6296114,0.6292578,0.5466415,0.55703247,0.576369,0.5850646,0.5544173,0.5355722,0.57138056,0.6592573,0.67098516,0.6216926,0.6889346,0.6859974,0.6786432,0.6879023,0.6371145,0.6338027,0.5612869,0.572132,0.61741877,0.6181158,0.5944819,0.54292274,0.58567965,0.6101631,0.5971142,0.54653585,0.5930779,0.5198301,0.5498994,0.6243693,0.682645,0.5098267,0.5850768,0.53928727,0.5844243,0.5582392,0.5883216,0.5644209,0.64758533,0.54684985,0.61320734,0.6206946,0.590829,0.5990862,0.61150575,0.6192571,0.61567014,0.6269935,0.59846306,0.6245907,0.53056055,0.54112893,0.5701681,0.47715032,0.5566867,0.6159126,0.62539566,0.63093436,0.6618935,0.6412947,0.55263513,0.57011616,0.5754312,0.5682142,0.5695253,0.60944134,0.6064603,0.61095136,0.56185734,0.6018511,0.6176195,0.5476341,0.6413669,0.59742576,0.614264,0.6143821,0.5622899,0.5673651,0.63323474,0.63073444,0.6276838,0.58012176,0.64329064,0.67163575,0.55748624,0.6201858,0.524841,0.5390716,0.5845153,0.66347075,0.6406596,0.58044255,0.69318914,0.6262319,0.58108145,0.5538185,0.57806885,0.58618253,0.6234669,0.6577894,0.581003,0.6058896,0.5662134,0.6100544,0.5841101,0.59464955,0.5634694,0.63183665,0.48308006,0.61432606,0.5980122,0.5364409,0.5516617,0.57082814,0.53301805,0.60692847,0.59776586,0.6354417,0.64849216,0.5612621,0.5588958,0.4982566,0.5268358,0.5295344,0.5420589,0.5614935,0.56160384,0.54557,0.5435041,0.57628477,0.56786394,0.54566383,0.55000436,0.5759519,0.57019037,0.54377264,0.5348604,0.5809902,0.58427316,0.55421805,0.55417854,0.55686253
73,0.5553576,0.62828493,0.5549724,0.558651,0.56958604,0.58373564,0.57729,0.56271166,0.57036626,0.5291545,0.5873791,0.47974664,0.57510316,0.5315715,0.50857836,0.57499105,0.5960781,0.59688354,0.595663,0.5900701,0.586745,0.59825695,0.6238568,0.5877347,0.50460863,0.44825146,0.58079976,0.59115297,0.5572358,0.60378176,0.5781645,0.5975785,0.60024375,0.6043858,0.58875644,0.5972041,0.6251079,0.61464596,0.6058243,0.6004821,0.6025729,0.6456451,0.5586588,0.5905588,0.61749184,0.5981113,0.6393763,0.5808214,0.58053124,0.6049318,0.5805599,0.6059829,0.57120997,0.6093173,0.6034523,0.6153668,0.58670056,0.5805503,0.5779645,0.5637406,0.577996,0.58266133,0.54099715,0.59982246,0.6138882,0.61798906,0.60795975,0.62867886,0.635313,0.58641297,0.6232549,0.6301371,0.5559401,0.521412,0.4879635,0.536766,0.595975,0.5931577,0.5071813,0.5306106,0.51925,0.5423199,0.5970573,0.58379537,0.516522,0.52370006,0.57237756,0.5906228,0.5735443,0.5683088,0.5312068,0.5785709,0.5385915,0.53777975,0.5370525,0.62162346,0.5612572,0.57292134,0.6114686,0.5971271,0.60394126,0.5910229,0.6020795,0.5943489,0.6291819,0.60571355,0.60673517,0.52407455,0.54957587,0.56878245,0.45997912,0.5340125,0.608191,0.61537886,0.64553374,0.66581243,0.6361703,0.56620646,0.5411894,0.5828679,0.5638522,0.594434,0.5548393,0.60639405,0.57081723,0.5592919,0.5998653,0.57465714,0.5020596,0.57208574,0.5720815,0.65169805,0.58905166,0.5613207,0.54676443,0.5715511,0.6021913,0.60995674,0.57944584,0.62232137,0.62338245,0.54790854,0.59903693,0.52242243,0.5371872,0.5723964,0.63709617,0.62503403,0.5695096,0.6026277,0.6099335,0.55731106,0.5704299,0.5621495,0.59055406,0.6102003,0.6377058,0.58256996,0.5838916,0.563888,0.57299775,0.58815354,0.5837345,0.5717177,0.6268167,0.51814985,0.5946599,0.585112,0.47900832,0.5543374,0.56033856,0.52477527,0.6061576,0.5958765,0.59257376,0.62005854,0.5927704,0.5987183,0.500081,0.5411116,0.5624376,0.6250888,0.5580412,0.5571598,0.573313,0.5890711,0.5851805,0.57334805,0.56690794,0.57880425,0.606455,0.52657676,0.5672243,0.553744,0.5291488,0.57234144,0.6031113,0.5917484,0.5966588,0.5759373,0.6281199,0.6061902,0.6256684,0.58663696,0.6005394,0.5114773,0.5868965,0.6083775,0.578085,0.658264,0.5951762,0.62133545,0.65525895,0.61956555,0.6191059,0.573941,0.61668426,0.6006697,0.61328393,0.5777953,0.60439473,0.64739615,0.54040843,0.59636074,0.61207396,0.57611775,0.65190333,0.59453017,0.62310857,0.5838382,0.58797616,0.61416614,0.56820905,0.6147826,0.6097106,0.6104777,0.61944973,0.56230026,0.55007774,0.5655644,0.5903965,0.5808422,0.55395585,0.5855921,0.6551669,0.6589495,0.6331207,0.684739,0.6635784,0.675801,0.66882867,0.64931285,0.6210065,0.5720803,0.5395469,0.6171313,0.62887746,0.5940012,0.51823944,0.5815817,0.6005544,0.6089048,0.56862086,0.59652936,0.55200136,0.5503239,0.6295749,0.66243523,0.5350172,0.5831481,0.55667067,0.5967393,0.55826336,0.58914554,0.5709635,0.6336973,0.57295483,0.6286081,0.6089727,0.58111334,0.5937332,0.6059076,0.6101579,0.60866654,0.6120409,0.5989807,0.6197764,0.5246978,0.55173355,0.56883484,0.50003844,0.56772894,0.59700584,0.61433285,0.6239685,0.64552355,0.6302137,0.558681,0.5755096,0.57959825,0.5665118,0.56671035,0.58620983,0.6030064,0.5938055,0.56355554,0.599574,0.58732617,0.52425396,0.62298846,0.5834423,0.6081001,0.6227231,0.5638217,0.56595683,0.6255233,0.62218446,0.62081534,0.55931354,0.62565684,0.65309364,0.55800605,0.611629,0.55034745,0.5625481,0.5849375,0.640961,0.6305353,0.59725225,0.68201697,0.63967246,0.579242,0.55060244,0.5754424,0.58299,0.6146988,0.64031804,0.57926697,0.6003818,0.564753,0.61015236,0.5904845,0.59205323,0.5623541,0.62787974,0.4870328,0.60514253,0.59443545,0.5404488,0.57647735,0.59829813,0.5311591,0.6046036,0.5935398,0.62546843,0.62884635,0.5742753,0.55791795,0.517934,0.5436209,0.5299908,0.5442692,0.55849916,0.55402255,0.54482466,0.5454376,0.57340205,0.56183314,0.5449938,0.54702294,0.5777339,0.5743971,0.54081774,0.53256804,0.57186246,0.5751378,0.5553016,0.5555662,0.5564886
74,0.5568078,0.6217206,0.5539351,0.5585221,0.5701609,0.5880855,0.57903713,0.56204635,0.57317877,0.5274988,0.5808337,0.4759602,0.57502097,0.55539256,0.53085554,0.58198065,0.5962373,0.5912648,0.5978955,0.5942094,0.5892688,0.6002367,0.61532766,0.583314,0.4928656,0.4502733,0.5665298,0.57845753,0.56257176,0.6039277,0.58652997,0.6148499,0.6025067,0.6238796,0.5943255,0.59575653,0.60151213,0.60460407,0.5939624,0.5943635,0.5933276,0.6175097,0.54680985,0.5760979,0.5869268,0.58225447,0.6170333,0.58382607,0.57276654,0.5996836,0.5800964,0.59589064,0.5708648,0.60165554,0.5898378,0.5999464,0.58009815,0.5934694,0.5758189,0.5507689,0.5882603,0.60091424,0.5637082,0.6063968,0.6167319,0.6172998,0.60271597,0.63357675,0.62178975,0.58016473,0.6197676,0.6380556,0.5521599,0.5420462,0.48123994,0.53483784,0.5983125,0.5925664,0.49820563,0.53935015,0.51502633,0.55626464,0.6084551,0.57502687,0.53726107,0.52428395,0.5542213,0.57947457,0.5897925,0.5632581,0.54338515,0.5931094,0.53982365,0.5474532,0.5450989,0.6051282,0.57715255,0.58604187,0.5904707,0.58769345,0.58976895,0.5849343,0.5943575,0.5876316,0.60065895,0.60147023,0.5980326,0.51466227,0.5479706,0.570554,0.4841594,0.5517741,0.5762799,0.5980645,0.6327308,0.6424751,0.62320465,0.5692997,0.55388254,0.5921873,0.5671725,0.5937267,0.53780913,0.60038364,0.5650987,0.557854,0.596767,0.56069255,0.49213925,0.56614876,0.55901873,0.6265919,0.59167105,0.55692035,0.54686,0.573791,0.5948037,0.6093052,0.57166845,0.6010698,0.6025507,0.54551685,0.58080375,0.5489269,0.55994546,0.5743919,0.6064968,0.6019268,0.58302987,0.58598024,0.6178856,0.5541328,0.5647264,0.5639434,0.5930854,0.6054193,0.62903607,0.5865709,0.5811755,0.56091124,0.5739289,0.6009052,0.5799903,0.57762605,0.63124895,0.5279214,0.58808815,0.5823177,0.48745912,0.5682721,0.58235997,0.5146605,0.600984,0.5927306,0.5853745,0.59688926,0.5954042,0.59399855,0.5178916,0.5564484,0.56328803,0.6112083,0.554129,0.55766374,0.5717435,0.58863336,0.5848338,0.57283074,0.56768686,0.56451565,0.5970894,0.5154122,0.5663608,0.5739766,0.5540721,0.57430327,0.60806364,0.5809637,0.594743,0.5820146,0.6184191,0.6067945,0.6096811,0.581905,0.57682645,0.5071644,0.57381904,0.58855593,0.58249325,0.6541944,0.59962755,0.6450227,0.64097005,0.6448793,0.6345115,0.570687,0.595595,0.58974093,0.6011268,0.5725089,0.59039956,0.6205703,0.52377856,0.5765636,0.57704276,0.5578756,0.6267719,0.5892861,0.6042453,0.5840397,0.58664054,0.6052706,0.5696435,0.60426515,0.59519213,0.5929011,0.6073309,0.5805926,0.5381152,0.5468993,0.6022915,0.6098497,0.5767515,0.6033134,0.6606695,0.6541672,0.6425863,0.6826226,0.64905155,0.67412025,0.65589386,0.66218644,0.612891,0.5866638,0.5230215,0.62176275,0.63809294,0.590186,0.504834,0.5777507,0.59896255,0.6167787,0.5915335,0.5884031,0.5818339,0.54798687,0.63362855,0.64999247,0.5581238,0.58380395,0.5707571,0.6080557,0.5590595,0.59806013,0.5781407,0.6108382,0.5969068,0.64070714,0.5901133,0.5715621,0.58782005,0.60021937,0.59592336,0.599874,0.58694506,0.5952906,0.61185145,0.5160655,0.5605707,0.56772345,0.52757674,0.58246636,0.5677148,0.5922876,0.6091975,0.62621325,0.6165457,0.56637657,0.5842185,0.5880302,0.56895345,0.5651053,0.57110196,0.59729373,0.58246714,0.56419384,0.59464353,0.5676245,0.514281,0.6110299,0.5731251,0.602706,0.6305439,0.56402916,0.5645363,0.61554205,0.61029774,0.6149612,0.5450602,0.60412747,0.63134396,0.55845207,0.59415734,0.5767215,0.58957785,0.5827815,0.6098108,0.60711133,0.61188287,0.6747494,0.65310335,0.57682157,0.5471091,0.5724965,0.57719976,0.6055738,0.61835194,0.57933486,0.5931207,0.56176573,0.62148565,0.5970109,0.5891911,0.5653979,0.6278416,0.49317193,0.5910346,0.59094304,0.55073667,0.5986184,0.6243262,0.5297131,0.600624,0.58694446,0.6148207,0.6155629,0.5869934,0.55256766,0.5421989,0.56546867,0.53345454,0.54752594,0.5548164,0.54875237,0.5497159,0.5517749,0.56948346,0.55670094,0.54522115,0.54577667,0.5828221,0.5810946,0.5368911,0.5310374,0.5645999,0.5672499,0.5601939,0.55880654,0.5558942
75,0.56004864,0.6170037,0.5586278,0.55917186,0.57052875,0.5926109,0.58037156,0.56662434,0.5791424,0.5302484,0.5742165,0.48957917,0.5744851,0.58401686,0.5597634,0.5906823,0.5978074,0.58865654,0.59960866,0.60081095,0.59394574,0.60109466,0.6102892,0.5820965,0.49507394,0.47202605,0.5572337,0.5729579,0.5634917,0.615705,0.60368764,0.63588053,0.61916494,0.6512063,0.61224806,0.5982079,0.57503575,0.5903062,0.5837627,0.5901307,0.58474004,0.5873985,0.5367226,0.55939835,0.5480917,0.5589977,0.5973029,0.58646184,0.5650138,0.58996224,0.5834094,0.58976805,0.5739367,0.59937775,0.57764506,0.5886898,0.58138376,0.60974675,0.5740165,0.5392786,0.60540855,0.62816244,0.592285,0.61932725,0.6285705,0.6256887,0.60574645,0.6435482,0.62327665,0.58677113,0.62466,0.6522623,0.56118524,0.56950927,0.4955123,0.5492634,0.605528,0.5881963,0.50933975,0.5512832,0.5276096,0.5729636,0.61790043,0.5588192,0.5553065,0.5297986,0.5545693,0.58180994,0.60793316,0.5670661,0.5545057,0.6042605,0.5414644,0.5662312,0.5547288,0.58627594,0.5934163,0.60051376,0.5676641,0.5804478,0.57900184,0.5829451,0.58715874,0.58469194,0.5730575,0.5937092,0.591741,0.5050725,0.5466293,0.57347125,0.51321447,0.5747651,0.5399904,0.57630104,0.6147955,0.61577797,0.60975844,0.5730454,0.56795955,0.6040205,0.57486695,0.59290516,0.53359324,0.59532773,0.5656886,0.56083584,0.59130704,0.5595859,0.5004156,0.5732379,0.5541888,0.61628485,0.59413266,0.55215025,0.5473562,0.5736597,0.58699805,0.6065001,0.56888205,0.57854575,0.5869827,0.5452561,0.5601263,0.57554406,0.5850289,0.57417816,0.57496756,0.5709312,0.59826124,0.5863169,0.6317935,0.55346346,0.56020194,0.56540006,0.5944102,0.60319656,0.6195447,0.59174407,0.57998365,0.5565895,0.5916099,0.61203897,0.57750726,0.58353555,0.6350515,0.5366836,0.5795119,0.58214486,0.50361824,0.589881,0.6030671,0.51089984,0.5966379,0.5920372,0.5837777,0.59099394,0.6010201,0.58703065,0.5414418,0.57608694,0.56525296,0.59582186,0.554729,0.5582611,0.569287,0.5875423,0.5836812,0.5761428,0.57117784,0.54959154,0.5870504,0.5168346,0.5648968,0.59673804,0.58152956,0.5771583,0.61474603,0.57393074,0.59073496,0.5886298,0.61008334,0.6071088,0.5938625,0.5793007,0.54994184,0.5171441,0.5627216,0.57163477,0.5822862,0.66124123,0.61091375,0.6700548,0.64472467,0.6703318,0.65727526,0.57202816,0.5726261,0.57163364,0.59045327,0.5696271,0.5768524,0.5893598,0.5086709,0.5506505,0.53510994,0.53471875,0.60154176,0.5841834,0.5846026,0.583669,0.5881877,0.5982016,0.573706,0.5971905,0.5816509,0.58076215,0.5961349,0.59665436,0.5247735,0.5256734,0.61826366,0.63699996,0.6003056,0.6211264,0.67228466,0.65498817,0.65013134,0.6837869,0.64667827,0.6751271,0.6538375,0.67344385,0.611222,0.6025646,0.5252215,0.63077325,0.6456685,0.5828996,0.5049566,0.5721829,0.6033416,0.6169196,0.6116128,0.57063794,0.60495234,0.54463416,0.635969,0.64733166,0.57719207,0.58917844,0.58038646,0.6144084,0.5609186,0.6135147,0.58264136,0.58420116,0.6142972,0.64912546,0.5698288,0.56481904,0.58481336,0.5980028,0.5821591,0.59359413,0.56038654,0.58850706,0.6037998,0.5072234,0.56638616,0.5667848,0.555995,0.5986715,0.53602046,0.5650404,0.5893389,0.60755914,0.60228014,0.5741569,0.5949497,0.59914064,0.5754358,0.5643042,0.5668341,0.59268874,0.5793518,0.563878,0.5881619,0.5618106,0.51993954,0.6095337,0.5685212,0.60012585,0.6358128,0.56315315,0.5627904,0.60226685,0.5960617,0.6101453,0.539343,0.58226174,0.6095235,0.5590482,0.57038814,0.5979731,0.6142296,0.5774126,0.57754695,0.57540834,0.6230314,0.6738139,0.66492724,0.5746846,0.5449005,0.5706549,0.5692251,0.5974669,0.59609354,0.58103204,0.58589697,0.5584342,0.64140964,0.60111743,0.58649015,0.5711868,0.6314672,0.4994475,0.5757551,0.58952683,0.564357,0.6152928,0.6455717,0.52884066,0.5980451,0.58192843,0.6069795,0.6117349,0.59803,0.5448267,0.56710523,0.5881101,0.538445,0.5506159,0.5505791,0.54597497,0.5594675,0.5614119,0.56542516,0.5539071,0.5462901,0.5466001,0.5901946,0.5890925,0.53316885,0.5309657,0.56096905,0.56235665,0.5678553,0.5631331,0.5555136
76,0.563687,0.6138672,0.5681891,0.5601985,0.56994057,0.59498537,0.58015937,0.5746063,0.5869932,0.5363242,0.5676062,0.5180939,0.57344866,0.610142,0.58907455,0.5976717,0.5980907,0.5875907,0.5992006,0.6066414,0.59746987,0.59970325,0.60787976,0.58639395,0.51207536,0.511022,0.55578184,0.57621574,0.56164074,0.6365462,0.6234956,0.6563405,0.64236575,0.67865735,0.63838136,0.60382855,0.5535444,0.5752102,0.5789921,0.5892068,0.5814413,0.5650618,0.53107363,0.54516786,0.5112758,0.5331703,0.5842992,0.5855272,0.5559885,0.575619,0.58908325,0.58824253,0.5799043,0.60157824,0.57088614,0.581905,0.59035623,0.62341535,0.57301575,0.53296936,0.6233965,0.6574848,0.622603,0.63253295,0.6428334,0.63880086,0.6193538,0.65621346,0.6392158,0.6079367,0.63890123,0.6679408,0.5814291,0.59930706,0.5287814,0.57937604,0.6189936,0.5804709,0.53982234,0.56126523,0.5544425,0.58862764,0.62383354,0.539869,0.56926584,0.540112,0.5754385,0.5966822,0.6261095,0.5827049,0.5640058,0.6091106,0.54394346,0.59125906,0.5629786,0.5690862,0.6076918,0.6139615,0.5508652,0.5773444,0.57529,0.5868128,0.5843914,0.5880708,0.5560286,0.58515966,0.5906383,0.4985903,0.546693,0.57689,0.54197145,0.5976496,0.50911856,0.5572161,0.5945221,0.5901994,0.5963517,0.5762826,0.57958776,0.6150116,0.58494496,0.5914747,0.5431947,0.59507424,0.5733446,0.56609976,0.58350295,0.5708062,0.52637863,0.5939361,0.5593678,0.6247611,0.5964013,0.54902816,0.5481453,0.56942827,0.5797748,0.59986514,0.5718474,0.5594714,0.5791552,0.5468166,0.5406088,0.59682655,0.60751873,0.56996197,0.5510794,0.53944546,0.6148431,0.60510755,0.6491098,0.55562884,0.55856043,0.5664854,0.59290135,0.6019655,0.6095485,0.59508747,0.57958955,0.55229306,0.6234875,0.6193134,0.5754904,0.5868796,0.6371432,0.5418167,0.57241964,0.58551705,0.5235438,0.61543673,0.6207925,0.5156816,0.59650916,0.5961802,0.5893558,0.602051,0.6103799,0.5800646,0.56556916,0.59522796,0.56733096,0.58118886,0.5596139,0.5584947,0.5658695,0.58561224,0.5816893,0.5819425,0.577013,0.53638244,0.57542807,0.5290075,0.5626952,0.6161285,0.6050646,0.5789709,0.6191822,0.57080007,0.58499426,0.59301096,0.60399276,0.6061557,0.5805859,0.5811391,0.52644545,0.5394846,0.55486566,0.5603785,0.57826596,0.6778527,0.6241277,0.69150484,0.66167057,0.6890353,0.6806207,0.5781471,0.5546153,0.5515786,0.58581066,0.57031965,0.56842273,0.5637216,0.49917886,0.52525854,0.49700215,0.51158386,0.5823792,0.5785645,0.5678708,0.58054376,0.59159815,0.5940828,0.5795859,0.59405327,0.57345116,0.57536244,0.58868855,0.6058188,0.5141801,0.50778496,0.63193524,0.65697974,0.62024444,0.6335981,0.6832499,0.65714836,0.6559989,0.68733746,0.65519255,0.67928195,0.6635673,0.6809945,0.6153057,0.61737996,0.54396355,0.6418366,0.6524386,0.57286525,0.5173692,0.562572,0.6093039,0.6076195,0.6259638,0.5478209,0.61947834,0.54196334,0.63591325,0.6526157,0.58987695,0.5998093,0.5854953,0.6134351,0.56379837,0.63128537,0.5814652,0.5596235,0.6224901,0.65442306,0.5549945,0.56309295,0.58691853,0.60182095,0.5743076,0.59336627,0.54169244,0.5806629,0.5989429,0.5007544,0.568482,0.5659673,0.579775,0.61232305,0.5108588,0.54088557,0.56876063,0.592236,0.58882904,0.58006036,0.60539085,0.6098993,0.58418745,0.56361556,0.57289344,0.5929174,0.5850386,0.5623736,0.58134055,0.5688314,0.5396878,0.6191885,0.5698266,0.6012116,0.6370526,0.5619081,0.560626,0.5855471,0.58122545,0.6054349,0.54216087,0.5639184,0.59051377,0.5595306,0.54432887,0.6094289,0.6313264,0.5680932,0.5525363,0.5435772,0.6304922,0.67915595,0.6737715,0.572726,0.5448659,0.5704492,0.5602068,0.5913704,0.577519,0.5826507,0.57960314,0.5554856,0.6639661,0.600328,0.5835998,0.5768786,0.63603234,0.50347245,0.5632913,0.5918084,0.57682407,0.6249696,0.6602245,0.5290379,0.5996216,0.582243,0.6050211,0.61680555,0.6065097,0.5379042,0.5876941,0.6052588,0.5424937,0.5518967,0.54661673,0.5455041,0.57147926,0.57169884,0.56206435,0.5542309,0.5476057,0.54884315,0.5977241,0.59628636,0.53059924,0.5323412,0.5612501,0.5608775,0.5759657,0.5670563,0.55545837
77,0.5662471,0.61079514,0.57951295,0.5609731,0.56780636,0.59337115,0.57759506,0.5833277,0.5953591,0.5436935,0.5609717,0.55549556,0.5715834,0.6262998,0.61177206,0.5993591,0.5940138,0.5858523,0.5950698,0.6083133,0.59625536,0.595423,0.60616916,0.5978405,0.5416247,0.5598656,0.5627778,0.5877806,0.5590111,0.66019034,0.63763934,0.67122424,0.6606301,0.69775444,0.66452175,0.6111012,0.5441008,0.56325495,0.5823358,0.5917743,0.58673656,0.55790067,0.5306797,0.53746,0.48661464,0.51120996,0.5791027,0.5785935,0.5438487,0.5577912,0.5949296,0.5898975,0.58801156,0.60496664,0.5715858,0.57714,0.60496366,0.6293689,0.57274556,0.5340166,0.6342147,0.6797102,0.64946365,0.63821626,0.6505235,0.6496645,0.64244896,0.66720957,0.6628669,0.6404385,0.65950227,0.6786744,0.6077996,0.62670714,0.574378,0.61927146,0.6384617,0.570279,0.5836308,0.56536245,0.5895084,0.6004055,0.62594825,0.52392775,0.5788474,0.5532062,0.6121358,0.6189381,0.6420279,0.6090662,0.5714111,0.6059077,0.5475025,0.616885,0.56825227,0.5567475,0.61782986,0.6238423,0.5464002,0.5789908,0.58018684,0.59726304,0.58933735,0.59927154,0.55643564,0.5790196,0.5967608,0.497681,0.54875904,0.5797049,0.5639049,0.6131849,0.4920135,0.548036,0.57500744,0.5690881,0.5826576,0.57734966,0.58527863,0.6212508,0.59437394,0.5889926,0.5643893,0.60324085,0.58749944,0.5700093,0.5739107,0.5905285,0.5650725,0.6247244,0.5734541,0.6491061,0.5988763,0.54916424,0.54903316,0.5606004,0.57457054,0.5889634,0.5795668,0.54741555,0.57895976,0.54918486,0.5258071,0.6095536,0.62353456,0.56139815,0.540594,0.5156707,0.63227016,0.63779986,0.6656704,0.5598933,0.5603711,0.5666618,0.58733183,0.59912217,0.59869397,0.59362215,0.57877904,0.54889834,0.66146255,0.6209948,0.5728664,0.5852576,0.63612664,0.54129845,0.5702527,0.59271425,0.5418291,0.6395194,0.6350603,0.52971005,0.6038532,0.6074902,0.60248667,0.6239572,0.6222289,0.5758592,0.58447313,0.60799605,0.5685493,0.56903076,0.5668905,0.55776966,0.5615523,0.5825906,0.5789164,0.5882431,0.5848283,0.52692664,0.56181204,0.5476944,0.5595204,0.62649286,0.61900085,0.577657,0.6172426,0.570279,0.5780773,0.5922704,0.59997404,0.60303104,0.57140213,0.5899112,0.51236534,0.5689269,0.5511745,0.55636334,0.5723144,0.69835037,0.63262177,0.7045065,0.68114066,0.695019,0.6967598,0.5880579,0.54749596,0.53593147,0.5903905,0.5746261,0.5683678,0.5523602,0.49759802,0.5070842,0.4730873,0.4939786,0.57308114,0.5717257,0.55601454,0.5734476,0.5954406,0.5925557,0.58651304,0.59337634,0.57318336,0.5750056,0.5870364,0.6052704,0.51025987,0.4984912,0.6354032,0.66515315,0.6328374,0.63489264,0.6856789,0.6554806,0.66002315,0.6902407,0.6684104,0.6852458,0.68088114,0.6829684,0.6230186,0.62906516,0.5728887,0.6517212,0.6594885,0.56128275,0.5381792,0.5483341,0.6125024,0.5897291,0.63299567,0.5261448,0.62560636,0.5411183,0.6330526,0.66079676,0.59375817,0.6137407,0.5868207,0.6045993,0.5672892,0.64542794,0.57408845,0.54207134,0.6210851,0.65748304,0.5510331,0.56738776,0.59525895,0.61315805,0.5776642,0.60178894,0.53803563,0.57413197,0.6004384,0.49854156,0.56662923,0.5648526,0.5933569,0.61852527,0.49921292,0.52821904,0.55226,0.5809993,0.57657796,0.5820936,0.6128515,0.61661834,0.59229594,0.56221557,0.58610696,0.60195476,0.59810704,0.5592019,0.5755138,0.5843389,0.56850487,0.6371577,0.57521755,0.6048061,0.634022,0.56115496,0.5580181,0.56679785,0.5679983,0.5997328,0.5518515,0.5522713,0.5766795,0.559801,0.5213215,0.6092111,0.63793105,0.55520463,0.5405995,0.5204872,0.63497967,0.6879791,0.6785133,0.57050866,0.5468438,0.5716185,0.55158347,0.58742726,0.5652468,0.5821141,0.5747345,0.55344856,0.68251234,0.5937962,0.5802447,0.5788981,0.63755625,0.50348276,0.55717236,0.59875435,0.5838688,0.6268787,0.66781706,0.5304864,0.60861874,0.592006,0.611226,0.6267304,0.6119699,0.5352205,0.5993477,0.6108128,0.54286325,0.54981405,0.5437972,0.54659355,0.5821377,0.5793442,0.5600998,0.5576672,0.5483965,0.5513373,0.60256934,0.6001004,0.52974343,0.53457075,0.56464297,0.56231904,0.58187926,0.5689634,0.55572456
78,0.5665958,0.60599035,0.5884788,0.560718,0.5639391,0.58733743,0.57286465,0.59016156,0.6030496,0.55087537,0.5551795,0.59368867,0.5686986,0.62722933,0.62217164,0.59361243,0.58409667,0.58142275,0.58722067,0.604309,0.5884412,0.58869314,0.6026592,0.61758703,0.5788065,0.6081876,0.5760992,0.605428,0.5563244,0.6784584,0.63825697,0.67618346,0.66312397,0.70153767,0.68154365,0.6183728,0.5511918,0.5575805,0.5946704,0.59709287,0.60191864,0.56873924,0.5352276,0.53828186,0.48081368,0.49854606,0.57990754,0.56581897,0.52805984,0.53899556,0.598474,0.59201175,0.5972962,0.6055235,0.5794766,0.571458,0.62154883,0.6243302,0.5732657,0.54314643,0.6310617,0.68674535,0.6678159,0.6295662,0.6433772,0.6509973,0.669656,0.67100966,0.6844245,0.6764664,0.6798574,0.6777716,0.63312364,0.64752895,0.62224406,0.6595119,0.6605253,0.5583884,0.630392,0.561805,0.62465906,0.6060188,0.624215,0.5154376,0.5832369,0.56563884,0.6544374,0.6407036,0.65279895,0.64020973,0.5759098,0.59440297,0.55192614,0.6365302,0.57033694,0.5508991,0.6221851,0.62749475,0.5576941,0.5850306,0.5932035,0.61370087,0.6040441,0.61853045,0.5765939,0.5776576,0.6104512,0.50347126,0.5530666,0.5802021,0.5738061,0.6150734,0.49393985,0.55381066,0.5590701,0.5539731,0.5682081,0.57449245,0.5830322,0.6192992,0.6000149,0.5848269,0.59210336,0.62201804,0.60577416,0.56902176,0.5634625,0.6126662,0.60777575,0.6583874,0.5925258,0.68027097,0.6014305,0.55302364,0.5494171,0.5478204,0.57199115,0.5747458,0.5898222,0.5439561,0.58426744,0.55142206,0.5187326,0.6124876,0.63011086,0.5503992,0.5450415,0.50557077,0.6486693,0.6745864,0.6760314,0.5650973,0.56518584,0.56569695,0.57686067,0.59201187,0.5864805,0.5867105,0.5768765,0.547213,0.6948476,0.615742,0.5692561,0.5769148,0.630287,0.5343841,0.57511896,0.60301536,0.5539864,0.6563817,0.64517134,0.5516248,0.62115115,0.62769496,0.6219892,0.64689666,0.6334188,0.5770669,0.5937254,0.6100065,0.56818557,0.5606088,0.57386667,0.5555188,0.5568322,0.57875896,0.57619977,0.59298307,0.59424615,0.52348983,0.5473833,0.567199,0.5557535,0.62422734,0.6202155,0.5722735,0.60697895,0.57037205,0.57171714,0.58524597,0.5974985,0.59808,0.56686455,0.6081616,0.51188004,0.5979616,0.55203813,0.559688,0.5663704,0.7149407,0.6303045,0.7053733,0.6915231,0.68406695,0.69946444,0.6000487,0.55485326,0.53029823,0.6051735,0.5815998,0.5780701,0.55987924,0.50447935,0.5008786,0.47021255,0.48683608,0.57400036,0.5640389,0.5499507,0.56317,0.5982708,0.59235936,0.59385556,0.5926267,0.58133537,0.5765097,0.59156907,0.5943344,0.51591265,0.5014823,0.62246364,0.65868115,0.6358155,0.62074363,0.6725682,0.6452913,0.6614002,0.6883156,0.67828745,0.69006735,0.6979931,0.67727315,0.6314469,0.6358208,0.6029559,0.65749615,0.66686857,0.5494925,0.56186664,0.5313733,0.6100198,0.56587493,0.63227516,0.51132137,0.6241026,0.54236484,0.62740934,0.6653782,0.58805954,0.62694174,0.5854237,0.5886006,0.5706967,0.6501607,0.56272244,0.534863,0.6115648,0.6584605,0.560163,0.5772077,0.6097366,0.63200635,0.59621125,0.6200296,0.5528116,0.57100517,0.61007833,0.50140417,0.5613464,0.562476,0.59351915,0.61344796,0.50479466,0.532806,0.5436478,0.57310766,0.5655186,0.57867277,0.6148247,0.61597866,0.5966454,0.5594162,0.60163605,0.62244284,0.61503756,0.554232,0.5720757,0.60232496,0.5988807,0.65795267,0.5815377,0.60818017,0.6272482,0.5613831,0.55466825,0.5484261,0.55820537,0.5927132,0.5652179,0.5486421,0.5692787,0.56035584,0.5069936,0.59837335,0.63320225,0.5412897,0.54342926,0.5126024,0.63706535,0.69563067,0.67800546,0.56818134,0.54997504,0.57404655,0.54447645,0.5848609,0.5604175,0.5788149,0.5721364,0.5533426,0.69168013,0.58237004,0.5771024,0.5741636,0.63227373,0.49892122,0.55967516,0.61040205,0.5829497,0.6208547,0.6684316,0.53255165,0.62797457,0.6146879,0.62615085,0.6356436,0.6139432,0.53900236,0.5989582,0.60110736,0.53762394,0.5435653,0.542105,0.5476011,0.5878515,0.5815124,0.55975384,0.56318396,0.5481139,0.5529349,0.6019139,0.5982735,0.53076893,0.5369521,0.5697326,0.5656329,0.58322835,0.56746465,0.5562569
79,0.5642641,0.59886223,0.5919685,0.5589503,0.5588908,0.5781648,0.56745815,0.5933464,0.6092664,0.5577626,0.55222875,0.6245419,0.5654735,0.6103918,0.6164621,0.5809149,0.56947476,0.5736552,0.5779509,0.59570795,0.5751517,0.5813526,0.5956018,0.644982,0.61657006,0.6459425,0.59125096,0.62528676,0.5527385,0.68366927,0.6203285,0.66790503,0.64226687,0.68506193,0.6820831,0.62414825,0.57536197,0.55940616,0.61436874,0.60410327,0.6257515,0.59545016,0.54471534,0.54738307,0.49603638,0.4977239,0.5838153,0.5502244,0.51081824,0.5224182,0.5977736,0.5920704,0.6066321,0.6006676,0.5928005,0.5644766,0.6354795,0.60708755,0.5750169,0.5598531,0.61083305,0.6736175,0.67390347,0.6030514,0.6165733,0.6380349,0.69286513,0.662615,0.6951985,0.70656633,0.6921866,0.65996283,0.65013635,0.65868044,0.6617356,0.69061905,0.67905235,0.5461168,0.6685662,0.55085206,0.651768,0.6035627,0.618373,0.5163762,0.580878,0.5736985,0.6902751,0.6540961,0.65511644,0.6673271,0.57629764,0.57627606,0.5564298,0.64495265,0.5693863,0.55193067,0.6198153,0.6226027,0.58502305,0.59511644,0.61218274,0.6340379,0.628049,0.6439838,0.61349005,0.5819737,0.6295396,0.5160037,0.56003755,0.5766795,0.570164,0.6005168,0.51712644,0.57588816,0.5494779,0.5457016,0.553613,0.5667573,0.5728429,0.6074395,0.59998983,0.57844675,0.61937094,0.6502147,0.6239476,0.56137294,0.5532563,0.6304623,0.6442286,0.6858659,0.6109611,0.70677525,0.602682,0.5596555,0.5484485,0.5327717,0.57098866,0.5590561,0.6002046,0.5490354,0.592016,0.5531578,0.5210191,0.60528225,0.62465525,0.540404,0.5629215,0.5113306,0.66017944,0.70381093,0.67452663,0.57052684,0.5723103,0.56449515,0.5612933,0.5796284,0.5734085,0.5766548,0.5744625,0.54838574,0.71411276,0.6023971,0.56545526,0.5615326,0.6181606,0.52193046,0.5868766,0.61489505,0.558509,0.661227,0.6496021,0.57770735,0.64825433,0.6558888,0.6445966,0.6609125,0.6398901,0.58502877,0.5914174,0.59988135,0.56602424,0.55727595,0.57848436,0.55180657,0.5529149,0.5753407,0.5752839,0.5947589,0.60459083,0.52851176,0.5350904,0.58184916,0.5529155,0.60802555,0.6078805,0.5638493,0.58974695,0.5696641,0.56885517,0.5736144,0.59658873,0.59319174,0.5670227,0.6362065,0.52655774,0.61917317,0.5567472,0.568789,0.56167966,0.72042185,0.6137123,0.6917029,0.68421096,0.65407413,0.6847688,0.61209244,0.57663643,0.53755486,0.62828016,0.58973795,0.59696954,0.5855417,0.51953894,0.50877595,0.4903742,0.49306345,0.5828175,0.5571481,0.5502953,0.5520679,0.5989471,0.5922937,0.6010567,0.5896607,0.5967097,0.5778532,0.60059947,0.57440716,0.5320493,0.5183795,0.5912003,0.63746285,0.62876105,0.5903806,0.6397526,0.624075,0.6591921,0.67804223,0.6782217,0.69055825,0.70706034,0.6619809,0.637196,0.6362709,0.6251462,0.6575424,0.6728876,0.53949136,0.58252084,0.51546943,0.60083854,0.53992707,0.62441516,0.50711346,0.6154733,0.5453528,0.61980873,0.66064095,0.5747401,0.6347774,0.58228594,0.5674216,0.57308275,0.6419217,0.5507136,0.53968275,0.5969442,0.6566198,0.5814966,0.5911179,0.6286212,0.65626943,0.6297984,0.64652365,0.58495986,0.5727423,0.6269017,0.50945383,0.5546236,0.55788463,0.58102745,0.5962385,0.5283359,0.5563598,0.54534364,0.56804276,0.55649155,0.5692106,0.60965735,0.6062318,0.5954268,0.555049,0.6142166,0.6529388,0.63074404,0.54828686,0.57203865,0.6167659,0.6226641,0.67492604,0.5855436,0.6083627,0.6173526,0.56248146,0.5500974,0.5331074,0.5529067,0.585118,0.57800585,0.55230796,0.56832355,0.56194454,0.5054046,0.5801558,0.6175409,0.53062755,0.5595834,0.5224176,0.63636285,0.6972427,0.67099917,0.5669361,0.5536523,0.5782915,0.5394927,0.58291,0.56323993,0.57415587,0.5731862,0.5567931,0.68744415,0.56769896,0.57572395,0.5615057,0.61782,0.4904903,0.57115835,0.625738,0.5743094,0.6078409,0.66233045,0.5339734,0.6574485,0.6498389,0.64746606,0.6379776,0.6117005,0.54930514,0.5859957,0.5763996,0.5266555,0.53387356,0.54051656,0.54635835,0.58636326,0.57696337,0.5606826,0.5688903,0.54671645,0.5529271,0.5941118,0.589919,0.53354996,0.53910905,0.5750286,0.5696208,0.57855886,0.56188524,0.5570123
80,0.56020373,0.59110063,0.5899512,0.55642015,0.55448693,0.5685851,0.5636287,0.59311,0.6141302,0.56546175,0.55453956,0.6425236,0.56404,0.57665694,0.59327096,0.565115,0.55358505,0.5641414,0.5708966,0.58534473,0.5602337,0.5761094,0.58565664,0.6758567,0.64750195,0.6665045,0.60304385,0.64262044,0.5470128,0.67064136,0.5844939,0.6445204,0.59611434,0.64642715,0.66184235,0.6276317,0.6120229,0.56769973,0.6374237,0.6122043,0.6542188,0.6312409,0.5601084,0.5628161,0.52931666,0.50813836,0.58869195,0.5365464,0.4968708,0.51103616,0.59293187,0.5894753,0.61532205,0.59099174,0.6094705,0.5596083,0.64283144,0.57972044,0.57858783,0.5823544,0.5759191,0.6397309,0.66622573,0.56090677,0.5717709,0.61145395,0.7042395,0.6397725,0.6901726,0.72311306,0.6905673,0.6242056,0.6536828,0.65887994,0.68507725,0.7058193,0.68767077,0.53638905,0.6899936,0.5354685,0.66540354,0.5929234,0.60849005,0.5261798,0.57114995,0.57492524,0.7101196,0.6540799,0.64590365,0.6822139,0.5712224,0.5554583,0.5597685,0.63957715,0.5660138,0.5593954,0.6108014,0.6079463,0.6247285,0.609256,0.6338827,0.65511936,0.65715885,0.6713591,0.6588246,0.591405,0.64967495,0.5347024,0.57047886,0.5688124,0.55631226,0.571937,0.5597086,0.6107688,0.5487108,0.54516613,0.54105264,0.55502105,0.55691606,0.58713925,0.59523636,0.5703907,0.6394625,0.6820441,0.6372597,0.548455,0.54498714,0.63874143,0.66627365,0.6991062,0.62333906,0.7192822,0.60058975,0.56681675,0.5457164,0.51852083,0.569884,0.5442685,0.60914296,0.5616739,0.59973717,0.5549591,0.53240603,0.5885839,0.60621744,0.5349665,0.5908009,0.5311935,0.6618035,0.7162382,0.65723825,0.57685375,0.58144695,0.5649439,0.5422838,0.5638921,0.5613567,0.5671229,0.5734941,0.55363244,0.712827,0.581041,0.5630097,0.54118824,0.5996397,0.5064376,0.6030188,0.62682694,0.5576517,0.65093035,0.6466989,0.60240966,0.68045837,0.68707144,0.66529125,0.65962577,0.637837,0.5984406,0.5787098,0.5798166,0.5630813,0.5603321,0.58082074,0.548151,0.5516483,0.574047,0.57782453,0.593928,0.6150525,0.54350686,0.528907,0.58842087,0.5534763,0.57916254,0.5830654,0.55554456,0.5694537,0.56813556,0.57196367,0.56115675,0.59753555,0.5904704,0.571841,0.6695008,0.55448896,0.6281612,0.5634796,0.58087254,0.5585439,0.70977145,0.5842387,0.66245383,0.65570897,0.6069388,0.6512438,0.6226153,0.6084418,0.556278,0.6551027,0.598013,0.622453,0.62280583,0.5422635,0.53005195,0.5296282,0.5121235,0.5957055,0.5532728,0.557068,0.54277873,0.5974548,0.5921645,0.60796416,0.58418417,0.6169339,0.5798119,0.6110521,0.5492917,0.5565421,0.5479559,0.54610467,0.60499114,0.61332464,0.54829985,0.58945435,0.5941422,0.6523683,0.6581559,0.6649361,0.6844408,0.7026637,0.6366622,0.6369959,0.63005567,0.63382554,0.65180784,0.67413247,0.53435963,0.5960642,0.50533587,0.58645946,0.5169663,0.6109136,0.5142847,0.60000116,0.5493123,0.6118504,0.643881,0.5568448,0.63345695,0.57761866,0.54497206,0.5732919,0.6208478,0.54106414,0.5559626,0.5810291,0.6505834,0.6115429,0.60750747,0.6486883,0.6817779,0.67169994,0.6761728,0.6282285,0.5796844,0.64658093,0.52269495,0.5499767,0.5513048,0.5608187,0.57008404,0.5671652,0.59540594,0.5580684,0.56632817,0.5512439,0.55477685,0.59761184,0.5885642,0.58986926,0.5498628,0.61969703,0.68652356,0.6402714,0.5431058,0.5754544,0.6234775,0.63379246,0.68198735,0.5850708,0.6031646,0.6049646,0.5636953,0.5442535,0.5234755,0.5525001,0.5779953,0.58664435,0.56125486,0.5730279,0.56515825,0.5170992,0.55883706,0.592625,0.52731884,0.5854285,0.5475739,0.63122064,0.689037,0.6562401,0.5688311,0.558293,0.5848031,0.53702354,0.5816402,0.57255936,0.57031065,0.5789942,0.56497777,0.6669906,0.5518805,0.5772356,0.54270405,0.594461,0.48009354,0.5895124,0.6427862,0.56171304,0.58965164,0.6499161,0.5335973,0.6912028,0.6904114,0.6697489,0.63025016,0.604205,0.56380916,0.56324214,0.54162294,0.51218987,0.523238,0.5380881,0.54169416,0.5779094,0.56676006,0.562021,0.5726683,0.5446966,0.55125946,0.5799726,0.5765101,0.53763133,0.5410083,0.5795787,0.5734718,0.56836975,0.5530464,0.5580083
81,0.5566228,0.585762,0.585787,0.55517524,0.5532807,0.5615315,0.5628377,0.59156024,0.61842895,0.5750097,0.5632478,0.64598286,0.5674474,0.5319817,0.5556123,0.55285585,0.5409523,0.55557024,0.5692213,0.57648164,0.5484612,0.574771,0.5757709,0.70316577,0.66619253,0.66767347,0.60801023,0.6531637,0.53922343,0.63809127,0.5387148,0.60717356,0.5318178,0.5895498,0.6211394,0.62885547,0.652116,0.5798133,0.6586094,0.6210493,0.6810503,0.6665651,0.5813388,0.5812424,0.5725,0.5267887,0.59353626,0.52970785,0.49179038,0.50680566,0.5865531,0.58577275,0.6231477,0.57955664,0.627079,0.5607651,0.64187294,0.54796296,0.5840267,0.6072378,0.5341088,0.5902054,0.64595777,0.5120408,0.5186062,0.5777903,0.6985338,0.6045793,0.6683402,0.7216232,0.67273116,0.57582825,0.6422531,0.64848983,0.6888582,0.7016458,0.68217176,0.53243953,0.69169533,0.5209015,0.66389036,0.5766011,0.5950847,0.5421504,0.5560111,0.56943476,0.7091583,0.63962764,0.62393457,0.68005174,0.5602838,0.5368795,0.56064606,0.62093574,0.5617191,0.5715981,0.5962102,0.5841565,0.6682875,0.62632793,0.6542942,0.6732525,0.68429565,0.6951764,0.7013099,0.6039808,0.66590196,0.5581643,0.5844335,0.5584169,0.5393163,0.5370779,0.61287206,0.6502161,0.5568093,0.5518992,0.5328227,0.5421155,0.5390997,0.5630886,0.5891915,0.5623194,0.64816916,0.70916706,0.642411,0.5346473,0.5409552,0.6354338,0.6703186,0.69333965,0.62621266,0.7129767,0.59364265,0.571758,0.5416074,0.50859517,0.56766874,0.532746,0.6158108,0.57954645,0.6058808,0.5583475,0.5506589,0.5648427,0.57746524,0.5362452,0.62255126,0.55978477,0.6497232,0.7071582,0.62408525,0.58609474,0.5923887,0.5686619,0.5238233,0.54891104,0.5524896,0.5613132,0.576416,0.5635229,0.6880742,0.55479556,0.56277364,0.52019125,0.57663196,0.4915081,0.61957717,0.63753694,0.55566484,0.62524045,0.6352854,0.6203024,0.7095718,0.71389043,0.67887163,0.64173025,0.6250694,0.61325765,0.5596702,0.55535895,0.56140906,0.5698606,0.5830837,0.54712987,0.5545103,0.575872,0.58392566,0.5923972,0.62469125,0.5671778,0.53171474,0.5870383,0.5598179,0.54262835,0.54955035,0.5518456,0.5510422,0.5664743,0.5815534,0.5519819,0.59986985,0.59067285,0.58080983,0.69962674,0.5898323,0.62447613,0.5700805,0.5928672,0.5566027,0.68063897,0.54879946,0.6191723,0.6085916,0.55048656,0.6014061,0.6307636,0.6427469,0.5810499,0.67957956,0.60613686,0.6495591,0.6611321,0.5705599,0.560516,0.57818556,0.54025304,0.60821235,0.55462795,0.5695319,0.5375099,0.595081,0.59253556,0.61464864,0.5773027,0.63826895,0.5840108,0.6198027,0.52457744,0.58437514,0.58533514,0.49776307,0.567874,0.59265196,0.5039537,0.5323579,0.56244594,0.63932884,0.62986267,0.63863,0.6701797,0.68217885,0.60336983,0.6285916,0.6177874,0.6279992,0.6406948,0.6665558,0.5364898,0.60141534,0.5047083,0.569997,0.5018833,0.59339386,0.5303589,0.57848275,0.55347574,0.604461,0.61625683,0.5366086,0.6212434,0.57090294,0.52605265,0.570298,0.59064704,0.5356989,0.57978135,0.56646436,0.63860613,0.644085,0.62422043,0.66582143,0.7031749,0.71073383,0.70199865,0.6719509,0.5903921,0.662934,0.54084235,0.5506372,0.54439944,0.5400701,0.54149497,0.6135711,0.64081585,0.57938135,0.56801903,0.55071265,0.53807193,0.58134156,0.56722814,0.583908,0.5451797,0.616061,0.71398157,0.64047396,0.54065126,0.5816013,0.62092996,0.6301695,0.67509025,0.5794487,0.59176147,0.59072256,0.56373197,0.53795516,0.521234,0.55631685,0.572037,0.5897837,0.572885,0.5818441,0.5705132,0.5386577,0.5381326,0.5619239,0.5332268,0.6147519,0.58090425,0.6195435,0.6688811,0.6329075,0.5758819,0.56501645,0.592951,0.5376288,0.58163375,0.58520526,0.5690834,0.58945125,0.5774484,0.62998724,0.5374502,0.5811724,0.5217907,0.56537783,0.47039044,0.6102768,0.65857315,0.5508447,0.56818587,0.63152593,0.5311427,0.7199087,0.72561175,0.686366,0.61203873,0.59080213,0.57879114,0.5365247,0.5054483,0.49808368,0.51464164,0.5350052,0.5345064,0.56487507,0.5535329,0.5623973,0.57286173,0.5426844,0.54830277,0.56270695,0.56150264,0.54198575,0.54242253,0.582831,0.5765329,0.55530983,0.543228,0.55916744
82,0.5559775,0.58506745,0.58388096,0.55762804,0.5572462,0.5590716,0.56522506,0.5907442,0.6226636,0.58643675,0.5773439,0.6360414,0.57843316,0.48673907,0.511511,0.55119556,0.53611994,0.5492776,0.5753082,0.5728344,0.54387766,0.5773181,0.5691252,0.7209601,0.6701676,0.6504654,0.6055915,0.6540499,0.5313136,0.5887804,0.49442557,0.5612785,0.46406665,0.524608,0.56596845,0.62821156,0.6866734,0.59324074,0.6734329,0.62956065,0.70000243,0.69321024,0.6049324,0.59862757,0.6157651,0.5500407,0.59717333,0.53427786,0.5001831,0.5103175,0.5816565,0.58255404,0.6297395,0.5686399,0.64226884,0.56708354,0.63294536,0.51833624,0.5907678,0.63023424,0.49434665,0.5346483,0.6161605,0.46778727,0.4697537,0.5451088,0.6735895,0.562384,0.6314105,0.6996991,0.6396497,0.52416015,0.6175398,0.62838703,0.67283535,0.67702997,0.66096306,0.5348313,0.6737237,0.5114891,0.64816517,0.5581587,0.57859933,0.56105053,0.53941923,0.55992055,0.6862662,0.6122391,0.5913342,0.65957206,0.5452807,0.52408075,0.5582405,0.5919874,0.55824304,0.58555096,0.577368,0.5539515,0.70510614,0.64258504,0.6688843,0.6849973,0.7030982,0.71102047,0.73118865,0.6168211,0.67442816,0.58386844,0.60004437,0.54841906,0.52600336,0.50543046,0.6625188,0.685033,0.56969124,0.562463,0.5290486,0.53131753,0.5233282,0.5405044,0.5854426,0.55562544,0.64428097,0.7252528,0.63829684,0.52494574,0.54319733,0.62098837,0.6566308,0.6673061,0.6185208,0.6864841,0.5813741,0.57248783,0.53685665,0.50497204,0.5639591,0.5263685,0.6191524,0.59846616,0.608923,0.56549054,0.5727379,0.537904,0.543802,0.5448276,0.6491304,0.58996546,0.6234425,0.6756004,0.57898885,0.60026664,0.60467815,0.5762213,0.510477,0.5387188,0.5482486,0.5624957,0.58542436,0.57816696,0.64059305,0.5296822,0.56418455,0.5031264,0.55223686,0.48069474,0.633028,0.6454268,0.555464,0.5876993,0.6147868,0.6284532,0.7287256,0.7309512,0.6816092,0.60929286,0.6015751,0.62495023,0.53979707,0.5333908,0.5632049,0.5843786,0.58781964,0.5511219,0.5621089,0.5811387,0.592728,0.5916404,0.6323867,0.59544563,0.5435516,0.57914704,0.5737113,0.50686747,0.5139438,0.55715275,0.5397333,0.5648405,0.59769833,0.55016285,0.60271335,0.5941416,0.5927289,0.71975064,0.6249213,0.609808,0.57527167,0.6022451,0.5551628,0.6330034,0.51623875,0.5670057,0.5496417,0.4958262,0.54238605,0.63592964,0.6727123,0.60589004,0.69656336,0.61349696,0.6721816,0.69101936,0.5993185,0.59334815,0.6251032,0.5732743,0.615942,0.5637119,0.5872208,0.5383265,0.59305763,0.5931666,0.62068397,0.5689412,0.6558388,0.58874285,0.62479454,0.50531924,0.61029243,0.62346226,0.45748547,0.53302234,0.56960875,0.46754196,0.48185125,0.5356892,0.61829215,0.5950894,0.60143477,0.64628124,0.64487207,0.56578934,0.6110516,0.6001507,0.6094143,0.6237227,0.6472925,0.5447581,0.59876525,0.5142806,0.5536371,0.49732432,0.57255423,0.55138755,0.5526758,0.5579685,0.596771,0.58074194,0.5162594,0.59854156,0.56215495,0.5138497,0.5636612,0.55620813,0.5352965,0.6047022,0.5531153,0.61885685,0.6713321,0.63762903,0.6758557,0.7158061,0.73813826,0.7185539,0.7051318,0.60195464,0.6709839,0.5624812,0.5573738,0.53890437,0.52466726,0.5172419,0.65626645,0.6815084,0.60313535,0.5704572,0.5531992,0.5220791,0.5645985,0.5470763,0.5814083,0.5418238,0.6031977,0.7294398,0.6299526,0.5427244,0.59052616,0.60911494,0.61290556,0.65262294,0.56897086,0.57473147,0.57490706,0.5613117,0.5325146,0.52638376,0.5621779,0.56843364,0.5876268,0.5843257,0.5926025,0.57916087,0.5654385,0.51956683,0.52962035,0.5481875,0.6388796,0.61352724,0.600327,0.6361444,0.6011099,0.58928937,0.57480454,0.60197395,0.54223716,0.5836775,0.59748614,0.5729053,0.6040428,0.59312075,0.58015776,0.5270981,0.5865566,0.50263184,0.53454834,0.46382862,0.62843907,0.66943794,0.5453757,0.54537594,0.60720634,0.5272181,0.7368861,0.7481292,0.69221747,0.58509076,0.57202435,0.59098303,0.5125462,0.47691697,0.48777682,0.5095315,0.53217787,0.5266638,0.5498293,0.5396121,0.5604512,0.56882536,0.5410137,0.54439044,0.54577005,0.5481692,0.545063,0.5424919,0.58383256,0.57754594,0.54274523,0.53489757,0.56028533
83,0.5611251,0.58972883,0.58779883,0.56633514,0.56780446,0.5628897,0.57096297,0.5917704,0.6271665,0.59964514,0.59466445,0.61602324,0.59873074,0.45210898,0.47189534,0.5650546,0.54250264,0.5451026,0.59121245,0.5787074,0.5490247,0.5829048,0.56822693,0.72692263,0.6598556,0.6184274,0.597899,0.6443553,0.52674896,0.52927417,0.46096668,0.51566803,0.40751597,0.4642047,0.50688446,0.626953,0.7111507,0.60735273,0.6801298,0.63636607,0.7076327,0.7071128,0.62591904,0.61235505,0.652371,0.57544,0.59779733,0.5536785,0.5241359,0.52129114,0.5799521,0.5801347,0.63478196,0.5587635,0.6519286,0.57301044,0.61813897,0.49576795,0.5988508,0.6485728,0.46259525,0.48329872,0.5810561,0.4367237,0.4342933,0.5189784,0.630435,0.51937824,0.5829596,0.65628874,0.59454167,0.47797307,0.5837339,0.60025716,0.63916063,0.6329142,0.62448496,0.5412952,0.63787335,0.5092861,0.6214879,0.54137045,0.5602566,0.5810428,0.5259822,0.55068135,0.6428328,0.5744078,0.5534824,0.6217322,0.5298477,0.5183914,0.5524623,0.55692834,0.55756575,0.5983817,0.55613554,0.52214307,0.7276738,0.6530519,0.67378855,0.68844604,0.710403,0.71653754,0.7429034,0.62734795,0.67323923,0.6090499,0.61474776,0.5413891,0.5201886,0.48392877,0.6970514,0.709415,0.5812168,0.5715742,0.5275312,0.5247724,0.5127155,0.5230736,0.58683175,0.550945,0.6293386,0.7275986,0.62576103,0.52295154,0.55307865,0.5980403,0.62834984,0.6231089,0.6012908,0.64045703,0.5646459,0.56851405,0.53220344,0.5078852,0.55906206,0.5267201,0.6181972,0.6140857,0.60816115,0.5790363,0.5968514,0.5125932,0.5114858,0.5610217,0.6617997,0.6159042,0.58655345,0.6240938,0.5286787,0.62038594,0.6181629,0.5877446,0.50571984,0.5359292,0.54927933,0.5744869,0.60247505,0.5977282,0.57608604,0.5126191,0.5665878,0.4931009,0.52961254,0.4765752,0.64188564,0.64880717,0.5578595,0.5452178,0.5860788,0.62729716,0.73495907,0.7364498,0.67167354,0.566551,0.56906396,0.63075346,0.5245368,0.5196501,0.5710993,0.60175943,0.5969147,0.56215096,0.5751744,0.5906372,0.6042698,0.5920499,0.63757855,0.6241512,0.5622711,0.567029,0.5964731,0.48123592,0.48425376,0.57445514,0.5396302,0.5631406,0.62126803,0.559513,0.60546756,0.6021108,0.60646105,0.72762954,0.6539336,0.5874318,0.5798913,0.60796905,0.55380994,0.56968874,0.49357367,0.5139061,0.48716325,0.45255113,0.4843538,0.6381195,0.6950168,0.62749696,0.7038406,0.6191064,0.68606883,0.7075805,0.62268984,0.6224058,0.6636171,0.60820043,0.6153681,0.58259135,0.60984945,0.54663235,0.591822,0.5928187,0.62545985,0.5575623,0.6657274,0.5889384,0.62582827,0.4948152,0.63149804,0.6566409,0.43228045,0.5054163,0.54611886,0.4461379,0.44646016,0.5172294,0.5889504,0.5555205,0.5564633,0.61194533,0.5921328,0.527877,0.58539057,0.5782077,0.5817958,0.599975,0.6156576,0.5551166,0.58921,0.53241503,0.53873205,0.50397635,0.5488191,0.5744351,0.5252268,0.5644283,0.5875639,0.5399308,0.49941495,0.56706464,0.552663,0.5091884,0.55359316,0.5216253,0.54023063,0.62458307,0.5397181,0.5903145,0.68705267,0.64358336,0.67574614,0.7174864,0.7508306,0.7233209,0.7204343,0.61164105,0.66836673,0.585422,0.56882817,0.53579676,0.5174741,0.5018014,0.685983,0.7098895,0.6220774,0.56867105,0.55457157,0.5088276,0.5508001,0.5315468,0.58481914,0.539882,0.5832065,0.7314996,0.60871863,0.5508355,0.6035403,0.5893864,0.5857479,0.6158644,0.5546114,0.55352604,0.5578625,0.5559656,0.52913225,0.5381059,0.56752205,0.56913114,0.58138084,0.59328884,0.6037761,0.59329194,0.59445137,0.50307035,0.4996706,0.5714131,0.649165,0.6387977,0.57483196,0.5922241,0.56246763,0.6095744,0.5884353,0.6121356,0.55180824,0.58881074,0.6069897,0.5849523,0.6230601,0.6118292,0.5257637,0.52391344,0.5935029,0.48743007,0.5048447,0.46201628,0.64080757,0.67241657,0.54576933,0.5239078,0.57737505,0.52276796,0.7405674,0.75630504,0.6846151,0.55223536,0.5493663,0.5985336,0.49684924,0.4625678,0.48305187,0.5078008,0.5303148,0.5195462,0.5347508,0.5266338,0.5559328,0.5614477,0.539849,0.5399872,0.5314999,0.53840053,0.5455045,0.5401987,0.58154494,0.57523286,0.53372097,0.5300238,0.5615382
84,0.5756514,0.59837055,0.59892523,0.58316505,0.5857057,0.5744745,0.5809493,0.5947035,0.63191444,0.6141062,0.6119389,0.59182423,0.62691903,0.43738222,0.44799012,0.5937222,0.559744,0.5429669,0.6165036,0.5958758,0.56335145,0.5904955,0.5738658,0.7210402,0.6381797,0.5789903,0.5887997,0.62494963,0.52953845,0.4711061,0.44522274,0.4810635,0.37323323,0.42043895,0.45710272,0.62682,0.7244758,0.62278885,0.67950916,0.6406808,0.7039119,0.7074001,0.640794,0.62242764,0.6786447,0.6008875,0.59391874,0.58628607,0.5601302,0.5384436,0.5815652,0.57826835,0.6377253,0.5508703,0.6546226,0.57298565,0.6016504,0.48463595,0.6093557,0.6617642,0.4430799,0.4460467,0.5471463,0.42488337,0.4176819,0.5029256,0.57547194,0.4827517,0.530688,0.5947774,0.5441811,0.44446898,0.5486411,0.56846935,0.59413224,0.575063,0.5763847,0.5488284,0.5900933,0.5154684,0.59048986,0.53035575,0.54324275,0.60090667,0.52001107,0.5465174,0.5852244,0.53139836,0.51830226,0.57095134,0.5180357,0.5195424,0.5441381,0.52199745,0.5617164,0.60819453,0.5365168,0.49617884,0.73226565,0.65343374,0.6671392,0.68327695,0.70501786,0.70996267,0.7338019,0.6333817,0.66087997,0.6307801,0.62643254,0.53863937,0.52349174,0.47643998,0.7110811,0.7204198,0.5865991,0.57468736,0.52551055,0.5233049,0.5101934,0.51365685,0.5956142,0.54890186,0.6072311,0.71453756,0.6064305,0.53053755,0.571042,0.5716946,0.5915979,0.56835765,0.57781655,0.58016366,0.54624385,0.56073767,0.5285178,0.51668507,0.55431944,0.5350986,0.6119857,0.62313366,0.6048396,0.600291,0.6220975,0.4947859,0.48753244,0.5842977,0.655478,0.633935,0.54706293,0.5618494,0.4828933,0.6444391,0.632194,0.6029848,0.5122306,0.5404935,0.55470085,0.5980051,0.62693036,0.621096,0.50796545,0.5096637,0.5706562,0.49172267,0.51228744,0.48038805,0.6461537,0.6461815,0.5629235,0.5072001,0.5528462,0.61911654,0.72704303,0.7297333,0.64809126,0.5216945,0.53182393,0.62911516,0.51921886,0.51830846,0.5882042,0.6181561,0.6104335,0.58119404,0.5940722,0.6048036,0.6191548,0.5932796,0.64012367,0.6494674,0.584101,0.55523235,0.6264981,0.47337022,0.46853095,0.6025032,0.55028427,0.56166726,0.6503888,0.5802012,0.6064104,0.61455727,0.6198725,0.7235391,0.67320305,0.5642179,0.58642,0.61036974,0.55315137,0.50037754,0.48634732,0.47016782,0.4323464,0.4281479,0.43923783,0.6376747,0.7084893,0.644615,0.7014397,0.62227774,0.6899987,0.7094252,0.63684493,0.6441139,0.6905215,0.6405096,0.6048672,0.6091142,0.63418674,0.5608408,0.59114754,0.5905902,0.62828785,0.54347384,0.66649425,0.58037937,0.6245374,0.49556294,0.6471238,0.6814323,0.42571688,0.4893226,0.5254464,0.44407514,0.43030223,0.5087318,0.5549321,0.51547784,0.5105519,0.5701519,0.5315436,0.4947087,0.5569423,0.5556436,0.5529218,0.57093626,0.5743677,0.56358224,0.576253,0.5565936,0.5285533,0.52124697,0.52454776,0.59744406,0.50015473,0.5750543,0.57735825,0.49831435,0.49078196,0.53103435,0.54461825,0.51143366,0.5412492,0.49178138,0.5510466,0.6351737,0.52726215,0.5554705,0.68786937,0.6389699,0.66471577,0.70847553,0.74834293,0.71520245,0.7141994,0.6175594,0.65410256,0.60702235,0.5826832,0.5355611,0.51957595,0.49758238,0.69811684,0.72217625,0.63064855,0.5585575,0.55032307,0.49989715,0.5430669,0.5232333,0.5952823,0.5393552,0.56124914,0.71971834,0.5786798,0.56512266,0.6211123,0.5659081,0.5559729,0.571591,0.53873956,0.53088975,0.5415131,0.54852325,0.52875775,0.5551225,0.57073855,0.57458884,0.57330436,0.59832233,0.6145468,0.61398005,0.6230958,0.489537,0.47703558,0.6000427,0.6398009,0.6528365,0.5476783,0.54357314,0.5220124,0.6347849,0.60546446,0.623341,0.566397,0.59636885,0.61157423,0.6050548,0.64522743,0.63263685,0.47928077,0.5312513,0.6024517,0.47742015,0.47983193,0.46570966,0.64610606,0.6661561,0.5515306,0.50760293,0.54488105,0.5187347,0.73164886,0.7502536,0.6620901,0.51909614,0.525673,0.5998778,0.49416068,0.4662778,0.4844483,0.5093526,0.5293304,0.51398784,0.5225038,0.5171519,0.5503438,0.55324525,0.53960276,0.53640467,0.5218224,0.5333671,0.54303414,0.53538626,0.57624364,0.5699441,0.5311283,0.53041404,0.56367344
85,0.6016878,0.6068907,0.61522585,0.6071562,0.60960263,0.59363955,0.59583855,0.5983635,0.6359927,0.6282603,0.62515396,0.57119447,0.6570613,0.44687182,0.4470068,0.6289155,0.58261615,0.54338014,0.646303,0.62052464,0.5827058,0.598937,0.5832044,0.70445985,0.61056405,0.54378563,0.58239645,0.5982821,0.5415934,0.42777956,0.45220867,0.46511275,0.36821592,0.40122545,0.4276468,0.62767047,0.72661096,0.6387633,0.67273146,0.64188814,0.6910891,0.69436514,0.64859915,0.6302901,0.6924764,0.62328523,0.5849503,0.6234503,0.59879774,0.55870306,0.5849636,0.57667845,0.63747644,0.54683125,0.65041524,0.565735,0.5883418,0.487804,0.6229065,0.6706157,0.43967623,0.43100893,0.5218246,0.43627012,0.42318845,0.4988702,0.52032256,0.4596697,0.48659128,0.5262857,0.49841017,0.42790157,0.52228636,0.5396356,0.5490763,0.5160353,0.5238611,0.5548779,0.54173154,0.53020674,0.56396425,0.5270647,0.53051096,0.6179349,0.52269346,0.5509384,0.5267085,0.4924248,0.4929492,0.51672256,0.51187944,0.52515304,0.5348861,0.4951964,0.5708996,0.6139616,0.52368915,0.48347196,0.717937,0.64176065,0.64970475,0.6702242,0.686334,0.6896469,0.7030024,0.6325599,0.6356975,0.6462756,0.6334483,0.53923446,0.5361752,0.4836682,0.7044687,0.7163049,0.5838461,0.56992006,0.5215091,0.526393,0.51800007,0.513745,0.6122958,0.54963166,0.5827448,0.68404114,0.5811551,0.54780686,0.59540844,0.54774636,0.5544103,0.5157083,0.5529719,0.5176003,0.5294424,0.5505793,0.5264252,0.5294894,0.5508518,0.5510573,0.5991499,0.6235101,0.6013867,0.6270794,0.6467708,0.48856646,0.47679836,0.6117652,0.63007605,0.64162433,0.51395065,0.50457376,0.4515452,0.6666072,0.64453137,0.62060195,0.5313116,0.5490023,0.56138504,0.6276863,0.6534948,0.6451015,0.45376882,0.52280974,0.5778743,0.4988611,0.503119,0.49096113,0.6453257,0.63665015,0.57111615,0.48243767,0.5197225,0.60609996,0.7039248,0.7098777,0.6106669,0.48603866,0.49641222,0.6185127,0.52805686,0.53134704,0.6157207,0.6275937,0.62551904,0.60638887,0.6169133,0.6219063,0.6366914,0.5941839,0.6396457,0.6676914,0.60431325,0.5500613,0.65767264,0.48597968,0.4717477,0.6342875,0.5655718,0.56098443,0.67839664,0.6065215,0.6023283,0.62833697,0.6288588,0.7085089,0.6803095,0.5501814,0.59705895,0.61033195,0.5546563,0.44131893,0.49879044,0.44435942,0.39827016,0.42660943,0.4170201,0.63390684,0.7121268,0.655865,0.6895401,0.62229854,0.6848264,0.69644195,0.64113104,0.65712786,0.70432466,0.66412055,0.5853713,0.63575643,0.6532355,0.5760389,0.5900792,0.58633065,0.6282545,0.5300852,0.65882885,0.5634515,0.6226788,0.508199,0.65696883,0.69612885,0.43915874,0.48768923,0.5123107,0.46281588,0.4354652,0.5110712,0.5231621,0.48292187,0.4749726,0.5284837,0.47779578,0.47119048,0.5350409,0.5381776,0.53413904,0.54188234,0.5293006,0.56791854,0.5653403,0.58356106,0.5278807,0.5452802,0.50344586,0.61747944,0.48075667,0.59031594,0.5679643,0.4644286,0.49348736,0.4976988,0.5392713,0.5180898,0.5287013,0.47280055,0.5670841,0.6350452,0.51881623,0.52052677,0.67333347,0.6231462,0.64464027,0.6906701,0.73034763,0.6937306,0.6855614,0.6179991,0.6273511,0.6246016,0.59590834,0.5378299,0.5307648,0.50480187,0.6924273,0.71681786,0.6262457,0.53992677,0.5386265,0.49656066,0.5432992,0.52338684,0.6119493,0.54034406,0.54401916,0.6926503,0.54347134,0.58352077,0.6412437,0.54535043,0.5329288,0.5316861,0.5250684,0.51096225,0.5284296,0.5405032,0.531596,0.5748627,0.57120335,0.5822485,0.56602937,0.59848577,0.6239924,0.638736,0.64772135,0.4806475,0.4660571,0.62822884,0.60992587,0.6535126,0.52460486,0.5017347,0.4872273,0.65905756,0.6231365,0.6339242,0.58485943,0.6025875,0.6087366,0.62742674,0.66567916,0.65232354,0.45281437,0.55034626,0.61265415,0.4733647,0.4646522,0.47443667,0.6434913,0.6511603,0.56261426,0.49944818,0.5139174,0.5157765,0.71069235,0.7297249,0.62401944,0.4943905,0.504736,0.59283996,0.50735503,0.48826173,0.49181372,0.5144268,0.5278299,0.51032037,0.51699877,0.5147134,0.5461903,0.54725444,0.54089856,0.5355782,0.5179215,0.53336066,0.5387521,0.5292809,0.56984025,0.5639335,0.5365608,0.5368857,0.5671609
86,0.6366952,0.61089516,0.632806,0.6339767,0.6355654,0.6174777,0.6146757,0.6011089,0.6382487,0.64125276,0.63210136,0.56111526,0.68227386,0.47762358,0.4688522,0.6600284,0.6045775,0.5466419,0.67420954,0.64615643,0.60242355,0.6074488,0.59116495,0.68055665,0.58452886,0.5240293,0.58167255,0.56893724,0.56104976,0.40779638,0.48292032,0.46732014,0.39386693,0.40725335,0.42260706,0.6269849,0.7185123,0.6519502,0.6600484,0.6391113,0.67252463,0.6691332,0.6506728,0.6365997,0.6937668,0.63950527,0.5710666,0.6554708,0.6309396,0.5776074,0.5872996,0.57427806,0.6336243,0.5469256,0.64018005,0.554547,0.5805862,0.502987,0.63819087,0.6762863,0.453482,0.44033116,0.5093136,0.46938565,0.44992438,0.5062092,0.4763124,0.4537262,0.4606673,0.465969,0.4655428,0.42735907,0.511578,0.5197863,0.5162751,0.47004613,0.47519222,0.5577311,0.5051585,0.55106103,0.54906446,0.52939796,0.52224356,0.6284662,0.53056127,0.5641348,0.48213395,0.46683258,0.4801776,0.47098848,0.5102071,0.5311075,0.5265919,0.4823747,0.58286023,0.6154627,0.52094966,0.48626816,0.68785435,0.6201661,0.6244509,0.6514843,0.6557672,0.6566856,0.6533062,0.62344223,0.5982014,0.6544161,0.6350526,0.5405199,0.55647916,0.5021306,0.6814169,0.69770324,0.5729137,0.55797637,0.5158486,0.53241664,0.5356933,0.5216591,0.6348482,0.5519321,0.56014216,0.6368184,0.55077374,0.5729787,0.6216681,0.5299833,0.52434605,0.4766626,0.53148603,0.46653488,0.51589936,0.5394363,0.5258798,0.54281515,0.548116,0.5708259,0.5798009,0.6149483,0.59987277,0.6547445,0.66827196,0.4935013,0.4787993,0.6390513,0.59043634,0.6377925,0.4918794,0.46635452,0.43950415,0.68130726,0.65296036,0.6384282,0.5606389,0.55704993,0.56546813,0.6560123,0.675652,0.66644394,0.4255929,0.54784214,0.5884522,0.51205814,0.50188303,0.5043776,0.6380776,0.62131983,0.58317846,0.47585505,0.48963735,0.5903588,0.6670517,0.67799705,0.56252056,0.46802872,0.4688863,0.59870255,0.55103,0.5564394,0.6503567,0.6257664,0.63832444,0.6331172,0.63973916,0.6387931,0.6545954,0.5933172,0.63588804,0.6773817,0.6195231,0.5561072,0.68357027,0.51530963,0.4929072,0.6613446,0.5785601,0.56156564,0.698894,0.6314854,0.5918266,0.639934,0.6298795,0.685333,0.67510825,0.5525212,0.61212546,0.6089508,0.55969644,0.4060879,0.5313218,0.4379605,0.393314,0.4455626,0.4211018,0.6253078,0.7056169,0.6595417,0.668245,0.617994,0.6725012,0.66959476,0.637996,0.6615063,0.7055502,0.6761499,0.5595313,0.655397,0.66122925,0.5877445,0.5869065,0.57960176,0.6249731,0.5200155,0.64456505,0.54308254,0.6202012,0.52877843,0.6615983,0.7011226,0.4698263,0.49904844,0.50919586,0.4983036,0.46046078,0.5226567,0.4995955,0.46477398,0.45893684,0.49484837,0.44421625,0.4584094,0.52694273,0.5293698,0.53398764,0.51901007,0.4868523,0.5675907,0.5607718,0.6091948,0.5386218,0.568248,0.48812705,0.63092107,0.46676567,0.6079183,0.5608343,0.44663608,0.506729,0.47390598,0.5356904,0.5246006,0.5180783,0.46850488,0.58552414,0.6262204,0.5165116,0.49135345,0.6468203,0.5990965,0.61895114,0.6673558,0.6980657,0.6607924,0.6376464,0.6118407,0.5889773,0.63650125,0.6056726,0.5409451,0.54874086,0.5206766,0.67278963,0.695201,0.60945666,0.51617444,0.52179193,0.4988441,0.5507306,0.5304478,0.6319625,0.5427748,0.5360139,0.6504591,0.5073531,0.60314804,0.6605644,0.5335901,0.5232965,0.5061196,0.516967,0.4977424,0.51942396,0.5331415,0.5364843,0.5933622,0.568723,0.58856076,0.56155133,0.59368664,0.6311251,0.66303897,0.6652577,0.47675234,0.4670935,0.65065384,0.56465256,0.6408297,0.5082249,0.4768281,0.46367595,0.6762393,0.63818306,0.6422954,0.60529304,0.6036805,0.5976424,0.64574546,0.67955685,0.66789746,0.4519249,0.57796365,0.6223224,0.475102,0.46218848,0.48609143,0.632418,0.63007784,0.5781729,0.49969506,0.48694754,0.5141243,0.67922854,0.6963439,0.5729442,0.48523495,0.4894573,0.5764222,0.53418547,0.5231422,0.50391483,0.52239776,0.5237759,0.50797975,0.52061224,0.5212675,0.5453241,0.545365,0.544122,0.5386419,0.51910967,0.5371909,0.53437877,0.5239265,0.56445354,0.55947274,0.54854214,0.5478297,0.5715389
87,0.6733188,0.60863125,0.64847994,0.65789855,0.65830326,0.6407963,0.6340739,0.60107434,0.6373333,0.65275824,0.6330273,0.5639325,0.6984854,0.52102935,0.50732946,0.6805324,0.6209141,0.5513965,0.69562757,0.6677489,0.61945975,0.61497915,0.5941119,0.6554253,0.56661016,0.524036,0.5880831,0.54302365,0.58406323,0.4124089,0.5313818,0.48205015,0.44445774,0.43337744,0.440068,0.62206113,0.7027836,0.6590169,0.64189494,0.63162917,0.6519727,0.6351706,0.6485805,0.64042246,0.68492585,0.6476848,0.5532083,0.6772557,0.65175366,0.5906452,0.5853257,0.56884384,0.62636334,0.54850703,0.62523735,0.5426357,0.57732505,0.52280605,0.6524429,0.6795125,0.48048,0.46943268,0.50983447,0.51533294,0.49083874,0.5217781,0.4504989,0.46392858,0.45603138,0.42534542,0.44995663,0.43819615,0.5175892,0.5118531,0.50251085,0.44590575,0.43755123,0.5563947,0.48742276,0.572324,0.5480453,0.5333135,0.51707494,0.6308195,0.53915024,0.58319944,0.46029603,0.4589894,0.47939506,0.44316602,0.51132596,0.5340535,0.52066946,0.48461965,0.5939561,0.61296475,0.5281998,0.501182,0.6494653,0.5936114,0.5954047,0.630561,0.6189201,0.6170013,0.59381086,0.60707605,0.5541361,0.6559301,0.6318144,0.54026616,0.5806766,0.5262319,0.6489337,0.6690526,0.5545548,0.54061,0.5090023,0.53960747,0.55936867,0.5332191,0.65901446,0.55376285,0.5426349,0.5805343,0.5185903,0.6020597,0.64387125,0.51957786,0.5062951,0.4571548,0.51677495,0.43564177,0.50611764,0.5289868,0.5264335,0.55266726,0.5445342,0.58814466,0.55725926,0.59967023,0.60085994,0.67850477,0.68397355,0.5058277,0.48948896,0.6614228,0.5447191,0.6238456,0.48178804,0.45337328,0.44609854,0.6865266,0.6571175,0.6539169,0.5936323,0.56205016,0.5647124,0.6778796,0.6897863,0.683066,0.42678207,0.5775111,0.5997581,0.5273417,0.50568056,0.5165375,0.62468064,0.6028532,0.5982769,0.48751828,0.46475416,0.574795,0.62340176,0.63983715,0.51180923,0.46913832,0.45293647,0.57294583,0.58250284,0.587142,0.6850165,0.6132044,0.64655894,0.65620804,0.65848845,0.65281,0.6700928,0.58919007,0.62870395,0.679466,0.6280508,0.5722361,0.70119447,0.55331117,0.52581525,0.6785197,0.5856667,0.56295764,0.7098205,0.6514501,0.57777077,0.6481851,0.6223836,0.6596054,0.6603866,0.56991106,0.6293643,0.60701424,0.5680458,0.3990413,0.57740134,0.44707215,0.41685772,0.47713196,0.44803867,0.6109917,0.6905197,0.6553862,0.6393971,0.6083838,0.65550536,0.6324868,0.6304974,0.6580674,0.696669,0.67794555,0.53056467,0.66540295,0.6574198,0.5938229,0.5795659,0.569327,0.6182688,0.51215774,0.6258554,0.52403027,0.6158384,0.54977125,0.66215754,0.6983875,0.51010656,0.5182686,0.5145396,0.54126793,0.4978432,0.5382664,0.48715073,0.46289104,0.46386865,0.47348732,0.43558177,0.454024,0.5329927,0.5286035,0.5518938,0.50553524,0.45240062,0.56252486,0.5625246,0.6283603,0.5566909,0.58237267,0.4796806,0.6360186,0.45655409,0.62487584,0.5563302,0.44695476,0.5272013,0.46309468,0.5328118,0.52643853,0.5106547,0.47782207,0.60178834,0.61244285,0.51975125,0.47136247,0.61483824,0.57163674,0.5913886,0.64273113,0.65708596,0.6221505,0.57931983,0.59961826,0.5447376,0.6422607,0.6104443,0.5427416,0.5697583,0.54082817,0.6457765,0.66247445,0.583163,0.49107707,0.5034325,0.50547165,0.56238985,0.54068595,0.65119153,0.54581076,0.53734946,0.5992907,0.47469947,0.621634,0.67577785,0.5322481,0.52751154,0.4979361,0.51575094,0.4934669,0.5136064,0.52718884,0.5412902,0.6060766,0.562998,0.5911791,0.5602406,0.58480614,0.63479525,0.68301284,0.67434424,0.47637558,0.47661203,0.6645606,0.5133087,0.61791646,0.498584,0.47220305,0.45329928,0.6837753,0.64899504,0.64816177,0.6247291,0.5994611,0.5803801,0.6575233,0.68548703,0.67849725,0.47419986,0.6072329,0.6293582,0.48138404,0.46992823,0.49796423,0.61434335,0.60664135,0.5947403,0.5071323,0.4652987,0.51380444,0.64236206,0.656482,0.51726854,0.49263602,0.48127237,0.55347645,0.567624,0.5618659,0.51793665,0.53110015,0.5163645,0.5058368,0.53205067,0.5350587,0.54786235,0.54761094,0.5489167,0.5448717,0.5232384,0.5426498,0.5311857,0.5209584,0.56094027,0.557037,0.56311494,0.55969423,0.5757484
88,0.70323056,0.6013533,0.65983707,0.67450595,0.67342883,0.65780324,0.6486991,0.5966049,0.6317936,0.6610105,0.6293339,0.57714766,0.70418894,0.56595385,0.55240226,0.6884164,0.62841916,0.555008,0.70698,0.6813207,0.6308922,0.61899656,0.59187955,0.63428366,0.5600221,0.5399207,0.6020123,0.52614063,0.608303,0.43702877,0.58463323,0.5038438,0.506557,0.47010374,0.47360316,0.6122799,0.6834417,0.6601818,0.62069815,0.6195606,0.6326849,0.5996307,0.643055,0.6419551,0.67128533,0.64897376,0.53431076,0.68698955,0.6598094,0.5958482,0.57762104,0.55941427,0.6156113,0.5487107,0.60771924,0.5308518,0.57684946,0.54004574,0.6633666,0.680697,0.51248014,0.5093856,0.52062523,0.5624977,0.53455544,0.53990734,0.4446166,0.48597682,0.46976092,0.4075758,0.4520825,0.45456588,0.5372562,0.5141392,0.50649494,0.44437844,0.41473,0.5513662,0.4880781,0.58792585,0.5577976,0.53609514,0.5146464,0.6279664,0.54726344,0.60501605,0.46162242,0.46642548,0.48866704,0.43624774,0.5154459,0.532542,0.51729107,0.4983542,0.601158,0.60781753,0.5423785,0.5231767,0.6109949,0.5666794,0.56679624,0.61039984,0.5838407,0.57873285,0.5381286,0.58685297,0.5131896,0.6532911,0.6254747,0.53820765,0.6042852,0.5510391,0.61473143,0.63741165,0.5312784,0.5210767,0.50135046,0.5462227,0.5824617,0.54390824,0.67897195,0.55333745,0.53259784,0.5275408,0.49090987,0.62900394,0.65721965,0.51686716,0.50186014,0.45737,0.5102618,0.4260669,0.50039506,0.5209945,0.52750856,0.55665,0.5403409,0.59793055,0.53710216,0.58330786,0.60424185,0.6946679,0.6928101,0.52131,0.5044962,0.67463875,0.5023134,0.60573626,0.48361725,0.4639876,0.46703938,0.6829399,0.6571113,0.6634803,0.62253964,0.5635676,0.55947524,0.6893351,0.694893,0.6927797,0.45314547,0.6063395,0.60716105,0.54091567,0.5119022,0.52542937,0.60863435,0.5833457,0.61344653,0.51199865,0.44722494,0.56249976,0.5826797,0.6034262,0.46864602,0.48522317,0.44911897,0.54762775,0.61438096,0.6164343,0.71239287,0.59458137,0.64925164,0.6719983,0.67040235,0.66179925,0.6799435,0.58085227,0.6179742,0.675533,0.6292418,0.593748,0.7095119,0.5905557,0.56156904,0.6840382,0.5848451,0.56383675,0.71075153,0.6637898,0.56442285,0.65246874,0.60891837,0.63663787,0.6419431,0.59543777,0.6461967,0.6063229,0.5785596,0.41633618,0.62459147,0.4662739,0.4594418,0.5111269,0.4887032,0.59195006,0.670511,0.64626575,0.607737,0.5938626,0.6364902,0.5925223,0.6207281,0.64984906,0.6823535,0.67269135,0.50288725,0.6655276,0.6443397,0.5930849,0.5674859,0.5556344,0.60771096,0.5045948,0.6051419,0.50826085,0.6100482,0.56522065,0.6597507,0.69073635,0.5505711,0.5401302,0.52494335,0.5824242,0.5360514,0.55127364,0.48646364,0.47455466,0.484921,0.46458602,0.4494272,0.45545152,0.5494372,0.5333309,0.58066857,0.50054646,0.4296149,0.5535802,0.5688634,0.6378842,0.57535124,0.58550847,0.47867942,0.6357149,0.45116547,0.6407509,0.5544142,0.46022072,0.55157346,0.46526697,0.53162813,0.52174735,0.5063811,0.49547327,0.61249006,0.5975317,0.5263849,0.46281108,0.5840709,0.54488873,0.5652009,0.6199682,0.6165098,0.58514553,0.5233041,0.58349884,0.5042815,0.6433322,0.61012834,0.5421759,0.5900497,0.5612976,0.6180986,0.62609124,0.55180925,0.4675595,0.48586956,0.5144206,0.57434434,0.55021596,0.6649803,0.54763126,0.54614353,0.5501919,0.45047128,0.6361108,0.68347234,0.5395858,0.5422649,0.50503176,0.5202978,0.49732444,0.5101664,0.5230657,0.544333,0.6108655,0.5553837,0.58843386,0.562356,0.5750795,0.6349778,0.6957159,0.6755691,0.4780957,0.49022314,0.668502,0.46594235,0.5915623,0.49677405,0.48487768,0.45528403,0.68205696,0.65469027,0.650091,0.63928,0.59254515,0.56074435,0.66117877,0.683971,0.68294823,0.51107424,0.6321703,0.6310723,0.4897494,0.48248458,0.50831985,0.59369993,0.58374274,0.6080351,0.52095896,0.45073405,0.51492393,0.60706574,0.61871815,0.46914372,0.5119218,0.48001897,0.5303938,0.6007848,0.5961759,0.53086317,0.53836125,0.50724494,0.5036832,0.547552,0.55193835,0.5530456,0.55314887,0.5539444,0.55222625,0.52793825,0.5474155,0.52981615,0.5207189,0.5592354,0.5560522,0.5762326,0.5692161,0.5788209
89,0.72165334,0.5914212,0.6643495,0.6819934,0.6791146,0.66493756,0.6542406,0.5870724,0.6207862,0.6638785,0.6228192,0.59628063,0.69916356,0.60309917,0.59393406,0.68418443,0.62531304,0.55542403,0.7057114,0.68417335,0.6338439,0.6167821,0.58635867,0.61806977,0.56448406,0.5633465,0.6219524,0.5207325,0.63278216,0.47303832,0.6292569,0.52792174,0.56416386,0.5062259,0.5131991,0.59871507,0.66414857,0.65837556,0.5996498,0.6035299,0.6161227,0.56967866,0.63482785,0.6432769,0.6588307,0.6467291,0.5176543,0.6844857,0.6555783,0.59431374,0.56480426,0.54671556,0.6012258,0.5459724,0.5897773,0.5190011,0.5780932,0.55108714,0.6700271,0.68031776,0.54083085,0.5492296,0.536323,0.60219115,0.5707181,0.55396515,0.45462486,0.51325345,0.49462834,0.40779132,0.4676066,0.47054422,0.56482035,0.52159756,0.52150947,0.45921922,0.4055666,0.5445324,0.5013005,0.5949067,0.5722673,0.537067,0.5153627,0.6253454,0.5558924,0.6272318,0.47996426,0.48212308,0.50437397,0.4463793,0.52311105,0.52642655,0.5156716,0.51676583,0.60364306,0.6019624,0.55887747,0.5474381,0.5776876,0.5416367,0.541179,0.5917319,0.55604166,0.54698324,0.49633163,0.5663658,0.48276117,0.64972425,0.61802864,0.5353186,0.6229463,0.5722873,0.5850879,0.6089546,0.50675493,0.50282943,0.4934159,0.5503361,0.5988599,0.5502506,0.6894508,0.54968566,0.530711,0.48640254,0.4729326,0.648095,0.65964544,0.52133787,0.5092204,0.4725948,0.5108359,0.4326285,0.4983147,0.51642245,0.5284345,0.55472463,0.5376438,0.59871864,0.52362,0.5721722,0.60968375,0.7011496,0.69546455,0.5369818,0.5202571,0.6767975,0.4697171,0.59130347,0.4955524,0.49069914,0.49545634,0.67185915,0.6519729,0.6636944,0.6422625,0.5618572,0.55127835,0.6875205,0.6912358,0.6931389,0.4944932,0.6314869,0.6070051,0.55033565,0.5190024,0.5309279,0.5942075,0.56341386,0.62545794,0.5404025,0.4374894,0.5549985,0.5507797,0.5737433,0.43883893,0.50921696,0.4547286,0.5285975,0.64014524,0.6393415,0.7285478,0.5752154,0.6453432,0.67898345,0.67450017,0.6641256,0.68135244,0.568285,0.6036077,0.6674941,0.62401295,0.6170401,0.7079884,0.61988026,0.59250593,0.6780308,0.57443833,0.5630617,0.70101726,0.66573334,0.55337,0.6513856,0.5930642,0.61791897,0.62660664,0.62279236,0.66168916,0.60978574,0.5902285,0.44913983,0.661764,0.48979247,0.5069414,0.53901887,0.53142035,0.5700364,0.64960915,0.6365532,0.5780723,0.5755809,0.61729974,0.5573188,0.6103817,0.6417304,0.6679173,0.66350895,0.48010287,0.6561755,0.62469566,0.5849763,0.5516606,0.53965634,0.593015,0.4964403,0.58435833,0.4957363,0.6048948,0.5732667,0.65535146,0.68115556,0.5837015,0.560489,0.53735924,0.6161858,0.56531405,0.5573022,0.49585253,0.49441716,0.51442903,0.46534836,0.47906077,0.46076497,0.57237023,0.54133034,0.61311215,0.5007712,0.4192044,0.54317856,0.57968235,0.6391045,0.5905603,0.5813761,0.48499727,0.63561046,0.45319623,0.6568006,0.55501336,0.47839886,0.57663286,0.47745362,0.53389525,0.5119284,0.5042679,0.5145851,0.6180869,0.58434397,0.53471386,0.46617523,0.55857813,0.52113086,0.5416396,0.59950316,0.5835661,0.5540827,0.4789022,0.5658437,0.47475526,0.64273214,0.60574216,0.53958535,0.60632586,0.578772,0.59441984,0.592684,0.51993096,0.44696733,0.4697595,0.52333385,0.5827847,0.5561058,0.66957635,0.54654443,0.5608332,0.5115224,0.43791884,0.6434126,0.68095005,0.55293804,0.56393546,0.5228833,0.5279736,0.50581884,0.50895715,0.5208594,0.54527277,0.6093416,0.5492379,0.57906497,0.56894284,0.569255,0.63339525,0.6993859,0.6710695,0.48189017,0.5050632,0.6623598,0.42869645,0.5693044,0.5042948,0.50833285,0.4666376,0.6722448,0.6539729,0.64527744,0.6459009,0.5850089,0.5417456,0.6547589,0.67553884,0.6791015,0.5522108,0.6507323,0.6251025,0.49714795,0.49538442,0.51682633,0.575326,0.5622656,0.6161781,0.53986174,0.4443974,0.5174706,0.57739764,0.5880117,0.43663332,0.53615594,0.48380178,0.5130258,0.6294156,0.62107885,0.54111433,0.5433572,0.49930033,0.502436,0.56327635,0.56804484,0.56027186,0.56101483,0.55761486,0.55869573,0.5311732,0.54954445,0.5304507,0.52237797,0.5590554,0.5561913,0.58526045,0.57480687,0.5802054
90,0.7276471,0.58040136,0.6601701,0.68033034,0.6755639,0.6617456,0.6495644,0.5724286,0.6038478,0.6608675,0.61526346,0.6154237,0.68448865,0.6284949,0.6262028,0.6699926,0.61240876,0.55164313,0.6921649,0.6765865,0.62737757,0.60753864,0.57881546,0.6051152,0.5760385,0.5848533,0.64360803,0.5248305,0.65549046,0.510162,0.6572238,0.5492731,0.6062127,0.5334114,0.5486828,0.5822716,0.64709276,0.6558054,0.5803734,0.5840867,0.60199285,0.54857504,0.62494963,0.64529955,0.6510097,0.64367497,0.50428915,0.6721175,0.6417137,0.5886052,0.5475067,0.5312579,0.58307034,0.5388868,0.57231146,0.5066069,0.5787974,0.5542663,0.67225677,0.67871207,0.5593266,0.57861024,0.5502788,0.62915117,0.59304625,0.55888295,0.47218424,0.5376513,0.5202394,0.41663378,0.48788247,0.48088634,0.5924786,0.5286987,0.5388886,0.48000127,0.40517285,0.53744084,0.51836044,0.5932099,0.5850329,0.53600806,0.5184424,0.6262658,0.5648638,0.6468632,0.5051255,0.4979951,0.5211526,0.46541762,0.53321606,0.51647276,0.51496595,0.5324215,0.6025698,0.59624565,0.5730601,0.5685413,0.5518443,0.518935,0.51875335,0.57357883,0.5370371,0.5225384,0.47089604,0.548043,0.46450195,0.64718986,0.61084384,0.532207,0.6332912,0.5865889,0.56386244,0.58735406,0.48401025,0.48739108,0.4854733,0.5504,0.6057498,0.55017275,0.68745875,0.5426134,0.5346441,0.45890355,0.4650523,0.6559619,0.65160793,0.5297798,0.52293164,0.49473184,0.515208,0.44649816,0.49829683,0.51521474,0.5285702,0.54833555,0.53735423,0.5918198,0.51720876,0.568755,0.6154559,0.6978252,0.6932688,0.55115896,0.5341283,0.66919607,0.44848275,0.58523893,0.5129952,0.5223415,0.5232469,0.6549986,0.6409035,0.65374506,0.65062004,0.5568518,0.5414601,0.67326576,0.68046176,0.6835308,0.53807485,0.6511064,0.5984721,0.55445206,0.5250362,0.53388417,0.5837329,0.5428911,0.632217,0.5646562,0.43326265,0.5516802,0.52864635,0.55169654,0.42196023,0.53251386,0.464848,0.51842064,0.6558568,0.65296817,0.7328612,0.55866194,0.6340237,0.6771191,0.6711814,0.65943563,0.6737884,0.5516094,0.5852178,0.657789,0.614658,0.638466,0.69744104,0.6388863,0.6154087,0.66225994,0.55558914,0.5598876,0.6818447,0.6571135,0.5438801,0.6444242,0.57737243,0.60257244,0.6187543,0.6461869,0.67501915,0.6181017,0.6014523,0.48567545,0.6832788,0.5118858,0.5459963,0.55662787,0.5667214,0.54611963,0.6305654,0.62939405,0.5523666,0.5544029,0.5986434,0.53103805,0.60086507,0.63699263,0.6569102,0.653091,0.46286234,0.639485,0.6015629,0.57104504,0.532788,0.5219219,0.57402617,0.48652616,0.5641979,0.48512882,0.60110515,0.5740277,0.6501133,0.6720831,0.6052873,0.57536805,0.5484873,0.6396613,0.58045614,0.55444056,0.5104861,0.5151437,0.5425865,0.4704861,0.51367307,0.46724477,0.59658617,0.5497563,0.64241314,0.50200355,0.41822982,0.5338732,0.59360075,0.63554585,0.6004793,0.5748338,0.49653646,0.6391657,0.46269682,0.6726559,0.5567528,0.49387068,0.59889215,0.49410474,0.5398514,0.4997824,0.503129,0.5286585,0.621391,0.5740912,0.54326755,0.4777608,0.53962547,0.50076246,0.52001846,0.5799368,0.56114995,0.52948964,0.44886807,0.5485706,0.4577802,0.642798,0.5988949,0.53558177,0.6160356,0.5905419,0.57718885,0.5668569,0.49110043,0.4289698,0.4550239,0.5298105,0.58484596,0.5562822,0.66293967,0.54202986,0.57847077,0.48562783,0.4357683,0.64188766,0.6679992,0.56807435,0.5872551,0.5446517,0.53550744,0.5145586,0.5094157,0.5201102,0.54447544,0.60426724,0.5468355,0.5636695,0.5791759,0.56957483,0.6314506,0.6943266,0.6636753,0.48812172,0.5196078,0.6484806,0.4026158,0.5557327,0.51939225,0.53397614,0.48238415,0.65629685,0.6462486,0.6329492,0.643469,0.5771868,0.52519655,0.6390487,0.66176623,0.6666186,0.5892581,0.66303766,0.6113945,0.5010771,0.5053226,0.52378833,0.5618641,0.54165083,0.61926186,0.5600598,0.44482255,0.52075064,0.55422384,0.5652664,0.4201189,0.55803585,0.48954466,0.50394344,0.65039194,0.6348036,0.54814523,0.54593545,0.49435762,0.50242084,0.575757,0.5802848,0.5683906,0.569553,0.5590041,0.56282544,0.5311493,0.5475281,0.532752,0.52467114,0.559492,0.5568677,0.5887635,0.57591134,0.57959116
91,0.7218862,0.5688911,0.64691395,0.6701042,0.6638617,0.64975524,0.63632506,0.5528644,0.5808706,0.65311694,0.6081918,0.6278418,0.6627794,0.6421224,0.64738107,0.6494353,0.5937391,0.5436297,0.67011005,0.66172695,0.6133399,0.5928243,0.5693269,0.5936837,0.58812,0.5961793,0.660743,0.5333704,0.6725079,0.5386849,0.6655002,0.5631111,0.628076,0.5477432,0.5725431,0.56300634,0.63293606,0.65254617,0.5624846,0.5619365,0.5889416,0.53586215,0.614156,0.6461343,0.64783925,0.6405051,0.4935877,0.6550243,0.62350965,0.5816787,0.5260812,0.5132563,0.5610851,0.52627975,0.55499774,0.49349782,0.5755301,0.5488156,0.6698928,0.6753881,0.5652256,0.5906169,0.55672777,0.64039546,0.59934723,0.5531218,0.48783422,0.551492,0.5362866,0.42444906,0.5030357,0.4824595,0.61223245,0.53137076,0.5508165,0.49617627,0.4077628,0.5309487,0.5305725,0.58453584,0.5909938,0.5328521,0.5216059,0.63031685,0.5720365,0.6600017,0.5261917,0.5076669,0.5332222,0.48408595,0.54330575,0.5047593,0.5146282,0.53998286,0.5996529,0.59010905,0.5810707,0.58067465,0.5340305,0.49873352,0.49877706,0.554691,0.52602917,0.5040245,0.4593445,0.5333587,0.45619327,0.6455011,0.60449713,0.52876407,0.63376516,0.5923229,0.5523384,0.57404166,0.46544793,0.4752118,0.47809964,0.545964,0.603376,0.54311264,0.67223376,0.5327685,0.5398649,0.44321674,0.46386552,0.6514378,0.6352218,0.5368212,0.5354675,0.5145993,0.519276,0.45842233,0.49838665,0.51667494,0.5276014,0.539887,0.53845364,0.5800635,0.5153488,0.5711815,0.6183718,0.68597233,0.6872526,0.5624633,0.54402536,0.6554311,0.43718144,0.5876725,0.5294775,0.5471655,0.54276925,0.6348824,0.6246278,0.6358959,0.64682573,0.548742,0.5316894,0.6516738,0.6655575,0.6659692,0.57217413,0.6629767,0.58336663,0.55311745,0.5277546,0.53553027,0.57751787,0.52173644,0.63303405,0.5796536,0.43124506,0.55061036,0.5150159,0.536193,0.41444847,0.54688823,0.47409454,0.51662195,0.6595799,0.65602106,0.7260357,0.546807,0.61570406,0.6670489,0.6615323,0.6487828,0.65919197,0.53096193,0.56246597,0.6487337,0.6040426,0.6528851,0.6803898,0.6481933,0.63007724,0.6402252,0.533729,0.5539802,0.65773916,0.6413882,0.5355456,0.63307554,0.56322616,0.58985794,0.61879593,0.6594656,0.6838644,0.62822986,0.6093339,0.5136755,0.6872081,0.527502,0.56738234,0.563494,0.5889339,0.52015066,0.6145311,0.62551415,0.5299607,0.5311466,0.58053577,0.51450026,0.5926161,0.63536274,0.6502744,0.6436213,0.4501468,0.61987364,0.5795514,0.5553638,0.51113,0.5026437,0.55083185,0.47353354,0.5445315,0.47478965,0.5972507,0.5681106,0.6450133,0.66461515,0.613996,0.5812826,0.5546941,0.65110403,0.58036476,0.542879,0.52354765,0.52881294,0.5595321,0.47394937,0.54058594,0.47135666,0.6150432,0.55490655,0.66163635,0.5006154,0.42164963,0.5272732,0.6060101,0.6303293,0.6036356,0.56919247,0.50904727,0.64574873,0.47602767,0.6855148,0.5571634,0.50119865,0.61498916,0.508788,0.5479075,0.48838267,0.5021209,0.5333447,0.6244763,0.56661415,0.5497553,0.49031678,0.52671224,0.48324436,0.49941632,0.5597619,0.5491024,0.51031286,0.43209058,0.53342545,0.451489,0.6437607,0.5913595,0.5306408,0.61788607,0.59505594,0.56706727,0.5511674,0.46826428,0.41343814,0.4423936,0.53188926,0.5790603,0.5495909,0.64476895,0.53485584,0.59394234,0.4711943,0.43939427,0.6318024,0.6471023,0.57926065,0.60498875,0.56209224,0.53978956,0.51985455,0.51024157,0.5199787,0.54224485,0.5977254,0.54801565,0.54563653,0.58936465,0.5743929,0.62887514,0.68244386,0.65591425,0.49612555,0.53214216,0.63144815,0.38638082,0.5517766,0.53632563,0.5527384,0.49631482,0.63741505,0.63251656,0.6157731,0.6323408,0.5688898,0.5129228,0.61892533,0.64581823,0.6481537,0.61605304,0.66861975,0.592722,0.5005082,0.50978285,0.5295045,0.5537639,0.52127534,0.61793244,0.5757952,0.44840598,0.52351505,0.53739965,0.5499496,0.41546857,0.5709753,0.4941356,0.5029519,0.6609028,0.63790756,0.5517904,0.54602635,0.49256706,0.50280935,0.5820982,0.58617866,0.57524866,0.5762971,0.5579984,0.56360245,0.5265862,0.5405339,0.5358544,0.52643585,0.5590479,0.55684084,0.5861187,0.57234097,0.57668495
92,0.70592225,0.55776787,0.62601537,0.65276873,0.64614797,0.6320383,0.6182453,0.529514,0.5529135,0.64321935,0.6032429,0.628734,0.6384934,0.6457023,0.65722746,0.6278084,0.57599133,0.5326197,0.6460945,0.6451048,0.5964911,0.57606757,0.5584616,0.5824171,0.5945899,0.5922342,0.66740346,0.5408061,0.67926043,0.5510945,0.6539012,0.56599927,0.6292784,0.54875463,0.5806252,0.54084015,0.6209518,0.6474157,0.5444633,0.53843445,0.57496697,0.52861196,0.6028996,0.6424027,0.64678776,0.63623565,0.4846721,0.640233,0.6083021,0.5765595,0.5017661,0.49368286,0.5359107,0.5084442,0.5370702,0.48045236,0.56580204,0.5357725,0.66308045,0.6692406,0.5591267,0.58282244,0.552301,0.63507503,0.59102476,0.5394994,0.49366045,0.5496446,0.5358642,0.42394105,0.50521755,0.47518003,0.61815697,0.5278752,0.5524228,0.50033593,0.4084941,0.5260604,0.5323698,0.5723697,0.5877539,0.5287525,0.52226174,0.6350089,0.5749328,0.66334736,0.53457135,0.5077447,0.53588104,0.49417204,0.5509537,0.49480027,0.51430255,0.5373438,0.59660494,0.5823698,0.58035046,0.5790618,0.523196,0.48156235,0.480528,0.53432894,0.52104306,0.48945457,0.4568458,0.52319384,0.4544637,0.6434055,0.5993864,0.5248729,0.62532544,0.5901465,0.5492728,0.5685083,0.45298362,0.46670213,0.4726353,0.537972,0.59359086,0.53020495,0.6451469,0.5216329,0.54201347,0.436309,0.46518424,0.63519055,0.61357903,0.53772837,0.5403887,0.5243185,0.5194645,0.46101812,0.49718842,0.51975155,0.52574414,0.53259337,0.5395365,0.5671543,0.5154634,0.57580227,0.6153162,0.6678162,0.6777722,0.5697669,0.5485197,0.64031726,0.43299296,0.5956245,0.5384568,0.55588794,0.5481155,0.6148635,0.60562855,0.61469674,0.6309026,0.5392992,0.5245461,0.63111144,0.6506817,0.64451355,0.5884074,0.66481787,0.56519675,0.547212,0.52583206,0.5371433,0.574841,0.5003732,0.6290062,0.58335274,0.4290553,0.5496552,0.507801,0.5253,0.4125098,0.5466803,0.4780796,0.52116436,0.6513815,0.649139,0.7095986,0.5410224,0.5924544,0.6504687,0.6475579,0.63473856,0.64137197,0.507386,0.53586656,0.6422784,0.59536886,0.6560073,0.66097,0.64950734,0.63721174,0.61721826,0.5172725,0.54593676,0.6357341,0.6249749,0.5298516,0.62089473,0.5520684,0.5794578,0.6245167,0.6579352,0.6851903,0.635599,0.61041176,0.5234485,0.67335933,0.5331632,0.56680113,0.5615041,0.595476,0.49230665,0.6012047,0.6235336,0.5088399,0.5071248,0.56266046,0.5059699,0.5852392,0.6340898,0.64657736,0.6365114,0.44054827,0.6032586,0.56410277,0.5434456,0.4875653,0.48262525,0.52436906,0.45706466,0.5249771,0.4638351,0.5912056,0.55722356,0.6406084,0.6585981,0.61091346,0.57661194,0.55347437,0.6500994,0.5673962,0.52568233,0.5287785,0.529094,0.558465,0.47091687,0.5494851,0.47016105,0.62124735,0.5538716,0.6659871,0.4947378,0.42437556,0.5241981,0.61193144,0.6260394,0.59943074,0.5666794,0.5176328,0.6521416,0.4879023,0.6921409,0.5543974,0.49791434,0.6226812,0.51612365,0.5558578,0.48101956,0.5008575,0.5276519,0.627781,0.56085604,0.55149597,0.4958704,0.5181336,0.4679295,0.4794406,0.53798896,0.5453194,0.4950952,0.42544353,0.5219923,0.45255536,0.6445747,0.58532476,0.52550304,0.6125993,0.59253657,0.56306934,0.54583526,0.4536091,0.4012348,0.43362015,0.52854985,0.5657215,0.53638905,0.6169914,0.52670896,0.602192,0.46527332,0.44367987,0.61487466,0.6223649,0.5816876,0.61113375,0.5680004,0.538689,0.51931256,0.51011914,0.5196423,0.5387006,0.59150535,0.55136013,0.53044075,0.5955401,0.5803091,0.62452084,0.666458,0.64919347,0.5042956,0.54047465,0.61690784,0.3777988,0.55559385,0.54785687,0.55721813,0.50224483,0.6197034,0.6154426,0.59872615,0.613689,0.5611093,0.5070387,0.6022269,0.6318252,0.6285404,0.62833697,0.6661511,0.57377803,0.49621937,0.5074032,0.53422433,0.5502896,0.50110227,0.6135982,0.5819669,0.4513248,0.52471054,0.52623016,0.5409417,0.41735256,0.5703147,0.4953931,0.508486,0.6594812,0.63303214,0.5525415,0.5440676,0.49309817,0.50251734,0.5810495,0.5846565,0.57852715,0.57891285,0.5551052,0.56054664,0.5173452,0.52892745,0.5385695,0.5268236,0.5566566,0.555025,0.5777603,0.5645795,0.5713956
93,0.6826802,0.5487929,0.6005924,0.6312728,0.6259706,0.61297166,0.60007405,0.5048822,0.52247477,0.63462955,0.60203475,0.6174056,0.6170878,0.6423304,0.6568105,0.6111241,0.56592137,0.5210152,0.6271051,0.63309294,0.58327794,0.56134087,0.54838705,0.56956315,0.59220076,0.572196,0.66031545,0.54318327,0.673203,0.5440684,0.6252504,0.55717266,0.61266315,0.53896827,0.5725237,0.51650614,0.60915107,0.63935214,0.5246622,0.51525897,0.557757,0.5222357,0.59169525,0.6316481,0.6443605,0.6296368,0.47670904,0.63423467,0.6026993,0.57585037,0.47699714,0.4742509,0.5091751,0.48752484,0.51789725,0.4687978,0.549382,0.51852435,0.6527606,0.65939164,0.5443637,0.5573719,0.5368399,0.6152896,0.5727728,0.523891,0.48525807,0.53147006,0.5170316,0.41149092,0.49094567,0.46196407,0.60791475,0.51892895,0.54237956,0.4895466,0.4043286,0.5239631,0.5223805,0.5615023,0.5759871,0.52607876,0.5191952,0.6380891,0.5727589,0.65594786,0.525754,0.49773237,0.5271114,0.4901624,0.5548488,0.49036562,0.51369065,0.5251991,0.5951632,0.5721203,0.57059336,0.56223774,0.5163256,0.46757904,0.46295217,0.5120657,0.5188266,0.476335,0.45694947,0.5174465,0.45588422,0.6399462,0.5958028,0.5209072,0.61128116,0.5826375,0.5509865,0.56815386,0.44715947,0.46167085,0.47053486,0.52856344,0.5790481,0.5141773,0.6099969,0.51105136,0.5385997,0.43417722,0.46600586,0.6102088,0.59031934,0.5306221,0.5347735,0.5194635,0.51356727,0.45018825,0.49433303,0.52315074,0.5236448,0.5295381,0.53999025,0.55676097,0.51646227,0.57948977,0.60485196,0.6463939,0.66493315,0.5731612,0.547786,0.6285487,0.4317375,0.60483766,0.53574497,0.5439692,0.53695035,0.5980215,0.5871669,0.595233,0.6047555,0.5319591,0.5225531,0.62007284,0.6400553,0.6237711,0.58322144,0.65613693,0.5478111,0.53868115,0.5197493,0.53983945,0.5742534,0.47933933,0.6226601,0.5766314,0.42593268,0.54707354,0.5036615,0.51609087,0.4128717,0.5303153,0.47460428,0.5293174,0.6337034,0.63506085,0.6864567,0.5424636,0.56745106,0.630596,0.6324133,0.6209747,0.62470907,0.48323256,0.50704867,0.6398177,0.59146714,0.64698344,0.64405197,0.6455439,0.6381995,0.5990611,0.5136707,0.53733516,0.6223796,0.6150995,0.529417,0.61235166,0.5458357,0.5702258,0.63281393,0.6401718,0.67724454,0.6369647,0.6026909,0.51067007,0.6438935,0.5280215,0.5449712,0.5543393,0.586779,0.46366152,0.5890014,0.62109095,0.4866833,0.48396266,0.54433185,0.50145066,0.5780899,0.6302233,0.6428703,0.632215,0.43224505,0.5949062,0.55886847,0.5399879,0.46388793,0.46317446,0.49662048,0.43801293,0.50503963,0.45232412,0.58152,0.5446511,0.6369023,0.65321773,0.5994126,0.562557,0.5446367,0.6385806,0.54694915,0.50820184,0.5228064,0.5133987,0.5374331,0.4588949,0.53527725,0.4627304,0.6117674,0.54579973,0.654337,0.4840657,0.42267442,0.5247394,0.6090402,0.62479556,0.5889565,0.5689042,0.5191368,0.6552591,0.49434036,0.6909645,0.5481592,0.48431724,0.62180924,0.51295096,0.56193393,0.48041177,0.4991782,0.5135443,0.63108647,0.55521184,0.5472137,0.48910406,0.51117796,0.45404536,0.4596155,0.5138003,0.5456789,0.48172772,0.42380783,0.51499885,0.45689476,0.64422625,0.5828975,0.5212462,0.60285366,0.5848971,0.56247157,0.5481542,0.44727984,0.39293835,0.43001637,0.52027804,0.54705244,0.518931,0.5839706,0.5194878,0.6005491,0.46364847,0.4449433,0.5941414,0.59801316,0.57354164,0.6036394,0.5583744,0.5315982,0.51199573,0.5084803,0.51849914,0.53408855,0.5874888,0.55533844,0.52319086,0.5959799,0.58453363,0.6176678,0.6493383,0.6437047,0.5113343,0.5434085,0.6096454,0.37344268,0.5633748,0.54875517,0.54378206,0.49623948,0.60674196,0.5985459,0.5864366,0.5896708,0.5562713,0.50866294,0.59635454,0.6233627,0.61267895,0.6246974,0.6552036,0.5591265,0.49033913,0.49853802,0.53838664,0.5498176,0.48121488,0.60837543,0.5768473,0.45097843,0.5240523,0.5185231,0.5356256,0.42062068,0.5545301,0.49259573,0.51824874,0.6472062,0.6245745,0.55185294,0.5412808,0.4949579,0.50110155,0.5736559,0.57675934,0.5769521,0.57634133,0.55123514,0.5540231,0.50485635,0.5145881,0.53983754,0.5254861,0.552286,0.5511806,0.5654519,0.5541505,0.5641439
94,0.6564083,0.5437969,0.5743815,0.6095997,0.60742277,0.59706247,0.5859895,0.48218772,0.4928765,0.6299774,0.60518897,0.59681404,0.6028963,0.6359175,0.6485875,0.60374004,0.567177,0.5113847,0.6175547,0.63048995,0.5791035,0.5517587,0.5418974,0.55326474,0.5808052,0.5394862,0.6398455,0.5387025,0.6553754,0.51952183,0.58588505,0.5393695,0.5840855,0.52306014,0.5514809,0.49200642,0.5951218,0.62832063,0.5024233,0.49379215,0.53571475,0.51209825,0.5809733,0.6139525,0.6377195,0.6202241,0.46868423,0.64011246,0.60928136,0.5804809,0.45457593,0.45649108,0.4831643,0.4665857,0.49746382,0.45913282,0.528093,0.5016578,0.6405041,0.6458466,0.52580553,0.5207115,0.51345044,0.58651775,0.55113834,0.5119759,0.46299163,0.50142306,0.48297748,0.3879173,0.46231532,0.44734594,0.583013,0.50678325,0.52217007,0.46532494,0.3945182,0.5249209,0.5024828,0.55584383,0.5583177,0.5268511,0.5132838,0.6386988,0.56693906,0.6398341,0.5000112,0.47924903,0.5086705,0.4707057,0.5551993,0.49371406,0.5125706,0.50609565,0.5964017,0.55921644,0.5540519,0.5337949,0.5093342,0.4558594,0.44465628,0.48783058,0.51552194,0.46226263,0.45304826,0.5147884,0.457437,0.6348848,0.5934757,0.5175154,0.5958841,0.5731791,0.5523898,0.568984,0.4465445,0.45850623,0.47190627,0.52019495,0.56276923,0.49849546,0.5724188,0.50245583,0.52917963,0.432628,0.46491665,0.5816095,0.5689929,0.5165102,0.51936257,0.50016546,0.50120527,0.42608377,0.49040034,0.5256116,0.52191716,0.5321435,0.5397958,0.55132264,0.518187,0.58027124,0.5876703,0.6249558,0.6492827,0.57388467,0.54343534,0.62285906,0.4284051,0.6112879,0.52138186,0.5125441,0.51165515,0.58591115,0.57171476,0.5810348,0.5729471,0.5301738,0.52669704,0.6233309,0.63614976,0.6070102,0.5582041,0.6393801,0.53407145,0.53003335,0.51155025,0.54433715,0.57378924,0.4590267,0.61641663,0.56251043,0.4224636,0.5417975,0.4986304,0.505432,0.4128447,0.5004649,0.4643001,0.5382271,0.6110662,0.6178608,0.66082615,0.55138874,0.5437803,0.61147213,0.619631,0.6110408,0.612615,0.4614701,0.47854158,0.6416067,0.59348214,0.62842244,0.63343674,0.6396261,0.6349328,0.58993906,0.5258507,0.52996385,0.62078667,0.6167649,0.5361118,0.610951,0.5459873,0.56000566,0.64066774,0.60852706,0.66063017,0.63147837,0.58670205,0.4774908,0.6041097,0.51428807,0.5070516,0.54621005,0.56613946,0.43624622,0.57593423,0.616255,0.46230298,0.46317843,0.5248617,0.49612027,0.57051235,0.6222844,0.63608766,0.6300247,0.42316145,0.5972964,0.5639201,0.54649925,0.4422969,0.44550604,0.47017583,0.41820452,0.48447594,0.4405911,0.56803745,0.5342184,0.6332531,0.64746636,0.58436805,0.5429846,0.53021103,0.62106115,0.52552843,0.49523002,0.5062852,0.48406085,0.4997312,0.4383147,0.49924868,0.4505101,0.58720523,0.5318866,0.6287527,0.46928152,0.41512358,0.5278695,0.59797835,0.62741524,0.5745292,0.57625043,0.5134205,0.6539572,0.49436915,0.68278855,0.5394376,0.46264476,0.61468124,0.49894342,0.5653607,0.48745453,0.4969758,0.4944971,0.63415194,0.54800904,0.53801256,0.4698418,0.50288194,0.44062322,0.4391856,0.48676676,0.54507256,0.46785656,0.42117745,0.51185954,0.46067962,0.642152,0.5847988,0.51880926,0.59207076,0.5748865,0.56139004,0.5532023,0.44679913,0.38755965,0.4308899,0.5090539,0.52657187,0.50074625,0.55117244,0.514426,0.58916503,0.46192896,0.44153386,0.5735031,0.57727957,0.5560235,0.58433676,0.5334804,0.5194415,0.4986235,0.50562507,0.5162873,0.52903706,0.586985,0.55846167,0.5263035,0.59122425,0.5856333,0.60851777,0.6335646,0.639,0.5167109,0.54145837,0.61160904,0.36905816,0.570495,0.5380786,0.5137459,0.4784931,0.60019,0.58468914,0.5809774,0.5635184,0.55690116,0.5168001,0.6048646,0.6219931,0.60337794,0.6069229,0.6373685,0.55136997,0.48517182,0.48529083,0.5426402,0.5501117,0.4615185,0.603934,0.5629295,0.4466747,0.5219145,0.5111253,0.53017414,0.42136532,0.5258531,0.48653632,0.5295527,0.6278644,0.6172553,0.5515591,0.53906524,0.4974372,0.49884516,0.5625647,0.5651189,0.5708617,0.56923515,0.547412,0.5452814,0.49171206,0.5003914,0.53916603,0.52268946,0.5465659,0.5457544,0.5518831,0.5432682,0.55590785
95,0.63163364,0.54339224,0.5503859,0.59131527,0.59357655,0.58741987,0.5784592,0.46404102,0.46724388,0.62950534,0.6115341,0.5713616,0.5973921,0.6296384,0.63566864,0.6065703,0.5788335,0.5052655,0.6180062,0.6386091,0.5857844,0.54854757,0.5404774,0.53327626,0.5622036,0.50054497,0.6092036,0.5273992,0.62972975,0.4839434,0.5441181,0.51815075,0.5508853,0.5062451,0.5231968,0.47006822,0.5772844,0.61526185,0.4788075,0.47498912,0.5093987,0.49554747,0.57067657,0.59170634,0.62526447,0.6078094,0.45935044,0.65619946,0.62527555,0.5886066,0.4365515,0.4410637,0.46015978,0.44824952,0.47672287,0.4506082,0.50485474,0.48908716,0.62784404,0.6294837,0.5082726,0.4819844,0.48776916,0.55618465,0.53197694,0.5067291,0.43205255,0.46751794,0.440941,0.3583702,0.42643267,0.43569657,0.5482405,0.49430257,0.4952383,0.43298495,0.381014,0.5276585,0.47666413,0.5565171,0.537876,0.5316582,0.5069889,0.6369782,0.5601838,0.619066,0.4623062,0.455519,0.485811,0.4394673,0.5534333,0.50489306,0.51102036,0.4838366,0.59989405,0.54412556,0.53482014,0.50177,0.4991636,0.44493082,0.42503914,0.46262527,0.5085792,0.44638824,0.44112867,0.51326567,0.45723784,0.62820643,0.5915656,0.51504815,0.5826785,0.56476945,0.54903054,0.56741625,0.44833136,0.4543961,0.47463086,0.5145853,0.54769105,0.48620602,0.53808564,0.4965054,0.5147393,0.42920706,0.46169838,0.554727,0.55200535,0.49787948,0.4971257,0.47084308,0.4839082,0.39316493,0.4866605,0.52639484,0.52078813,0.5395486,0.53878486,0.5512287,0.52024615,0.5768955,0.5658066,0.6057884,0.63172233,0.5733784,0.5375152,0.62290835,0.4190028,0.61201525,0.49974015,0.46804523,0.4787375,0.5784312,0.5601167,0.57316726,0.5414233,0.53533334,0.5357484,0.64014643,0.63867074,0.5951059,0.5194337,0.6191383,0.52527136,0.5234109,0.5037766,0.5506778,0.571772,0.43989596,0.61132616,0.5449643,0.4203968,0.53361785,0.49041218,0.49198586,0.41093287,0.46285295,0.450221,0.5456724,0.58870614,0.6015059,0.637122,0.5661849,0.52353865,0.5963935,0.6117196,0.60706246,0.60683084,0.4444631,0.4532407,0.6462299,0.60006875,0.6044842,0.63030416,0.6341834,0.6290214,0.59091353,0.5512497,0.5248301,0.62993014,0.6305864,0.5496084,0.617655,0.55200255,0.54732484,0.6454526,0.56857973,0.63760084,0.619939,0.56470984,0.43182924,0.56117785,0.4966791,0.4611289,0.54030716,0.53888565,0.4124881,0.5607293,0.608274,0.43675652,0.44602054,0.504438,0.4864989,0.56180674,0.61033255,0.62384415,0.6275606,0.4116576,0.6091553,0.5758659,0.5602899,0.42465338,0.43039408,0.44747177,0.39981097,0.4639133,0.42866337,0.5518265,0.52866423,0.62852407,0.6402359,0.5704806,0.52329046,0.5137083,0.6032172,0.5081085,0.48871037,0.48361245,0.4478603,0.4530776,0.41282788,0.44916806,0.43677416,0.55196965,0.51493335,0.59339815,0.4523212,0.40330032,0.53148115,0.5809767,0.6327256,0.5586569,0.5873489,0.50307375,0.64882886,0.48999038,0.66994816,0.5299937,0.4365109,0.6053687,0.4768533,0.56646824,0.5009984,0.49438116,0.4744374,0.636422,0.53790426,0.5268541,0.44330505,0.49137127,0.4269462,0.41822946,0.4579874,0.5398749,0.45243803,0.41339564,0.5110371,0.46183515,0.63786435,0.589909,0.5184877,0.5831058,0.56509304,0.5563048,0.5561023,0.44822702,0.3828106,0.43337044,0.49753872,0.50782365,0.48532304,0.5230193,0.5116827,0.5701486,0.45765373,0.4336984,0.5563397,0.56179816,0.5321633,0.5572221,0.49784833,0.5042611,0.48158276,0.5024986,0.51326627,0.5243883,0.5896529,0.5591283,0.53863233,0.58256906,0.58291,0.5976125,0.6202721,0.6341819,0.52029544,0.5362994,0.62100327,0.3612721,0.5729184,0.51921105,0.4732519,0.45352408,0.59956557,0.57497823,0.5817536,0.53854316,0.5637758,0.5283459,0.6262129,0.6268056,0.6006372,0.57938427,0.61564356,0.55066895,0.48219612,0.4708741,0.5474417,0.5490991,0.44226843,0.60073733,0.5455197,0.44009876,0.5188437,0.5021897,0.52183306,0.4181076,0.4898424,0.47922176,0.53991795,0.6067562,0.6142413,0.55274564,0.5381492,0.500101,0.49626797,0.550738,0.5527161,0.5618186,0.5594351,0.5444711,0.5360365,0.48061666,0.48906586,0.53676623,0.5192077,0.54023427,0.5394571,0.53969014,0.53395003,0.54790753
96,0.6118601,0.5463261,0.5302217,0.57826173,0.5854393,0.5848446,0.57791317,0.45147958,0.44760615,0.63086724,0.6181373,0.5451862,0.5988231,0.6247044,0.62090087,0.6168626,0.596084,0.50269896,0.62568814,0.6547136,0.6007689,0.5509952,0.54320055,0.5119001,0.539249,0.46305326,0.5729955,0.5109013,0.6012474,0.44662786,0.50760305,0.49979755,0.5198682,0.49312055,0.4941905,0.45279285,0.55533004,0.6011326,0.45605242,0.45943165,0.4818073,0.47266638,0.5600658,0.56800187,0.6060795,0.5915895,0.44753537,0.6766695,0.6437591,0.59593004,0.4236574,0.42787665,0.441793,0.43398058,0.45730904,0.44166058,0.48282158,0.4831257,0.61550236,0.61129224,0.49548486,0.45033336,0.4667052,0.530897,0.518817,0.50842106,0.40103102,0.43861848,0.4001447,0.33091933,0.3930275,0.43042892,0.510792,0.48495775,0.46678427,0.4006099,0.36855304,0.53011316,0.45060894,0.56197053,0.51781785,0.53998137,0.5034164,0.6329035,0.5553207,0.5978455,0.42136955,0.43149555,0.4656958,0.40471345,0.5514414,0.5222024,0.509645,0.46328977,0.60371304,0.5275098,0.51775265,0.47559774,0.48502824,0.43381268,0.40522876,0.438743,0.49786565,0.43003267,0.4215009,0.5109691,0.45490065,0.61939347,0.58894986,0.51316375,0.5737332,0.5592226,0.53855497,0.5613834,0.44949636,0.44654387,0.47521192,0.5122885,0.53625536,0.47922975,0.51107895,0.49328044,0.49712697,0.42413226,0.4568162,0.53305507,0.53975886,0.47745013,0.4719613,0.43895218,0.4647796,0.35896656,0.48485443,0.52553356,0.5202068,0.54926354,0.53646797,0.55475825,0.52155817,0.56836396,0.54153895,0.5892596,0.61263174,0.57282764,0.5321495,0.62568736,0.40235123,0.6050777,0.47793445,0.4206686,0.44701582,0.5742912,0.5518305,0.57059425,0.515213,0.54584527,0.5465487,0.6648202,0.6447655,0.58681244,0.47627506,0.600118,0.5211596,0.5199472,0.49857712,0.5580814,0.5673047,0.42265695,0.60713243,0.52825904,0.4227368,0.5231017,0.47970188,0.4771056,0.4074226,0.4245966,0.43673262,0.55033875,0.5708988,0.58856684,0.61855894,0.5828221,0.5075922,0.5866774,0.60902554,0.6088979,0.60726714,0.43316695,0.43358612,0.65048075,0.6076484,0.57911247,0.6327673,0.6295772,0.621283,0.59955037,0.5829017,0.52165765,0.6453632,0.65243495,0.5669764,0.6301528,0.56056285,0.53274554,0.64472157,0.5278745,0.61057323,0.6035536,0.53953576,0.38522625,0.5217958,0.4811836,0.41643247,0.5383945,0.5113714,0.3942223,0.5429322,0.59708667,0.41274378,0.4332951,0.48432013,0.47141486,0.55119944,0.59484935,0.60420716,0.6206565,0.39716652,0.6255891,0.58880186,0.57546204,0.41196525,0.41819295,0.43012798,0.38498148,0.4448167,0.41645277,0.5345,0.52884406,0.6212179,0.6299941,0.5607878,0.5089424,0.49955186,0.58961695,0.49716815,0.48805436,0.4615584,0.41396973,0.40756822,0.38878998,0.39748883,0.42594895,0.51342404,0.4990169,0.5539908,0.43701866,0.39182374,0.53313005,0.560555,0.63779694,0.5435787,0.59928393,0.4924968,0.6405986,0.4852371,0.6546694,0.52205956,0.41101387,0.59792715,0.4522258,0.5663108,0.5186946,0.49206787,0.45758432,0.6366324,0.52402097,0.5174102,0.4180454,0.47657248,0.41305432,0.39872098,0.43057182,0.5292631,0.43659395,0.40002254,0.5104746,0.46045238,0.63041687,0.595856,0.5197025,0.5777063,0.5572254,0.54522663,0.553615,0.44789627,0.3765975,0.43382263,0.48829663,0.49337602,0.47505453,0.5017977,0.51063234,0.54665536,0.45114675,0.4232575,0.54416233,0.55123895,0.50583667,0.52697015,0.45922923,0.48875263,0.46452427,0.50054866,0.5102464,0.5207685,0.5930751,0.5558346,0.55577743,0.57103825,0.5756462,0.58491313,0.608749,0.62741137,0.52227926,0.5302333,0.63282347,0.3490059,0.5678956,0.4982902,0.4317767,0.42879844,0.60258883,0.568693,0.58651876,0.51689816,0.5748518,0.53881854,0.6543269,0.6346951,0.6021811,0.5482439,0.5930792,0.55504245,0.48197454,0.45885012,0.55265737,0.54524064,0.4245209,0.59847087,0.5303329,0.43534,0.5153397,0.4922981,0.51054615,0.41203576,0.45395967,0.4734855,0.5474505,0.5887932,0.6160537,0.5551797,0.5383323,0.5026097,0.4938182,0.5407322,0.54207015,0.5517764,0.5490544,0.5428415,0.5278997,0.47351742,0.48228025,0.53337264,0.51604986,0.53398174,0.5330828,0.5306164,0.52731895,0.5411113
97,0.5985039,0.5498179,0.5142583,0.5700501,0.58174336,0.58753556,0.5825217,0.44388774,0.43453842,0.6302601,0.62126535,0.5216791,0.60304165,0.6201433,0.6059751,0.6292439,0.61219496,0.5023614,0.6355678,0.6728146,0.6182135,0.55668336,0.5470152,0.49315906,0.51559174,0.43400237,0.53619045,0.49232063,0.57409775,0.41654482,0.48113024,0.48895422,0.49541825,0.48659682,0.46999204,0.44067517,0.53030735,0.5862977,0.43646502,0.44738,0.45720026,0.44609052,0.54799026,0.5452314,0.5800072,0.5702847,0.43282413,0.6937607,0.65660745,0.59727776,0.4154571,0.41664827,0.4287313,0.42401782,0.44086114,0.4312468,0.46488148,0.48426518,0.60324967,0.59183174,0.48944786,0.43221173,0.4563556,0.51414245,0.5124924,0.515574,0.37879145,0.42149964,0.3690011,0.31368443,0.37086523,0.433482,0.47847563,0.4822592,0.44300458,0.37688008,0.36318305,0.5305176,0.43058646,0.569011,0.50106514,0.5505781,0.5049575,0.62583554,0.554301,0.5790511,0.38707447,0.4130606,0.45474893,0.37657246,0.55082834,0.5427262,0.5093528,0.44951084,0.6049471,0.51009125,0.506911,0.4622096,0.46823773,0.42259794,0.38781172,0.41905376,0.48544168,0.4160562,0.3985487,0.5064917,0.45141846,0.60754925,0.5845547,0.5109771,0.56966394,0.5569114,0.52115285,0.5504869,0.4477075,0.43356103,0.47054583,0.5128163,0.5298829,0.4779838,0.49321792,0.49240437,0.47869647,0.41966206,0.4511944,0.517612,0.5307299,0.45764145,0.44797462,0.41258568,0.44763392,0.3314523,0.48656666,0.5236824,0.5200705,0.5581791,0.5323891,0.5585821,0.5207864,0.55423343,0.5168597,0.57396764,0.59150946,0.57277083,0.52904046,0.6267805,0.38066548,0.589787,0.46305162,0.38095713,0.4245517,0.57148075,0.54566807,0.570829,0.4968183,0.55769163,0.5549315,0.688859,0.650113,0.57987976,0.43861747,0.5852446,0.52007085,0.5196157,0.49722043,0.5651231,0.56033504,0.40813994,0.6030882,0.51600295,0.43278787,0.51142,0.4695504,0.46403626,0.4042147,0.39224902,0.42814198,0.5517714,0.55984205,0.5797942,0.60610247,0.59569883,0.4957975,0.5813601,0.6094697,0.613975,0.611783,0.42706987,0.42087653,0.6501541,0.6116117,0.55520517,0.63663083,0.62415415,0.6116021,0.6106141,0.6117851,0.5190284,0.6605611,0.6749108,0.5835083,0.6434544,0.5664648,0.51868963,0.6364494,0.4938327,0.5814268,0.5835354,0.513899,0.34870136,0.49032444,0.47316736,0.38085732,0.540758,0.48933446,0.38211387,0.52286094,0.5827928,0.39318478,0.42517635,0.4662441,0.45205697,0.5380441,0.5761269,0.5760908,0.60478806,0.38053596,0.6395686,0.5960691,0.58519757,0.40426433,0.40896505,0.41866484,0.3753817,0.42883432,0.40420422,0.517605,0.533811,0.6099144,0.6150523,0.5560688,0.5039953,0.49214825,0.5820744,0.49296513,0.4914315,0.44698563,0.39064023,0.37248045,0.37320653,0.35659584,0.4224194,0.4798665,0.4885182,0.51712465,0.42840987,0.3868688,0.5308677,0.53894264,0.6389259,0.53103036,0.6084337,0.4863659,0.62917155,0.4845941,0.6381175,0.51787424,0.3919016,0.594577,0.43190104,0.5661721,0.5377463,0.49113062,0.44792283,0.6328278,0.50621116,0.51257175,0.40246475,0.45996463,0.39988446,0.38409218,0.4086025,0.51503974,0.4230342,0.38414386,0.5079897,0.45806667,0.61861104,0.5999225,0.5211346,0.5765104,0.55182797,0.52813566,0.54455894,0.4436358,0.36824444,0.4295739,0.48328975,0.4843999,0.47071066,0.48783678,0.51029605,0.5222665,0.44473982,0.41303074,0.53636265,0.54350644,0.48101726,0.49807885,0.42616612,0.47566897,0.45139843,0.50125504,0.5082896,0.51827884,0.59350735,0.54767424,0.57135,0.55739903,0.563203,0.5695872,0.5968513,0.61599445,0.5230857,0.52543175,0.6405952,0.33368093,0.5544447,0.4819458,0.39883798,0.41193426,0.6057147,0.5639875,0.5921513,0.4991516,0.5858009,0.5435978,0.6806144,0.64122117,0.6044718,0.5198448,0.57174355,0.56090814,0.4844552,0.4522353,0.55758744,0.5376942,0.40987763,0.59666276,0.5213938,0.43749103,0.51191556,0.48367742,0.49878517,0.40611517,0.4252146,0.47228074,0.5510705,0.5769837,0.6207315,0.5576694,0.53877306,0.5046834,0.4918942,0.5343386,0.53484046,0.5423779,0.5397591,0.54240847,0.5218955,0.47112793,0.48026103,0.52992034,0.5140776,0.52843624,0.52735704,0.5251404,0.5234102,0.53589106
98,0.5903844,0.5507476,0.5018527,0.56439036,0.579469,0.5915421,0.5882851,0.4395836,0.42738566,0.6240122,0.61785924,0.5035864,0.6049312,0.6134009,0.590788,0.6375204,0.620608,0.50209963,0.6416363,0.68572164,0.63116443,0.5619456,0.54821324,0.48104027,0.49550334,0.41789496,0.5035276,0.4759209,0.55071574,0.39921108,0.4656655,0.4872381,0.47836104,0.48673132,0.45354128,0.4327434,0.5046713,0.57098275,0.42179248,0.43882483,0.43939745,0.4203192,0.53341293,0.5247532,0.5486296,0.5432672,0.41602325,0.70045954,0.65716875,0.5883126,0.41085583,0.40725052,0.42073596,0.41758433,0.42850274,0.4192772,0.45335928,0.4911672,0.5904572,0.5714124,0.48990008,0.42966986,0.45968512,0.5057181,0.5113371,0.52552193,0.3713579,0.4189769,0.35275996,0.3121119,0.3650045,0.4446195,0.4572201,0.48811024,0.4292054,0.36824262,0.3697455,0.52790916,0.42144173,0.5738365,0.4896203,0.56160843,0.5121405,0.61522293,0.5575422,0.5638212,0.36698377,0.40488133,0.45615712,0.3631249,0.55248433,0.56281966,0.510733,0.44590276,0.6004901,0.4927121,0.5039817,0.4636291,0.4513368,0.41239727,0.3756532,0.4060011,0.47474757,0.4077409,0.3788641,0.49942166,0.4490503,0.5922746,0.5777139,0.5077636,0.56961614,0.5567985,0.49927434,0.5359366,0.44180512,0.41606528,0.45903873,0.5148875,0.5283836,0.481278,0.48396155,0.49306735,0.46233428,0.41897556,0.4466087,0.50744236,0.5224236,0.44079837,0.4290993,0.39782447,0.43592194,0.31639248,0.49245602,0.5218382,0.52031225,0.5634717,0.52666783,0.55875045,0.5174095,0.535583,0.4936813,0.5577211,0.5676534,0.5726545,0.5286017,0.62168616,0.35858762,0.56762844,0.459589,0.35613215,0.41578043,0.5676361,0.5403042,0.5705542,0.48596257,0.5660489,0.5569953,0.7039286,0.65036386,0.5719909,0.4133301,0.57499343,0.519299,0.521421,0.49987796,0.57026947,0.5518307,0.3970746,0.59849757,0.5097545,0.4523556,0.5003664,0.4638624,0.45651194,0.40421137,0.37023988,0.42745474,0.5507255,0.5551768,0.57432336,0.59815735,0.59978485,0.48723295,0.5777353,0.6093594,0.6180911,0.61640406,0.42465797,0.41507533,0.6415485,0.6079724,0.5346724,0.63686466,0.61521834,0.5990302,0.6177535,0.6295932,0.5150748,0.6687736,0.6899815,0.5944073,0.6516757,0.5649763,0.5082458,0.6201533,0.47159117,0.55201846,0.56181496,0.49012208,0.32902554,0.46810484,0.47550628,0.35869986,0.5459711,0.47600728,0.3758132,0.5019502,0.5659045,0.3803464,0.4211799,0.45168978,0.43168285,0.52211547,0.55473834,0.540519,0.5772146,0.36375734,0.64426225,0.59228474,0.5838315,0.40080506,0.40249318,0.4125704,0.37156087,0.41712987,0.39249304,0.50258833,0.54133236,0.5940062,0.59454787,0.5549587,0.5098261,0.4944371,0.57947665,0.49387085,0.496613,0.44471654,0.3826489,0.35361752,0.3713209,0.33441898,0.4290188,0.45798063,0.48669496,0.48896664,0.43075478,0.39383543,0.523794,0.5184427,0.6329795,0.5221367,0.6119012,0.48792082,0.61430573,0.49136692,0.62078947,0.5191278,0.3835646,0.5949731,0.42165318,0.5672508,0.55538714,0.492504,0.44789293,0.6230211,0.4853177,0.51338524,0.40216622,0.44389975,0.38900965,0.37754533,0.39539012,0.50092435,0.41479257,0.37062973,0.50203335,0.45700857,0.6019105,0.5999238,0.52136415,0.5789406,0.5484186,0.50691,0.5298835,0.435166,0.3584137,0.41958976,0.48345858,0.48066843,0.47145414,0.47999877,0.50963485,0.50082266,0.4416087,0.40632677,0.5309116,0.5355657,0.46133158,0.47458634,0.40534613,0.46718746,0.44522315,0.50552905,0.5083368,0.51656413,0.58754,0.5349557,0.5789262,0.54289675,0.5460291,0.5509124,0.5821249,0.5975389,0.5230938,0.5230535,0.6384802,0.31830388,0.5339903,0.47542146,0.38080493,0.40800193,0.60500056,0.55872595,0.5951441,0.48462418,0.59191954,0.53933144,0.6968738,0.6419567,0.6037518,0.49864292,0.55259806,0.5639931,0.48912042,0.45255405,0.5614219,0.52687275,0.39982322,0.59483343,0.5202014,0.45053497,0.50920093,0.47886306,0.49032262,0.40408123,0.40815908,0.47764903,0.5509796,0.5718528,0.6248545,0.55883265,0.5384555,0.5063567,0.4910121,0.5321777,0.53150874,0.53472304,0.5325225,0.5425269,0.5182297,0.47286776,0.48192328,0.5272518,0.513679,0.52407086,0.5227567,0.5225344,0.52142495,0.5320367
99,0.5845034,0.54715604,0.49154958,0.558284,0.5752714,0.59267676,0.5908588,0.4366843,0.42479986,0.6100552,0.60679775,0.4928035,0.60019284,0.6016329,0.5738671,0.63688296,0.61693907,0.50009674,0.6390287,0.6880138,0.6342944,0.56339985,0.54429525,0.47801638,0.48281848,0.41586056,0.47828045,0.4657789,0.53171974,0.39582467,0.45905417,0.4932841,0.46656573,0.49102175,0.44479954,0.4272993,0.48120907,0.5556224,0.4126956,0.43343163,0.4304,0.39963123,0.51596665,0.50707334,0.51498556,0.5112713,0.39869174,0.69248974,0.64162004,0.5668929,0.40857926,0.39957178,0.4169896,0.4133622,0.420558,0.4064185,0.44947445,0.5013398,0.5765556,0.55037135,0.49456787,0.4404509,0.47592694,0.5027528,0.5120857,0.5352508,0.38091066,0.43002996,0.35282803,0.32826898,0.3763358,0.46160167,0.4493737,0.50223494,0.42822206,0.3774334,0.39043084,0.52232,0.4253209,0.57354206,0.48424596,0.5713999,0.52387136,0.6012161,0.56411356,0.55177623,0.36444157,0.40877467,0.46930298,0.36818773,0.5564478,0.57928073,0.5137381,0.45307073,0.58839196,0.47618255,0.5081302,0.47727782,0.43704134,0.40480152,0.3705895,0.40084085,0.46919218,0.40758356,0.3681912,0.49058604,0.45069504,0.5741036,0.5684383,0.50355285,0.5715596,0.5568973,0.47645015,0.5200704,0.43207717,0.39613083,0.44093394,0.5169903,0.5301429,0.4870112,0.48094836,0.4944455,0.45113617,0.42494938,0.44560522,0.5005653,0.51274127,0.42922348,0.41840285,0.39742008,0.43184268,0.31638423,0.5021757,0.52102256,0.5209089,0.5635078,0.52017486,0.55237526,0.51230866,0.515001,0.47371963,0.5385517,0.54088616,0.57134324,0.53004384,0.60731006,0.34087467,0.5420741,0.46858433,0.3487952,0.42097026,0.5605238,0.53457165,0.56694555,0.48061818,0.56738967,0.5505724,0.70462775,0.64252615,0.5614101,0.40265065,0.5679485,0.51637805,0.5239116,0.50572985,0.57245624,0.54357004,0.3900055,0.5928926,0.50892514,0.48095924,0.49203938,0.46584877,0.457346,0.4103264,0.36035654,0.43576968,0.5491729,0.5544263,0.57018816,0.5915692,0.59269726,0.4804331,0.5726645,0.6051216,0.61738867,0.6171236,0.4241768,0.41507158,0.6228813,0.5949594,0.518695,0.6293978,0.60038114,0.5824752,0.6158901,0.63135934,0.5086012,0.6652612,0.69195694,0.5967048,0.650458,0.5539748,0.5038465,0.5975479,0.46294358,0.52434903,0.54117805,0.46995497,0.32824188,0.45406216,0.48796493,0.35030425,0.55151093,0.4715223,0.37423015,0.48219314,0.54747885,0.3751213,0.42028216,0.44133788,0.414116,0.50380856,0.5319514,0.5006095,0.53821594,0.34893838,0.6352953,0.57478595,0.5684805,0.40041876,0.39824316,0.41069394,0.37277627,0.4100047,0.38206917,0.49066332,0.5488557,0.5739749,0.5690161,0.5546335,0.5249546,0.507148,0.57893455,0.49716192,0.5017624,0.4566672,0.3910517,0.3526973,0.38558945,0.33369598,0.4463625,0.45120245,0.49514827,0.47361454,0.44618404,0.41582206,0.5125909,0.50160587,0.61872256,0.5176949,0.6088708,0.4983133,0.59654367,0.50691074,0.60311264,0.5266155,0.38773695,0.5968972,0.4244255,0.57044506,0.56973433,0.4965201,0.4576734,0.60649526,0.4630088,0.51948935,0.4193877,0.43080017,0.3821045,0.3805597,0.3923122,0.49100557,0.41399816,0.36370006,0.49251685,0.45983666,0.58105236,0.5950273,0.5196625,0.5834604,0.545943,0.48454916,0.51232135,0.42394543,0.34844843,0.40452668,0.48855138,0.48100224,0.47553504,0.4763203,0.5079856,0.4858833,0.44461113,0.4062298,0.5255424,0.5248852,0.4495302,0.45958206,0.40019786,0.46448833,0.4472558,0.5136713,0.510997,0.5152164,0.5737247,0.5194482,0.5744868,0.5294655,0.5261371,0.5293025,0.5629586,0.57126266,0.52289194,0.523344,0.62317103,0.30604622,0.51007414,0.48157385,0.38004315,0.4187006,0.5973157,0.5512689,0.59280723,0.47218764,0.59021986,0.5250763,0.6980235,0.63401496,0.5973427,0.48633853,0.5359099,0.561088,0.4951114,0.45946386,0.563617,0.5145814,0.3952782,0.5927798,0.52618986,0.47622657,0.50783974,0.4797643,0.488533,0.40940595,0.4043052,0.49012122,0.54870373,0.57188755,0.6249642,0.55762756,0.5366211,0.50808036,0.49173605,0.5336872,0.5314581,0.52941895,0.52765304,0.54236656,0.51645976,0.47737467,0.48555896,0.5258494,0.51475394,0.5211576,0.51951706,0.52135825,0.5202737,0.52904415
100,0.5779717,0.5390095,0.4815829,0.5495726,0.5671972,0.58888966,0.58819586,0.43389216,0.42537826,0.5889801,0.5894559,0.4897009,0.58702457,0.58315516,0.55367374,0.6256911,0.60058755,0.49593773,0.62629074,0.6782749,0.6259413,0.5599411,0.53484905,0.48473832,0.4792827,0.42586938,0.46095937,0.46386465,0.5161977,0.40404594,0.4574668,0.5038287,0.4565889,0.49605796,0.44152352,0.4227638,0.46169326,0.5406819,0.40849268,0.43065456,0.43008927,0.38599625,0.49646416,0.4921829,0.4820985,0.47637314,0.38229972,0.6695618,0.60998315,0.53419924,0.40746644,0.39326143,0.41659248,0.41008064,0.41660765,0.39383048,0.4528365,0.51234716,0.56140274,0.5293759,0.50042653,0.45946145,0.5017854,0.5012972,0.5112351,0.5425476,0.40608183,0.4507849,0.3672248,0.3611265,0.4021242,0.4811176,0.45353672,0.5230842,0.43998966,0.40345472,0.42440906,0.51479346,0.4414538,0.56752694,0.48470736,0.57931256,0.53846323,0.5845958,0.57244265,0.54157215,0.3785868,0.42350125,0.49082765,0.3910979,0.5619649,0.5906777,0.5179368,0.46918142,0.56917644,0.46114102,0.51709956,0.49785903,0.42741713,0.40117955,0.37279102,0.4034554,0.47073454,0.416465,0.36904153,0.4817985,0.45845735,0.55434436,0.5576615,0.49907914,0.5734396,0.5553315,0.45589945,0.50554895,0.42024004,0.37625608,0.418306,0.5181142,0.533246,0.493271,0.481239,0.49622676,0.44712868,0.43905732,0.45006198,0.49498594,0.5011729,0.42420432,0.416914,0.4107428,0.43578723,0.33098996,0.51473653,0.5219662,0.52182555,0.55839217,0.5139931,0.53924197,0.5070575,0.49518663,0.45770997,0.51558894,0.5119669,0.5681417,0.5321998,0.58350104,0.33026692,0.5169776,0.4880836,0.35752323,0.4371094,0.54893863,0.5278878,0.55933076,0.47846544,0.5607503,0.53624815,0.6900418,0.62601393,0.5477468,0.40480754,0.56182706,0.5106667,0.52582806,0.5133446,0.5713859,0.53740555,0.38733655,0.5862828,0.5118957,0.5162142,0.48800647,0.47706088,0.46753186,0.4240819,0.36173534,0.4522778,0.5493983,0.5544879,0.56533074,0.5836418,0.5754768,0.4738743,0.5641297,0.5950775,0.6104282,0.6123702,0.42436165,0.41924182,0.5953415,0.57404184,0.50759757,0.6127416,0.5787467,0.56170195,0.6032707,0.617098,0.49991453,0.6492245,0.6793763,0.59043604,0.63894236,0.53459525,0.50679237,0.57211673,0.46663988,0.49988368,0.5240762,0.4544526,0.3448053,0.44578144,0.5077687,0.35289857,0.55503494,0.47358134,0.37576982,0.46507686,0.5289083,0.37660405,0.42123458,0.43512762,0.4018579,0.4843126,0.50960755,0.46025276,0.49142897,0.33733988,0.6124811,0.5447764,0.5404366,0.40185633,0.39547908,0.41188598,0.37738597,0.40702888,0.37379697,0.4824828,0.5546769,0.5513596,0.54047537,0.5520429,0.5461018,0.5291281,0.5774075,0.500122,0.50610006,0.48175493,0.41385356,0.3679529,0.41558573,0.3531806,0.47288173,0.45937398,0.51409054,0.47196788,0.47447786,0.4527954,0.49976552,0.490375,0.59774697,0.5183433,0.60099405,0.5168264,0.5773635,0.530451,0.58562464,0.54018223,0.40337595,0.59780943,0.43982556,0.5762293,0.5806132,0.5029057,0.47561672,0.5850184,0.44145694,0.5301377,0.4531202,0.422481,0.38035846,0.39252445,0.39880896,0.48804674,0.42125908,0.3652548,0.48111987,0.46840677,0.5580549,0.586355,0.516305,0.58867216,0.5434537,0.46413162,0.49557212,0.41265795,0.33992317,0.3866817,0.49726063,0.48397103,0.4811731,0.4749043,0.50549793,0.47938332,0.45528847,0.41426829,0.5189238,0.5110622,0.44655943,0.45414752,0.41070473,0.46752962,0.4568563,0.5255392,0.51645017,0.5141691,0.55336285,0.5038708,0.55839217,0.51884097,0.5062696,0.50645345,0.5394889,0.5388865,0.5235952,0.52624345,0.5954133,0.29912174,0.48700836,0.5003779,0.39545387,0.44260812,0.58167505,0.54115534,0.58487505,0.46115163,0.5803949,0.50285107,0.68354493,0.6172259,0.5849803,0.48221365,0.5215024,0.55192304,0.5014007,0.47109407,0.5639252,0.5033203,0.39661106,0.59118426,0.5374893,0.51384246,0.50815475,0.48747024,0.49511763,0.42394832,0.41237134,0.5087577,0.54631144,0.5747532,0.61901534,0.5535009,0.53303325,0.5103083,0.4942181,0.5376207,0.53352016,0.526631,0.52489877,0.54146785,0.5159511,0.48317322,0.4896482,0.52567166,0.51699555,0.5198289,0.517764,0.52024573,0.5191377,0.5265095
101,0.5695621,0.527913,0.4706963,0.53781426,0.5553969,0.58102566,0.5814682,0.4307991,0.42808276,0.5641143,0.56924236,0.49277237,0.5668912,0.55860096,0.5300347,0.6060832,0.57540536,0.49056366,0.6062729,0.6596348,0.608616,0.5532691,0.52122146,0.5004427,0.48375905,0.4437047,0.4497533,0.46917087,0.5023093,0.41925097,0.4567383,0.5154671,0.44548902,0.49918613,0.44086212,0.41834936,0.4468696,0.52662617,0.40769356,0.43004248,0.43681985,0.37904772,0.4768439,0.47991693,0.4522579,0.44154435,0.36799976,0.63625497,0.5673972,0.4949975,0.40663856,0.38785225,0.41884646,0.40695566,0.4157843,0.38279706,0.4616148,0.5224586,0.5457638,0.50976956,0.5051306,0.48079294,0.53272575,0.497879,0.50635487,0.54657245,0.4422492,0.4754913,0.39150384,0.40640086,0.43658727,0.49948865,0.4656961,0.54823965,0.46189007,0.44201553,0.46750683,0.5067286,0.46638855,0.55723333,0.49006733,0.58534604,0.55384594,0.56643724,0.580663,0.53184557,0.40528896,0.44554484,0.5160216,0.4272824,0.5678752,0.5973899,0.5228557,0.491101,0.5458199,0.4481137,0.52802074,0.51926136,0.4233607,0.4020144,0.38087246,0.4125915,0.47931606,0.43336928,0.38023108,0.4750836,0.47226164,0.53473455,0.5471173,0.49528766,0.5743156,0.55156374,0.43961883,0.4945922,0.4086659,0.35858446,0.39456493,0.5180547,0.53649044,0.4988905,0.48250756,0.49850792,0.45016652,0.46072215,0.459632,0.48944548,0.48897964,0.42512792,0.4231107,0.4343575,0.44638067,0.35715857,0.528617,0.5249646,0.52293503,0.5496045,0.5085468,0.5220507,0.50273865,0.47776252,0.44515446,0.48977634,0.48281097,0.56298304,0.53375417,0.55358416,0.32680768,0.49509907,0.5139346,0.3779988,0.45884007,0.5335946,0.5206628,0.54965734,0.47768962,0.54773366,0.5174125,0.6642627,0.60320574,0.5324843,0.41584772,0.5544679,0.503726,0.52651507,0.52110416,0.56755984,0.5345159,0.38920438,0.5793244,0.5169238,0.5540139,0.48872462,0.49708596,0.48604468,0.44447187,0.37130287,0.47464457,0.55286366,0.5532387,0.55888176,0.5736257,0.5520439,0.46657127,0.55201626,0.5801122,0.598834,0.603832,0.42466268,0.42595035,0.5632511,0.5496508,0.50067294,0.5887916,0.5517903,0.53812563,0.5821565,0.59219635,0.49070284,0.6246604,0.65558267,0.57868266,0.62038684,0.5105751,0.5174508,0.54808986,0.47944322,0.47933346,0.51160866,0.4438584,0.37440294,0.440463,0.53098243,0.3619254,0.55530566,0.47891337,0.37871155,0.45140195,0.5117863,0.38254434,0.42289957,0.43270385,0.39553663,0.465397,0.48970395,0.42321137,0.44340944,0.32927927,0.58063513,0.5080642,0.5055018,0.40399224,0.39352497,0.41536403,0.38336176,0.4074247,0.36834088,0.47818205,0.55846566,0.52874815,0.5122394,0.5454589,0.5695989,0.55779815,0.5731133,0.5008614,0.5097867,0.5160805,0.4464444,0.39503992,0.45785367,0.3886549,0.5050203,0.47940898,0.54215235,0.48199615,0.5130672,0.5008525,0.4886262,0.4850684,0.57417786,0.524124,0.5913799,0.5409123,0.5587519,0.5590298,0.5692606,0.5587123,0.4271687,0.59642935,0.4647783,0.58475256,0.58919257,0.5110053,0.49919212,0.5625911,0.42302877,0.5441301,0.4987687,0.4195559,0.3838749,0.41107804,0.4128914,0.49280503,0.4355975,0.37449497,0.47065973,0.4828594,0.53571475,0.5767155,0.5122299,0.5942763,0.5408491,0.44793722,0.48311132,0.40404782,0.334212,0.36939374,0.50759304,0.48841992,0.48697466,0.4745728,0.5030574,0.4808198,0.47328877,0.42929754,0.51123214,0.49642164,0.45116517,0.45693806,0.43403724,0.47519264,0.47208008,0.54034257,0.52440804,0.5137506,0.53009653,0.49086088,0.5357425,0.51163185,0.48875725,0.48482,0.5139846,0.50472176,0.5261867,0.5312609,0.56053954,0.29817203,0.46844208,0.52885044,0.42317882,0.4754366,0.56004333,0.5293849,0.574019,0.45164973,0.564752,0.4773797,0.6579386,0.59462196,0.5692897,0.4841754,0.50883013,0.5395859,0.506989,0.4847471,0.5623353,0.4953094,0.4036178,0.5915875,0.55151606,0.55977,0.5099492,0.5022648,0.50979793,0.44679984,0.42897597,0.5315104,0.54537624,0.5786027,0.6074339,0.5464766,0.5280275,0.5130006,0.49782175,0.54258674,0.5365425,0.52618396,0.5237003,0.5400571,0.51626486,0.48898602,0.49321184,0.5262509,0.5201128,0.5200926,0.51749843,0.51851225,0.5177565,0.524413
102,0.5600798,0.5163906,0.459041,0.52429605,0.5416996,0.5718001,0.57390875,0.4277934,0.4323615,0.5402634,0.5502615,0.49910516,0.5440446,0.5316374,0.5053338,0.58329946,0.54877555,0.48544747,0.58512855,0.6387747,0.5880957,0.5465994,0.50587654,0.5231162,0.49280596,0.46434054,0.4424985,0.47850025,0.48831123,0.43653738,0.45412245,0.52643675,0.43287563,0.49990532,0.4414805,0.41438994,0.43724015,0.5141102,0.40900207,0.43146998,0.44824234,0.37747857,0.4594117,0.4700205,0.4271672,0.40983853,0.3569014,0.60145926,0.52374196,0.45612597,0.4057393,0.38331562,0.42325604,0.40402865,0.41716734,0.37438452,0.47326633,0.53047955,0.53140014,0.4933947,0.50799537,0.4998234,0.5636914,0.49102867,0.49740955,0.54788625,0.4823591,0.49824047,0.42033336,0.45671368,0.4723812,0.5134288,0.48112512,0.574025,0.4894309,0.4863932,0.5126356,0.4988086,0.49471727,0.54457825,0.49889714,0.5889175,0.56721616,0.54776484,0.5866228,0.5220938,0.438555,0.47053567,0.5402049,0.4696423,0.5731309,0.6004832,0.5280434,0.51551026,0.5223291,0.43759406,0.5377881,0.5361441,0.42440355,0.40661842,0.39247698,0.42622373,0.49307355,0.45553505,0.39780945,0.47164726,0.4894883,0.5168857,0.5384709,0.4928842,0.5743749,0.5469356,0.42808893,0.48839012,0.39922637,0.3445299,0.37341008,0.5172937,0.5396698,0.50347733,0.48371327,0.5012789,0.4580937,0.48718667,0.47158274,0.48386988,0.47831702,0.42989993,0.43366203,0.4631633,0.4611512,0.39011136,0.54179,0.5298264,0.52402776,0.53905,0.50318515,0.50509745,0.49945867,0.4632316,0.43524277,0.46412325,0.45624083,0.556024,0.53315854,0.5232595,0.32841963,0.47745863,0.54082304,0.40462965,0.48014492,0.5172478,0.5142485,0.541297,0.47721058,0.53187954,0.49921957,0.6357881,0.5791537,0.51860416,0.43206573,0.5448517,0.49824473,0.52602893,0.5276265,0.56212455,0.5349125,0.39521956,0.5729745,0.522678,0.5886128,0.49351338,0.5234604,0.51008654,0.46790785,0.38518074,0.4996494,0.55951375,0.55016774,0.5517897,0.56288224,0.5277674,0.458588,0.53795576,0.5631135,0.5863116,0.59519494,0.42507777,0.43382847,0.53264457,0.52745914,0.49647585,0.5624417,0.5238707,0.5153093,0.55796474,0.56613594,0.48319644,0.5993883,0.6281772,0.5664854,0.60107356,0.48685256,0.53513724,0.52904856,0.49724466,0.46328428,0.5036848,0.43769118,0.41119087,0.436274,0.55442077,0.3734894,0.5528888,0.4855429,0.3817741,0.4417858,0.49771306,0.39045513,0.42452267,0.43367484,0.3945662,0.4487365,0.47378248,0.3927279,0.40169016,0.32468206,0.54839605,0.4736967,0.47213757,0.40606424,0.39214328,0.4206352,0.38892713,0.41038698,0.36578465,0.47761357,0.5608152,0.50928444,0.48803788,0.5357461,0.5923814,0.5893755,0.5663941,0.4992794,0.51351005,0.5538747,0.4827658,0.42858317,0.50627327,0.43395513,0.5381209,0.50667876,0.57576305,0.5000354,0.55722636,0.5526443,0.4813535,0.4841974,0.55292267,0.5340471,0.5827743,0.56641036,0.54249865,0.58806366,0.5554738,0.58001053,0.4548885,0.5934227,0.49493623,0.5958023,0.59665483,0.5200102,0.5258364,0.54359245,0.40980932,0.55923045,0.54848397,0.42113033,0.39136893,0.43276617,0.43164286,0.5041274,0.4546351,0.38837945,0.46372843,0.50112635,0.51657087,0.56915975,0.5084466,0.6007884,0.539198,0.4369103,0.476884,0.39962986,0.3320713,0.35592395,0.5175603,0.4937218,0.49203742,0.47504076,0.50174373,0.48784176,0.49620903,0.44766933,0.50397897,0.4850003,0.46078077,0.46502665,0.46571502,0.48591945,0.49070477,0.55650055,0.53411245,0.5144196,0.5084715,0.48205993,0.51451045,0.50730795,0.47506776,0.46713185,0.4904351,0.4744073,0.53055733,0.53718406,0.5268907,0.3021301,0.4563125,0.56174576,0.45790854,0.5111834,0.53695637,0.51813215,0.5647027,0.44448867,0.54758555,0.4547255,0.63003665,0.571848,0.5549115,0.4906026,0.49749467,0.52897877,0.51125085,0.4979462,0.5590495,0.4916939,0.41526857,0.59538144,0.5656286,0.60751843,0.5126498,0.52314335,0.53057045,0.47411576,0.4501351,0.5557583,0.5462314,0.5826482,0.5932188,0.53732413,0.52239954,0.51561177,0.501372,0.5473851,0.53968704,0.52771306,0.52351445,0.5388734,0.51726854,0.49389693,0.49583453,0.52698565,0.52376926,0.5217589,0.5185106,0.5163187,0.51642203,0.5231144
103,0.5518,0.50740135,0.44867215,0.51171917,0.52900094,0.5644015,0.5690543,0.42605177,0.43824825,0.5220231,0.5362097,0.50578815,0.5241694,0.5081566,0.4842942,0.56397575,0.5290673,0.48213395,0.5698764,0.6234436,0.5713604,0.54300356,0.49208382,0.54941076,0.5024715,0.483372,0.43838054,0.48841092,0.4737279,0.45270845,0.44992906,0.5367983,0.42183387,0.5000768,0.44439915,0.41230062,0.4334122,0.50416666,0.41195184,0.4351899,0.4619234,0.38017064,0.44628307,0.46223992,0.40831366,0.38405812,0.3504078,0.57514465,0.49007088,0.42426434,0.4054032,0.38067612,0.42965433,0.4024431,0.4202365,0.36972362,0.48545876,0.53564316,0.52049035,0.4819781,0.510029,0.5143144,0.58970445,0.48216453,0.48746365,0.5483036,0.51882416,0.5151078,0.44926617,0.5032454,0.50300664,0.5211816,0.49617714,0.59592354,0.5173508,0.5288796,0.5518711,0.49097595,0.52076954,0.5313273,0.5096781,0.5887951,0.5755734,0.529637,0.58824426,0.5129273,0.47220817,0.49470052,0.55974567,0.51060206,0.57690144,0.6007721,0.5329347,0.5393397,0.50249904,0.43028635,0.54369116,0.5451033,0.42924315,0.41374385,0.40522414,0.442096,0.5090484,0.47924748,0.41682616,0.47148213,0.5062596,0.5020638,0.53252566,0.49226847,0.57399976,0.54376465,0.42091137,0.48704907,0.39304793,0.33509198,0.3581122,0.5167488,0.543134,0.5072825,0.48524898,0.5043057,0.468182,0.5141635,0.48246694,0.4794802,0.4713539,0.4365541,0.44510496,0.49180108,0.47739613,0.4246865,0.5520723,0.53572863,0.5249156,0.5285614,0.4970167,0.4926203,0.4970932,0.45193657,0.42825484,0.44320807,0.43557635,0.5476057,0.52915186,0.49870974,0.33239973,0.4638212,0.56348825,0.43240088,0.49662775,0.5039489,0.51040864,0.53728694,0.47695076,0.51783985,0.4869231,0.6145954,0.56016505,0.50947547,0.4513673,0.5338055,0.496691,0.52499664,0.53218913,0.556431,0.5375343,0.4046033,0.56798816,0.5285572,0.6138884,0.50093836,0.5519476,0.5357532,0.48973098,0.40064648,0.52363896,0.56789017,0.54589295,0.5461219,0.5540851,0.5079493,0.45146608,0.52486587,0.5479776,0.5769872,0.5901996,0.42618388,0.44204098,0.5092239,0.51258636,0.49396196,0.5401339,0.50128216,0.49830467,0.5373939,0.54897255,0.47950274,0.581976,0.6064545,0.55890214,0.58778477,0.4681957,0.5576153,0.51699895,0.5161085,0.4529563,0.50013655,0.4353061,0.44960073,0.43368614,0.57632494,0.3866454,0.5500843,0.49399662,0.38468745,0.43701404,0.4880163,0.39860776,0.42605036,0.43762875,0.39795288,0.4357034,0.4627194,0.37136737,0.37242347,0.32375064,0.52492774,0.4503975,0.4482774,0.40820646,0.39196825,0.42745614,0.39341155,0.41532704,0.36601186,0.48045704,0.56236887,0.4956912,0.47089413,0.5261878,0.6120765,0.61923856,0.5595064,0.4977781,0.51852864,0.5890216,0.51730543,0.46394706,0.55351675,0.4821798,0.5677893,0.5365205,0.60943097,0.52223873,0.60094285,0.59970504,0.47823912,0.48574498,0.53813523,0.54654,0.57656074,0.58864915,0.52977663,0.61254996,0.5457067,0.6009701,0.4831552,0.59041476,0.5258054,0.6082635,0.6033105,0.52905583,0.5531053,0.5311937,0.40330148,0.5724786,0.5932425,0.4254457,0.40087882,0.45400402,0.45188066,0.519418,0.4751772,0.4028258,0.4616847,0.51957315,0.5022634,0.56541306,0.5057786,0.6082681,0.54004157,0.43096912,0.4768809,0.3996216,0.3337853,0.3487688,0.52583534,0.49973485,0.49606055,0.4768923,0.50237286,0.4978113,0.5201484,0.4650811,0.49932054,0.48074847,0.47322068,0.475483,0.5006976,0.49833804,0.51072145,0.5719674,0.5443107,0.5164407,0.49262622,0.47808775,0.50219977,0.505316,0.4663595,0.45637238,0.473532,0.45308775,0.5354478,0.54249185,0.5026175,0.30897725,0.45066842,0.5928922,0.49452582,0.54414445,0.5180659,0.51009625,0.5611939,0.44093025,0.5339466,0.44036397,0.6099342,0.5552966,0.5467159,0.501574,0.48816127,0.5244706,0.5141804,0.5094323,0.55439204,0.49243438,0.42981702,0.6028764,0.57762694,0.6492801,0.5156051,0.5472783,0.5541812,0.5005734,0.47284275,0.5785904,0.54798347,0.5866058,0.5805287,0.5275926,0.51718235,0.5176232,0.5040003,0.5512228,0.54246753,0.5307557,0.52402264,0.53864664,0.5189744,0.49760577,0.49768227,0.5273967,0.52740985,0.5245137,0.52055055,0.5144781,0.5158051,0.523082
104,0.54706025,0.5040763,0.4431032,0.50335515,0.52049434,0.5614762,0.5695358,0.42743993,0.44629106,0.5127726,0.529834,0.5115381,0.5127521,0.49369508,0.47187167,0.5541596,0.52294564,0.48221904,0.5658734,0.61973375,0.56442064,0.54448944,0.48363945,0.5750288,0.5103452,0.4983905,0.4379928,0.4968706,0.45959908,0.46688142,0.447239,0.547142,0.41750595,0.502519,0.45188516,0.41389048,0.43543854,0.49776024,0.41645768,0.4415226,0.47545075,0.3860684,0.43923214,0.4564437,0.3966734,0.36637515,0.35011727,0.5644814,0.47439623,0.40415114,0.40735587,0.3819231,0.43831503,0.4042138,0.4248781,0.3704617,0.49666044,0.53777003,0.51466936,0.47656855,0.513086,0.52432996,0.6069312,0.4749091,0.48155305,0.5503141,0.5459558,0.52518994,0.47582003,0.53881395,0.5247742,0.5232289,0.50916237,0.610168,0.5414029,0.56306565,0.579266,0.48323447,0.5408612,0.5194416,0.52142984,0.58421373,0.576799,0.5132663,0.58429223,0.50584984,0.5016047,0.5156974,0.5725866,0.54406685,0.5784388,0.5985441,0.5367784,0.55998725,0.4892242,0.42699948,0.54416186,0.5452464,0.4365898,0.4225892,0.41745186,0.45825094,0.5240525,0.5010946,0.4330324,0.47373715,0.5195049,0.49145684,0.5292581,0.49362502,0.5733588,0.5439785,0.41759774,0.48983967,0.39087495,0.33124018,0.35121092,0.51746285,0.5470779,0.51099074,0.48848253,0.50730526,0.47875246,0.53724337,0.49028692,0.47834408,0.46962157,0.44462037,0.4556505,0.5160729,0.49291575,0.45685554,0.55764973,0.54123485,0.5254265,0.5197821,0.4899233,0.48753896,0.49635607,0.44467777,0.4258245,0.4317442,0.4237491,0.5383332,0.5213486,0.4846935,0.33688283,0.45342705,0.57794034,0.45819932,0.50674105,0.49783173,0.5107615,0.5393101,0.47759452,0.51053864,0.48447293,0.60821754,0.551819,0.5078003,0.47294125,0.5235111,0.50053966,0.524207,0.534766,0.55140334,0.5407287,0.41664785,0.5649092,0.53471726,0.62538844,0.50947875,0.5776374,0.55904186,0.5064449,0.41723236,0.5431158,0.5757848,0.541546,0.54380065,0.54971695,0.49700516,0.44812328,0.5161178,0.53845555,0.5740218,0.59131336,0.42921075,0.45040172,0.49699244,0.5084942,0.4935438,0.5278789,0.48960087,0.49142373,0.52646124,0.54779726,0.481425,0.57842594,0.59793323,0.55956197,0.58540624,0.4584539,0.5811358,0.5123273,0.5332233,0.4499099,0.5014005,0.43620247,0.48555705,0.43510288,0.5954815,0.40329343,0.5494157,0.5061095,0.38818055,0.43758702,0.4831734,0.40604064,0.42814076,0.44395182,0.4043398,0.42758843,0.45677742,0.36056352,0.35903117,0.32710987,0.5168268,0.44367173,0.43908638,0.41165763,0.39441627,0.4359062,0.3975227,0.4217781,0.36957458,0.48601234,0.5631467,0.48935515,0.4624016,0.5207289,0.62675184,0.6428978,0.5553396,0.500259,0.5263402,0.6165187,0.5464395,0.49809387,0.59307253,0.5268888,0.59080803,0.5650443,0.63745755,0.54551685,0.6384303,0.635323,0.47843578,0.4888885,0.53247625,0.5601011,0.5727031,0.60384023,0.52099764,0.6283505,0.5407214,0.6182143,0.5101646,0.58839303,0.5533288,0.6199139,0.60851115,0.5372362,0.57847595,0.5266751,0.40415415,0.5811001,0.625749,0.43099502,0.41106772,0.47186542,0.47082195,0.53528744,0.49411896,0.41419023,0.46451426,0.5345277,0.49374843,0.56538844,0.5048524,0.61573154,0.5442135,0.42968112,0.48171642,0.4037256,0.33966085,0.34962165,0.5318373,0.5064539,0.49938065,0.48133907,0.5052978,0.50904995,0.5410241,0.47880784,0.49918476,0.48606732,0.4876555,0.48664504,0.5342541,0.5114255,0.53025717,0.58463156,0.55332273,0.5196508,0.48544922,0.47881582,0.50343865,0.50611377,0.46390682,0.4553321,0.4671843,0.44389904,0.5390234,0.54583234,0.49298528,0.3170729,0.45011398,0.6167677,0.5290362,0.5702668,0.50831383,0.50777805,0.56616205,0.4422467,0.5282674,0.43794176,0.60510063,0.5498947,0.54816765,0.518013,0.4823875,0.52842796,0.5162212,0.5192206,0.5486531,0.49667475,0.4454229,0.6131587,0.585884,0.6785322,0.5182753,0.5704949,0.57682276,0.52167445,0.49551255,0.5970502,0.54918605,0.58996236,0.5725816,0.5192224,0.5132591,0.5189323,0.5056865,0.5538134,0.5446231,0.5346709,0.5250826,0.5396365,0.5212715,0.50050837,0.49941227,0.5271888,0.5302999,0.5280477,0.5234751,0.513982,0.5165656,0.5245232
105,0.54655045,0.5088384,0.445638,0.5013349,0.5181507,0.5641191,0.57618445,0.43380308,0.45703775,0.5138027,0.5320177,0.5168502,0.51302004,0.49112445,0.4710408,0.55719924,0.53331476,0.4869904,0.574902,0.62996477,0.5703706,0.55146766,0.48386267,0.5959178,0.51611793,0.5093773,0.44231442,0.50361973,0.4477617,0.4802508,0.4499197,0.557807,0.4248486,0.5096252,0.4661341,0.4204209,0.4419998,0.4948938,0.42213276,0.45036092,0.48649654,0.39376116,0.4391071,0.45246515,0.3919443,0.35755524,0.35728022,0.5716103,0.4795336,0.39752752,0.41360697,0.38904968,0.44962922,0.41128352,0.4309666,0.37831026,0.506112,0.53725827,0.51412106,0.47699642,0.518862,0.5316975,0.61375356,0.47324568,0.48420468,0.55588096,0.56185484,0.5303273,0.4997658,0.5605391,0.5375581,0.5221072,0.52023053,0.614929,0.5596425,0.585967,0.5926564,0.4758223,0.5543016,0.510637,0.533811,0.5753761,0.5703433,0.49950624,0.5748023,0.5025527,0.5248773,0.53293484,0.578578,0.5670332,0.57721794,0.5936071,0.5388387,0.5758415,0.48368984,0.42800942,0.53925276,0.538246,0.445491,0.43316233,0.42837298,0.47330976,0.53547084,0.51894724,0.44390097,0.47728482,0.5281038,0.48579618,0.52798283,0.49692124,0.57246906,0.5483685,0.4175147,0.49530405,0.3930843,0.33379242,0.35414115,0.52020854,0.55128413,0.5154243,0.49471623,0.51005816,0.48968306,0.55344254,0.49534032,0.48236376,0.47339272,0.4551296,0.46579665,0.5342404,0.5065842,0.48519415,0.5577518,0.5449208,0.52538085,0.5137641,0.4825313,0.49065632,0.49866575,0.44220605,0.4297963,0.43258905,0.42198408,0.5288879,0.5104657,0.48296282,0.34137607,0.4452078,0.5826016,0.4814759,0.51180685,0.5014247,0.5161376,0.54725903,0.4798472,0.5137932,0.49358177,0.619,0.5568719,0.514602,0.49674952,0.5162293,0.50987047,0.52430785,0.53584707,0.5471904,0.5426556,0.4309937,0.56389236,0.5418415,0.62160885,0.51805055,0.5965741,0.5768993,0.5170967,0.43646285,0.5560836,0.5810299,0.53829587,0.5456422,0.55037427,0.49766764,0.4514762,0.51386636,0.5365071,0.5784421,0.5988483,0.43557733,0.45912948,0.49722505,0.51595634,0.49658296,0.5288779,0.49135068,0.49617827,0.5284993,0.5649418,0.49006858,0.5900796,0.60573447,0.56988245,0.59535307,0.4599456,0.60152465,0.51390666,0.5472171,0.45485988,0.50792825,0.43990245,0.51730055,0.44307792,0.6108972,0.42653105,0.5522253,0.52338576,0.39341468,0.44291022,0.48224625,0.41219056,0.43166685,0.45166048,0.41187844,0.42515498,0.45533583,0.35994688,0.36179677,0.33548602,0.52639586,0.45483366,0.44621328,0.41809168,0.40092862,0.44623005,0.40269625,0.42916203,0.3778102,0.49301976,0.562483,0.48969063,0.46216097,0.5221311,0.6351171,0.6572636,0.5559467,0.50997216,0.5376184,0.6336981,0.56897473,0.52972686,0.6212111,0.56395686,0.6057353,0.58951026,0.6558697,0.56769216,0.66568965,0.65627736,0.48075205,0.49422166,0.53624773,0.57339483,0.5699298,0.61002004,0.5156648,0.6332276,0.54025614,0.6290311,0.5354651,0.5871863,0.5747856,0.62822264,0.6109416,0.5437865,0.59975445,0.52915114,0.4118304,0.5833494,0.6425452,0.43705627,0.42181054,0.48446667,0.4864992,0.54833,0.5093231,0.42039382,0.4711996,0.5437889,0.49118623,0.567521,0.5059875,0.62157625,0.55135065,0.43232056,0.4892847,0.41145435,0.3502696,0.35939732,0.5355562,0.51374453,0.5027937,0.4894183,0.5103701,0.5210852,0.556026,0.4886728,0.50448555,0.50095797,0.5042457,0.4983189,0.56315297,0.5245117,0.54792756,0.5928697,0.55954987,0.52353615,0.4878241,0.4833938,0.5192656,0.51073796,0.4684919,0.46536088,0.4728474,0.4471026,0.5395908,0.546387,0.4991422,0.32607937,0.45242444,0.6300489,0.5592192,0.5877925,0.51009804,0.51244766,0.5798857,0.44903603,0.53304845,0.44881147,0.6177727,0.5573637,0.559992,0.5401833,0.4814173,0.5407846,0.5180371,0.5280905,0.5420148,0.5030278,0.4607438,0.62417614,0.5894987,0.69192314,0.52033377,0.588838,0.5950308,0.5353813,0.51775277,0.6089913,0.5485829,0.5919044,0.5703857,0.51375777,0.51096815,0.5197396,0.5070299,0.5552229,0.5459753,0.5386465,0.5265856,0.5415699,0.5238697,0.5034543,0.501847,0.52625054,0.53186065,0.5319575,0.527029,0.5154502,0.5189037,0.527188
106,0.54869115,0.522207,0.4575364,0.50533736,0.5214807,0.5712284,0.5875317,0.4460931,0.4704929,0.52347326,0.5409969,0.52260584,0.5243141,0.5000331,0.48192647,0.57222354,0.55820256,0.49683407,0.5944177,0.65161633,0.58799905,0.56249344,0.4943021,0.6095644,0.5205642,0.51754814,0.45200914,0.50967544,0.44023612,0.4955435,0.4609037,0.56889284,0.44723728,0.5227037,0.48850706,0.43225414,0.45066833,0.49447685,0.4284875,0.46104264,0.49334502,0.40195015,0.44514382,0.45001918,0.392655,0.35701486,0.3724379,0.5933087,0.5029309,0.40327495,0.42543975,0.40313622,0.46364754,0.42463717,0.4382514,0.3941163,0.51350796,0.5348032,0.5173374,0.48165935,0.5282763,0.53911227,0.6108129,0.47999877,0.49761686,0.56544876,0.56857353,0.5341541,0.52266747,0.57001823,0.5442625,0.5215026,0.5306369,0.61012095,0.5719966,0.5980641,0.59353995,0.46893236,0.5624042,0.50538856,0.5463836,0.56294096,0.5574177,0.48840752,0.56079155,0.50399095,0.54284465,0.54741,0.5793147,0.580061,0.57320845,0.58552414,0.5387214,0.58644706,0.48489434,0.43284684,0.53059936,0.5278321,0.45530358,0.44599834,0.4380369,0.48661375,0.541954,0.5323087,0.44911218,0.4812277,0.5327767,0.48451692,0.5273422,0.5019083,0.5708736,0.55635023,0.41966176,0.50155807,0.39967167,0.3433368,0.36709017,0.52514565,0.5553458,0.5211972,0.5042779,0.5125393,0.5017783,0.5621477,0.49962988,0.49240357,0.48164812,0.46969342,0.477308,0.547262,0.5185252,0.51125973,0.55317444,0.5461955,0.52471954,0.5105916,0.47573474,0.50069153,0.5050373,0.4446621,0.44116548,0.44554362,0.42943883,0.51974356,0.4982384,0.49190885,0.3466263,0.43816146,0.5786592,0.50397724,0.5153434,0.51428914,0.5259912,0.5591571,0.48421443,0.52866423,0.5133515,0.64332616,0.5739296,0.5285278,0.5232347,0.5133894,0.5233196,0.52587026,0.5364704,0.5433171,0.54173374,0.4476251,0.56405646,0.55059934,0.60398865,0.52608186,0.60694677,0.5879414,0.52328426,0.46086046,0.5630376,0.5823073,0.5367568,0.5509273,0.5541849,0.5100255,0.46266326,0.5176976,0.54115504,0.5885272,0.6105799,0.4461963,0.46851116,0.5078958,0.5325383,0.5039465,0.5418735,0.5054022,0.510789,0.5427369,0.5974428,0.50518125,0.61314714,0.62745106,0.5885302,0.6149307,0.47287214,0.6156256,0.5194012,0.5576659,0.4670604,0.5193543,0.44600964,0.54573405,0.45907024,0.6222174,0.45925236,0.55844194,0.5463055,0.40152803,0.4512393,0.48320106,0.41710687,0.43719587,0.45960784,0.41883156,0.42790943,0.45681295,0.36748406,0.37824714,0.34952524,0.5510426,0.4810935,0.46781418,0.428742,0.4123163,0.4585368,0.41037217,0.4369349,0.39213547,0.5000278,0.5594827,0.4941959,0.4676962,0.5312496,0.6367759,0.66109216,0.5618133,0.5281748,0.5516833,0.64057916,0.58623356,0.5591373,0.6377554,0.5930969,0.61308736,0.60863864,0.6629923,0.5871835,0.68104714,0.66270465,0.4839946,0.5025564,0.546959,0.58506393,0.56632555,0.60718715,0.5126326,0.62710077,0.5431111,0.63209933,0.5596046,0.5860434,0.58956486,0.6312858,0.6091308,0.54833424,0.6156933,0.5359049,0.42482913,0.57890844,0.6442637,0.4436581,0.4337958,0.49120682,0.49794006,0.5560744,0.5202093,0.421508,0.48024848,0.54742026,0.49342895,0.5693792,0.5090695,0.6239577,0.5602629,0.4376737,0.49728978,0.42199978,0.36643618,0.3781902,0.5374773,0.5213826,0.5072067,0.50112355,0.51706326,0.534284,0.56450975,0.49668387,0.5148076,0.5229639,0.5233441,0.51112044,0.5865239,0.5373708,0.5634325,0.5961298,0.5621639,0.52762794,0.49839067,0.4905329,0.5472365,0.5195752,0.47966233,0.4855422,0.48872608,0.46036828,0.5361408,0.54411197,0.5182376,0.337082,0.45545417,0.6322439,0.5851084,0.59740084,0.5222279,0.52323383,0.5998546,0.46102145,0.5478808,0.4718929,0.6441636,0.57554305,0.5794831,0.56706506,0.4854654,0.5592111,0.5205023,0.5372812,0.53459543,0.5099198,0.47513154,0.63287866,0.5884649,0.6892297,0.5217286,0.6000695,0.6065755,0.54255,0.5402362,0.6138048,0.54564947,0.59159446,0.57278496,0.5117328,0.51007885,0.52034175,0.508796,0.5555811,0.54639876,0.5420012,0.5284648,0.54389083,0.526497,0.50738776,0.5056306,0.52470183,0.5319969,0.5356391,0.5306581,0.5188465,0.52242666,0.53047264
107,0.5503992,0.5423053,0.4773014,0.51275665,0.52772605,0.57981604,0.60012525,0.46398,0.48599017,0.53722644,0.5527646,0.5289399,0.54208267,0.5170874,0.5018358,0.59418696,0.5909868,0.5109351,0.61827755,0.67792743,0.6118218,0.57462263,0.514042,0.61559045,0.5245477,0.5239802,0.46728423,0.516872,0.43896073,0.515944,0.48149076,0.5800851,0.4854135,0.54145104,0.518707,0.4490068,0.4590296,0.49505612,0.43555346,0.4726396,0.49556184,0.41028932,0.45496297,0.44885847,0.3970659,0.3636711,0.39529824,0.6219464,0.5372841,0.41823238,0.44301444,0.4240663,0.47995865,0.44401917,0.44663656,0.41733873,0.5188362,0.53116685,0.52162427,0.48788252,0.54121995,0.5489549,0.60035455,0.4961826,0.52123696,0.5779339,0.57077414,0.54089963,0.5467748,0.57173824,0.5495352,0.52512944,0.5418981,0.59688145,0.5791308,0.6018293,0.58601946,0.4628204,0.5669848,0.5027264,0.55799353,0.547692,0.5409836,0.4794578,0.5438185,0.5098234,0.5578208,0.5610427,0.5773713,0.5863099,0.56690717,0.5740883,0.53656447,0.59208083,0.49006504,0.4407749,0.5209483,0.5187469,0.46574718,0.46176043,0.4474376,0.49838477,0.54392576,0.5423599,0.45073792,0.48521307,0.53570473,0.48561913,0.52556556,0.5081811,0.5672906,0.56601375,0.42300245,0.5069187,0.4104783,0.36033207,0.38910735,0.53167677,0.55879813,0.5284256,0.5163007,0.5150494,0.51592344,0.56539696,0.50597423,0.5079974,0.49269354,0.48961654,0.4917364,0.55771977,0.52972066,0.5382845,0.54621035,0.54551953,0.5236668,0.5095156,0.4705858,0.5149607,0.5154196,0.45171803,0.45982578,0.46741587,0.44391245,0.5110964,0.4871273,0.50741905,0.35434073,0.43203458,0.56944275,0.52844757,0.5219041,0.5329644,0.5383548,0.57161844,0.49132028,0.55262977,0.5403846,0.67281413,0.5976655,0.54602504,0.5525675,0.51530117,0.5384462,0.5294635,0.53824544,0.53909916,0.53723186,0.46672785,0.56329817,0.5610412,0.5766168,0.533293,0.6094818,0.59281725,0.5285487,0.49271506,0.5664443,0.57976973,0.53652704,0.55747473,0.5576397,0.531129,0.48036972,0.5247795,0.54883534,0.60027605,0.62229145,0.46112397,0.47880247,0.52407265,0.55320346,0.5151523,0.561354,0.5274356,0.53080046,0.5643324,0.6374353,0.52480835,0.6398963,0.6557207,0.61151373,0.63796985,0.4950402,0.62219137,0.5259789,0.5644422,0.48456416,0.5344034,0.4543461,0.57353634,0.48317245,0.62966365,0.50293076,0.5668289,0.5739372,0.4134798,0.46044672,0.48390493,0.42188793,0.44486693,0.4669439,0.42446932,0.4340517,0.45911834,0.38028845,0.40379846,0.36973384,0.5836881,0.51594347,0.49870795,0.4440682,0.42861852,0.47266334,0.42176673,0.44493884,0.41325292,0.5060338,0.5535025,0.4992995,0.47516006,0.54706323,0.6320496,0.65451866,0.5718499,0.55399936,0.56705976,0.6392043,0.60138553,0.5874789,0.6452963,0.61723214,0.6148743,0.6224938,0.6588667,0.60273504,0.68466955,0.65713644,0.48710638,0.51382035,0.56000113,0.59369063,0.5601906,0.59693295,0.5106192,0.6116729,0.5473438,0.6276431,0.58368266,0.5840813,0.59887385,0.62799805,0.6020506,0.55095285,0.6259733,0.543251,0.44128764,0.56872344,0.6346809,0.45142242,0.44789532,0.493096,0.5053242,0.5579532,0.5280074,0.4198927,0.49008816,0.54780316,0.49801403,0.5683567,0.5135752,0.62081164,0.5694064,0.4442448,0.5038282,0.4342242,0.38898858,0.40510225,0.5384868,0.52914023,0.5132771,0.5151541,0.5246463,0.54924256,0.5683014,0.5062328,0.528578,0.54784185,0.54501075,0.5256144,0.60535634,0.5501547,0.5774249,0.59500796,0.56135345,0.5317911,0.51393694,0.49899602,0.5817698,0.5317983,0.4956357,0.5128023,0.5102367,0.47970852,0.5284771,0.53958833,0.5442585,0.35209525,0.45794514,0.62515604,0.60847974,0.6016856,0.54025346,0.53712535,0.6211788,0.47740123,0.5692965,0.5035607,0.6756076,0.59899265,0.60106754,0.5963626,0.49376807,0.57968926,0.5246339,0.5482326,0.5265741,0.5160589,0.48857898,0.63583344,0.5835638,0.6724711,0.5226327,0.60430133,0.61121106,0.54666764,0.56425774,0.6122412,0.54094315,0.5882406,0.57712084,0.5126978,0.51012254,0.5211793,0.5117617,0.554939,0.54585,0.5444456,0.5307487,0.54598224,0.52903235,0.51305276,0.5110617,0.5229252,0.53112704,0.53845346,0.53368616,0.5235174,0.5263229,0.53361946
108,0.54816675,0.56534475,0.50124943,0.5198268,0.5330492,0.58594865,0.60954726,0.485874,0.5022981,0.5488496,0.5625473,0.53500897,0.5594139,0.5370092,0.52601886,0.6153934,0.6221602,0.52748835,0.63849175,0.700052,0.63378125,0.58430094,0.5399161,0.61548203,0.5286328,0.5288712,0.48783752,0.52759415,0.44558448,0.54376596,0.5110786,0.5904097,0.5362704,0.56389236,0.55422944,0.46960214,0.46580172,0.4956104,0.4440073,0.48431578,0.49431393,0.41977042,0.4654168,0.44906193,0.40401536,0.37671906,0.4247498,0.64755017,0.57209724,0.4380873,0.4654862,0.45068422,0.4978049,0.46809182,0.45640436,0.44623247,0.52231735,0.5271091,0.5239974,0.4927289,0.55646896,0.56220603,0.58553374,0.52074826,0.5520684,0.59124786,0.5738966,0.55415833,0.57361245,0.5712442,0.55826664,0.535835,0.555072,0.57751405,0.58164084,0.6002499,0.5758628,0.45821992,0.56937945,0.5008969,0.5669136,0.5307689,0.52550286,0.47223145,0.52588487,0.51831037,0.5721788,0.57564825,0.57548934,0.5898624,0.5590902,0.5598153,0.53306895,0.5931837,0.49580055,0.45142782,0.5135443,0.51548624,0.47717324,0.4809851,0.4585331,0.5096932,0.5436766,0.55171096,0.45307493,0.4895496,0.54029024,0.486452,0.52105844,0.5153051,0.5596394,0.5745124,0.42735344,0.5106314,0.42557174,0.38514042,0.41839868,0.53858143,0.56100345,0.5366545,0.528939,0.5182168,0.5324711,0.5675848,0.5173118,0.52743196,0.5048663,0.51533586,0.5094883,0.56835884,0.5412809,0.5690967,0.5400011,0.5439798,0.5227868,0.50944227,0.46838382,0.5301444,0.52895266,0.4630461,0.4847578,0.49299067,0.46268386,0.50323766,0.4800361,0.5241264,0.3670777,0.42782468,0.55944055,0.5569929,0.5357942,0.55209,0.5504547,0.58072335,0.50200665,0.5801888,0.56933373,0.697102,0.62047815,0.56241,0.58384097,0.5213874,0.55234575,0.53543645,0.5431263,0.5340249,0.5296791,0.4885049,0.5587681,0.5724595,0.54590863,0.5393793,0.6071893,0.59413576,0.5375579,0.5327605,0.56933427,0.57514685,0.5360333,0.5620596,0.55675405,0.55571526,0.5014671,0.5310539,0.5547527,0.60860336,0.6290054,0.479542,0.49020377,0.5393552,0.5718565,0.52830815,0.5794147,0.5512012,0.55058163,0.5857637,0.6742179,0.54565644,0.6610092,0.68054706,0.6332821,0.6567077,0.5222455,0.6219234,0.53116834,0.56707764,0.50477993,0.5513853,0.4650516,0.6034646,0.51409537,0.63367015,0.5562305,0.57551086,0.60384583,0.4298176,0.4689776,0.48313728,0.42854354,0.45459348,0.47349042,0.4296167,0.44129005,0.46052185,0.39551616,0.43259573,0.3964495,0.61456996,0.55045295,0.53111386,0.46386638,0.44932878,0.4881967,0.43798986,0.4535843,0.4408349,0.51086706,0.5443802,0.5016266,0.4806801,0.56680936,0.6215852,0.6384306,0.58367753,0.5847878,0.5822059,0.63269204,0.61801684,0.6154839,0.64769435,0.6399445,0.613925,0.6318085,0.64455634,0.61303794,0.6777929,0.6439158,0.48936906,0.5266787,0.57001466,0.59795547,0.55060357,0.58214945,0.5086121,0.5901429,0.55032635,0.6171021,0.60856616,0.5801436,0.6045743,0.6177614,0.58954895,0.5520738,0.63053757,0.54761267,0.4595734,0.5547265,0.6195798,0.46152732,0.46494034,0.49293715,0.51008224,0.55584425,0.5355175,0.41996005,0.49940982,0.5491309,0.50188386,0.5623257,0.5187851,0.6098448,0.57702094,0.45102632,0.5081355,0.4472525,0.41838923,0.4381467,0.53965306,0.53676265,0.52120113,0.5292056,0.5323135,0.5660039,0.5714185,0.5211651,0.5434904,0.57067263,0.5686825,0.5415152,0.62100446,0.56302637,0.5906818,0.5908776,0.5580379,0.53616375,0.53019863,0.50785613,0.6151256,0.5457178,0.51387733,0.54275095,0.5314676,0.5004741,0.51737136,0.5338874,0.5693208,0.37359193,0.45992208,0.6120202,0.6314811,0.60438824,0.5579451,0.54999197,0.63792366,0.49718872,0.5916871,0.5380148,0.70145446,0.6206625,0.61806875,0.6250103,0.50503474,0.59741724,0.5312529,0.5621132,0.51826125,0.5208078,0.5016499,0.6300186,0.57613546,0.64552665,0.5233129,0.6038095,0.6109616,0.55309445,0.5906439,0.6057532,0.53615403,0.580823,0.5798669,0.51565576,0.5107098,0.52302444,0.5167272,0.55318666,0.5442605,0.54599094,0.5334382,0.54720485,0.53138053,0.5208181,0.5181049,0.5215154,0.52992076,0.54000866,0.53565186,0.5283247,0.5295473,0.53583443
109,0.53890663,0.58685786,0.5248593,0.5228891,0.53385353,0.585841,0.61177325,0.50923884,0.5177991,0.5526597,0.5665566,0.53928876,0.56947994,0.55432665,0.54920954,0.62792176,0.6425178,0.54440033,0.6474491,0.7097727,0.6460933,0.5884709,0.567451,0.61153543,0.5329056,0.53160155,0.5125544,0.54388607,0.4608706,0.579208,0.54677016,0.59872067,0.59259826,0.58723825,0.5910278,0.49219805,0.47137097,0.49595478,0.45471448,0.49563918,0.4921239,0.4324887,0.47405168,0.45146072,0.413381,0.39584285,0.45936763,0.6608094,0.59702307,0.45857045,0.49128708,0.48122013,0.51616484,0.49497893,0.46819425,0.47885147,0.52448595,0.5234885,0.5223227,0.49416727,0.5720554,0.5782122,0.56976604,0.55066746,0.5854083,0.6028052,0.5823812,0.575688,0.60312027,0.57366925,0.5741193,0.5548837,0.5701972,0.55537933,0.5798111,0.5961198,0.56936944,0.45652682,0.57009083,0.49807942,0.5714663,0.5136764,0.515772,0.46690586,0.5093636,0.5268042,0.5874423,0.59197885,0.5760657,0.5941518,0.5505441,0.54409724,0.5293997,0.5902639,0.4992197,0.46517217,0.5112291,0.52123946,0.4907482,0.50390935,0.4737546,0.52190644,0.54451716,0.56329674,0.4615829,0.49510765,0.5502001,0.4849651,0.5131311,0.5229622,0.54573256,0.5790601,0.43419224,0.51324993,0.44566,0.41809243,0.4530514,0.54448473,0.5611458,0.54514587,0.5398125,0.52278256,0.5507906,0.5739249,0.53564835,0.5480647,0.51694643,0.5459284,0.5296346,0.58111274,0.55385154,0.6046569,0.53744173,0.54271764,0.52283466,0.5093494,0.4704127,0.543071,0.54448926,0.4784715,0.5141486,0.5166191,0.48299816,0.49684426,0.47955483,0.5366185,0.3882849,0.4277169,0.55321586,0.5899493,0.5595915,0.566094,0.5596977,0.5831415,0.51675653,0.6048699,0.5943643,0.7070915,0.63488984,0.57344633,0.61504257,0.5306099,0.5625022,0.54354376,0.5529006,0.52796257,0.5207175,0.51286745,0.54773587,0.5836721,0.5191995,0.54383606,0.6041782,0.5953583,0.5544555,0.5791015,0.5742465,0.57095206,0.5330543,0.561449,0.54800993,0.5780478,0.5222759,0.53261507,0.5544325,0.6087811,0.626415,0.4999733,0.5026943,0.54804134,0.58329177,0.54059887,0.58847576,0.5706207,0.56535745,0.5992511,0.69805104,0.5642812,0.66826224,0.6926704,0.6486501,0.6642883,0.54957384,0.6166723,0.53353864,0.56454134,0.5249333,0.5685713,0.47855893,0.6368048,0.54898125,0.63497865,0.614257,0.5828351,0.63281566,0.45032948,0.47646725,0.48120874,0.43922076,0.46638688,0.47991318,0.43665096,0.44811198,0.46071395,0.41125983,0.45899716,0.43009397,0.63452697,0.57637495,0.5569456,0.48747,0.47384077,0.504548,0.46019754,0.46385542,0.4739858,0.51524174,0.5325856,0.4992646,0.48192775,0.58654904,0.60639185,0.6143452,0.59431165,0.61653006,0.5956357,0.624537,0.6384593,0.64267945,0.6486903,0.663104,0.6133161,0.63728404,0.62193924,0.6165022,0.66225827,0.62869537,0.49082777,0.5387921,0.57231957,0.59686875,0.53748584,0.56660616,0.50618505,0.5669136,0.5491904,0.60266495,0.6340597,0.5729046,0.60814255,0.6006013,0.5724876,0.5524169,0.62919736,0.5464416,0.4788826,0.53954977,0.6054172,0.47562006,0.48581183,0.49476102,0.51457936,0.55338514,0.54596734,0.42724705,0.50765073,0.55597866,0.5025263,0.55029947,0.5240723,0.58919406,0.5813043,0.458402,0.51112944,0.4614758,0.45468614,0.47481838,0.54193467,0.54399484,0.53078926,0.54063684,0.5393263,0.5834184,0.57852095,0.5442622,0.55705506,0.5872366,0.5927971,0.55730873,0.6341454,0.57578963,0.6034793,0.5853832,0.5534155,0.54090184,0.54305714,0.5164706,0.6397347,0.55935365,0.53203726,0.5709293,0.5471161,0.5184226,0.50486267,0.5285192,0.5856766,0.4044844,0.462769,0.59687805,0.65533304,0.6094517,0.5694162,0.55811673,0.64494795,0.51911676,0.6092317,0.56903327,0.71250904,0.6340653,0.62490803,0.65009886,0.51788825,0.6081237,0.5405599,0.57932085,0.5100468,0.5243112,0.51533395,0.6134575,0.5678801,0.6139622,0.5240403,0.6019702,0.6091526,0.56714106,0.61865455,0.59608203,0.5334835,0.5681405,0.57750374,0.5194425,0.51162374,0.5268461,0.5242676,0.55001295,0.5414162,0.5466759,0.5362845,0.5469148,0.5332944,0.5306519,0.5265265,0.5211173,0.5290044,0.5403521,0.5365451,0.53188664,0.5310213,0.53641677
110,0.5211172,0.60318035,0.54424524,0.5196685,0.52806944,0.57716876,0.60458696,0.53146124,0.53119075,0.5456266,0.56316036,0.54036933,0.5681033,0.56494564,0.5668479,0.6261598,0.64636153,0.5601538,0.6400633,0.7013566,0.64383584,0.5856203,0.5920358,0.6056277,0.5370294,0.5318013,0.5390983,0.5658132,0.48363465,0.6193017,0.5832197,0.60469526,0.64494383,0.6087393,0.6248744,0.5146065,0.4774612,0.49686304,0.46839198,0.5070039,0.4920781,0.45102313,0.48036632,0.4578954,0.4260605,0.42085093,0.4983912,0.65565264,0.60557944,0.47698578,0.51885223,0.51416576,0.534016,0.52341497,0.48290813,0.5144079,0.52674997,0.5217304,0.51644385,0.4921225,0.58624077,0.59562033,0.556237,0.5817844,0.61606824,0.61014473,0.5982211,0.6044169,0.63391846,0.58279955,0.5983194,0.581198,0.58610445,0.5342303,0.5741406,0.5921953,0.5715388,0.45964572,0.56921035,0.49296704,0.5707045,0.49788243,0.514856,0.46427763,0.496532,0.53289974,0.6042476,0.6094088,0.5807491,0.60109043,0.5419872,0.5290327,0.5269013,0.584483,0.4985743,0.4830014,0.51524657,0.5371912,0.50787365,0.5303871,0.49519715,0.53598,0.5491561,0.5786971,0.48073894,0.5030497,0.5674614,0.48071513,0.5026235,0.5310533,0.5249402,0.57837206,0.4461623,0.5161501,0.47224012,0.4597598,0.49194264,0.5484244,0.5586145,0.5534805,0.5469061,0.52929187,0.5691882,0.5878565,0.56073034,0.5669258,0.5283274,0.5788307,0.5503927,0.5967445,0.56747276,0.6437168,0.53997386,0.5425545,0.52439463,0.50853163,0.47743884,0.55177313,0.56082934,0.49768323,0.5452976,0.53387207,0.502383,0.4924877,0.4863929,0.5407092,0.42197117,0.43432325,0.55410606,0.6255207,0.59226716,0.5709172,0.56455195,0.5774339,0.5348542,0.62156206,0.6113618,0.6969255,0.63553953,0.576746,0.64354914,0.54153085,0.5678713,0.5528046,0.56841433,0.52119744,0.5125684,0.5392066,0.5289434,0.59315366,0.502331,0.5462287,0.60372144,0.5989502,0.5805868,0.62711596,0.5829516,0.56915265,0.52620715,0.55420524,0.5296433,0.59374493,0.5397925,0.5270806,0.5452246,0.5979377,0.61223716,0.520914,0.5161219,0.5469314,0.58472985,0.54941523,0.58373374,0.5814576,0.57233036,0.5995139,0.70318466,0.57853335,0.6564645,0.68589544,0.6544237,0.6566469,0.57291627,0.60826015,0.5329211,0.55632025,0.54243654,0.5841599,0.49521786,0.6724808,0.58342236,0.6349124,0.6695878,0.58788484,0.65780336,0.47417107,0.48372802,0.47987443,0.45553452,0.48072088,0.48771822,0.4488921,0.45460442,0.46132976,0.42718264,0.4792472,0.47158337,0.6380106,0.58956534,0.57086974,0.51418954,0.5020665,0.521278,0.48970303,0.47724327,0.51214015,0.52073836,0.5196981,0.4924471,0.47899333,0.60254914,0.58866805,0.5851188,0.60138243,0.6446237,0.6058962,0.61818093,0.6627461,0.66796714,0.65118366,0.6865715,0.61574465,0.6395393,0.59421784,0.6120836,0.64077044,0.61719424,0.49272045,0.5478648,0.5642053,0.5902376,0.5215959,0.5539152,0.5036818,0.5467216,0.54209566,0.58708715,0.65875745,0.56188995,0.61065686,0.5779753,0.5528249,0.55293596,0.6223324,0.53869814,0.4995513,0.52598804,0.5978455,0.4951325,0.51139337,0.5025423,0.521371,0.5539864,0.56130123,0.44661254,0.5154204,0.57112586,0.49899727,0.53311974,0.5291617,0.55924946,0.5810791,0.46804523,0.5149002,0.47891542,0.49797425,0.5132586,0.5459207,0.5508314,0.5418905,0.5476775,0.54522115,0.5993203,0.5923571,0.5754755,0.5671358,0.59524566,0.6148658,0.5709786,0.6451584,0.5878814,0.61563945,0.5799706,0.54869336,0.54598975,0.54991996,0.52447873,0.6509407,0.5708097,0.548603,0.5937277,0.55395037,0.5307363,0.49406993,0.52493227,0.5880057,0.4479507,0.46884328,0.58408177,0.67974705,0.61952853,0.57107496,0.55944216,0.63939226,0.5412684,0.61780953,0.5924143,0.702966,0.63486385,0.61863595,0.66941226,0.5308592,0.6095131,0.5519787,0.59927607,0.50238204,0.52741843,0.5308641,0.58616114,0.5606736,0.5842556,0.52509105,0.6016154,0.60832566,0.59131205,0.6459664,0.5852441,0.5344519,0.54998356,0.5679739,0.5229677,0.5128578,0.5331503,0.53424245,0.54523265,0.53723764,0.5464803,0.5387785,0.54467064,0.5345123,0.542286,0.5361558,0.52216566,0.5288848,0.54005545,0.5368559,0.5331646,0.5301214,0.53505105
111,0.49646145,0.6123278,0.5573729,0.5105172,0.5163954,0.56040835,0.588674,0.55087805,0.54248005,0.52836174,0.5530045,0.5377137,0.55536425,0.5667584,0.5755904,0.6083464,0.63278735,0.57418865,0.61522657,0.6720803,0.6258684,0.57629025,0.6098501,0.59885514,0.54061323,0.5302082,0.5644229,0.5908967,0.5105096,0.6582738,0.61412346,0.60916,0.6852436,0.626008,0.6523631,0.5351237,0.48637626,0.5001682,0.48576266,0.51992536,0.49689987,0.47783688,0.48592338,0.47072703,0.4436278,0.45125023,0.54213226,0.63010234,0.5965136,0.49306226,0.5476686,0.549268,0.55078083,0.5539049,0.5016092,0.5535763,0.531707,0.5241012,0.5085874,0.48857108,0.5982118,0.6133189,0.54745966,0.6102876,0.63985157,0.6117862,0.62032783,0.63655335,0.663999,0.60019046,0.62905675,0.61105025,0.6009638,0.5170494,0.5659453,0.59109885,0.58420885,0.46948707,0.56712985,0.48543116,0.5649046,0.48461935,0.52267945,0.465396,0.48886052,0.5354196,0.62252855,0.6264012,0.5900209,0.6110639,0.5340871,0.5170219,0.52663606,0.5779171,0.4935164,0.5060251,0.52472895,0.5621501,0.52911323,0.5599746,0.5241885,0.55227035,0.55869794,0.5972801,0.51208174,0.5145768,0.5912773,0.4748463,0.4918071,0.5397292,0.499554,0.5733836,0.46538824,0.5205741,0.5071082,0.51089895,0.534741,0.55011106,0.55361915,0.56199986,0.5497601,0.5380077,0.5855745,0.6094004,0.5897954,0.58165073,0.5391879,0.6105313,0.5698284,0.6148189,0.5817857,0.6833166,0.54716575,0.54389817,0.5275764,0.50690544,0.48956704,0.55630046,0.5767732,0.5200936,0.57503784,0.5427709,0.51932496,0.48993555,0.49851003,0.5347963,0.47150773,0.4496844,0.5630613,0.6603279,0.6286125,0.5652468,0.5650404,0.5650102,0.5544484,0.62753564,0.6191927,0.66439736,0.6201254,0.57243836,0.6667765,0.55246836,0.5696554,0.5618239,0.5889188,0.51438123,0.50769204,0.5665616,0.5037326,0.59909075,0.49787533,0.54666203,0.6069742,0.60546803,0.6134812,0.6710832,0.5964257,0.5705469,0.51613015,0.54192746,0.5033007,0.6003059,0.552621,0.51482904,0.52756065,0.5762398,0.58728987,0.5414498,0.5306079,0.5358587,0.57622224,0.55355406,0.5644816,0.58173984,0.57058305,0.5854575,0.6879086,0.588103,0.62428623,0.6572389,0.6494916,0.6329523,0.5896036,0.59791076,0.5301769,0.5438704,0.55563694,0.5964995,0.51492226,0.70739627,0.61276597,0.6350969,0.7153493,0.5905262,0.6765746,0.5003379,0.4922675,0.48164496,0.47838908,0.49867672,0.49899733,0.4696219,0.46218327,0.46536505,0.44452178,0.49214086,0.5220442,0.6238628,0.59092754,0.5716186,0.5438753,0.5348143,0.53844076,0.52797973,0.49545112,0.5552156,0.5295988,0.50870675,0.4833005,0.4740094,0.6127181,0.5722487,0.5555009,0.60411763,0.66525155,0.61211747,0.6165548,0.6889073,0.6907297,0.6571195,0.7093794,0.6227116,0.6396727,0.5662648,0.6006844,0.61739194,0.61335486,0.49719563,0.55316234,0.54592896,0.5794128,0.5046899,0.54634243,0.50219434,0.5332067,0.529446,0.5735198,0.68088794,0.54853284,0.61346036,0.55321413,0.5335804,0.55467564,0.6118083,0.52500236,0.52259034,0.51652724,0.60038894,0.5202112,0.5421567,0.5190647,0.5324862,0.55912995,0.5812541,0.48036674,0.5243884,0.59423566,0.49212122,0.5135139,0.5343569,0.5240941,0.5764939,0.4816599,0.52132887,0.50233895,0.54850686,0.5526682,0.5517347,0.5577851,0.5547964,0.5507198,0.55002815,0.6117354,0.61231124,0.6115593,0.57245624,0.5948072,0.6325893,0.581466,0.65515906,0.59875196,0.6268969,0.57568985,0.5450113,0.55123895,0.5505539,0.53193235,0.64788854,0.578707,0.5629587,0.60874313,0.55141014,0.53664464,0.48816177,0.523901,0.5747855,0.50601786,0.48052898,0.5774743,0.7033466,0.63472617,0.5625606,0.5541399,0.6212352,0.5612989,0.6155233,0.6069415,0.67041403,0.62131715,0.59943366,0.68153274,0.54250216,0.6019748,0.564407,0.6207227,0.49586046,0.531601,0.5495175,0.5511141,0.55639017,0.56216025,0.5268074,0.6039827,0.6090117,0.6238679,0.6701741,0.5754268,0.53915066,0.5284481,0.55183303,0.52543217,0.5147163,0.5413745,0.5456372,0.5392662,0.53224635,0.5454764,0.54043454,0.5405184,0.5351723,0.55547094,0.5471151,0.5247016,0.52998704,0.54013795,0.537443,0.53214663,0.5272567,0.5321308
112,0.47029486,0.61414886,0.5644337,0.49876636,0.50267595,0.5393794,0.56793153,0.56667215,0.5526759,0.5049107,0.5385962,0.5315935,0.53552747,0.5599054,0.57403874,0.57707834,0.60552126,0.5864283,0.5767913,0.62332845,0.59480536,0.56289244,0.6185897,0.5921067,0.5435647,0.52791363,0.58621,0.61555046,0.5371475,0.689811,0.6346258,0.6133449,0.7095298,0.6373938,0.67151177,0.5526101,0.5002339,0.5083656,0.5073916,0.536368,0.5082075,0.514466,0.49328583,0.49134296,0.46764517,0.485571,0.5906321,0.5866983,0.57313055,0.50824666,0.57796866,0.58715993,0.56596524,0.58825815,0.52490056,0.596678,0.541888,0.5325895,0.50262254,0.48660687,0.6076972,0.6302082,0.5446359,0.63354534,0.65446526,0.6080115,0.64501524,0.6669458,0.6909485,0.6241194,0.66172796,0.6389203,0.61325264,0.50499266,0.55712885,0.59427345,0.6052486,0.48683968,0.5647113,0.4768712,0.5557216,0.4749726,0.53628325,0.47114384,0.48650098,0.5346108,0.6411609,0.64116675,0.6028595,0.6232787,0.52762455,0.50998074,0.52891123,0.57270765,0.4852982,0.53444284,0.5373761,0.592332,0.5535391,0.5915812,0.5609634,0.57042056,0.57288,0.61659676,0.55369145,0.5305274,0.6186836,0.46924567,0.48352268,0.5491991,0.47442675,0.5667547,0.49217403,0.5272667,0.5508062,0.57079804,0.5803542,0.549843,0.54730874,0.5713928,0.54965776,0.54884833,0.59849495,0.63549244,0.6187092,0.59106106,0.55010635,0.6378454,0.58616006,0.63379896,0.59612966,0.719597,0.5574331,0.54690456,0.53195715,0.5052944,0.5063548,0.558349,0.59126884,0.54507965,0.60082525,0.54417026,0.53375334,0.4883037,0.51227343,0.5207609,0.5369408,0.4744473,0.5782341,0.6905333,0.66140085,0.55086976,0.56268173,0.5498654,0.57312167,0.6223512,0.61943275,0.61213255,0.59015155,0.5629391,0.6829994,0.56214255,0.57090867,0.56918705,0.61187696,0.50851786,0.5086998,0.5934531,0.47608304,0.599903,0.5047672,0.54582673,0.6132384,0.61409014,0.64800185,0.7063667,0.61447537,0.57528675,0.505148,0.52871925,0.47458443,0.5972746,0.56100035,0.49934396,0.50546914,0.54755056,0.55612445,0.56076753,0.5461268,0.5175844,0.5602686,0.55334985,0.5344265,0.57182753,0.56093216,0.5603621,0.65383786,0.5939152,0.5754344,0.6074863,0.63452697,0.5958083,0.5985048,0.58678186,0.5271,0.5302998,0.5645286,0.60487294,0.5366867,0.73759425,0.6336854,0.63664824,0.74775887,0.5913745,0.6880183,0.5272249,0.5036133,0.48882815,0.50747603,0.5212174,0.5156268,0.5009095,0.4726109,0.47579002,0.4652823,0.49842972,0.5809065,0.5949016,0.58499616,0.5612261,0.5763275,0.5728935,0.55585396,0.5756602,0.5194486,0.60215545,0.5437637,0.50297594,0.4750456,0.47019258,0.6170742,0.5612664,0.53106415,0.6032011,0.67649084,0.6145874,0.6211876,0.7138722,0.71080434,0.66707313,0.73017156,0.63362277,0.63938546,0.5434275,0.58530056,0.5969659,0.61784965,0.5060408,0.5561801,0.5210982,0.56742257,0.48934487,0.54424137,0.50332105,0.5276933,0.51406515,0.5645343,0.69908315,0.53618157,0.6182104,0.5308104,0.51807976,0.55847883,0.6006072,0.5075995,0.54852164,0.51301813,0.61312836,0.5490588,0.57706046,0.5451667,0.5486832,0.568502,0.603677,0.52713394,0.5362859,0.6223413,0.4839438,0.49516055,0.5404709,0.4906586,0.56907284,0.49994242,0.53119034,0.53353965,0.6051551,0.5921748,0.5588801,0.56550395,0.56978476,0.5521311,0.5541768,0.6200624,0.6351804,0.64750916,0.5728484,0.5878863,0.64507574,0.5892004,0.6659092,0.60807806,0.6369229,0.57329404,0.5432991,0.5563007,0.54685044,0.5392626,0.63276803,0.58272725,0.5752214,0.61512065,0.5414873,0.5373693,0.48889357,0.52547145,0.548732,0.57653344,0.49914375,0.57899165,0.72433126,0.65247947,0.5465744,0.54447734,0.5934526,0.57703215,0.60262096,0.6139,0.61676496,0.5946681,0.5707294,0.6859655,0.55176044,0.588339,0.57646996,0.64200413,0.49118346,0.5387984,0.57181966,0.5141544,0.55644417,0.5507068,0.5295651,0.60891414,0.6105706,0.6597793,0.69013995,0.56848747,0.546691,0.507709,0.53221405,0.52647835,0.5177482,0.549861,0.55687946,0.53323054,0.52758926,0.5439547,0.5411249,0.53511566,0.5359698,0.56982434,0.5594876,0.5284655,0.5325345,0.5418555,0.5393853,0.5299769,0.5238916,0.52876115
113,0.44977105,0.6102677,0.56679434,0.4893283,0.49245185,0.52008766,0.5481454,0.5778366,0.56217784,0.48154786,0.52377695,0.5225225,0.5149894,0.5472098,0.56388146,0.53881353,0.57197624,0.5963572,0.53334975,0.56268716,0.5567784,0.5491564,0.618017,0.58670294,0.5460265,0.5250387,0.6035446,0.6366217,0.5598082,0.70918584,0.6421803,0.6179081,0.71730417,0.6424249,0.6818832,0.5661659,0.5204295,0.5233318,0.5331334,0.5572542,0.52647924,0.56031394,0.5046154,0.5187152,0.49870068,0.52069026,0.6410633,0.5331694,0.5420524,0.5243269,0.60854554,0.62702537,0.5782051,0.6267986,0.5520527,0.64080495,0.55762964,0.54683244,0.5026572,0.48941308,0.61408395,0.6444992,0.5472872,0.6496346,0.6591629,0.6008644,0.6672774,0.6904413,0.71189123,0.64955336,0.6902416,0.65933937,0.62209123,0.4976237,0.5491622,0.6009613,0.62920964,0.5103087,0.5626383,0.46977305,0.54562724,0.47000015,0.55144453,0.48217508,0.48848292,0.53208977,0.65739214,0.65175515,0.6166374,0.63586825,0.52386,0.50847316,0.53312516,0.56995445,0.47685516,0.56641334,0.5507073,0.6217101,0.5789825,0.6224253,0.60374707,0.58902824,0.5907475,0.6334098,0.6012075,0.5507304,0.64582443,0.46602973,0.48054606,0.559305,0.45530963,0.5617223,0.52511376,0.53701264,0.6004678,0.6344925,0.625199,0.5483299,0.5409318,0.5815205,0.54810864,0.56105393,0.607275,0.6612943,0.6429553,0.59448236,0.56091154,0.6581238,0.59744114,0.65106696,0.60916686,0.7482508,0.5690465,0.5516003,0.53672475,0.5053916,0.5268378,0.5599695,0.6033078,0.5719461,0.6212721,0.5408578,0.54631644,0.48733804,0.5249749,0.503693,0.61166155,0.5075203,0.59563136,0.71241665,0.6844034,0.53187835,0.55951303,0.5366586,0.58780897,0.60777193,0.615404,0.549401,0.5514866,0.5516845,0.69170314,0.5700504,0.574578,0.5735145,0.63333,0.50489056,0.5180044,0.6171475,0.45164353,0.59524256,0.51918215,0.544419,0.6211376,0.6234397,0.6782269,0.7297795,0.63490814,0.5833952,0.49623737,0.519521,0.45116216,0.5871249,0.5654762,0.4859137,0.48560327,0.5189896,0.52619165,0.5771276,0.5614278,0.49765274,0.5411797,0.5496009,0.5007392,0.5548326,0.5463195,0.5306862,0.6065169,0.59706074,0.51981115,0.54378796,0.612588,0.5519674,0.60036236,0.5769753,0.52660626,0.5184642,0.57039523,0.6098143,0.55824786,0.7590124,0.64405406,0.6395565,0.76548624,0.5915442,0.69193643,0.5520552,0.51896125,0.5028208,0.54085195,0.5478865,0.5383062,0.5425863,0.4871875,0.49435294,0.491124,0.50016373,0.6433024,0.55749834,0.57761765,0.5440312,0.6094508,0.6148953,0.5718155,0.63001484,0.5485361,0.6488474,0.56346977,0.50432086,0.4713146,0.47126302,0.6171231,0.558034,0.5160267,0.599868,0.6780246,0.61436236,0.6311837,0.7338559,0.72709435,0.6793748,0.7465916,0.64556247,0.63986695,0.52939034,0.56926423,0.58317614,0.6278769,0.51958144,0.559321,0.49597883,0.55764353,0.4784988,0.5464742,0.50882864,0.52932006,0.5005775,0.56094533,0.711878,0.52898353,0.6258177,0.5152624,0.50861835,0.56448233,0.5912915,0.4903084,0.57644194,0.51632816,0.63207924,0.57838434,0.6122013,0.5792231,0.5690569,0.5816701,0.62556314,0.58196175,0.5515542,0.65112734,0.47730964,0.48170447,0.5481276,0.46612737,0.5613319,0.5228284,0.54449993,0.5715678,0.6628979,0.62943184,0.5659338,0.5737732,0.5858191,0.55399054,0.5578845,0.62481844,0.656938,0.67807496,0.56877625,0.5771433,0.65233064,0.59477395,0.6779551,0.6152022,0.64464605,0.5733917,0.54396164,0.56052333,0.5418418,0.5472085,0.6098996,0.58352727,0.5860568,0.61403066,0.52785903,0.53539306,0.49605057,0.5295665,0.5166397,0.6506707,0.5245167,0.587518,0.74029523,0.6684253,0.52776706,0.5336575,0.56175673,0.58650005,0.5821312,0.61641294,0.5507256,0.5598343,0.53857803,0.6830919,0.5579385,0.5728446,0.58638114,0.6606262,0.48879534,0.5507841,0.59635675,0.48240432,0.56107247,0.5493613,0.5334648,0.61570334,0.61277866,0.69278806,0.7050786,0.56536,0.5561142,0.49258465,0.51390827,0.52628356,0.52248174,0.5563957,0.5662112,0.52864033,0.5246422,0.5425176,0.54128397,0.5296086,0.5377094,0.58411837,0.57243323,0.5331324,0.5362305,0.54639095,0.5438603,0.5284347,0.52194214,0.5263279
114,0.44078645,0.60404605,0.5659353,0.48644438,0.49032816,0.50812405,0.53427935,0.58365816,0.570716,0.46463552,0.5127274,0.51170284,0.49952504,0.53380114,0.5498183,0.50209254,0.5407643,0.60288095,0.4952472,0.50320345,0.52029204,0.53933054,0.6103895,0.584427,0.54825675,0.5217186,0.616254,0.6513632,0.5761041,0.7140501,0.6363333,0.62307286,0.7095308,0.6417498,0.68446976,0.57630986,0.54757077,0.5449616,0.56253254,0.58195496,0.55195254,0.6120122,0.5210828,0.5499165,0.5356693,0.55250126,0.6873577,0.48101053,0.51141804,0.5423593,0.63583666,0.6650906,0.5861049,0.6660223,0.5814623,0.67975897,0.57705426,0.5635491,0.5118029,0.4999451,0.6166426,0.6546183,0.5538562,0.6572364,0.65423167,0.5930878,0.6825769,0.7030181,0.724753,0.67073536,0.7096698,0.6688502,0.6270601,0.49417937,0.5426463,0.60907054,0.6494569,0.5365958,0.5610243,0.46625882,0.5367443,0.4701987,0.5641913,0.49904415,0.4935653,0.53116685,0.6680307,0.6563041,0.6279484,0.6465084,0.5244024,0.51135755,0.5381031,0.57002366,0.4717524,0.5982816,0.56264454,0.6439857,0.60325706,0.6481325,0.64814067,0.60627055,0.61082906,0.6451565,0.6493926,0.5735383,0.66840845,0.46794748,0.48555514,0.569311,0.44718793,0.5610689,0.5621149,0.55108684,0.64934283,0.6929721,0.66387874,0.54662794,0.5349267,0.5910517,0.54584527,0.5728889,0.61133677,0.68165493,0.65807223,0.59107274,0.57015616,0.66881657,0.60184973,0.6635018,0.61889863,0.7655288,0.5800965,0.5575408,0.54087746,0.5087956,0.54907525,0.5624868,0.6115062,0.59919745,0.6356957,0.536072,0.55699825,0.48794317,0.5356011,0.48956683,0.68319386,0.5460834,0.61069983,0.72294986,0.6937807,0.51335716,0.5569156,0.5284324,0.5950658,0.5880356,0.6109855,0.4899969,0.5130423,0.5416174,0.6934337,0.5759169,0.5813008,0.57365054,0.6489917,0.50449103,0.53657943,0.63426983,0.43619904,0.58664674,0.53603405,0.54277205,0.6294274,0.63194126,0.6987859,0.7390759,0.6534853,0.59399015,0.49275547,0.5189757,0.43966922,0.57545173,0.5661128,0.47941545,0.47472966,0.49863496,0.50492716,0.58882517,0.5747671,0.4832761,0.52402294,0.5431796,0.47160995,0.5364008,0.53157794,0.5039313,0.5556417,0.59833676,0.47103384,0.48023063,0.5895379,0.51180875,0.5981218,0.57148707,0.53204656,0.51061934,0.57456607,0.6122535,0.576609,0.7684259,0.6425426,0.6431097,0.768091,0.5918252,0.6887864,0.57291627,0.5395163,0.523836,0.57649505,0.5767507,0.5665953,0.5918761,0.50668377,0.5212578,0.52262825,0.500743,0.7007828,0.5203427,0.5737477,0.526059,0.63902277,0.65628505,0.58407795,0.6837005,0.5810922,0.6887434,0.58712184,0.5121483,0.47556105,0.481104,0.6150636,0.5627548,0.5120943,0.59561414,0.67037356,0.6123924,0.64355844,0.7451647,0.7375802,0.6906273,0.7561918,0.65483326,0.64092964,0.5252332,0.55506396,0.57714534,0.63881266,0.53689116,0.56358886,0.4771893,0.5518104,0.4747435,0.5513661,0.5201581,0.5365032,0.49463886,0.5621395,0.7172883,0.530394,0.635718,0.51007867,0.50555193,0.5716248,0.58545876,0.47760323,0.60446954,0.52573866,0.6510456,0.6051795,0.6416466,0.61737484,0.5920455,0.5989329,0.64435303,0.63782847,0.56898427,0.6756578,0.4758551,0.47649756,0.5568375,0.4558373,0.55658585,0.5503573,0.5612657,0.6121011,0.7135033,0.66113615,0.57087654,0.5814798,0.60036147,0.5565254,0.5605777,0.62639225,0.6738685,0.69847864,0.5608596,0.56528336,0.65374917,0.5977744,0.6894355,0.6187042,0.6481354,0.57610464,0.54664975,0.5629797,0.53858244,0.5567607,0.5850629,0.5818615,0.5962988,0.60864383,0.5146468,0.53329355,0.5081197,0.5359696,0.4873303,0.715954,0.5552633,0.59956837,0.7483724,0.67807007,0.51115817,0.5243442,0.5331056,0.5881287,0.5604436,0.6185922,0.48689485,0.52473867,0.5096456,0.6739663,0.5604185,0.5596475,0.59201247,0.6730987,0.48832938,0.5680187,0.62006706,0.4620615,0.5692744,0.5552655,0.5379633,0.6235109,0.6159682,0.7171051,0.7130338,0.56582785,0.56618583,0.4875237,0.50220925,0.525562,0.5291277,0.55908847,0.5720118,0.5270656,0.52474314,0.5422604,0.54196364,0.52528495,0.5407225,0.59617645,0.5841076,0.53831494,0.5401313,0.55439776,0.55178255,0.52930796,0.5231628,0.5260438
115,0.445875,0.5997986,0.5636362,0.49207383,0.49791986,0.5062481,0.5285319,0.5852991,0.5787674,0.458613,0.50889003,0.50198233,0.49287358,0.52475876,0.5370675,0.4750497,0.5184552,0.6052548,0.4703288,0.45769542,0.49352974,0.5366707,0.60003823,0.58714217,0.5510839,0.51976323,0.6243712,0.6578095,0.58488363,0.7044809,0.61860543,0.6291827,0.687824,0.63640684,0.68126434,0.5860417,0.58132094,0.5710005,0.5954465,0.60893065,0.5846028,0.6642002,0.54295194,0.5818416,0.57566375,0.57771647,0.72361284,0.44119602,0.4884612,0.5618101,0.6560192,0.69638467,0.59021217,0.69996613,0.61174345,0.70787805,0.5979817,0.57825136,0.5310609,0.52022845,0.6152735,0.66019887,0.562457,0.6562505,0.6410313,0.5864781,0.6884049,0.70276725,0.7296231,0.68424433,0.7181512,0.6666936,0.6281837,0.49402967,0.53790545,0.61689925,0.6609709,0.5618736,0.5599076,0.4666225,0.53016627,0.4746,0.57148635,0.5217634,0.5008193,0.5358276,0.67175984,0.65398276,0.6342118,0.6536136,0.530014,0.5164116,0.5426656,0.5732011,0.4722213,0.6263222,0.57125854,0.6549817,0.62539935,0.66508764,0.6884139,0.6212107,0.6313727,0.6515216,0.6934837,0.59621066,0.6827984,0.47814485,0.50054723,0.57820475,0.45258808,0.5660892,0.60100377,0.5707763,0.6897499,0.7380387,0.6919028,0.545794,0.52896583,0.5983255,0.5435359,0.58195084,0.61042994,0.6933262,0.66129565,0.58067244,0.5759574,0.6684571,0.59922767,0.66888374,0.62375945,0.76982087,0.5880189,0.56354195,0.5434499,0.5154903,0.56984407,0.56603956,0.6148128,0.6245463,0.6439177,0.53255445,0.56496716,0.490794,0.54307795,0.48204583,0.7402156,0.5859771,0.6200993,0.7209661,0.6880463,0.5004425,0.5556506,0.5259172,0.592538,0.56920636,0.6092355,0.44587356,0.48357776,0.53461844,0.68947387,0.5791927,0.58915436,0.5692597,0.65582573,0.50715864,0.56274194,0.6429882,0.43364233,0.57666135,0.5505122,0.5413343,0.63751733,0.6386401,0.7065397,0.73343074,0.66578835,0.6050055,0.49751905,0.5301493,0.44340232,0.5687458,0.56356585,0.48248813,0.47687772,0.49208158,0.4966331,0.5961828,0.5857886,0.4808388,0.51329297,0.5359182,0.45359844,0.52253824,0.52144796,0.48649737,0.51232344,0.598519,0.44027963,0.43162134,0.5723914,0.4856442,0.59611994,0.57298154,0.5457215,0.5091504,0.57771087,0.6129982,0.58940995,0.76463836,0.62937737,0.6467112,0.75586134,0.59192973,0.679744,0.5910435,0.5664025,0.5507975,0.61391336,0.605525,0.5993723,0.64378285,0.5312915,0.5551194,0.5588026,0.5043646,0.7460951,0.49197993,0.57632774,0.5134226,0.66107655,0.6915428,0.5922792,0.7279104,0.6157498,0.71659154,0.61258996,0.52414316,0.4899959,0.50250083,0.6129354,0.57436657,0.5185699,0.5921135,0.65477437,0.6090533,0.6550894,0.74573916,0.74109936,0.69790155,0.75822634,0.6591333,0.64171636,0.52998924,0.54480255,0.5778289,0.6468133,0.5565412,0.5680519,0.4688975,0.54936963,0.4791811,0.5574103,0.53771424,0.54791397,0.5011294,0.56743044,0.71376336,0.54176295,0.64631295,0.5165992,0.5075201,0.57790834,0.58401126,0.47270066,0.63090134,0.53864264,0.6650798,0.62823546,0.66083354,0.65467644,0.6165442,0.6204955,0.65915716,0.6880289,0.58671826,0.69167805,0.4832112,0.4820895,0.56498325,0.46202025,0.55793595,0.5824761,0.58167183,0.6491585,0.7502788,0.68481773,0.5721565,0.5876924,0.6109044,0.5591259,0.5611579,0.62467843,0.6838083,0.7056308,0.5502411,0.55494946,0.6483647,0.5977002,0.69761044,0.6172461,0.64591175,0.5805123,0.5504223,0.5629116,0.5392432,0.56862533,0.5643857,0.5783795,0.60664177,0.6030677,0.5054692,0.5329622,0.52301824,0.5434297,0.46786353,0.7637165,0.5890638,0.61159366,0.74669427,0.67873555,0.5010592,0.51832086,0.5133787,0.58164465,0.54546595,0.6240144,0.43908444,0.49769515,0.48906505,0.660248,0.55896837,0.5515932,0.59167737,0.6763364,0.48858753,0.5892482,0.6401967,0.4564347,0.5795653,0.56522954,0.54192585,0.6317715,0.62057,0.7292711,0.7116088,0.5687275,0.57516134,0.49514115,0.5010241,0.52511865,0.5372567,0.5572468,0.57325,0.5294784,0.5287375,0.544476,0.5443822,0.5231037,0.5447378,0.6038945,0.5927181,0.5434285,0.54313505,0.5655715,0.56317484,0.53359747,0.5284517,0.52866995
116,0.46390748,0.6003563,0.5621117,0.5055273,0.5135402,0.5135747,0.5300636,0.5856612,0.5877021,0.46491227,0.5138378,0.49709976,0.49633774,0.52238244,0.52857155,0.4626399,0.5071288,0.6036094,0.46130985,0.43264708,0.48082265,0.54165024,0.5910679,0.5960675,0.5560084,0.5217903,0.6282918,0.65603095,0.5860947,0.68251735,0.592068,0.63641495,0.6545383,0.62717617,0.67405933,0.59931326,0.6197731,0.59816664,0.63151586,0.636322,0.6229198,0.71132797,0.56929654,0.6119037,0.6146481,0.59467435,0.74685955,0.4196414,0.47672144,0.5800072,0.66728866,0.71741897,0.5930284,0.7236957,0.64169997,0.72265327,0.61888915,0.58747554,0.55861396,0.54984045,0.6103205,0.66126376,0.5711688,0.64764524,0.62162185,0.58098024,0.68456745,0.6899463,0.72786665,0.68937916,0.7162475,0.6539745,0.62582475,0.49635077,0.53538895,0.62335455,0.6617972,0.5827022,0.5596865,0.4695,0.5261501,0.48114637,0.5718258,0.5488182,0.50947154,0.54791194,0.66946936,0.6453672,0.6343647,0.65669215,0.5396103,0.5216018,0.54603416,0.5790852,0.47811565,0.64788973,0.5749669,0.65351945,0.6455937,0.6724355,0.72006154,0.63409007,0.65090394,0.65452224,0.7302174,0.6160121,0.6877152,0.49821854,0.5253472,0.5850976,0.4703636,0.5757737,0.63929474,0.5961251,0.7165844,0.765736,0.70666987,0.54625064,0.5228375,0.60224676,0.54239655,0.58623534,0.6055329,0.6963902,0.65329844,0.5648186,0.5771261,0.65806085,0.5918663,0.6668093,0.6235555,0.76176727,0.59049904,0.5681891,0.5438858,0.5236086,0.58567417,0.5693466,0.6137865,0.6458598,0.6464545,0.532018,0.56954426,0.49524766,0.54576397,0.48110828,0.77806205,0.62265146,0.62265164,0.70750976,0.66782266,0.49707684,0.55631423,0.5280919,0.58023924,0.55610704,0.6105527,0.42222375,0.46836123,0.53138804,0.681131,0.5795663,0.5952612,0.56112635,0.6530073,0.511538,0.59258246,0.64404887,0.4443658,0.56690246,0.5596081,0.54111385,0.6456862,0.6440071,0.70173633,0.7139535,0.6693393,0.61447376,0.51083785,0.5525696,0.46168327,0.57051635,0.55991006,0.4948218,0.4918545,0.5000412,0.5011429,0.60141283,0.5957913,0.49311188,0.511199,0.5305884,0.44985452,0.5166585,0.51822317,0.48164153,0.48351866,0.5981122,0.4316869,0.40535924,0.5654799,0.47866505,0.59757596,0.58251446,0.5675992,0.5158026,0.58009094,0.6129455,0.5955905,0.7485717,0.606809,0.6500169,0.7302099,0.590847,0.6664531,0.6097278,0.5994082,0.5812579,0.6532082,0.6324162,0.634696,0.69239956,0.5599743,0.5926748,0.596562,0.51342434,0.7761368,0.47744885,0.58544147,0.50904006,0.67398757,0.7168884,0.59829736,0.7570565,0.65100574,0.73054826,0.6378625,0.5374563,0.5143596,0.5351203,0.61157405,0.59065384,0.5328584,0.5903322,0.6330998,0.6039973,0.66369635,0.73566246,0.73787546,0.7000352,0.75354314,0.65811247,0.6415345,0.5414235,0.5402023,0.583005,0.6501161,0.5763958,0.57148314,0.47149652,0.54860973,0.49057844,0.56348443,0.56011635,0.5621169,0.52137613,0.5763979,0.7010209,0.56140196,0.65563506,0.53313494,0.5123899,0.58151376,0.58659816,0.47615612,0.65398437,0.55168366,0.67231464,0.64783585,0.6687776,0.68679655,0.64173096,0.6454065,0.67083055,0.7282769,0.60313576,0.6973629,0.50088686,0.49878097,0.5709283,0.4829916,0.56625134,0.61773056,0.6053385,0.6777637,0.77049667,0.698758,0.56943494,0.5921956,0.6163394,0.5617354,0.5588352,0.61985654,0.6870566,0.69929075,0.5387154,0.5478712,0.63649935,0.5952556,0.7009326,0.6106681,0.6380201,0.5849489,0.55423844,0.5601205,0.5441235,0.5820294,0.5515221,0.57415456,0.6171368,0.60020465,0.5026002,0.5349561,0.5383086,0.5498381,0.46055365,0.7920153,0.6225314,0.62166727,0.73532593,0.67037797,0.50022393,0.51662517,0.50515443,0.5683495,0.54223245,0.6332853,0.41364557,0.4839927,0.47908184,0.64381367,0.5543242,0.5493268,0.5849812,0.66932094,0.48838317,0.61219215,0.65561783,0.46493793,0.5904297,0.57690036,0.5442418,0.64062035,0.6271477,0.72917765,0.6998476,0.5724834,0.58172,0.5143904,0.5108058,0.52522886,0.54575336,0.5517627,0.56998503,0.5354811,0.53624547,0.5496603,0.54900926,0.5233452,0.54912513,0.60631716,0.5974449,0.5478383,0.54466724,0.5785096,0.5767408,0.5408565,0.5372251,0.53429335
117,0.49132156,0.605073,0.56302816,0.5241598,0.53336614,0.52654237,0.53572345,0.5875624,0.598537,0.48172185,0.5262254,0.49982196,0.50858754,0.525889,0.52465075,0.46505088,0.5042578,0.598339,0.46592936,0.42730647,0.48121917,0.5515839,0.5850199,0.61076826,0.56420815,0.5297507,0.6288022,0.6477968,0.580696,0.65175956,0.5606845,0.6446415,0.6131991,0.61486673,0.66387933,0.6184253,0.65922916,0.6233362,0.6692277,0.6620784,0.6634431,0.74935484,0.5975741,0.63794154,0.6484859,0.60293317,0.7566374,0.41602382,0.4751015,0.5929209,0.66981864,0.7267411,0.59710664,0.7348185,0.66971457,0.72386336,0.63869494,0.5899331,0.5904221,0.5854162,0.60234505,0.657792,0.57863075,0.63289803,0.5981741,0.5754743,0.672755,0.6665321,0.72083825,0.6872792,0.7057189,0.63287926,0.62054086,0.50033855,0.53578204,0.62783927,0.652794,0.5963188,0.5611796,0.47295085,0.52457297,0.48798564,0.5655814,0.57689214,0.51871455,0.5658734,0.6632285,0.63210315,0.6287116,0.6561835,0.55093586,0.52590245,0.5479688,0.58644944,0.48732296,0.66132975,0.573208,0.64111227,0.6639208,0.6714625,0.7408526,0.645395,0.66813964,0.6565621,0.7578271,0.6309145,0.6839845,0.52655035,0.5567808,0.5892987,0.4962977,0.58739746,0.6738654,0.62489825,0.7278172,0.7752548,0.706603,0.5476333,0.5171931,0.60258347,0.5437579,0.5849698,0.5985534,0.6929706,0.63739145,0.5463278,0.5734274,0.64065844,0.5833644,0.6587282,0.6193268,0.7434484,0.5868953,0.570579,0.54225945,0.53057086,0.59429264,0.5700436,0.61004764,0.6613705,0.64420813,0.53471035,0.57058704,0.4999267,0.5428423,0.4839946,0.7973205,0.6521642,0.6193377,0.68545514,0.6359443,0.504386,0.5589311,0.53273296,0.56038207,0.5494878,0.6120446,0.4176309,0.46773827,0.53120536,0.66959125,0.57756495,0.5971244,0.5507882,0.64163554,0.5160775,0.62149024,0.6396129,0.4654182,0.5574435,0.5629323,0.5432617,0.65413225,0.6490681,0.6869896,0.683548,0.6642315,0.62114704,0.5303378,0.5820074,0.49085557,0.57916015,0.5575095,0.513664,0.5158135,0.51860505,0.5145193,0.6067188,0.6063905,0.51783454,0.5163758,0.52952504,0.45961025,0.5186682,0.5212414,0.48843107,0.469194,0.5966006,0.44249514,0.40037388,0.5680102,0.48920617,0.60240406,0.59874433,0.59464806,0.530746,0.58169764,0.61252004,0.5948723,0.72269595,0.5784818,0.6529207,0.69406193,0.5878178,0.65060717,0.63151383,0.6359661,0.611635,0.693286,0.6561098,0.6696427,0.73275036,0.59003055,0.62903196,0.63120836,0.52659833,0.7908252,0.4764889,0.5981727,0.51102513,0.6781999,0.73079216,0.6044561,0.76967,0.68444604,0.7309814,0.66087615,0.54965657,0.5455888,0.5746502,0.6104461,0.60858005,0.55139303,0.5899624,0.6074148,0.59639615,0.6685033,0.7164295,0.72878206,0.697229,0.7435859,0.65258765,0.6398537,0.556633,0.542073,0.5900874,0.64864844,0.5932036,0.5733924,0.481825,0.5478034,0.5056303,0.56869096,0.58398336,0.57719815,0.5520787,0.5882015,0.67993665,0.585157,0.66192245,0.55559593,0.51811635,0.5816436,0.59157366,0.48572,0.6711606,0.5621534,0.67329836,0.664287,0.66711515,0.71103567,0.6664169,0.67109865,0.6804642,0.7568611,0.61670727,0.6932157,0.52673995,0.5237198,0.57384384,0.5136902,0.579503,0.65256053,0.6302259,0.6948839,0.77369046,0.70095116,0.563572,0.59518164,0.61696726,0.5647751,0.55352694,0.61274934,0.6852463,0.68152285,0.5279289,0.5439342,0.6200885,0.59205866,0.69949806,0.60007757,0.6258553,0.5878155,0.557392,0.5549349,0.55104595,0.5942738,0.54565114,0.57025087,0.6264239,0.59996086,0.50619686,0.5380281,0.5513134,0.55330366,0.46280485,0.8024464,0.65142226,0.62942874,0.7159027,0.6549063,0.508917,0.5191209,0.50690293,0.55025977,0.55017674,0.6430436,0.40907902,0.48402187,0.47868025,0.6262357,0.5479004,0.55107445,0.57306033,0.65328115,0.487469,0.6340725,0.66629875,0.4836111,0.6002847,0.58887374,0.54439,0.65022224,0.6357242,0.71879137,0.67897123,0.57579184,0.5853441,0.54092973,0.5286032,0.5256093,0.55321026,0.5445739,0.5633086,0.5435393,0.54575264,0.55702806,0.5552896,0.5256826,0.5532328,0.6038349,0.59845275,0.55118954,0.54487556,0.5911022,0.59019923,0.54964954,0.54778224,0.54231215
118,0.52311,0.6104252,0.56632525,0.54424113,0.5528561,0.5404562,0.5411933,0.5919478,0.6107002,0.50432754,0.5418082,0.5105794,0.52579224,0.5330774,0.5246867,0.4780333,0.5048423,0.5893836,0.4785702,0.4360396,0.48948866,0.5618154,0.58049244,0.62874967,0.57572633,0.5440395,0.6271485,0.6356755,0.5709128,0.61730295,0.5283232,0.6535093,0.5685663,0.60084754,0.6516215,0.6425475,0.6953138,0.64424205,0.70589906,0.6839964,0.7016317,0.776935,0.62389827,0.65829164,0.6744504,0.6034,0.75406677,0.4253027,0.47929016,0.59752524,0.66486573,0.72462994,0.6032351,0.73322046,0.69373846,0.7123681,0.65624785,0.58620185,0.62150615,0.6215708,0.59187806,0.64973754,0.5843623,0.61351186,0.5723376,0.5684489,0.65614873,0.63588655,0.70953566,0.6802391,0.68910265,0.60613465,0.6132156,0.505404,0.5397523,0.63040876,0.63696176,0.6011463,0.5651943,0.47506934,0.525063,0.49402338,0.5547512,0.60200524,0.52783364,0.5859312,0.65549386,0.6163792,0.6189334,0.6535232,0.5619083,0.52892256,0.54871917,0.59375256,0.49720088,0.66604334,0.5669208,0.6211515,0.6794904,0.6640652,0.75062096,0.6549711,0.6819802,0.65870386,0.7759648,0.6397726,0.67353845,0.5583326,0.58927584,0.59036046,0.5245239,0.5977525,0.7015073,0.65298927,0.72355705,0.7673732,0.69132376,0.5488678,0.51310575,0.5995971,0.54776335,0.5786398,0.5913837,0.68559986,0.61783385,0.5277357,0.56514144,0.62003416,0.5770159,0.64764136,0.6128038,0.71814185,0.57861745,0.5707244,0.53911316,0.53420895,0.59549767,0.5659294,0.6049348,0.66991705,0.638179,0.53940165,0.5685477,0.50404996,0.5356673,0.48730382,0.800668,0.6722335,0.61282504,0.6592738,0.59767044,0.51995546,0.56238353,0.5368588,0.53617686,0.54612935,0.6094962,0.42649373,0.47772932,0.5320179,0.6566457,0.5744583,0.59312755,0.5397026,0.62392175,0.51994133,0.64569265,0.6317502,0.49155152,0.5479477,0.562171,0.54840463,0.66214794,0.6542833,0.6660331,0.6465915,0.6527719,0.62456524,0.5520058,0.6121322,0.52525896,0.58926386,0.55720866,0.5347012,0.54273385,0.54110044,0.53060657,0.6126766,0.6179698,0.54832906,0.5243326,0.53331137,0.4784608,0.5262459,0.5284628,0.50225914,0.4642229,0.5924116,0.46513215,0.41027775,0.57485217,0.5101167,0.6073695,0.6181604,0.6218014,0.5521124,0.5824564,0.61135095,0.5879128,0.69088155,0.548287,0.6555613,0.6519284,0.58292615,0.6339888,0.6563383,0.6717514,0.6383212,0.73151237,0.67538655,0.70083404,0.7624776,0.6176061,0.6591552,0.65869176,0.54015297,0.7916519,0.48433632,0.6101155,0.5146413,0.67517614,0.73350656,0.611648,0.766919,0.7130908,0.7191581,0.67972565,0.5590084,0.57858557,0.61407167,0.6081142,0.6248294,0.5704435,0.5896179,0.5792501,0.58517104,0.6694611,0.6904265,0.71475995,0.69025165,0.729923,0.6437177,0.6363924,0.57247174,0.5498306,0.5965835,0.64347696,0.6034732,0.5739278,0.49440375,0.5455675,0.5200785,0.5724364,0.605117,0.5914103,0.5866765,0.60095453,0.6522945,0.60830516,0.664446,0.5792385,0.5229625,0.5786468,0.59656906,0.4976994,0.67994106,0.56869346,0.6696929,0.67704916,0.65834564,0.7265015,0.68883723,0.6943191,0.6882638,0.7740464,0.62586755,0.681347,0.55543065,0.551379,0.5736679,0.547051,0.5937549,0.6823697,0.65280986,0.69923794,0.7603337,0.6898616,0.5560579,0.596689,0.6136524,0.5680363,0.5457277,0.6045942,0.6801441,0.65598196,0.5184078,0.54121524,0.60184026,0.5897384,0.69463867,0.58726984,0.61136615,0.5881807,0.5596433,0.54797083,0.5562159,0.6022209,0.54256725,0.56705177,0.6321307,0.5996177,0.5142405,0.540066,0.56002975,0.5533557,0.469277,0.79727376,0.6721651,0.63540894,0.69118875,0.63541067,0.5244794,0.5240631,0.5138846,0.5292802,0.56391025,0.6482201,0.4189784,0.4937907,0.48411125,0.6091701,0.54122764,0.5533538,0.558006,0.63092077,0.48667514,0.6521363,0.672413,0.5064748,0.60772854,0.60025316,0.54255486,0.6599707,0.6453358,0.70102817,0.6521397,0.57797843,0.58621895,0.5688327,0.5493938,0.52571756,0.5584036,0.5376806,0.55481267,0.55165535,0.5552195,0.56499887,0.56213456,0.5293516,0.55658484,0.59759957,0.59630775,0.5535947,0.54431814,0.6012033,0.60111415,0.5583283,0.5580917,0.551545
119,0.5529569,0.61247283,0.5700788,0.5616432,0.5679216,0.55087775,0.5426937,0.59731305,0.6218352,0.526702,0.5552613,0.5272807,0.54258376,0.5415467,0.52821815,0.4945551,0.50419253,0.5766399,0.49217206,0.45062482,0.49852604,0.56782824,0.574697,0.6460504,0.5896823,0.5628422,0.6247681,0.6227968,0.56017894,0.58454853,0.49742636,0.6616537,0.5252591,0.58645105,0.638266,0.6674588,0.7242228,0.65942216,0.7378221,0.69991076,0.7329797,0.7949148,0.64449406,0.6719591,0.69190335,0.59860253,0.74190086,0.43981412,0.4840241,0.5939272,0.65459067,0.71335477,0.609948,0.7210671,0.7116783,0.69078946,0.6698974,0.5777331,0.6470368,0.65257907,0.57881093,0.63666016,0.5882356,0.59044653,0.54462576,0.5579272,0.6383791,0.6019518,0.6944303,0.6706623,0.6691718,0.5760824,0.6051463,0.510977,0.5472882,0.6314244,0.6184249,0.5977374,0.5716932,0.47474697,0.5270416,0.49887252,0.5422034,0.6211775,0.53639865,0.60394764,0.6482211,0.6000471,0.6076084,0.65053385,0.5712317,0.5299537,0.54873747,0.59926367,0.5061823,0.662863,0.55833954,0.5975914,0.6908716,0.65238196,0.7510983,0.6618749,0.6918245,0.66049075,0.7857427,0.64256483,0.6592807,0.58754396,0.61697096,0.58832663,0.54936665,0.60408574,0.7202825,0.6761398,0.70628905,0.7450465,0.663555,0.5483609,0.51071066,0.59347135,0.55218333,0.5685758,0.5855346,0.67675585,0.5990724,0.5099773,0.5527819,0.60004914,0.57497084,0.63701504,0.6057634,0.68976563,0.56820565,0.569419,0.5351221,0.53354007,0.5912335,0.55641204,0.5994271,0.67184544,0.629395,0.5439161,0.56434095,0.5082049,0.5277257,0.48885837,0.79204756,0.68296736,0.60620886,0.63389957,0.55948645,0.5385863,0.5646784,0.53776777,0.5105076,0.5416173,0.6004842,0.44092625,0.49171403,0.53131926,0.64456314,0.5712093,0.58310467,0.52841115,0.6024661,0.52292514,0.66318005,0.6220794,0.5169817,0.5387821,0.55962145,0.5563353,0.6684401,0.659311,0.6434561,0.60814357,0.63837725,0.62525976,0.5711548,0.63663507,0.5576746,0.59528804,0.55775386,0.5530667,0.56614685,0.56044406,0.5430684,0.61792374,0.6289729,0.5764024,0.5299881,0.54069877,0.49946257,0.5362085,0.5381117,0.5167006,0.4620426,0.5842443,0.48960146,0.42600298,0.57963306,0.5316457,0.6085902,0.636305,0.6444525,0.575944,0.582532,0.6090944,0.5773541,0.6577708,0.51911,0.65749544,0.6085949,0.5765369,0.6181212,0.6809269,0.70198494,0.6587721,0.7640761,0.68893623,0.7251839,0.7818331,0.63929695,0.67990166,0.67742306,0.55081666,0.78160083,0.49413234,0.6173815,0.5158182,0.6670374,0.72702914,0.61871725,0.75210196,0.7342929,0.69787896,0.6929229,0.5643082,0.6077904,0.6466719,0.60250705,0.6361402,0.5867467,0.5871951,0.54899484,0.5692247,0.66695297,0.6605803,0.69648844,0.679776,0.7138389,0.6323109,0.63142854,0.5861146,0.56132674,0.6002856,0.63631713,0.6056482,0.5741353,0.50427413,0.54113454,0.5303865,0.57489175,0.6205384,0.60400856,0.61808205,0.61177146,0.6205658,0.6273416,0.66386455,0.6002739,0.52542174,0.5737291,0.5988975,0.50923604,0.67967546,0.57163405,0.663283,0.68523294,0.6453935,0.73385996,0.70677745,0.7125908,0.69362235,0.78174865,0.6296972,0.66528773,0.5810834,0.5756727,0.57080114,0.57613677,0.6047411,0.7037466,0.66986674,0.6919088,0.73305464,0.6668715,0.5481436,0.596159,0.60707647,0.5699024,0.5363511,0.59685415,0.67359257,0.62795645,0.50927293,0.53693575,0.5845359,0.5896088,0.68813163,0.57400227,0.5960635,0.58589214,0.56098866,0.53994757,0.55650485,0.60448706,0.5376185,0.5647746,0.6327793,0.59610385,0.52336943,0.53966737,0.56461906,0.55167335,0.47492704,0.7797258,0.6836339,0.6403492,0.66441905,0.6153432,0.54188025,0.5286057,0.5203295,0.5070546,0.57636523,0.64564574,0.4345349,0.50681895,0.49036303,0.59463596,0.5354665,0.5525695,0.5417704,0.6053604,0.4870898,0.6644903,0.67431504,0.5276805,0.6121016,0.61016977,0.539493,0.66844,0.6544539,0.6799159,0.62339056,0.57877,0.58540976,0.59239334,0.5673077,0.5249205,0.5606501,0.5323496,0.5460843,0.5578138,0.5625462,0.5718591,0.5682855,0.53314203,0.5587606,0.5887804,0.5914501,0.5554315,0.5434739,0.607291,0.6077351,0.56519717,0.5661948,0.5602429
120,0.5740238,0.6091577,0.57170826,0.57268417,0.5758547,0.5547902,0.538698,0.600783,0.62887526,0.5439088,0.56264734,0.5464254,0.5538149,0.54850477,0.53407747,0.5073011,0.4993457,0.5613971,0.5001531,0.4626648,0.50240445,0.56715095,0.56604505,0.65822965,0.6048094,0.58233947,0.622312,0.6124859,0.55170465,0.5572931,0.46899953,0.6658867,0.4864984,0.57189745,0.6241862,0.68670774,0.74288726,0.6675665,0.76044095,0.7079428,0.7536853,0.8043141,0.6573323,0.67861676,0.70118624,0.59156555,0.72446764,0.45149478,0.4847499,0.58494633,0.64202464,0.69708294,0.6145556,0.7028687,0.7216968,0.6649236,0.6776496,0.5662273,0.6629908,0.6739587,0.56250554,0.6179304,0.5897446,0.56423646,0.51514775,0.54233724,0.62218904,0.5684419,0.67574275,0.6600901,0.6482789,0.54466933,0.59783345,0.51641756,0.55735976,0.6309601,0.6011383,0.5891288,0.5796958,0.47263768,0.5299877,0.5028457,0.5308154,0.6331017,0.54406446,0.61665785,0.6422676,0.58424824,0.5968894,0.64818734,0.5780885,0.52782226,0.54830056,0.60102415,0.5139664,0.65383506,0.549979,0.57390195,0.69722646,0.6393741,0.74540067,0.6646957,0.69722795,0.6605708,0.7890842,0.64037484,0.644902,0.6095372,0.63587916,0.5838263,0.56672394,0.60438764,0.7303706,0.69137406,0.6816629,0.7147478,0.6303918,0.54469496,0.5085425,0.5843701,0.55310184,0.5565728,0.5823882,0.6684128,0.58542395,0.49275413,0.5371945,0.5845095,0.5782357,0.6291882,0.5995147,0.66191596,0.5580597,0.5676323,0.5308974,0.52910805,0.5846343,0.5428144,0.59494007,0.66923,0.61886495,0.54576737,0.55857337,0.5135667,0.5228235,0.4878399,0.77716017,0.68635404,0.6012709,0.6129509,0.52683717,0.5540999,0.56394273,0.53426063,0.4855158,0.53372455,0.58579826,0.45245904,0.5028004,0.5272601,0.6346767,0.56722033,0.5688266,0.51662034,0.57993716,0.5247188,0.6733754,0.61220276,0.537254,0.53100175,0.557001,0.56598425,0.67157346,0.6628293,0.6242634,0.5732622,0.6240841,0.62429357,0.583375,0.65065926,0.5805927,0.5947484,0.55704856,0.5646798,0.58092296,0.57131195,0.5475625,0.6202302,0.63653505,0.5959784,0.5305008,0.5499953,0.5154523,0.5448132,0.54844826,0.5259546,0.45741162,0.5728174,0.5064069,0.43838188,0.5780471,0.54514486,0.6044243,0.6488059,0.6601821,0.5973552,0.5821202,0.60631156,0.5675288,0.6276823,0.4926153,0.6567561,0.56801295,0.5682246,0.60340434,0.69974303,0.72224444,0.6713143,0.78657454,0.6954571,0.7402031,0.79186046,0.65368533,0.69086254,0.687482,0.55679536,0.7651871,0.4996362,0.61735076,0.5128949,0.6563856,0.71483636,0.62332785,0.7308929,0.7462143,0.67291814,0.6991966,0.564724,0.6286094,0.66848236,0.59142303,0.6397699,0.59805,0.5804179,0.5167938,0.54853,0.66154635,0.6301459,0.67478645,0.6663499,0.6963322,0.61870295,0.62586045,0.59572726,0.5736876,0.5996829,0.6288442,0.60160965,0.57633144,0.5097923,0.5349553,0.5351091,0.5770485,0.6294358,0.61494553,0.640982,0.6178012,0.58808726,0.6402774,0.66152596,0.6162062,0.52453035,0.5684124,0.59625053,0.5193368,0.67212844,0.5726804,0.6555047,0.68871504,0.6321063,0.7345125,0.7177679,0.72425205,0.695423,0.78280914,0.62851506,0.64923507,0.60008484,0.5924029,0.5659739,0.59603184,0.6091507,0.7158416,0.6800188,0.6771391,0.6986652,0.6378506,0.5403944,0.5925291,0.5978074,0.5680455,0.5266917,0.5912867,0.6671091,0.6040265,0.49902713,0.5286408,0.5709791,0.5927686,0.6812829,0.5617071,0.5806631,0.5813735,0.56134397,0.53167844,0.55136067,0.6021704,0.52799046,0.56450135,0.6293427,0.5881679,0.5299317,0.53638315,0.5675351,0.55117506,0.47676796,0.75577533,0.6872129,0.6444806,0.6385467,0.59746206,0.55520296,0.53020763,0.52185214,0.485265,0.58225334,0.63567597,0.446826,0.5165423,0.4931442,0.58407176,0.5308423,0.5466232,0.5256802,0.57947665,0.48909965,0.67042285,0.6727544,0.54344225,0.6135926,0.61767745,0.53631556,0.67344576,0.6609258,0.66040987,0.59648967,0.5778463,0.58446664,0.607477,0.57679135,0.5227005,0.559993,0.5290027,0.5385894,0.5604673,0.5660648,0.57616526,0.5724197,0.53553796,0.5592129,0.5783869,0.58423674,0.5569059,0.54246324,0.6088818,0.6095184,0.56847197,0.57039744,0.56626433
121,0.5813081,0.6008638,0.56950706,0.57522345,0.5758538,0.55128425,0.5302583,0.59994,0.6295178,0.5534411,0.56259555,0.56447595,0.55625033,0.5508779,0.5396556,0.51115113,0.48916805,0.54689705,0.49826494,0.4661988,0.49836528,0.55990267,0.55545056,0.6614546,0.6194178,0.59813964,0.6190672,0.6071208,0.5468558,0.5372432,0.44412783,0.6623747,0.45442376,0.5567284,0.6090638,0.69450974,0.7490566,0.6674545,0.76986367,0.70693064,0.7613137,0.80524236,0.6623662,0.6785197,0.70241535,0.5843345,0.70652527,0.45426428,0.4786943,0.5740732,0.6302207,0.68051684,0.6147299,0.6842286,0.72264415,0.64268786,0.67808133,0.55381674,0.6667695,0.6831921,0.5431058,0.59396386,0.5881875,0.53612435,0.48534966,0.52223706,0.60904664,0.53880763,0.6543617,0.6493505,0.628322,0.51473933,0.59244627,0.52137756,0.5682038,0.62878734,0.5881018,0.57983035,0.5881103,0.4711295,0.53362525,0.5069121,0.5230228,0.6376967,0.5503935,0.6219598,0.63755727,0.569977,0.58769107,0.6461815,0.58173174,0.5220396,0.5474611,0.5975176,0.5206219,0.6414674,0.54375774,0.55292475,0.69864476,0.6284431,0.7367552,0.6620748,0.6972736,0.65728545,0.78766567,0.6348047,0.6335904,0.6220754,0.64445204,0.5778278,0.57438993,0.59742343,0.73341817,0.69725543,0.65749645,0.68553823,0.60124743,0.5375584,0.5046329,0.5731258,0.547478,0.544752,0.5829963,0.6611352,0.57990384,0.47607046,0.51987183,0.5763903,0.5865467,0.6246207,0.5947318,0.637457,0.54996145,0.56594706,0.5270322,0.5227517,0.57873863,0.5276935,0.5930923,0.66470087,0.6076136,0.54292715,0.5511472,0.5206902,0.52321285,0.4840383,0.76267177,0.6848697,0.5979263,0.59801155,0.5030284,0.5614558,0.55934316,0.52693975,0.4632299,0.5234729,0.56847304,0.45445734,0.5061251,0.51930976,0.6265892,0.5606638,0.5535239,0.50428635,0.5590306,0.5247355,0.67623115,0.6036311,0.54992723,0.52567464,0.5555202,0.575523,0.66997963,0.6625095,0.61219674,0.5464386,0.611793,0.6222403,0.5856794,0.6514809,0.58876354,0.5884576,0.5538493,0.56748354,0.584516,0.57127833,0.5428687,0.6180336,0.63798994,0.604637,0.526073,0.5601382,0.5216025,0.5482708,0.5570257,0.52659315,0.4476669,0.5609902,0.5093071,0.44101092,0.56905377,0.5457349,0.5961189,0.65199184,0.66842073,0.61247474,0.58100176,0.60411775,0.5623131,0.60402054,0.47019628,0.6506717,0.5337062,0.5571877,0.5892055,0.70774686,0.72929543,0.6747081,0.79554844,0.6941188,0.74425834,0.7931078,0.6612656,0.69349134,0.689126,0.55709714,0.74748653,0.4970874,0.60866165,0.506159,0.6456459,0.7007992,0.62343425,0.7102386,0.7480189,0.6520813,0.6975523,0.56012636,0.63817716,0.67832595,0.5737423,0.6343484,0.60349596,0.5679,0.48446968,0.5253511,0.65402967,0.60268325,0.6514929,0.6511197,0.67864865,0.6035623,0.62081176,0.6009036,0.58448607,0.59469146,0.62228197,0.59580797,0.5829393,0.5125194,0.5289384,0.5351362,0.58011365,0.63242483,0.6240311,0.6525226,0.61764014,0.5592396,0.64586896,0.6584972,0.62545884,0.5206078,0.56395644,0.58784467,0.5281059,0.66049534,0.57398695,0.6475893,0.6883765,0.6226075,0.72973746,0.71971536,0.7276605,0.6923318,0.7798278,0.6236097,0.6363342,0.61145693,0.60012513,0.5602185,0.6044192,0.60530984,0.71978146,0.683544,0.66130286,0.6673134,0.6114563,0.53309643,0.58508694,0.58689624,0.56116474,0.5182871,0.5895245,0.66083544,0.5899838,0.48690537,0.5152519,0.56357175,0.5996697,0.67454356,0.5515833,0.56564367,0.5756213,0.5605699,0.52412564,0.54286414,0.59787446,0.5133457,0.56776536,0.62464607,0.5768594,0.5310478,0.5301716,0.5718775,0.5541683,0.47379786,0.73380965,0.68535596,0.64733005,0.6160382,0.5834235,0.55967706,0.52779806,0.5167201,0.46590447,0.5796103,0.62112826,0.44929698,0.51846004,0.49029177,0.5773665,0.52669585,0.535514,0.5109277,0.55596393,0.4922222,0.6700349,0.6686128,0.55236614,0.6127353,0.6222356,0.5341408,0.6723085,0.6617474,0.64663666,0.5743845,0.57493836,0.5842784,0.61204666,0.57410383,0.51900053,0.5571256,0.5276632,0.5336651,0.5591012,0.56515044,0.5770612,0.57345927,0.5352975,0.55747443,0.56764036,0.57541704,0.5578679,0.5411576,0.6064301,0.6070616,0.5667876,0.569675,0.5678042
122,0.5737864,0.5894641,0.5632633,0.5694225,0.5690599,0.54159105,0.5199491,0.5939091,0.6230534,0.55521476,0.55609536,0.5785474,0.5495211,0.5469621,0.5423579,0.5045817,0.4748522,0.5369548,0.48599848,0.45929882,0.4870739,0.5481969,0.5450935,0.65338016,0.6312008,0.6070222,0.61369,0.6068923,0.5452443,0.5245166,0.42454654,0.64908755,0.43060052,0.54134023,0.5928807,0.68808633,0.7418106,0.65884715,0.76431966,0.69696826,0.7551496,0.7975582,0.6607786,0.67260957,0.6958201,0.57817227,0.6920049,0.44615024,0.4661999,0.56470656,0.6213102,0.667443,0.6094301,0.66993517,0.7145099,0.630668,0.671207,0.54335797,0.6580105,0.6798163,0.52257395,0.5671744,0.58362746,0.50880396,0.45827803,0.50066304,0.5992503,0.51592433,0.63210684,0.6390174,0.61069953,0.48997346,0.5892535,0.52611697,0.5779002,0.62484837,0.5809422,0.5741928,0.5959707,0.47307524,0.5378705,0.5122592,0.5204261,0.635682,0.55529755,0.61910987,0.63329357,0.5581522,0.580102,0.6434608,0.581695,0.5137611,0.54627293,0.58880776,0.52645504,0.62834996,0.5408028,0.5368006,0.6953273,0.62177134,0.72736126,0.65322447,0.69070405,0.64902604,0.78221023,0.62743956,0.6265109,0.62495923,0.6431697,0.5714429,0.57255584,0.5835242,0.7311349,0.69351137,0.6409753,0.6657978,0.58413076,0.5281055,0.49819562,0.56153625,0.53507817,0.5353016,0.58706325,0.6537376,0.5825393,0.4609944,0.5032422,0.5762584,0.59789526,0.622257,0.59134966,0.6180168,0.54500955,0.5643951,0.5241402,0.5169926,0.57577807,0.5143979,0.5944109,0.6601898,0.5966117,0.5348933,0.5420573,0.5295599,0.52929866,0.47814134,0.7538011,0.6805464,0.5952295,0.5888159,0.4892743,0.55832946,0.5513618,0.5176883,0.44593158,0.51353127,0.55237937,0.44463757,0.5001169,0.50853497,0.6189941,0.5503298,0.5407367,0.49234694,0.5420592,0.5228797,0.67201495,0.5971146,0.55466574,0.5234565,0.5561944,0.5827207,0.662066,0.6558105,0.60783476,0.5301244,0.6023308,0.6187858,0.5777502,0.6391569,0.58116287,0.57878673,0.5481724,0.56189185,0.5772436,0.5608511,0.53056514,0.6111868,0.6320296,0.60284585,0.51893866,0.5702354,0.5167237,0.544508,0.561741,0.51817614,0.4332957,0.55209047,0.49697796,0.43213472,0.5540906,0.53292006,0.5861685,0.64360833,0.66943425,0.6195792,0.5786886,0.6030051,0.563505,0.58855474,0.45335624,0.6378583,0.5084161,0.54385924,0.57501,0.7025893,0.721866,0.66871154,0.7894208,0.6851363,0.7369537,0.7859385,0.6633063,0.68992823,0.68295014,0.55190974,0.7328319,0.4861348,0.5919768,0.49751857,0.6365019,0.68813336,0.6182126,0.6959675,0.7399824,0.64162916,0.68795705,0.5518404,0.63585865,0.67682445,0.5505773,0.6207014,0.6037754,0.5502987,0.45572492,0.5038231,0.645288,0.5811654,0.629179,0.63583213,0.66206026,0.5883784,0.6169709,0.60258126,0.5921679,0.5867786,0.61724097,0.5928803,0.594405,0.51497585,0.52558273,0.532907,0.58480066,0.6305439,0.6308649,0.65210646,0.61167127,0.5380935,0.6434921,0.65516895,0.6275823,0.5155104,0.56107175,0.5749717,0.5360568,0.648139,0.57723486,0.6405196,0.685128,0.61928076,0.72057587,0.711668,0.7212048,0.6831652,0.7743,0.6166293,0.6273695,0.6157512,0.59969693,0.5547349,0.6017596,0.5935422,0.7171822,0.681231,0.6502759,0.6482265,0.5954425,0.5267412,0.57436264,0.57599646,0.5500669,0.5125803,0.5918083,0.6533085,0.5879147,0.4736367,0.497915,0.56288457,0.6092922,0.6677138,0.5443532,0.5516097,0.57004595,0.55865973,0.51829743,0.5344837,0.59437543,0.49571347,0.57492864,0.6213682,0.56451374,0.52574354,0.521681,0.57981575,0.56152135,0.4668248,0.72104627,0.6803878,0.6482221,0.5985478,0.57391447,0.5533482,0.5219225,0.5057449,0.45113787,0.5693976,0.6056664,0.43977603,0.5111891,0.48210135,0.5732631,0.5223423,0.52111757,0.49887553,0.53708977,0.4957008,0.66387093,0.6625454,0.5551155,0.61011136,0.6239614,0.5337342,0.6627033,0.65388393,0.6397248,0.55855834,0.57034576,0.5844688,0.6064479,0.5589284,0.5144443,0.55315304,0.52810717,0.5320994,0.55447745,0.560541,0.57446235,0.57096374,0.5321046,0.55360186,0.55804515,0.5662969,0.5580107,0.5394428,0.6009764,0.60166603,0.5600801,0.5642073,0.5642526
123,0.55504024,0.5772463,0.55422443,0.55791676,0.5584149,0.5288199,0.5108321,0.58352214,0.61058474,0.55116695,0.54577893,0.58704025,0.5362777,0.5379271,0.5415465,0.4897434,0.4601722,0.5341324,0.4668704,0.44413173,0.47193086,0.53530383,0.5366719,0.6335322,0.63785183,0.6082201,0.6054347,0.609596,0.5460097,0.5180923,0.4121679,0.6271138,0.41620597,0.5276759,0.57674426,0.66799045,0.7219641,0.6432515,0.7442873,0.679774,0.7361995,0.78179634,0.6545937,0.6627625,0.6826592,0.57448465,0.68348575,0.42985216,0.45109457,0.56026554,0.61640215,0.6602659,0.5991521,0.66302323,0.69868165,0.63175666,0.65871614,0.5380572,0.6391647,0.6655746,0.5043815,0.5417663,0.5775497,0.48596522,0.4374055,0.48193976,0.5920577,0.5014102,0.6111337,0.62945014,0.5960845,0.47324777,0.58770066,0.5315514,0.58521885,0.61969715,0.5796572,0.57517606,0.6022442,0.48053318,0.542973,0.51977515,0.5233796,0.6284843,0.559472,0.6091732,0.62828636,0.5491615,0.5741074,0.63884866,0.57819027,0.50541914,0.5449221,0.57700187,0.5324675,0.61711925,0.5416462,0.5267137,0.6870677,0.6193675,0.7182584,0.6384218,0.6766075,0.63453513,0.7724194,0.6196868,0.62244743,0.61961216,0.6341755,0.5658751,0.56436354,0.5655041,0.72456473,0.680755,0.6361974,0.6603578,0.583399,0.5185741,0.49034533,0.5519861,0.5187374,0.53000695,0.5926239,0.64384377,0.5900385,0.44945854,0.4905418,0.58184505,0.60902447,0.6204636,0.588692,0.6035126,0.5434644,0.5625959,0.5227455,0.51428956,0.57694954,0.5066235,0.59771395,0.65658957,0.586662,0.5234045,0.5323012,0.54026884,0.54037726,0.47243273,0.75249565,0.67473537,0.59252656,0.5838631,0.48510134,0.5456232,0.5415817,0.5091655,0.4359182,0.50633466,0.54118073,0.42585182,0.48654026,0.49751315,0.61100185,0.5369737,0.5334369,0.48245215,0.530348,0.5201294,0.6616726,0.59250665,0.55337155,0.52471215,0.559517,0.5856877,0.64656967,0.64097196,0.6082581,0.52388585,0.5956943,0.6130286,0.5626392,0.6169895,0.5614264,0.5680868,0.5408815,0.5506213,0.5620266,0.5431025,0.5141738,0.6008648,0.61913025,0.5927241,0.5119979,0.5791402,0.50321674,0.5346019,0.5624415,0.5031426,0.41757587,0.5483266,0.4731223,0.4147564,0.53591937,0.50996876,0.57656026,0.6233811,0.6637734,0.6192637,0.5749921,0.60217017,0.57089984,0.58080894,0.44356543,0.61927104,0.49315003,0.53057194,0.56126654,0.684836,0.70086604,0.65475374,0.76819956,0.6700789,0.7194419,0.7712332,0.66125655,0.6824647,0.6707101,0.5435023,0.7239774,0.46971613,0.57062346,0.49035186,0.6299185,0.6789973,0.60830766,0.6911148,0.72356385,0.6437055,0.67190087,0.54283047,0.6234737,0.6660219,0.5253184,0.6019652,0.60087055,0.53059965,0.4346366,0.4884069,0.6359419,0.5667557,0.60997105,0.621833,0.64709675,0.5749258,0.6142703,0.6025115,0.5962345,0.57822084,0.6135874,0.5957032,0.6086528,0.5189253,0.52678967,0.5311904,0.5909861,0.62483495,0.63517207,0.64111775,0.60125864,0.526583,0.63367563,0.6513024,0.6235314,0.5118998,0.55993515,0.56050164,0.5439958,0.63779485,0.58312863,0.6345486,0.6791758,0.62171984,0.7082206,0.6942549,0.70389545,0.66717225,0.7664517,0.6091476,0.6207981,0.6143705,0.5935236,0.5506092,0.59134215,0.57616955,0.7093309,0.67370844,0.64729893,0.6459243,0.5940175,0.52206296,0.5623037,0.5669763,0.5376197,0.5106094,0.5964126,0.6422243,0.59513336,0.46127608,0.4800595,0.5670255,0.6193291,0.660354,0.5399987,0.53915924,0.5658777,0.5557909,0.51504856,0.5295898,0.5936311,0.47884753,0.58443886,0.6205181,0.55338377,0.5155277,0.51266414,0.5920221,0.5729934,0.45843595,0.7201214,0.67400914,0.646738,0.58645594,0.5687275,0.53758425,0.5143504,0.49150994,0.44295254,0.5544518,0.5926444,0.4209408,0.49629334,0.47091687,0.5705216,0.5178924,0.5066329,0.49073866,0.52402765,0.49908984,0.6527757,0.6550335,0.55415195,0.6064479,0.62324846,0.5353194,0.643461,0.6354384,0.6371652,0.54875875,0.5650472,0.5836956,0.5936171,0.5350173,0.5102406,0.5494016,0.5296483,0.5336634,0.5484822,0.5542008,0.5690044,0.56531596,0.5267583,0.54841304,0.5510597,0.55847543,0.55714124,0.5373793,0.5940096,0.5950077,0.5500636,0.5556254,0.55652905
124,0.53255665,0.5663669,0.54495585,0.5453558,0.5482472,0.51739466,0.50583124,0.57105297,0.59493726,0.5448151,0.5351102,0.59038377,0.52146935,0.52787954,0.5391845,0.47157797,0.45012128,0.5388617,0.44727716,0.42587984,0.45784858,0.5248754,0.53088737,0.6036597,0.638214,0.60382694,0.5947526,0.6116328,0.54875404,0.51642907,0.40902147,0.6002747,0.41228998,0.51871884,0.56284297,0.6378238,0.69243973,0.62381697,0.71254504,0.6586461,0.7075913,0.7595056,0.6467356,0.65170735,0.66543573,0.5747955,0.68169004,0.41130877,0.43890235,0.5634315,0.615677,0.65966696,0.5859203,0.6643986,0.6780171,0.6448793,0.6435948,0.5403962,0.6154172,0.64471185,0.49232677,0.5224785,0.572579,0.47118047,0.42575857,0.47031254,0.5860627,0.4953823,0.5933023,0.62067604,0.5844236,0.46567273,0.58701485,0.53928274,0.5903018,0.61444885,0.58268076,0.5838138,0.6061409,0.49435294,0.5497514,0.53000563,0.53105986,0.6181587,0.5641896,0.59515667,0.621608,0.5428873,0.5698078,0.63144356,0.57214576,0.4996883,0.5437013,0.5655919,0.54038423,0.61001337,0.5464843,0.5226806,0.6739463,0.619644,0.7097246,0.61945236,0.65515053,0.61342967,0.7574515,0.61274827,0.6185891,0.60899115,0.6211046,0.5622365,0.55528635,0.5482498,0.71448666,0.6607543,0.6431771,0.6691529,0.59898394,0.5115741,0.48367813,0.5467846,0.5035575,0.5298534,0.5970806,0.6287959,0.5972691,0.4437723,0.4849813,0.58938926,0.6170011,0.6179143,0.5859251,0.5924386,0.5447245,0.5599905,0.523135,0.51637596,0.58230996,0.5072829,0.6007556,0.65393144,0.57840914,0.51217157,0.5238412,0.5534004,0.55539846,0.47052923,0.7573334,0.66812795,0.58979034,0.5812735,0.48901305,0.52710944,0.5322234,0.5042968,0.43513098,0.5032785,0.5371761,0.40450504,0.46970278,0.4895826,0.6028674,0.5232802,0.53338623,0.47627962,0.5240196,0.5181692,0.64707315,0.589375,0.54988307,0.52987134,0.5651706,0.5836297,0.623099,0.61764425,0.60840446,0.52530366,0.59111327,0.60393584,0.54618126,0.59115404,0.53718,0.5580284,0.53349864,0.5381826,0.5439122,0.5231081,0.4982872,0.58916813,0.6015344,0.57755744,0.50790703,0.58605653,0.4863251,0.52274454,0.56142455,0.48615137,0.40502,0.5502215,0.44511646,0.3952154,0.51776403,0.4828834,0.56813496,0.5934018,0.6522403,0.6141908,0.5703741,0.59984523,0.58315176,0.57851297,0.44248763,0.5978523,0.4874134,0.5208704,0.54952264,0.65755785,0.66954046,0.635891,0.73365766,0.65171415,0.69471717,0.7506359,0.65696836,0.6733902,0.655347,0.5359326,0.7213982,0.4528085,0.5495951,0.48852548,0.6261535,0.6741657,0.5957171,0.6953449,0.7015187,0.65629214,0.65226513,0.5367678,0.6051113,0.6495896,0.5025264,0.5827592,0.5973951,0.5131758,0.4244735,0.4827078,0.6261635,0.5586046,0.594861,0.6093654,0.63330173,0.56449366,0.6120349,0.6026565,0.59745854,0.5711793,0.6104927,0.6049026,0.62237525,0.52516407,0.53335375,0.5322779,0.5979824,0.6163645,0.6369634,0.62273496,0.5880643,0.5241114,0.6183671,0.6461056,0.6152546,0.5121631,0.5602383,0.5478986,0.55298203,0.63116544,0.5915255,0.6289103,0.67050266,0.6275139,0.6941635,0.67000365,0.6760697,0.64440376,0.75562334,0.60249096,0.61368364,0.6095284,0.5849985,0.5484986,0.5785851,0.5571232,0.69750905,0.66171443,0.652389,0.6590867,0.60704523,0.5198515,0.55174464,0.56147546,0.5279493,0.51283354,0.60058737,0.6253397,0.60564315,0.45251325,0.46624586,0.5727278,0.62739974,0.65203005,0.5379149,0.5287158,0.56373715,0.55228364,0.5148839,0.5303413,0.5963644,0.4668469,0.5935601,0.6211888,0.5448253,0.5041107,0.5055272,0.60802495,0.5879074,0.45239657,0.72857434,0.6671533,0.6427489,0.57890815,0.5669574,0.5166407,0.5076466,0.47748798,0.4428239,0.5383827,0.58411014,0.39894193,0.4775068,0.46036115,0.5688404,0.51459765,0.49562496,0.4871955,0.51658803,0.5023334,0.6379312,0.64667594,0.5531231,0.6026601,0.6204745,0.53850687,0.61504453,0.6064344,0.6339969,0.54361784,0.5602323,0.5802691,0.57861775,0.50926346,0.50780356,0.547233,0.5311464,0.53711176,0.5436542,0.54882747,0.56190914,0.5577067,0.5208484,0.5433012,0.5477679,0.55348253,0.5552603,0.53519124,0.5873641,0.58890176,0.539891,0.5466975,0.5468296
125,0.51547045,0.55863005,0.538852,0.53701884,0.5430679,0.5118314,0.5071137,0.5595664,0.58000815,0.5406518,0.52767533,0.5910854,0.51071,0.5226502,0.539213,0.4563592,0.44869965,0.5495826,0.4343434,0.41101044,0.44970596,0.5201012,0.5279228,0.56826586,0.63298357,0.5979366,0.5831192,0.6096377,0.5536458,0.5182433,0.4173334,0.573727,0.4198179,0.51748866,0.55378747,0.6038635,0.65841585,0.6044776,0.67437416,0.63768923,0.674905,0.7329751,0.64071184,0.6423767,0.64731526,0.57997406,0.68482673,0.39743748,0.4343498,0.5748948,0.6180479,0.66391593,0.5728748,0.6722779,0.65640545,0.6656628,0.6292154,0.55093664,0.593515,0.62358826,0.48931038,0.5129311,0.57139874,0.46686298,0.4255745,0.46893147,0.57979834,0.49666774,0.57977486,0.61227804,0.57510924,0.4669544,0.5867197,0.5513386,0.5944718,0.610127,0.58726823,0.599243,0.60758376,0.51432896,0.5593708,0.543356,0.5420052,0.60723025,0.57062584,0.5813432,0.61307317,0.53915024,0.56719834,0.6207718,0.5649028,0.4986633,0.54293483,0.5580146,0.5521147,0.60810786,0.55528146,0.52354,0.6574209,0.6205712,0.7013816,0.5995406,0.62815446,0.5869207,0.73664814,0.6075095,0.61180675,0.5973717,0.6086767,0.56118983,0.5511254,0.53681314,0.702222,0.6369632,0.65814227,0.68727106,0.626312,0.5093367,0.4812364,0.5473955,0.4952857,0.5347751,0.598562,0.6067204,0.5994201,0.44597566,0.48857558,0.5954018,0.6204699,0.61394876,0.58243084,0.5826354,0.54756933,0.55610245,0.52528054,0.52377975,0.59079874,0.5172371,0.6014359,0.65160644,0.5724545,0.50568897,0.5189477,0.56992096,0.57335764,0.4761771,0.7645073,0.6609954,0.5873117,0.5794627,0.4991383,0.50840884,0.52559996,0.50550234,0.4446716,0.50476843,0.5404363,0.38784587,0.45519117,0.48770717,0.59589386,0.512986,0.5404979,0.47501257,0.52230334,0.5184161,0.6308089,0.58752906,0.5488804,0.5395623,0.57217926,0.57713985,0.59296924,0.58741045,0.6031767,0.531403,0.5870572,0.5908853,0.5349774,0.5689812,0.51790434,0.5497332,0.5281159,0.5297296,0.52893484,0.5068069,0.48755643,0.5785481,0.5827352,0.5619185,0.5088378,0.5913195,0.47276324,0.51497924,0.56276697,0.47282556,0.39969704,0.5567756,0.4216533,0.3809552,0.5027101,0.45899603,0.56101197,0.55842435,0.63630235,0.6082401,0.56594026,0.59433556,0.598523,0.57882786,0.45208377,0.5774832,0.49015445,0.51833904,0.5421161,0.62588584,0.6335162,0.6161522,0.6902744,0.6332559,0.66745925,0.72630125,0.6528386,0.6648167,0.6402245,0.5337107,0.7227891,0.44077474,0.5335104,0.4950537,0.6243909,0.6725356,0.58328545,0.7049382,0.6776922,0.6745177,0.63253003,0.53653175,0.58635956,0.6326794,0.48648012,0.567697,0.5956889,0.5022137,0.4272925,0.4887492,0.61583215,0.55467606,0.58373916,0.5977898,0.61963814,0.5575815,0.60935175,0.6046106,0.5976512,0.56703436,0.60662085,0.61945385,0.63263977,0.5341961,0.5451104,0.537782,0.6051001,0.60650575,0.6364209,0.6016378,0.5741066,0.52836585,0.6006651,0.63838285,0.6049013,0.5175466,0.561195,0.54013556,0.56429017,0.6288483,0.60187787,0.6221022,0.6598359,0.633643,0.6797322,0.64326704,0.64027405,0.61631227,0.7408159,0.59771496,0.6029546,0.6042193,0.57803047,0.54842144,0.5693908,0.5411214,0.6837243,0.6468096,0.6628918,0.68140376,0.6303877,0.520672,0.5454894,0.56046146,0.52504694,0.5190052,0.60205257,0.6013917,0.6127815,0.44988665,0.46045652,0.5769924,0.63206065,0.64231324,0.5372297,0.52044,0.56369454,0.54852045,0.5177424,0.5372757,0.60225517,0.46272507,0.59973335,0.6214922,0.5395088,0.4964744,0.5025823,0.6268676,0.6055797,0.45266742,0.7405826,0.66017354,0.63626826,0.57434356,0.5674349,0.4966093,0.5046305,0.467337,0.45133296,0.52465934,0.58031946,0.38106197,0.45988178,0.4544322,0.56914407,0.5147509,0.49085185,0.4882242,0.5136017,0.50543207,0.6210002,0.6382611,0.55574113,0.59966195,0.61605686,0.5423105,0.5800712,0.5694688,0.62495774,0.5413696,0.5566991,0.57284665,0.5671028,0.48941207,0.5082316,0.54766077,0.531388,0.54061365,0.54241496,0.5470333,0.554823,0.54993117,0.516199,0.5396981,0.54856163,0.552351,0.55248344,0.53315485,0.5828102,0.58491266,0.53308296,0.5404274,0.53794205
126,0.5110495,0.5551089,0.53900653,0.53668237,0.54561925,0.5149624,0.5153011,0.5519545,0.5694685,0.54299045,0.52646,0.5926761,0.5081532,0.5273741,0.5456754,0.44987458,0.45738882,0.5634914,0.4336217,0.40526736,0.45084336,0.5226693,0.52797395,0.53441155,0.6244487,0.59477085,0.57241327,0.60200995,0.56084573,0.52294034,0.43876457,0.55219114,0.43907973,0.52587026,0.5516053,0.5736403,0.62625086,0.588669,0.6365756,0.62037045,0.64486027,0.7044047,0.6392587,0.63679475,0.63100344,0.58959335,0.6886991,0.39422235,0.44007272,0.5927163,0.6210033,0.6688145,0.56329644,0.6820716,0.6375033,0.6876187,0.6182013,0.5678133,0.5793335,0.6085428,0.49648303,0.51451844,0.57556677,0.47364077,0.43781194,0.47912228,0.5724469,0.5033144,0.57092094,0.6035938,0.5672863,0.47619995,0.5868229,0.56918806,0.59927595,0.6070582,0.5902961,0.6189435,0.6073431,0.53942066,0.5726388,0.55990523,0.55468184,0.5981031,0.57908857,0.5717189,0.60329986,0.53801835,0.5659228,0.6068209,0.5576816,0.50341946,0.54286146,0.55626273,0.568756,0.6108452,0.56759936,0.5274972,0.640271,0.6204798,0.6919459,0.58239466,0.5990976,0.5583127,0.7101021,0.6042673,0.5999802,0.5892116,0.60128075,0.5625799,0.55550313,0.534141,0.6894767,0.6140501,0.6748071,0.70664746,0.6573931,0.51301694,0.485384,0.55375314,0.498212,0.54363036,0.59660107,0.57782364,0.5937698,0.45714834,0.5013724,0.5977326,0.6198041,0.60845155,0.5779147,0.5722357,0.5505997,0.55076873,0.52887475,0.53553724,0.60049695,0.53477734,0.5987543,0.6484235,0.56938916,0.5075687,0.5195315,0.5903028,0.59314215,0.4916648,0.76903385,0.6534026,0.58526576,0.57753825,0.5136049,0.49524546,0.52361006,0.5138432,0.4642039,0.5104326,0.5488305,0.38172394,0.44824713,0.49355868,0.59158975,0.5096018,0.5526082,0.47911444,0.52411425,0.5210968,0.6154268,0.58694416,0.5541378,0.5541638,0.57928646,0.5679452,0.5599649,0.5542408,0.5895785,0.5396061,0.58162457,0.5741921,0.53377146,0.55625147,0.51136696,0.54404163,0.5269248,0.5291695,0.5219909,0.4990928,0.4854895,0.5711388,0.56648046,0.5510973,0.51636225,0.5962962,0.4685374,0.51681143,0.5703333,0.4680063,0.40431368,0.5659421,0.41012055,0.37823683,0.49313232,0.44500965,0.55538434,0.5253661,0.61831725,0.60499835,0.56303805,0.585108,0.61506623,0.5795315,0.47372907,0.5616918,0.5002675,0.5253491,0.5412677,0.5960231,0.5997323,0.5993007,0.64516604,0.61727947,0.64268327,0.70020497,0.65091246,0.65807104,0.627975,0.5400739,0.7234968,0.43799123,0.5251029,0.5110437,0.6226459,0.6711104,0.5738426,0.71366155,0.65597194,0.69227284,0.6156078,0.5430397,0.57255363,0.62033796,0.4800593,0.55983746,0.59695035,0.5002692,0.4435612,0.5062169,0.60484207,0.5528872,0.5758939,0.5864147,0.60518116,0.55401355,0.6054815,0.6089932,0.5988079,0.5661366,0.6003889,0.63718027,0.6377403,0.54658717,0.56119007,0.548315,0.6117439,0.5968676,0.6333858,0.58289194,0.5619329,0.53638995,0.5838741,0.6269866,0.5940261,0.5275911,0.5616638,0.5387516,0.57892174,0.6303073,0.6132956,0.61263317,0.6487112,0.63742876,0.6653585,0.6191421,0.60165894,0.58622307,0.72102946,0.59539664,0.5867502,0.6013565,0.5759708,0.54976,0.56790876,0.53219604,0.67041826,0.6313617,0.6744123,0.7038532,0.6570602,0.52455187,0.54534525,0.56383836,0.53118587,0.5281135,0.5999034,0.57124865,0.61167556,0.4550882,0.46485743,0.57814234,0.63298136,0.63078356,0.5370955,0.51425713,0.5654603,0.5447998,0.52285737,0.54940873,0.61013913,0.46764433,0.60161424,0.6198122,0.53812397,0.4973052,0.50552684,0.6470281,0.62495476,0.46227628,0.74927694,0.653035,0.6273101,0.5711982,0.5690461,0.48367333,0.5075277,0.46429637,0.46778318,0.5158775,0.57997674,0.37351376,0.44870865,0.45649585,0.5728454,0.5208727,0.4934509,0.49315035,0.51371974,0.5080903,0.60400194,0.6304988,0.5643383,0.5978411,0.61044794,0.5453971,0.54368335,0.53006595,0.6067811,0.54023004,0.5545081,0.56109095,0.563079,0.48130947,0.5118591,0.55076873,0.52961314,0.5424486,0.54620284,0.55034655,0.549377,0.5438835,0.51431614,0.5384771,0.55285484,0.55515385,0.54896015,0.5315122,0.581364,0.5837881,0.5321666,0.53885895,0.53227144
127,0.5217759,0.5555807,0.54691964,0.54497427,0.55544895,0.5265235,0.5287863,0.5501071,0.5654662,0.55408275,0.532821,0.598083,0.51484215,0.54372656,0.56030494,0.45541453,0.47457632,0.57752997,0.44713932,0.41168705,0.46176705,0.5318796,0.5313136,0.5097452,0.61562,0.5968447,0.5643802,0.5899498,0.56976616,0.5306265,0.47292545,0.5384905,0.468904,0.5436422,0.556819,0.55359745,0.6012636,0.5782485,0.6054242,0.6084004,0.6226337,0.6753579,0.64262646,0.63499475,0.61763996,0.6016582,0.6882493,0.4051029,0.45610926,0.61261326,0.62158144,0.6693259,0.559482,0.6878915,0.6234274,0.7040017,0.6117597,0.5874398,0.5754408,0.6028476,0.5126978,0.5261117,0.584839,0.49014482,0.46150103,0.50000924,0.56440014,0.5133707,0.566553,0.5943493,0.56035286,0.4923678,0.5878303,0.5923499,0.6056614,0.60488266,0.5894885,0.6390382,0.60693043,0.56780124,0.5894475,0.5789291,0.5678658,0.59192604,0.5886055,0.56815827,0.5936262,0.5398657,0.5653533,0.59019125,0.551075,0.5137215,0.5434784,0.56022894,0.58957523,0.61611956,0.5823086,0.53306216,0.62519807,0.6185172,0.6795917,0.5709934,0.57236797,0.53268886,0.67910606,0.60259295,0.58325833,0.58706546,0.6008425,0.5654247,0.5681428,0.5399094,0.6770485,0.59604096,0.6864901,0.7191404,0.68341255,0.5221801,0.49697065,0.56420076,0.5134832,0.5546546,0.5923333,0.5455385,0.580943,0.47685695,0.5213721,0.59619814,0.61673534,0.6018186,0.5725928,0.5607984,0.55283034,0.5443052,0.5335038,0.5494279,0.6092368,0.55602694,0.5932203,0.64282244,0.5697041,0.5190701,0.5264742,0.6133616,0.6132902,0.51628834,0.7660734,0.6451159,0.58353555,0.5756896,0.5307782,0.49148363,0.5272224,0.5283613,0.49148333,0.51900136,0.5586943,0.38910815,0.45202318,0.5068322,0.59078413,0.51501995,0.56622183,0.48821205,0.5284528,0.5250591,0.6026426,0.5875308,0.56684136,0.5729785,0.58534074,0.55842704,0.52998185,0.5242168,0.56850976,0.54848164,0.5734412,0.55546564,0.54353106,0.5549836,0.52045405,0.5412245,0.5314848,0.53743064,0.524748,0.5017721,0.49320057,0.56826425,0.5558222,0.54893714,0.5305947,0.60242754,0.47653064,0.5304388,0.5851614,0.47389078,0.41932407,0.5752203,0.41426298,0.3900254,0.48990202,0.4446728,0.55178535,0.5013243,0.6008527,0.6063482,0.56265837,0.5733961,0.63026255,0.57971907,0.50660723,0.5524094,0.51674813,0.5419749,0.54787976,0.5737526,0.57416326,0.5873271,0.60617864,0.60517246,0.62383723,0.6736698,0.65136856,0.6527722,0.61936945,0.5549322,0.71822613,0.4465044,0.52455133,0.53462446,0.61876106,0.6662386,0.56935626,0.7150252,0.6388873,0.70385814,0.6029922,0.5548789,0.56663895,0.6149342,0.48402265,0.55954957,0.6006654,0.5072702,0.47155198,0.5320933,0.59318346,0.55190134,0.5706515,0.57523733,0.58980197,0.5530451,0.6001403,0.6149774,0.6022063,0.56786025,0.59043306,0.6546486,0.63754076,0.56216395,0.5800016,0.56274825,0.6169611,0.5884035,0.6268246,0.5698801,0.55390763,0.54563487,0.5700285,0.6114686,0.5829471,0.54009783,0.56057936,0.5433171,0.5964174,0.6335212,0.6241524,0.5997407,0.6385316,0.6371618,0.6506853,0.60185504,0.5668986,0.5590465,0.69569767,0.59528553,0.56572264,0.60209733,0.5799169,0.5516202,0.57456505,0.53201365,0.65897626,0.6174293,0.68200207,0.71790457,0.6791383,0.53079045,0.55146545,0.5704809,0.54591954,0.53860193,0.594946,0.53886735,0.60110897,0.46824327,0.47915682,0.57646114,0.6308615,0.61742467,0.53709716,0.51005805,0.56839335,0.5412389,0.52896494,0.5644338,0.6178841,0.48051593,0.59955674,0.6153977,0.54130834,0.50896806,0.51462257,0.665693,0.6438638,0.48167965,0.74870974,0.64510334,0.6157882,0.56854343,0.5707384,0.4820745,0.5169721,0.47014657,0.48995146,0.5130159,0.5806797,0.3795662,0.4478714,0.46799165,0.58057815,0.53419167,0.50265473,0.5008654,0.5161644,0.50978005,0.5888746,0.6238142,0.5785796,0.5963446,0.6038091,0.5466364,0.51277006,0.49583125,0.580166,0.53905964,0.552902,0.54615504,0.5671237,0.4868867,0.5181152,0.5554524,0.52601385,0.54187125,0.55483353,0.5584478,0.5464258,0.54083174,0.51592606,0.53967416,0.5592487,0.56091166,0.54491615,0.5304635,0.58278143,0.5850923,0.5376802,0.54219276,0.53097427
128,0.54479456,0.5585299,0.56189114,0.55951923,0.5695128,0.54341835,0.5441205,0.5543371,0.5679676,0.5724629,0.5455435,0.6080114,0.5286046,0.5692191,0.58186764,0.47235855,0.49595028,0.5892586,0.4724539,0.42944646,0.47976518,0.5449456,0.5379613,0.49940002,0.6090291,0.60376775,0.5604996,0.5772808,0.5790753,0.542014,0.5167219,0.53308403,0.5069332,0.5685922,0.56842476,0.546945,0.5860829,0.5732911,0.5850005,0.60175616,0.61019295,0.6473038,0.64825284,0.63482815,0.6066941,0.61294764,0.67986697,0.42956913,0.47935998,0.62933666,0.61806536,0.66225016,0.56193334,0.6853816,0.6144893,0.7098295,0.60958886,0.60592425,0.58048517,0.6053818,0.5345127,0.544307,0.59711593,0.51338905,0.49377215,0.52883136,0.5570517,0.5255712,0.5660598,0.58482945,0.55432487,0.5141848,0.59051394,0.6176877,0.61353594,0.6027208,0.5844,0.65503585,0.6078033,0.5966824,0.6086326,0.5986793,0.5807312,0.5879567,0.59717125,0.569676,0.58563006,0.5452028,0.5649464,0.5723039,0.5449762,0.5278932,0.54448515,0.5678137,0.61192626,0.62097347,0.597586,0.5393473,0.61361927,0.6147828,0.6634153,0.5668925,0.552095,0.51521593,0.64649564,0.6016357,0.56457895,0.5900678,0.6057714,0.5685032,0.584951,0.5511242,0.6642106,0.58473945,0.6884523,0.7193836,0.6977236,0.53485805,0.5150302,0.5763047,0.5386549,0.56626034,0.58818233,0.51600075,0.56496245,0.50297475,0.54519016,0.59272265,0.6135249,0.59503126,0.5673927,0.5498941,0.55415547,0.5375406,0.5388529,0.5630038,0.6153679,0.5762132,0.5864088,0.63362926,0.5736746,0.5386743,0.53907615,0.6362283,0.63233984,0.54601693,0.75235707,0.6355643,0.5817975,0.57523245,0.54959697,0.49795538,0.5360328,0.5461378,0.52268356,0.52830416,0.5659477,0.40920046,0.4665306,0.5250315,0.59366685,0.52879554,0.5780575,0.50110954,0.5344142,0.52875215,0.59327716,0.58913255,0.58492994,0.5940577,0.5893483,0.55093765,0.5088635,0.50367147,0.54491633,0.5582885,0.5624309,0.5375617,0.56109107,0.5630763,0.54241544,0.54048735,0.5420889,0.55224127,0.53534526,0.51289874,0.50886565,0.57002044,0.55232346,0.5555391,0.5491735,0.6100981,0.4953738,0.5538582,0.6049198,0.4890553,0.44191122,0.5823399,0.4328397,0.41461596,0.49194127,0.4572676,0.5505638,0.4909038,0.58556384,0.6117068,0.56523055,0.5618947,0.6411399,0.5799128,0.5471387,0.54951066,0.5391428,0.56595004,0.5613311,0.56258,0.5598109,0.5798972,0.5792191,0.59734446,0.61192703,0.6477463,0.6521408,0.646738,0.6131426,0.5738615,0.70331347,0.46482554,0.52939475,0.56060255,0.6118648,0.6556862,0.5702454,0.7050792,0.62699676,0.70541805,0.5947474,0.5687967,0.56828785,0.6150362,0.49687544,0.5642355,0.60451335,0.520484,0.5075953,0.5618304,0.58071685,0.5513731,0.5675897,0.5648938,0.57438123,0.5534239,0.59353244,0.62030095,0.60800636,0.5707875,0.576224,0.6674826,0.6333564,0.57887036,0.5992588,0.57808024,0.61925685,0.5806559,0.6150931,0.5627937,0.55070955,0.55491424,0.5588397,0.59243727,0.5707137,0.5520578,0.5575324,0.55157906,0.6142744,0.63508314,0.63208574,0.58348036,0.62987816,0.63250166,0.6357773,0.5936098,0.5418556,0.53973246,0.66558534,0.5962654,0.54346085,0.6048887,0.5878383,0.55342513,0.5856026,0.53928053,0.64897144,0.6058807,0.68176985,0.71817786,0.6901042,0.53809017,0.56230915,0.5787498,0.5662728,0.5489402,0.589544,0.5105567,0.58416134,0.48753634,0.50062776,0.57435024,0.6271932,0.6031443,0.5376061,0.507912,0.57156116,0.5378304,0.5348937,0.5792471,0.6227736,0.49793658,0.5954205,0.60821694,0.5487705,0.530246,0.5279263,0.67896795,0.6593366,0.50750726,0.7352037,0.6350519,0.6014864,0.566488,0.57163954,0.49270633,0.531572,0.48413348,0.5145152,0.515153,0.57960147,0.39825836,0.4583372,0.48746467,0.59202486,0.5536373,0.5160421,0.5102441,0.52086574,0.51025325,0.5770882,0.6183335,0.59533936,0.59305936,0.5954967,0.5456679,0.49345216,0.47394985,0.5501654,0.5383942,0.5505272,0.53062314,0.5761886,0.50379807,0.5258258,0.55999726,0.5218396,0.539612,0.5663904,0.56916094,0.545618,0.5409391,0.5207415,0.54267794,0.56624335,0.56808466,0.54075444,0.5301034,0.58570623,0.587474,0.54809564,0.5488426,0.5337166
129,0.5739566,0.56183285,0.58127964,0.57656866,0.5842825,0.5616263,0.55771816,0.5629977,0.57485414,0.59336835,0.5611473,0.62008554,0.5454154,0.5993641,0.60780895,0.49635965,0.5162637,0.5972183,0.50370824,0.454253,0.5001628,0.55855197,0.5470621,0.5040556,0.6053506,0.6121266,0.5618363,0.5683135,0.58770776,0.5578606,0.56558865,0.534536,0.55077314,0.59760565,0.5847166,0.5524058,0.58047724,0.57273823,0.5760923,0.59929925,0.60650396,0.6221534,0.65237814,0.63315547,0.5971115,0.6204338,0.66285455,0.46292305,0.50427496,0.6389074,0.6107161,0.6477584,0.5690437,0.6737185,0.60970837,0.70300037,0.60992676,0.6201431,0.5907685,0.61214906,0.5574778,0.5646127,0.6091058,0.5400595,0.5309652,0.5618934,0.55161315,0.5394114,0.56824064,0.57499516,0.5495645,0.53988075,0.59528637,0.64037436,0.6213351,0.599075,0.57609177,0.6632631,0.60973245,0.6225536,0.6279801,0.6166199,0.5925628,0.58443284,0.602533,0.57346046,0.57991475,0.55408174,0.56440514,0.5549411,0.53897256,0.54324824,0.5454087,0.5757561,0.6323956,0.62285733,0.6114508,0.545668,0.6055733,0.6098521,0.6446031,0.56992143,0.540915,0.5086784,0.61609346,0.6006216,0.5483372,0.59468454,0.6122184,0.5710273,0.60037845,0.564093,0.64982295,0.5797125,0.6793194,0.70597744,0.6975157,0.54841703,0.53716475,0.5878418,0.56872606,0.577466,0.58633244,0.49502438,0.55084765,0.53229994,0.56943053,0.589996,0.6112491,0.58907,0.5634072,0.5419166,0.55515385,0.5315223,0.54474014,0.5747193,0.6181369,0.5915047,0.5796127,0.6208408,0.581086,0.5630464,0.5553337,0.6557468,0.6493658,0.57548094,0.7272472,0.6243062,0.5795723,0.577502,0.5696588,0.51243883,0.54821783,0.5634775,0.5539646,0.53585136,0.5675532,0.43759826,0.4887925,0.54449624,0.6001994,0.5487737,0.5862848,0.5161998,0.5411711,0.53157175,0.58762705,0.5914182,0.6041795,0.61506134,0.59017426,0.5466857,0.49972382,0.4963576,0.5249426,0.5702954,0.54961866,0.52369213,0.5809157,0.57609403,0.5709011,0.5401313,0.55731624,0.56961733,0.55005777,0.52824616,0.52863216,0.5748527,0.5553364,0.5673318,0.56780607,0.617976,0.52041715,0.58272815,0.6261654,0.50924677,0.46647283,0.5857824,0.46026012,0.44618043,0.49677962,0.47813722,0.5511308,0.4947797,0.57276785,0.61805296,0.5707852,0.55331063,0.6454713,0.58121663,0.5905048,0.5513283,0.56745976,0.593784,0.58026224,0.5619436,0.5561663,0.575419,0.565983,0.5933941,0.605891,0.6236658,0.6503386,0.6373947,0.60729367,0.5903665,0.6782611,0.48814103,0.5355753,0.582493,0.60264486,0.6398029,0.5749634,0.6839777,0.6192063,0.69564307,0.5899344,0.58100086,0.5749736,0.617044,0.51585025,0.5695401,0.6050691,0.53606206,0.54764736,0.5914457,0.56697106,0.55158687,0.5660998,0.55568826,0.5599726,0.5535389,0.58596915,0.62190795,0.6150917,0.57288706,0.5581231,0.67181724,0.6268755,0.59310395,0.616442,0.5906585,0.6170068,0.5723425,0.59686995,0.5592299,0.5504853,0.5644211,0.54825884,0.57116884,0.55590445,0.56094766,0.55290186,0.5603269,0.62905496,0.63169914,0.6348182,0.56411684,0.62262595,0.6241395,0.6218147,0.59406126,0.52951735,0.5310675,0.6333237,0.59680855,0.52491874,0.6065604,0.59575737,0.5551898,0.5951599,0.55089796,0.6392324,0.5966273,0.6722795,0.70336205,0.6866773,0.545051,0.5752921,0.5869861,0.5880079,0.55813026,0.58630615,0.4919723,0.5662616,0.50997895,0.5252869,0.57491916,0.6231709,0.5893432,0.5394411,0.50793594,0.5739106,0.5344559,0.54001987,0.59100217,0.62269205,0.5152167,0.5913022,0.5985684,0.5589388,0.5570767,0.5420763,0.6834402,0.6689527,0.5338005,0.7081046,0.6215863,0.5840095,0.5657458,0.5712519,0.5128916,0.54848933,0.50311023,0.5385234,0.5200251,0.5746635,0.42465937,0.47778463,0.51105845,0.6066052,0.57644176,0.5304326,0.52064455,0.52792025,0.5099319,0.56936866,0.6137319,0.6102436,0.5858101,0.583754,0.54300416,0.48837474,0.46838105,0.52350277,0.5403482,0.5460139,0.5175701,0.5854527,0.52715075,0.5338967,0.5631275,0.5186374,0.53730935,0.5779722,0.5794661,0.5457685,0.5433605,0.527677,0.54663295,0.57277656,0.575183,0.5370026,0.5302928,0.58843386,0.58943725,0.560737,0.5564546,0.5391105
130,0.6026171,0.5634082,0.6013428,0.5924322,0.5970949,0.57778454,0.5672839,0.57284015,0.5827274,0.61132556,0.5755736,0.62992513,0.56084424,0.62997884,0.6356101,0.52089685,0.5312424,0.60089546,0.5339288,0.4797491,0.5182143,0.57011724,0.55655444,0.52045006,0.6032074,0.61712915,0.5685975,0.565433,0.59566283,0.5778537,0.6150481,0.54018086,0.5980834,0.6272854,0.6038366,0.564614,0.5820491,0.57514626,0.5758782,0.5992462,0.6085915,0.6016242,0.6521873,0.6276489,0.5884577,0.62271017,0.6394372,0.49769375,0.5250602,0.6399553,0.60107493,0.6288398,0.57759076,0.6555496,0.6073537,0.6845252,0.61002195,0.6281231,0.60248464,0.61899585,0.57808095,0.5833941,0.617531,0.56789964,0.5697496,0.5953861,0.5480839,0.5546381,0.57145315,0.56386614,0.5462194,0.56713706,0.6017773,0.6558636,0.6261877,0.5920975,0.56576514,0.66213423,0.6102371,0.64228624,0.64453727,0.6300372,0.60240436,0.5800867,0.6030708,0.5768274,0.5754018,0.5654909,0.56346524,0.53921664,0.5328604,0.5569285,0.5457772,0.580964,0.64800537,0.6206786,0.6224141,0.55157983,0.6003823,0.60439914,0.6261263,0.57827246,0.5393439,0.5124217,0.5914509,0.5992235,0.5382094,0.59726065,0.6165922,0.57276857,0.6106036,0.57642365,0.633939,0.5792894,0.6612526,0.6814018,0.683731,0.56057113,0.56028914,0.59722507,0.5980049,0.5876232,0.5872469,0.48535344,0.5417197,0.561691,0.5917753,0.58965003,0.60890496,0.584039,0.56095856,0.53810686,0.556319,0.5270292,0.55097216,0.5841392,0.61749125,0.60009515,0.57311654,0.6058301,0.5909828,0.58846176,0.5728352,0.66970974,0.66383994,0.60044235,0.6934217,0.61172986,0.5762237,0.5824152,0.5906314,0.5304269,0.5611003,0.57740486,0.582875,0.5395307,0.5624491,0.46748474,0.51377666,0.5620388,0.6098068,0.5721609,0.5906941,0.53193086,0.54819554,0.5340627,0.5856598,0.59378666,0.62047094,0.63398665,0.58650464,0.5450224,0.50215375,0.50205386,0.5126103,0.5852579,0.53627014,0.51616234,0.59811336,0.5898897,0.5989276,0.5383715,0.5741381,0.5855679,0.5650474,0.5433859,0.5481816,0.5798149,0.56209403,0.5793898,0.5821639,0.6234903,0.5456664,0.6125073,0.6461854,0.5291406,0.48670217,0.5849958,0.48877734,0.47703266,0.5016906,0.5007642,0.551917,0.5102724,0.5620347,0.6210392,0.5788718,0.5489271,0.6427156,0.5839367,0.6324484,0.5552806,0.6007996,0.62160784,0.60279566,0.5671708,0.5599892,0.57244587,0.5634163,0.5920926,0.6034755,0.60250616,0.64413196,0.62353516,0.60049313,0.5994828,0.64595646,0.5101266,0.5391921,0.59534866,0.5924327,0.6210288,0.58044285,0.6557408,0.6134749,0.67595714,0.5870307,0.58856976,0.58378977,0.61781234,0.5383479,0.571508,0.599108,0.5510762,0.58825916,0.6182596,0.5512603,0.55268115,0.5650589,0.5467072,0.5467395,0.5515511,0.5773057,0.61684525,0.62109226,0.5715893,0.53667015,0.6657651,0.6191625,0.60139996,0.62924,0.5975794,0.60894567,0.5626521,0.5718475,0.5562369,0.5496365,0.5745172,0.5364964,0.5489256,0.5376011,0.5650973,0.54743433,0.56641436,0.63776165,0.62194616,0.63095415,0.5416921,0.6164987,0.6132646,0.61044455,0.6005293,0.52962875,0.5327282,0.60293216,0.59570074,0.514024,0.60459536,0.6000594,0.55721396,0.59862936,0.5637763,0.6294051,0.589329,0.6550186,0.6760645,0.6692826,0.5505968,0.58770835,0.5938208,0.60705864,0.56568074,0.58645606,0.48559922,0.5520599,0.532702,0.5493447,0.57985,0.61874443,0.5767743,0.543015,0.5099125,0.5742213,0.530776,0.5441933,0.5978827,0.61686265,0.52806365,0.588218,0.58690554,0.56947744,0.58443713,0.55393726,0.67743164,0.6715291,0.5548772,0.6704626,0.60449237,0.56284237,0.5664133,0.5691397,0.537281,0.56451344,0.5227989,0.5604947,0.5248902,0.56543916,0.45158118,0.50133806,0.53408545,0.6232355,0.5993013,0.542959,0.5319847,0.53699917,0.5097322,0.5656193,0.6092515,0.619581,0.5737356,0.56611675,0.5396128,0.4961934,0.4789048,0.5050326,0.54693884,0.53844637,0.50945854,0.5910355,0.5521582,0.54187447,0.5646067,0.5171409,0.5363321,0.5869899,0.5868922,0.5455036,0.54668385,0.5353269,0.55069107,0.5782081,0.58108383,0.53409743,0.5307311,0.5897563,0.5900033,0.57290316,0.5629299,0.54531294
131,0.62504566,0.56176937,0.61827546,0.6038519,0.60586613,0.5892365,0.571679,0.580371,0.588078,0.62237775,0.5857887,0.6333605,0.5708242,0.6577526,0.6627286,0.5393685,0.53833985,0.6006143,0.55680245,0.49923465,0.5302349,0.57784855,0.56396884,0.5430309,0.6004417,0.6147785,0.5797925,0.56855226,0.603725,0.6001956,0.66112447,0.5467751,0.64578056,0.6540697,0.62374926,0.576627,0.5870773,0.57894254,0.5791871,0.59943724,0.6125166,0.5862756,0.64669746,0.61770874,0.58101,0.6203747,0.61386025,0.52621514,0.53781813,0.6335205,0.59094083,0.60960484,0.58402115,0.63535124,0.605402,0.6583765,0.60711235,0.62900937,0.6127008,0.62304896,0.59466463,0.5987893,0.6198889,0.5958879,0.60738295,0.6257469,0.5453058,0.5706795,0.57416904,0.5500274,0.54402196,0.5934381,0.60885155,0.66109186,0.6248758,0.58022094,0.55386376,0.6524389,0.6058244,0.6541001,0.6552094,0.63669246,0.6091065,0.5747503,0.59822184,0.57828814,0.5700255,0.5774302,0.5616079,0.5250844,0.526787,0.5665954,0.5452083,0.5813847,0.65671563,0.6149175,0.629579,0.5570719,0.59725934,0.59932506,0.6111912,0.58907753,0.5459371,0.5233448,0.57486224,0.5976004,0.5359836,0.595868,0.6169931,0.5737823,0.6145278,0.58737504,0.61816967,0.58145225,0.63914573,0.65144986,0.6604634,0.569782,0.58119166,0.60344625,0.6215521,0.59597373,0.5897593,0.48657355,0.5382923,0.58863634,0.6108982,0.5918253,0.60449797,0.57904226,0.55935156,0.5379403,0.5574703,0.52427286,0.55720735,0.59134597,0.6137833,0.60201174,0.5668655,0.59099704,0.60190594,0.6115758,0.5893868,0.6770642,0.6751036,0.6184862,0.65681374,0.59927344,0.57107157,0.5883017,0.61161906,0.54646945,0.57186675,0.58605105,0.6082549,0.5381973,0.5516202,0.49143738,0.5357324,0.5755099,0.62085885,0.5959763,0.59189534,0.54693556,0.55540556,0.5369927,0.5867857,0.5956369,0.6311387,0.6490873,0.5772821,0.5439283,0.51322865,0.5172969,0.50917166,0.60268104,0.5233067,0.5156979,0.60997957,0.6017666,0.62051284,0.5342585,0.58881223,0.5967642,0.57688016,0.5545748,0.56347203,0.5818568,0.56887114,0.5876194,0.58947,0.62414855,0.5653564,0.63928324,0.6630084,0.5437853,0.49785784,0.5803762,0.5107831,0.50012815,0.5046206,0.5189271,0.5513055,0.5325675,0.5529416,0.61658597,0.5883332,0.5485035,0.6339722,0.58722484,0.6697717,0.55840594,0.63644165,0.64551866,0.6262836,0.57194746,0.5666878,0.5700888,0.5655812,0.5916057,0.6020132,0.58461154,0.63346994,0.6058685,0.5924131,0.59954745,0.611781,0.5252032,0.53778994,0.5971164,0.5824285,0.6025511,0.58342636,0.62646943,0.6075535,0.65042037,0.5843691,0.5900451,0.59227806,0.61576635,0.56242234,0.56783384,0.58455515,0.56422335,0.6263639,0.6403495,0.53305346,0.5542847,0.5631523,0.5360837,0.5340466,0.54585665,0.5668363,0.60287505,0.62288076,0.56403893,0.512189,0.64992267,0.610659,0.60179967,0.6356584,0.59735864,0.59452355,0.55185163,0.5410398,0.5517464,0.54456884,0.5847359,0.5233797,0.5266923,0.51582634,0.56346273,0.5417444,0.56735766,0.63841456,0.6068337,0.62013,0.51638657,0.6114492,0.6014655,0.6025548,0.608893,0.53951454,0.542042,0.5785219,0.5925366,0.51244706,0.5984136,0.59887034,0.5595722,0.59418607,0.5757085,0.6202664,0.5837403,0.6337982,0.64240724,0.64183456,0.5540798,0.5973219,0.5983482,0.62021977,0.57127136,0.5894066,0.49070984,0.54408133,0.55341804,0.56967705,0.58857846,0.6129599,0.56504405,0.5478726,0.51316005,0.57115215,0.5262521,0.54745656,0.599299,0.6058508,0.5338824,0.58601934,0.57409286,0.5781876,0.60777736,0.5615665,0.66130316,0.66688627,0.5671558,0.6291848,0.58508474,0.53779846,0.5674018,0.56470054,0.55956894,0.57676864,0.5389234,0.5800337,0.52733827,0.553233,0.4718422,0.523006,0.5522258,0.63976306,0.61910015,0.551513,0.54427385,0.54728675,0.5105525,0.5650583,0.6040727,0.6210551,0.557674,0.5405741,0.53639406,0.5128285,0.50178456,0.49671146,0.5584799,0.5274102,0.50759387,0.591184,0.5754497,0.5499013,0.565011,0.51706934,0.53719497,0.59189767,0.5901246,0.5436592,0.5493613,0.5422893,0.5540057,0.5821338,0.5850834,0.53218156,0.5311401,0.58919656,0.5887681,0.5823695,0.5667285,0.5504155
132,0.6369828,0.5567084,0.6291501,0.6082264,0.6086715,0.59381264,0.5702728,0.5833178,0.58825415,0.6247366,0.59049815,0.62802285,0.57245046,0.6801334,0.6863929,0.5474124,0.5369562,0.59745157,0.5680213,0.5079587,0.5343243,0.58050036,0.56801206,0.56528705,0.59528977,0.6029558,0.59316456,0.57578796,0.61242193,0.6221988,0.70040315,0.55135286,0.6900902,0.6748539,0.6421407,0.58312976,0.5913505,0.5824424,0.5807009,0.59758765,0.61406696,0.5750029,0.63632184,0.60417455,0.5750119,0.61541,0.5906618,0.5435272,0.54176176,0.622261,0.5815569,0.5933179,0.585726,0.6170146,0.6018833,0.63044125,0.59940463,0.62309146,0.61920124,0.62259614,0.6070717,0.61004215,0.61444765,0.6233746,0.64166915,0.65017164,0.5415369,0.5863387,0.5752493,0.5323396,0.5422329,0.6167003,0.61467385,0.6546407,0.6148939,0.56245947,0.540073,0.6368636,0.59366,0.65780324,0.6574086,0.63543266,0.6117384,0.56897646,0.58836555,0.5773113,0.56181145,0.58757204,0.55789757,0.51152587,0.5209582,0.57101965,0.5434432,0.57602435,0.6576118,0.6069165,0.63224924,0.562141,0.5952207,0.595493,0.6011254,0.5989299,0.5574223,0.5371633,0.56638277,0.5959617,0.54109454,0.59042734,0.61304945,0.57412565,0.61239433,0.59670997,0.60449576,0.5841391,0.6186467,0.62338483,0.6339944,0.5752593,0.59704,0.60599023,0.63594323,0.6016216,0.5920632,0.49590665,0.5397942,0.61117476,0.62582564,0.59572124,0.5965616,0.5726261,0.5573043,0.5397093,0.5577805,0.52287734,0.5629548,0.5964897,0.607736,0.5985729,0.56126493,0.5789391,0.6124012,0.62963724,0.60322005,0.67767256,0.68216294,0.62857836,0.6243817,0.5888317,0.5634636,0.5927326,0.6310216,0.55598843,0.5781439,0.5882575,0.6293797,0.53235584,0.53774595,0.504023,0.5501048,0.5834123,0.6306393,0.6172816,0.59037215,0.56011283,0.56295794,0.5405238,0.5894373,0.5964385,0.6348568,0.6586187,0.5621771,0.5411733,0.5284106,0.5365905,0.513766,0.6210197,0.51109475,0.5212796,0.6154536,0.6099756,0.63136613,0.5283063,0.5981674,0.6008107,0.58274496,0.5590352,0.57111543,0.57923526,0.5723324,0.58984035,0.5892944,0.61883324,0.575382,0.66014993,0.67505157,0.5498686,0.49849838,0.5731342,0.52093667,0.5113007,0.5047948,0.5284796,0.5488181,0.5555041,0.54533434,0.60224247,0.5974404,0.55106974,0.62130624,0.5897638,0.7002066,0.55818886,0.67061955,0.66241825,0.6476654,0.5714754,0.57173413,0.5676659,0.5664541,0.5898975,0.5988508,0.5692612,0.61952806,0.58631665,0.5832601,0.5919152,0.5814163,0.5304504,0.5309076,0.58875686,0.5733389,0.58678424,0.5817129,0.6013775,0.5994985,0.62457913,0.58054906,0.58539873,0.59829146,0.61041325,0.58642507,0.5578416,0.5609284,0.57532364,0.6593976,0.6564535,0.51236135,0.55577856,0.5594415,0.52216595,0.52132595,0.5360031,0.5538219,0.5790442,0.6177264,0.54800546,0.48514736,0.6271821,0.6015692,0.5945234,0.6344311,0.5904075,0.57420933,0.5410253,0.5068469,0.54486376,0.5333773,0.59394944,0.50993675,0.5051592,0.49155313,0.55600077,0.5360575,0.5617609,0.6305124,0.5890563,0.60288393,0.4890991,0.6073746,0.59037447,0.5971899,0.6145715,0.5546289,0.5549173,0.56226,0.5876237,0.5192326,0.5890957,0.5921281,0.5618891,0.5821101,0.5852589,0.6126845,0.5794826,0.61303055,0.6102038,0.61084247,0.555273,0.60254705,0.6001492,0.6253503,0.5746109,0.59349567,0.5040299,0.5428902,0.57022095,0.58378005,0.59898174,0.6048999,0.5529846,0.5529104,0.51673496,0.5638267,0.520457,0.549942,0.5960449,0.5914611,0.53245676,0.5841833,0.5617326,0.5839467,0.62379825,0.56447124,0.6374019,0.6556265,0.5696165,0.5926357,0.56571424,0.50963736,0.5670656,0.55749303,0.57468987,0.5831388,0.5481017,0.59680283,0.526241,0.5405116,0.48081785,0.537831,0.56227034,0.65343297,0.63356274,0.5547838,0.55713516,0.55784535,0.51289916,0.56633675,0.5974092,0.61379844,0.53954387,0.50697964,0.5338497,0.5325775,0.53048104,0.49805772,0.5731605,0.5129546,0.51179785,0.5857081,0.5948714,0.55826324,0.56511503,0.5178976,0.5397444,0.59214103,0.5888109,0.5395809,0.55010325,0.54738367,0.55574197,0.58431035,0.5868317,0.5310538,0.5313182,0.5866719,0.5856027,0.58752066,0.56687117,0.55279773
133,0.6366706,0.54958457,0.6325958,0.6045596,0.60454756,0.5906155,0.5632412,0.58111453,0.582051,0.61863464,0.5901167,0.6137372,0.5651717,0.6955464,0.70410794,0.5444058,0.52870274,0.5930368,0.5665523,0.5050945,0.5309815,0.57779694,0.56926894,0.58102304,0.5866627,0.5816005,0.6058071,0.58420306,0.6214593,0.64090306,0.7303258,0.552239,0.7273765,0.68780226,0.6566461,0.5820946,0.59158486,0.58448374,0.57701045,0.59199125,0.6098416,0.56587803,0.6223304,0.5889556,0.57060134,0.6103862,0.5731607,0.54884785,0.53922004,0.6099131,0.5733445,0.5814839,0.5815977,0.60256034,0.5954075,0.6065343,0.5868126,0.6120126,0.6207316,0.6170089,0.6158128,0.6167107,0.6003944,0.6492798,0.6708508,0.6670539,0.5350374,0.5998532,0.5738864,0.5103758,0.5397147,0.63540065,0.6171149,0.63663334,0.5952262,0.5386558,0.52375513,0.6191942,0.57263464,0.6545593,0.64964426,0.6265559,0.60994846,0.56375563,0.5746166,0.57399714,0.5495133,0.5938523,0.55133826,0.49721354,0.5155369,0.5704016,0.5404173,0.5648457,0.651129,0.598341,0.6298637,0.56640685,0.59277576,0.592954,0.59468156,0.60435945,0.56911445,0.5490669,0.5635583,0.5941774,0.550463,0.58206,0.6053571,0.5737744,0.60463184,0.6038556,0.5940548,0.58545053,0.6039866,0.6033603,0.61105627,0.5769269,0.60603476,0.60491115,0.6397962,0.60393375,0.5924125,0.50859016,0.5443242,0.6278506,0.63585854,0.59994847,0.5846261,0.5633712,0.55355185,0.54115283,0.5563415,0.522153,0.567661,0.59984314,0.60061973,0.5921968,0.5570207,0.5716747,0.6213971,0.6408921,0.6133936,0.6721528,0.68404186,0.63097954,0.60101753,0.5821246,0.5529588,0.5933763,0.64669895,0.55680233,0.5786973,0.5837511,0.6455316,0.5242954,0.52462786,0.50405973,0.55520725,0.58503735,0.63601345,0.6338325,0.5864687,0.57074755,0.5708202,0.5442427,0.591405,0.59539217,0.63126755,0.66104764,0.54177636,0.53531754,0.5422079,0.5535782,0.5234622,0.6379367,0.49962887,0.53035897,0.6144248,0.613426,0.6299013,0.522357,0.60062695,0.5970296,0.58141744,0.5557792,0.5694571,0.5719794,0.5704278,0.58609647,0.5835237,0.60833675,0.57458794,0.67363614,0.6813363,0.546809,0.49077567,0.5650896,0.5178644,0.5105506,0.50285167,0.52849066,0.5455277,0.57270825,0.5393869,0.5782142,0.604669,0.5556081,0.6071482,0.59030724,0.72234535,0.55353147,0.6997096,0.67102724,0.66433805,0.5640887,0.57211876,0.5648333,0.5621706,0.58541214,0.5920433,0.55540997,0.60400456,0.56740046,0.5738351,0.5799181,0.5588809,0.52640766,0.52023464,0.5738037,0.56538934,0.5748118,0.5746362,0.5830817,0.588306,0.6033964,0.57500637,0.5760205,0.6002286,0.60198075,0.6088247,0.5424532,0.52988756,0.5848033,0.68563884,0.666227,0.4902167,0.5566665,0.5537895,0.5046571,0.50871515,0.5231828,0.53844553,0.5465716,0.6046035,0.5232675,0.45672402,0.6020825,0.5920632,0.5821058,0.6257938,0.5792468,0.54970205,0.53182673,0.47281703,0.53604585,0.5167397,0.6009582,0.4977561,0.48504528,0.4668782,0.5442676,0.53035516,0.5498334,0.6156561,0.5719637,0.58084226,0.46172568,0.60362285,0.5808686,0.5918477,0.61363935,0.5692883,0.5665425,0.5532996,0.5816282,0.530893,0.57851386,0.5811691,0.563561,0.56404644,0.59163463,0.6067671,0.5758245,0.5959598,0.58599395,0.5833842,0.5543796,0.60263216,0.59928715,0.6218153,0.5755635,0.596953,0.52017826,0.5471429,0.5816899,0.5902218,0.60843104,0.59429705,0.5395902,0.5568885,0.51967764,0.55259466,0.51349944,0.5518574,0.5903328,0.5765525,0.5258497,0.58237576,0.55205566,0.587122,0.63102376,0.5637368,0.6097444,0.6392846,0.5637707,0.5668012,0.5490467,0.48051414,0.5642091,0.54765165,0.5804636,0.5828521,0.5487953,0.61008215,0.52235895,0.5301631,0.4781404,0.5438197,0.5629363,0.6620132,0.6418932,0.5525795,0.56961024,0.5678674,0.51683766,0.56786036,0.58847547,0.5985339,0.521668,0.46796563,0.53205085,0.5491404,0.5568521,0.50628424,0.58779687,0.4958466,0.520253,0.5754987,0.60922074,0.56692725,0.5654981,0.519386,0.54341656,0.58798033,0.5833769,0.533489,0.54832387,0.54992527,0.55539304,0.5846643,0.5863029,0.5303881,0.5311149,0.5822569,0.58060014,0.5876612,0.56318974,0.5516484
134,0.6259604,0.54263884,0.62916124,0.594501,0.5947808,0.5810799,0.5522975,0.5745589,0.57013,0.6060591,0.58631647,0.59233975,0.5514644,0.7037161,0.7144696,0.5332265,0.51698875,0.5890366,0.5550808,0.49379703,0.52289927,0.5710363,0.56939745,0.5860563,0.5742093,0.5527083,0.6154364,0.5906715,0.63022685,0.6535333,0.74965876,0.54954046,0.7550127,0.69253635,0.6653555,0.5745838,0.5871187,0.5853799,0.567893,0.58251786,0.59880906,0.55800074,0.6067515,0.5749436,0.5686898,0.6079926,0.56299263,0.54492503,0.5342503,0.6006551,0.5662665,0.5742767,0.5721228,0.5925728,0.5859441,0.5904665,0.5711654,0.59864277,0.61776894,0.6072807,0.62132335,0.61852056,0.5785585,0.6719752,0.6934503,0.6759393,0.5246606,0.6093386,0.5695345,0.484658,0.5352608,0.64815813,0.6147143,0.60891855,0.5669354,0.5099303,0.5044584,0.6033886,0.5437791,0.64652395,0.63208026,0.61183673,0.6042277,0.5606217,0.55882263,0.5691503,0.53288573,0.5947514,0.54164815,0.48137277,0.51083785,0.56613606,0.5363373,0.54888356,0.63921744,0.5911743,0.62261313,0.5692844,0.5883979,0.5907791,0.5894802,0.6028709,0.576473,0.5546891,0.56271696,0.59204847,0.559396,0.5726159,0.59529215,0.5727074,0.5921228,0.6080499,0.58708555,0.58431226,0.5970318,0.59477895,0.5967018,0.5753757,0.6079942,0.6009162,0.63417304,0.6029946,0.58955586,0.5189085,0.54901356,0.6380079,0.6411214,0.6027531,0.5689785,0.5504935,0.5473972,0.5398829,0.552755,0.52150506,0.57083565,0.6019851,0.5941964,0.5860326,0.5543539,0.5702182,0.62836313,0.64523524,0.62030727,0.6619238,0.68041474,0.62751627,0.5883191,0.5805253,0.5397518,0.58862174,0.6564709,0.54963094,0.5740362,0.57382953,0.656343,0.5170445,0.51594716,0.4946697,0.552501,0.58119327,0.63454044,0.6447764,0.58100086,0.5785353,0.5783947,0.54769534,0.5910972,0.5915311,0.62115145,0.6557648,0.5176166,0.5262845,0.5496146,0.56280583,0.53352237,0.65063745,0.48890314,0.53972864,0.6078232,0.6121997,0.6182358,0.5185216,0.5966781,0.5872775,0.5742613,0.5464033,0.55972433,0.5614874,0.5629364,0.5783751,0.5755003,0.5950114,0.56520045,0.67992264,0.6820221,0.5369165,0.47883484,0.5581804,0.5044784,0.5014657,0.5001463,0.52120405,0.5433155,0.5795725,0.5356096,0.54783994,0.6096459,0.5612792,0.59419835,0.5878664,0.7358595,0.5451707,0.720977,0.6721271,0.67482406,0.551136,0.5675512,0.56228656,0.5522502,0.57785755,0.5814156,0.54318917,0.58886117,0.5521301,0.5661816,0.5678847,0.54606664,0.5163276,0.50899076,0.5572627,0.5586272,0.56689227,0.56308097,0.5720782,0.57468367,0.5895587,0.56853056,0.56462276,0.5979157,0.5918306,0.6282802,0.5243387,0.4956283,0.59337234,0.7042039,0.6702582,0.4688923,0.5567544,0.5469069,0.4850222,0.49704748,0.5096651,0.522538,0.509541,0.5850031,0.492608,0.42904943,0.57964844,0.58234483,0.56876904,0.61195385,0.5679335,0.52400213,0.5264576,0.44297805,0.527309,0.49767926,0.60479724,0.48884732,0.46747512,0.44495857,0.53128,0.5247098,0.53358364,0.5976957,0.5588495,0.5571266,0.4369845,0.5992405,0.5728025,0.584228,0.60426277,0.57845515,0.5726189,0.5488486,0.5754825,0.54251355,0.5686849,0.5683351,0.56417066,0.54296225,0.5948282,0.60212016,0.5720643,0.5841157,0.5730291,0.5646622,0.5519991,0.5979956,0.5963152,0.6110654,0.5743475,0.5986172,0.53295916,0.553707,0.5874533,0.5894343,0.6146812,0.5817533,0.52493936,0.55890065,0.5212029,0.5392795,0.50620323,0.5534187,0.58524674,0.56444603,0.51731455,0.58046633,0.547182,0.5891303,0.630226,0.56189936,0.5832572,0.62054235,0.5532015,0.5534114,0.53764075,0.45384988,0.55869985,0.53609675,0.5778698,0.5769758,0.54183406,0.6192626,0.51780665,0.52455723,0.46716464,0.54232,0.555473,0.66463107,0.645061,0.54615635,0.5802742,0.57653785,0.52205354,0.5684832,0.5769717,0.5778942,0.5065349,0.42859444,0.53085524,0.5573637,0.5737028,0.5166767,0.5993056,0.47782654,0.5299561,0.56272674,0.618347,0.575323,0.5664737,0.5213833,0.5473216,0.5804767,0.5751091,0.5266498,0.5444607,0.5499447,0.5531777,0.5833371,0.583854,0.5300426,0.53043145,0.5763077,0.57429504,0.5833659,0.5566431,0.54743415
135,0.6102673,0.5378588,0.6212011,0.58224505,0.5831108,0.5689837,0.54051447,0.5654036,0.55511236,0.59055465,0.5814493,0.5675285,0.5362148,0.7058356,0.71775264,0.5189717,0.5057226,0.58648074,0.5392039,0.47958657,0.5138581,0.5628721,0.56994313,0.57958925,0.5588046,0.52020943,0.6212231,0.59302944,0.6382469,0.6581957,0.7587145,0.54465026,0.7719213,0.6900418,0.66736996,0.56384146,0.5803285,0.58677125,0.5563441,0.57102823,0.58324647,0.55236554,0.59228194,0.56519395,0.57091165,0.61012906,0.55998695,0.53654385,0.5306051,0.59764004,0.5603034,0.5711099,0.559312,0.5868525,0.5752018,0.5829033,0.55553246,0.58616364,0.61263674,0.5962059,0.62356734,0.6153344,0.5519631,0.68953997,0.7083183,0.67739403,0.5102806,0.6132844,0.56180686,0.45666406,0.5278339,0.65375286,0.60747236,0.57558835,0.53363633,0.47885454,0.4825232,0.59247947,0.51048833,0.6365195,0.60728735,0.5944488,0.59607154,0.56125194,0.5435002,0.5641011,0.5128035,0.58960605,0.5296051,0.4642695,0.5072934,0.5602573,0.53170556,0.5301667,0.6252902,0.58724535,0.61201787,0.57005274,0.58162767,0.58779293,0.5838211,0.5942376,0.5770603,0.551646,0.560898,0.58979136,0.5636489,0.5643245,0.5849501,0.5710698,0.5768434,0.6087734,0.58342373,0.58115613,0.59722084,0.5974038,0.59242994,0.57171094,0.60443443,0.5952313,0.6223982,0.59974146,0.58338654,0.5222335,0.5510586,0.64195436,0.6426751,0.6026752,0.5507814,0.5343292,0.53910553,0.533926,0.54737884,0.5207157,0.5722316,0.6037201,0.59015197,0.58274114,0.5527271,0.574279,0.6332317,0.6443815,0.62534016,0.6494355,0.67226875,0.6213862,0.584937,0.58461046,0.52491254,0.5780437,0.65888464,0.5377603,0.56624794,0.5614038,0.6620558,0.512925,0.51357675,0.48148397,0.54566944,0.5741866,0.6255589,0.6506898,0.57530624,0.58347076,0.5843975,0.55075663,0.5885718,0.5844815,0.6069274,0.6439445,0.49228978,0.51552796,0.5479563,0.56163085,0.53902566,0.6566505,0.47901848,0.54682034,0.5977341,0.6077952,0.6020002,0.51805866,0.58864987,0.5756839,0.5650707,0.53477114,0.54594374,0.5499076,0.5515939,0.569936,0.5687128,0.5819254,0.5521839,0.6808158,0.6787924,0.52455455,0.46676338,0.55371577,0.4868427,0.489372,0.49777538,0.51089513,0.5436957,0.5749393,0.5346638,0.516904,0.6132929,0.5674088,0.5850733,0.5818813,0.74162227,0.53520507,0.73303604,0.6681919,0.679006,0.5360877,0.56054205,0.5616726,0.53956085,0.568482,0.5690025,0.53437793,0.57619554,0.5433478,0.5631496,0.5598689,0.54263157,0.5046546,0.5004315,0.54388666,0.5531102,0.5628027,0.549264,0.567419,0.5611099,0.5828481,0.56293374,0.5544942,0.59310645,0.58260286,0.64357156,0.5071593,0.46401694,0.6013821,0.7150125,0.66993046,0.45110297,0.5558989,0.5396914,0.4658579,0.48704064,0.4976419,0.5090022,0.47425762,0.5628831,0.46143207,0.40478104,0.5638461,0.5729413,0.558961,0.5967977,0.5606418,0.501013,0.5269514,0.42075714,0.5215289,0.48030534,0.6048477,0.48492852,0.45366603,0.42898077,0.5205093,0.5194413,0.5161994,0.5818414,0.5519714,0.5360972,0.41747814,0.5938365,0.5655588,0.57373285,0.5877994,0.5796787,0.57090235,0.5460386,0.5703576,0.54969,0.5613945,0.556516,0.5638088,0.52277166,0.5955375,0.5985397,0.5681858,0.57757616,0.57058334,0.5562398,0.5488899,0.5902643,0.5921208,0.596519,0.57163477,0.5983715,0.5376037,0.5587129,0.5883914,0.5837384,0.6166618,0.5687841,0.51031315,0.5586587,0.52081674,0.52668935,0.49984854,0.5547431,0.5835706,0.5578567,0.509771,0.5785176,0.54808515,0.59152716,0.62429065,0.5619096,0.5626058,0.6030774,0.54250187,0.55027264,0.53326184,0.43318212,0.5513135,0.52434844,0.5703513,0.5681872,0.53013873,0.62429607,0.5148199,0.52448916,0.45307472,0.5369513,0.5434266,0.6620691,0.6454131,0.537882,0.58765966,0.58278716,0.52785045,0.5680499,0.56370354,0.55632436,0.4963058,0.39462015,0.53015035,0.5550217,0.57739675,0.5240513,0.6058796,0.46135455,0.53787386,0.5505416,0.6230936,0.58255553,0.56812567,0.5235513,0.5504694,0.57141346,0.5660716,0.5209708,0.53987193,0.5481899,0.5500548,0.5807069,0.58021986,0.5301167,0.5292397,0.56965387,0.5677457,0.5764432,0.549224,0.54186815
136,0.5966482,0.53639716,0.61206925,0.57290417,0.57428914,0.5590257,0.53109926,0.55602366,0.5408858,0.57680106,0.57794034,0.5444279,0.5250558,0.7043404,0.7158858,0.50754815,0.4982033,0.5854011,0.5256126,0.46840003,0.5074432,0.5561215,0.5717601,0.5642825,0.5429417,0.48943806,0.62357616,0.5908771,0.6450055,0.6545165,0.7588327,0.5393537,0.77826077,0.68261284,0.6630756,0.5542301,0.57517296,0.5902818,0.54721195,0.5606835,0.56799006,0.55092454,0.5817939,0.561528,0.5781865,0.6168352,0.56220216,0.5291511,0.53056437,0.6016241,0.5556382,0.5708361,0.5462307,0.584539,0.5660571,0.5814632,0.5430165,0.5769151,0.60843045,0.5874394,0.6220884,0.60708433,0.5254327,0.6999934,0.7146916,0.67280453,0.49302062,0.61086833,0.5504666,0.42883283,0.51683134,0.6517508,0.59674066,0.5430571,0.50116575,0.44909453,0.4598433,0.587716,0.47832808,0.62757605,0.58057046,0.57864225,0.58776104,0.5665143,0.53151566,0.5601764,0.49127546,0.5789277,0.5167827,0.44720525,0.5052303,0.5549161,0.527277,0.51129246,0.61376476,0.5871977,0.60074025,0.5677959,0.5735569,0.5832303,0.57728857,0.5808219,0.5712732,0.54050606,0.5569777,0.5879423,0.5611924,0.55925316,0.5766836,0.5693022,0.56171554,0.6059206,0.5826807,0.57772416,0.6017955,0.6071549,0.5957394,0.5672364,0.5978739,0.5891989,0.608906,0.59558326,0.57520217,0.5167513,0.5490166,0.6405401,0.6417478,0.5992332,0.53245723,0.51658,0.5298648,0.52242464,0.54135245,0.5199734,0.5719676,0.6057197,0.58951455,0.5832664,0.55146974,0.58233094,0.6361738,0.64109874,0.62972224,0.6381873,0.6622683,0.61629844,0.5872737,0.593462,0.5103431,0.56267536,0.6538083,0.52615386,0.55803394,0.5499669,0.6631038,0.51289546,0.5168978,0.4706499,0.5392785,0.5667109,0.6107159,0.6530491,0.57049537,0.58565676,0.58725697,0.5536126,0.58534425,0.5749691,0.5924978,0.6287659,0.4695423,0.50556487,0.5377195,0.5510221,0.5369519,0.6545283,0.47018272,0.5505012,0.5869196,0.6024146,0.5883211,0.52114785,0.5797175,0.56703377,0.5585041,0.5255092,0.53325427,0.53961515,0.5394961,0.5644394,0.5656694,0.5719501,0.54164714,0.679301,0.6745706,0.5147799,0.4578015,0.55187714,0.47217813,0.47956693,0.49626127,0.50223374,0.5471528,0.56126696,0.53717214,0.49175012,0.61698216,0.57348406,0.5813727,0.57235223,0.74112546,0.526172,0.7356152,0.6627257,0.67785245,0.5233681,0.5551111,0.56446683,0.5289224,0.55957484,0.5582501,0.5312912,0.56795204,0.542521,0.56674814,0.55834866,0.54590887,0.49580166,0.49670458,0.53683,0.5488682,0.5617203,0.5361374,0.5668487,0.55082005,0.5806201,0.5599468,0.5482685,0.588762,0.5773184,0.65342,0.49401182,0.44055945,0.60818404,0.7185876,0.6669095,0.43878686,0.5534745,0.53224254,0.44970065,0.47836643,0.4885779,0.5000539,0.44716272,0.54337406,0.43577248,0.38632983,0.5564385,0.5650178,0.55572915,0.5846447,0.56010973,0.4845309,0.53387064,0.40826303,0.52097493,0.46827966,0.6007725,0.4863375,0.44430065,0.4209765,0.5146184,0.5150109,0.5008126,0.5730481,0.5515651,0.52211326,0.4046439,0.58797926,0.5585841,0.5615365,0.5685056,0.57368773,0.56193805,0.54307604,0.5672504,0.5500495,0.5579366,0.5484054,0.5630751,0.5071776,0.59461284,0.5962249,0.5649874,0.5751721,0.5743102,0.5558967,0.54562855,0.58168304,0.5875553,0.5823632,0.5683704,0.5969142,0.5325163,0.55911523,0.58601207,0.57620746,0.6145873,0.557486,0.49744117,0.55635846,0.51827615,0.5177443,0.49565604,0.55575895,0.5866694,0.55793905,0.50493914,0.5768769,0.55408746,0.59531367,0.6172018,0.5657137,0.55104667,0.59085566,0.53601706,0.5524492,0.53604674,0.4208433,0.54302573,0.5140101,0.56265414,0.5596995,0.5176924,0.6253823,0.5149476,0.5288378,0.44136202,0.5320488,0.5313573,0.6564177,0.64566505,0.5302755,0.59069103,0.5853846,0.5332555,0.56718713,0.55046564,0.53899854,0.49203053,0.3706756,0.5298877,0.5433822,0.5686784,0.52469987,0.6068454,0.4489335,0.5421549,0.5418029,0.624765,0.58783925,0.57033354,0.5254987,0.55215347,0.56290716,0.558533,0.5181956,0.5363144,0.54583985,0.54725605,0.57729733,0.57628626,0.5307603,0.5275967,0.5634932,0.5622426,0.5693867,0.5433153,0.5372278
137,0.5909891,0.5384586,0.604853,0.5703605,0.57196116,0.55488133,0.5261558,0.54891,0.5313009,0.5694078,0.5776654,0.52831656,0.5224194,0.7019212,0.71150583,0.5041039,0.49651906,0.58495367,0.5198994,0.4649754,0.50600994,0.55257237,0.5748592,0.5453597,0.5301398,0.46591952,0.62331927,0.5853962,0.649714,0.643635,0.75155723,0.5351488,0.7744897,0.67329395,0.6536888,0.5499717,0.5751359,0.59639955,0.54509586,0.55455905,0.5583359,0.5549113,0.57748014,0.5638743,0.58960545,0.62626,0.5662843,0.52748823,0.53481,0.6107953,0.5523681,0.5716352,0.5361676,0.5838383,0.56131697,0.5818505,0.5357802,0.57189685,0.6075003,0.58396363,0.61631584,0.5938772,0.5042738,0.7014764,0.7120658,0.66392875,0.4752178,0.60211873,0.53560543,0.40443656,0.5025403,0.64293665,0.5843634,0.51876146,0.4758754,0.42455786,0.43999192,0.58847344,0.4536333,0.6222641,0.5586657,0.56883097,0.5817688,0.57585394,0.52545637,0.55813193,0.4711029,0.5643665,0.50508815,0.4321301,0.50469965,0.5520307,0.5239174,0.49483675,0.608883,0.5900298,0.5917006,0.5617707,0.56626725,0.57681715,0.5701963,0.5665945,0.5616651,0.5246276,0.5515365,0.5868267,0.5525454,0.5587,0.5723269,0.5679661,0.5495793,0.59961015,0.58419967,0.57608116,0.6065024,0.6172573,0.60140365,0.5630825,0.59089744,0.5838232,0.59779406,0.5918169,0.56694794,0.50395525,0.5431611,0.6346478,0.6390828,0.5928285,0.51724374,0.49993873,0.5212366,0.50600564,0.5363991,0.5196474,0.5704739,0.60820335,0.5924338,0.58671373,0.55032015,0.59198564,0.63733816,0.6379686,0.6338719,0.63185614,0.6541204,0.6153382,0.59042984,0.60466665,0.49850798,0.5447945,0.6425044,0.51995903,0.5517335,0.54227847,0.6597719,0.5165275,0.5233812,0.4672579,0.53740764,0.5607887,0.59325784,0.6535457,0.56677526,0.5852024,0.58585507,0.55643696,0.5832912,0.5645784,0.5819453,0.61433285,0.4538856,0.49896175,0.5221936,0.53508127,0.5271665,0.643921,0.46275532,0.55093807,0.57791466,0.59773517,0.58303726,0.5271136,0.57268065,0.56481475,0.55806416,0.5222089,0.52582127,0.53276116,0.5300677,0.56485593,0.5673793,0.5670116,0.5387346,0.67836267,0.67224884,0.5117563,0.4542846,0.55170286,0.46662524,0.47612384,0.4956789,0.4988327,0.5530065,0.5436312,0.5434388,0.47728306,0.6214647,0.57901025,0.5829711,0.5597897,0.735655,0.5201932,0.7287647,0.65916485,0.67266077,0.5170977,0.5549989,0.571008,0.5250697,0.5535237,0.5525186,0.5352081,0.56540954,0.5490575,0.57689214,0.563638,0.55140436,0.49325997,0.4985085,0.5371582,0.545728,0.5620562,0.52662444,0.5670074,0.5464489,0.5789286,0.56033844,0.54711497,0.5875652,0.5779977,0.6563982,0.48645207,0.42880678,0.6121721,0.71558774,0.66241294,0.43267465,0.54832286,0.52357924,0.43833408,0.46961212,0.4833592,0.4960109,0.4329087,0.53073734,0.42022082,0.37547222,0.5568449,0.5599625,0.55986863,0.57866293,0.5669171,0.47716954,0.5456661,0.40623853,0.526149,0.46401685,0.59239143,0.49157664,0.43925238,0.42144278,0.51481545,0.51180923,0.48948717,0.57447714,0.55576885,0.5181186,0.39865497,0.5827793,0.5514895,0.5496986,0.5519125,0.563621,0.548702,0.5393629,0.5664391,0.543606,0.55881375,0.5456916,0.56265503,0.49848688,0.5924216,0.5954481,0.56360334,0.57468647,0.5776535,0.55885553,0.54253435,0.57430214,0.58309615,0.5721113,0.5653989,0.59487575,0.5196283,0.5535799,0.5817297,0.5694065,0.6092266,0.5496427,0.4875885,0.552266,0.51352054,0.51469296,0.49439317,0.5562008,0.5940863,0.5639716,0.5032872,0.57595056,0.56305957,0.6006326,0.6126132,0.57357967,0.5496926,0.5868995,0.53673357,0.5537898,0.5443112,0.4175965,0.53447926,0.5063825,0.5593332,0.5540811,0.5082163,0.6226228,0.5186938,0.5350029,0.43675107,0.53127515,0.5232418,0.6500221,0.64785,0.5251141,0.58883864,0.5834094,0.53729904,0.5666252,0.53929925,0.53010714,0.49324894,0.35969463,0.529897,0.5266272,0.5519671,0.51758814,0.6017845,0.44245604,0.5425382,0.5378112,0.6243302,0.5906211,0.57267517,0.52709466,0.5521347,0.5567607,0.5541422,0.5192317,0.5352448,0.544057,0.5457033,0.5735747,0.5727436,0.5319755,0.5256649,0.55893975,0.5587884,0.56454027,0.54081064,0.5354377
138,0.59637636,0.5430531,0.60123503,0.5760457,0.5774102,0.5580963,0.5262657,0.545985,0.5290497,0.5711732,0.5814274,0.522923,0.53011763,0.69997984,0.70627934,0.5114565,0.5010554,0.58371663,0.52499276,0.47172138,0.5099992,0.55264384,0.57822835,0.5294223,0.52348477,0.45379463,0.6208836,0.57838523,0.6511577,0.6273879,0.73817813,0.5327132,0.7605516,0.6645179,0.6400945,0.553902,0.58202195,0.6044293,0.55268943,0.55449617,0.5580993,0.5638127,0.5800146,0.5706059,0.6026775,0.6355467,0.5679565,0.534245,0.5424803,0.62150174,0.54996055,0.5708306,0.5318312,0.5817627,0.56259155,0.57916576,0.5347105,0.5710649,0.6105844,0.5870215,0.60580313,0.5760594,0.49268624,0.6923572,0.7000789,0.6524312,0.45978802,0.5878118,0.51775485,0.38686088,0.48620862,0.62905335,0.5717857,0.50885826,0.46251348,0.40831962,0.42706364,0.5927706,0.4414016,0.6221076,0.54711235,0.5683041,0.580055,0.58732855,0.52670544,0.55759954,0.4550555,0.548282,0.4961813,0.42098194,0.5052513,0.5530758,0.5223913,0.4827816,0.6130183,0.5935929,0.5869661,0.5518658,0.56186646,0.56862783,0.562849,0.5557294,0.5518036,0.5091302,0.54597926,0.5862645,0.5399797,0.5627954,0.57264835,0.5672474,0.5420501,0.58978486,0.5870739,0.57766956,0.60671604,0.62028354,0.60323185,0.5599466,0.5856358,0.5794762,0.5920188,0.5893191,0.5600495,0.4879571,0.5347585,0.62514496,0.6350983,0.58392435,0.5077239,0.4869691,0.5144974,0.4864378,0.5342474,0.519982,0.5683027,0.6108999,0.59814334,0.59108377,0.5491041,0.6002669,0.6365282,0.63643783,0.6375823,0.63256633,0.65079874,0.62000483,0.5893334,0.6151075,0.49168026,0.52698785,0.6270395,0.5228178,0.54882395,0.5396632,0.652493,0.52191293,0.52938634,0.47411576,0.5424561,0.5574773,0.57609004,0.6533533,0.5635236,0.58226234,0.579939,0.5590378,0.58370006,0.5551218,0.577944,0.60370284,0.44951972,0.49742535,0.50656676,0.51979387,0.5119096,0.62521905,0.45708975,0.5490419,0.5721837,0.5940991,0.5891372,0.5342606,0.5691844,0.57020915,0.5649507,0.5263691,0.52587384,0.53081626,0.52621204,0.57240045,0.5733784,0.56762445,0.54596376,0.6793832,0.67292196,0.5174629,0.4571011,0.5513392,0.47363937,0.48100677,0.49548966,0.50238186,0.5593401,0.52842456,0.55292416,0.47605613,0.6263201,0.5831713,0.58801025,0.54492,0.72597474,0.5183094,0.71232826,0.65953267,0.6641451,0.520048,0.56243473,0.5803682,0.5311377,0.55198973,0.5538463,0.5455147,0.5685901,0.5605147,0.5913901,0.57395303,0.5537468,0.49873054,0.5049728,0.54371035,0.543128,0.56148005,0.52302086,0.5639733,0.5491405,0.57352346,0.5638064,0.5508441,0.59085923,0.58477914,0.6510072,0.4846235,0.43017727,0.6113567,0.7065098,0.65699613,0.43263203,0.53939784,0.5124205,0.43297726,0.45912245,0.48255202,0.495752,0.4338811,0.5271035,0.41745293,0.3734957,0.5626701,0.55840415,0.57016236,0.58011127,0.57980907,0.47975543,0.55913156,0.4140854,0.5354613,0.46879253,0.5798641,0.4975848,0.43765387,0.42950597,0.52114683,0.51004636,0.48308462,0.5865739,0.5613847,0.5248576,0.39907488,0.5791843,0.5439836,0.54037225,0.5430717,0.55381,0.53560555,0.53499615,0.5673466,0.5322012,0.56337875,0.54865897,0.562806,0.4971476,0.5885877,0.59608096,0.56486374,0.5733414,0.5736723,0.5592077,0.5398743,0.56947464,0.5787454,0.56789553,0.5632198,0.59215754,0.50347143,0.5422631,0.5766879,0.5649531,0.60125387,0.5457799,0.48118088,0.5465521,0.5067837,0.5186615,0.4963282,0.5557298,0.6038751,0.5736309,0.50411385,0.5757277,0.5719033,0.6066431,0.61275434,0.5842766,0.55720216,0.59198254,0.54544914,0.54843783,0.5550419,0.4229891,0.52597684,0.5022958,0.5633334,0.5526248,0.50418335,0.61626554,0.52506393,0.53940856,0.44208178,0.53661156,0.52150834,0.6441676,0.65270585,0.5231035,0.5820762,0.5767066,0.53928274,0.56678843,0.5318542,0.53171575,0.4980844,0.36333466,0.52974373,0.5107199,0.53406674,0.5042084,0.59031856,0.44290462,0.5398404,0.53796035,0.6218884,0.59035873,0.57427734,0.5285517,0.55052704,0.55390805,0.5534033,0.5239157,0.5372523,0.5436538,0.5457432,0.5697332,0.56983143,0.53357136,0.5237477,0.5566133,0.5577717,0.5634036,0.5425454,0.5375077
139,0.6128326,0.54813504,0.6009726,0.58890826,0.5895664,0.5681379,0.53082883,0.5479946,0.53505737,0.5818952,0.58877486,0.529336,0.54697376,0.6975007,0.69950265,0.529306,0.51044357,0.5800912,0.54070514,0.48839137,0.5180493,0.5557509,0.5800137,0.52277356,0.5244316,0.45475662,0.6159407,0.571355,0.6476253,0.60719115,0.71953017,0.5316064,0.7355613,0.65664047,0.6218924,0.5665413,0.5956216,0.61305547,0.5699739,0.56062627,0.56849694,0.57539654,0.5881279,0.57923377,0.6143107,0.641602,0.56291133,0.54926723,0.5514131,0.62930155,0.54717016,0.5653642,0.53467613,0.574758,0.5696684,0.56920326,0.53960216,0.57387984,0.6168609,0.59585255,0.59043586,0.5542207,0.49262142,0.671499,0.67869645,0.6396466,0.44918737,0.56916714,0.4979224,0.37861994,0.46959692,0.6120366,0.55979717,0.51615906,0.46312708,0.40199757,0.4239947,0.59795654,0.44396216,0.62719005,0.5481552,0.57812726,0.58342093,0.5981316,0.5346841,0.5570151,0.4450945,0.5331496,0.49096528,0.41510603,0.50592476,0.55881786,0.52312994,0.47616673,0.62532675,0.59547395,0.58689624,0.53870934,0.5615338,0.55899113,0.5553321,0.5513864,0.54519314,0.49928066,0.5415928,0.5856814,0.5265249,0.57043123,0.5773066,0.566597,0.5391904,0.57615143,0.59012514,0.5827695,0.5986762,0.61019784,0.5956008,0.5579564,0.58342093,0.5758438,0.59298337,0.58844167,0.55491143,0.4740083,0.52527547,0.6130306,0.63019556,0.57254106,0.5046106,0.4790213,0.5103067,0.4659831,0.5358616,0.5209815,0.56588835,0.6131735,0.60507447,0.59409213,0.5473145,0.60416085,0.63301075,0.63641346,0.640297,0.63942707,0.65267056,0.6296195,0.5798906,0.6219253,0.4909428,0.5110466,0.60924006,0.5357562,0.54977745,0.54203075,0.6421019,0.5260459,0.5311376,0.49120474,0.55453175,0.556971,0.5600208,0.6525164,0.55994123,0.57709587,0.5700254,0.56080496,0.5870109,0.54798096,0.5810177,0.5974252,0.45894822,0.5014678,0.49655503,0.51121914,0.49465635,0.59934235,0.45329145,0.54615474,0.5697844,0.590719,0.6065275,0.5400111,0.56950825,0.58217084,0.57814014,0.5374097,0.53385955,0.534162,0.52970046,0.5860714,0.5821374,0.57295877,0.5626819,0.6810924,0.6748021,0.531367,0.4652114,0.54867387,0.49347708,0.49370366,0.49462998,0.5125515,0.5634111,0.521789,0.56412333,0.48836747,0.6301382,0.5849378,0.59338486,0.52830726,0.71231747,0.52009565,0.686002,0.6633898,0.6518636,0.5328737,0.57754225,0.59073055,0.54783034,0.55542624,0.5623502,0.5597955,0.57596576,0.57342136,0.6067094,0.5858077,0.54797673,0.51164025,0.513865,0.5532757,0.54024756,0.55747104,0.52648556,0.5543595,0.55822164,0.5608024,0.5694199,0.55847794,0.5984041,0.5958866,0.636094,0.48789868,0.4444777,0.6041016,0.69169724,0.65088797,0.4381186,0.52658796,0.4984097,0.4346557,0.44618586,0.4862703,0.49815705,0.45050314,0.5326596,0.42875138,0.38139015,0.5704944,0.5599161,0.58430886,0.5885351,0.5964469,0.49122602,0.5705785,0.42982882,0.5459141,0.48297113,0.5640778,0.5008232,0.438288,0.4432981,0.5330349,0.5097997,0.4817805,0.60684973,0.56491774,0.5406584,0.40546796,0.5773859,0.53590846,0.5353455,0.54522306,0.5485346,0.5271319,0.5302298,0.5688697,0.51871437,0.5698464,0.55637854,0.5631989,0.50217634,0.5823199,0.59730154,0.5687647,0.56853116,0.5568819,0.55132604,0.5379044,0.56761235,0.5741666,0.5703158,0.5619346,0.5881843,0.4895002,0.52634674,0.5717617,0.563573,0.591356,0.5450651,0.47815156,0.53952515,0.49877748,0.5294142,0.5013934,0.55412227,0.61336017,0.5837468,0.50580114,0.57578707,0.5774487,0.6116662,0.61783063,0.5955533,0.5699617,0.6039209,0.5604817,0.5322554,0.5647635,0.43577588,0.5177519,0.5018978,0.575217,0.55528367,0.5064893,0.606965,0.5316541,0.53832656,0.45764887,0.5479826,0.52682555,0.63830173,0.6594184,0.52408797,0.5708658,0.56600857,0.53894997,0.56787187,0.52909356,0.5437029,0.5038504,0.38227385,0.52885044,0.50179124,0.5222607,0.48773324,0.57281715,0.45030928,0.535287,0.5404418,0.6168121,0.5864765,0.5739721,0.53020585,0.54761475,0.55425465,0.5556966,0.5312017,0.5418906,0.54497373,0.5472333,0.5656081,0.56728417,0.53525823,0.5222897,0.5565983,0.5590318,0.5662664,0.5481994,0.5434254
140,0.6369719,0.551784,0.6022111,0.60581386,0.6055847,0.58292454,0.5386841,0.55407417,0.54799193,0.59835947,0.59822965,0.54584837,0.5692857,0.69152874,0.6884897,0.5542941,0.5222134,0.5731259,0.56390196,0.51251507,0.5280961,0.56091034,0.5785678,0.5290567,0.53265065,0.46769968,0.6078383,0.5654288,0.6374143,0.58383083,0.6960127,0.53061694,0.698651,0.6477321,0.59804463,0.5853658,0.61350703,0.6207546,0.59376305,0.5713001,0.5874451,0.5864883,0.5988039,0.58702415,0.6216441,0.6414353,0.5487345,0.56948406,0.5588051,0.6302352,0.5428523,0.55353045,0.54415137,0.5608735,0.5803396,0.55039936,0.5493615,0.5794762,0.62443364,0.6079205,0.5709403,0.52963656,0.5033027,0.63935244,0.64907384,0.6266872,0.4448009,0.54786754,0.4778933,0.3807762,0.45476964,0.5934242,0.5491618,0.5388074,0.47710195,0.40589085,0.43143436,0.6014552,0.46067542,0.6358389,0.56032383,0.59644717,0.59105134,0.6054605,0.54677856,0.5545793,0.44221023,0.52115905,0.48954403,0.41511923,0.505917,0.56875485,0.526035,0.47509348,0.6415829,0.59382,0.59002405,0.52361196,0.5648427,0.5486414,0.54804426,0.5547241,0.54438007,0.49868917,0.5391677,0.58450055,0.5155288,0.5794982,0.58513516,0.5650114,0.5402375,0.5590837,0.59198856,0.5903632,0.5810636,0.5847371,0.57546616,0.5566545,0.5841991,0.5722207,0.5998835,0.58887005,0.5515843,0.46688652,0.51649135,0.5994546,0.6245777,0.55909085,0.5069759,0.47618148,0.50887203,0.4472744,0.54089695,0.5225962,0.5633969,0.6141686,0.6112687,0.5938764,0.54467446,0.6018874,0.6258935,0.6363652,0.64096993,0.6486146,0.657058,0.64122915,0.5607238,0.6233124,0.49570045,0.49780425,0.59014255,0.5566393,0.55412215,0.5482786,0.6295039,0.5264525,0.52648234,0.5158393,0.57151395,0.5587126,0.54406846,0.6498597,0.555859,0.5700947,0.5572667,0.5610845,0.5930564,0.54369366,0.58979213,0.59386194,0.4814378,0.51054,0.4966029,0.5134348,0.47944885,0.568405,0.45135733,0.5441953,0.5696335,0.5866929,0.6317375,0.5422804,0.5726939,0.5978624,0.5950143,0.5533065,0.54868376,0.5417141,0.540349,0.6029047,0.5916867,0.58139694,0.5853704,0.6801081,0.6740214,0.5508828,0.47615632,0.5426747,0.5231248,0.51172304,0.49279356,0.52754676,0.56309944,0.52761376,0.57528645,0.51208806,0.63127995,0.58398855,0.59568316,0.51057243,0.69449985,0.5238715,0.65033114,0.66772026,0.63476324,0.5531928,0.59783554,0.59987706,0.5725436,0.56276727,0.5760592,0.5745725,0.58477217,0.58433706,0.61885625,0.5947746,0.5316618,0.5292464,0.5224418,0.5615636,0.5366035,0.5487083,0.5363306,0.5372745,0.57116514,0.5396929,0.5760962,0.5684906,0.6085063,0.6082246,0.6119259,0.4952741,0.46980232,0.59005046,0.67165136,0.64438975,0.44836572,0.5114074,0.4830034,0.4438758,0.43215936,0.49373588,0.50318986,0.4808151,0.5463384,0.45369765,0.39951506,0.5769441,0.5639171,0.59970284,0.60212225,0.6138243,0.50885165,0.5772308,0.45036915,0.55456877,0.50541663,0.54696786,0.49920377,0.44035456,0.46054828,0.54913604,0.51113474,0.4854495,0.63031554,0.5637523,0.5614882,0.41749564,0.5766729,0.5276103,0.5357002,0.5585389,0.5508482,0.5263727,0.52553105,0.5699628,0.50670844,0.5759941,0.56717515,0.5631782,0.51204854,0.5733165,0.59786177,0.57436,0.55896574,0.5259964,0.5321843,0.5365665,0.56803894,0.5690484,0.5781951,0.56129676,0.58297116,0.48245937,0.50841457,0.56737417,0.5650388,0.5810073,0.5463458,0.47868457,0.53204495,0.49071935,0.5450924,0.50919116,0.551441,0.619982,0.5914128,0.5067507,0.576055,0.5778833,0.6137809,0.62585074,0.6045903,0.5831244,0.61805695,0.5780344,0.50498474,0.57069594,0.4541049,0.5103319,0.5045104,0.5929421,0.56094736,0.5146231,0.5955974,0.5361432,0.52981186,0.4812909,0.5635467,0.538171,0.6306788,0.66559035,0.527535,0.5563959,0.55274904,0.536615,0.5701345,0.5311921,0.5640741,0.50826335,0.415311,0.5268668,0.5041788,0.5218856,0.47248638,0.551464,0.46363032,0.5304382,0.5434504,0.6085369,0.5788178,0.5709423,0.5321379,0.5437864,0.55690485,0.559663,0.5395459,0.5479088,0.5478298,0.5497012,0.5608881,0.56455094,0.53676724,0.52176476,0.5586697,0.5620887,0.5720415,0.55635643,0.5521536
141,0.66194034,0.5535304,0.60261375,0.622193,0.621527,0.5992897,0.5485015,0.56162226,0.5638863,0.6155969,0.6076913,0.5684688,0.59186494,0.6795557,0.6712872,0.5808547,0.5339714,0.56354284,0.5892497,0.54028356,0.5387288,0.56715643,0.573844,0.5468941,0.5465275,0.4889089,0.59651446,0.56173074,0.62016577,0.5588717,0.66840583,0.5285958,0.65174943,0.6355741,0.56934744,0.6046445,0.63078594,0.6256683,0.6176051,0.5830718,0.60924804,0.5937589,0.60800666,0.5912864,0.62235826,0.63281065,0.5270538,0.58997947,0.562388,0.6224558,0.53699464,0.5368263,0.55710155,0.5420412,0.5906312,0.52564496,0.56177235,0.5863989,0.6306499,0.61928207,0.5495783,0.5050424,0.52151275,0.59957415,0.61481464,0.61505824,0.44710714,0.5265363,0.46040183,0.39286518,0.44423807,0.57481277,0.5412953,0.57058203,0.5016794,0.41939953,0.4476776,0.6016667,0.48819193,0.6450317,0.57966,0.61892366,0.60078573,0.60736185,0.55932695,0.54956627,0.44660673,0.5140881,0.49148604,0.42099702,0.505488,0.5808077,0.5304628,0.47895956,0.656075,0.58784664,0.5940175,0.50849056,0.56966233,0.5389008,0.54201496,0.5641294,0.5499715,0.50767094,0.5388488,0.5825392,0.5102907,0.5872847,0.59427905,0.56188667,0.5444252,0.5408046,0.5911917,0.59828144,0.55646974,0.54792476,0.5450511,0.5553068,0.586241,0.5681282,0.6093631,0.58968115,0.55081946,0.4693794,0.5110071,0.58561766,0.617919,0.54583603,0.51364875,0.47816548,0.5102359,0.43346044,0.5478975,0.52493775,0.560862,0.6131924,0.61518896,0.58978486,0.54224086,0.5939825,0.6150159,0.6340411,0.63794374,0.6556656,0.66024834,0.65068924,0.53481066,0.6188196,0.5041278,0.48809013,0.57090497,0.5802519,0.5606183,0.5567701,0.6152604,0.5232849,0.51675254,0.54353887,0.5897039,0.56156933,0.5279244,0.64371073,0.55203336,0.5618724,0.54354095,0.5597012,0.60104764,0.54190624,0.60171247,0.591297,0.5122702,0.52322507,0.50785625,0.5266549,0.47054094,0.53690004,0.45158303,0.545387,0.5701139,0.58169836,0.65789115,0.54119843,0.57691365,0.61323327,0.6119553,0.5711738,0.5675591,0.5507143,0.5550812,0.6186399,0.60011417,0.5909582,0.6086729,0.6732709,0.6673585,0.5720599,0.48772338,0.53461844,0.55660534,0.53196394,0.49191102,0.5448541,0.55854636,0.5453223,0.5849348,0.5417668,0.62857133,0.58124876,0.59254175,0.49326184,0.6725823,0.5275344,0.60868543,0.6684519,0.612956,0.57496643,0.6179219,0.6054846,0.5986594,0.5711996,0.5908738,0.58609504,0.59172696,0.5904086,0.6241098,0.597006,0.5070269,0.5474739,0.5286231,0.5653394,0.5324491,0.5362946,0.54935575,0.51578146,0.58372533,0.513619,0.5824182,0.57859194,0.61816674,0.618071,0.58146465,0.50499046,0.50154996,0.5707972,0.6478,0.63813806,0.46191025,0.49687266,0.4689914,0.45940778,0.4203252,0.50296223,0.5112362,0.5191432,0.56569564,0.48857683,0.4264194,0.57984203,0.5702934,0.6135269,0.617807,0.6284933,0.52877384,0.5779399,0.47204342,0.55954313,0.53225493,0.5314014,0.49339435,0.4438602,0.4789513,0.56684434,0.51408285,0.49336505,0.6508594,0.5570877,0.5816833,0.43412545,0.5757284,0.5202229,0.5411161,0.5790342,0.56117237,0.5336249,0.52169406,0.5700391,0.50001,0.5799636,0.57884204,0.5622188,0.5250194,0.5625077,0.5965362,0.58003795,0.54571396,0.48678204,0.5042597,0.5353152,0.56912094,0.56347275,0.58839387,0.5609055,0.57782626,0.48499987,0.49299756,0.5633277,0.5680584,0.5727577,0.5492367,0.4831622,0.5256053,0.4839854,0.5622583,0.51869893,0.548085,0.62195855,0.59498155,0.50679576,0.57726085,0.57360846,0.61161596,0.63324624,0.60863656,0.59256846,0.62928104,0.59351593,0.47200787,0.5715791,0.4751286,0.5045399,0.50878537,0.61211836,0.5679066,0.52701813,0.58299834,0.5382828,0.5158385,0.5092133,0.5803776,0.5530343,0.6202652,0.66779083,0.53286844,0.5409408,0.53870505,0.53317493,0.5736383,0.5372393,0.5889423,0.5104485,0.4574907,0.5240746,0.51837593,0.5339754,0.46329078,0.5303772,0.4805851,0.52731526,0.5457931,0.5974073,0.56831753,0.56540555,0.5339652,0.53959227,0.5606208,0.5636958,0.54717404,0.55369014,0.5514537,0.5523544,0.55558854,0.56122625,0.5378451,0.52241004,0.5622992,0.5661078,0.57842916,0.56462526,0.5615819
142,0.67979264,0.5543939,0.60043293,0.633389,0.6333293,0.6136723,0.5589917,0.5670707,0.577071,0.6291112,0.615191,0.5917716,0.6098374,0.6615904,0.64884627,0.60358965,0.5449309,0.5538755,0.6114999,0.56802833,0.5497565,0.5736554,0.5678525,0.5698376,0.56315386,0.5126718,0.5824549,0.5611478,0.5973853,0.53559226,0.6387681,0.5248842,0.6016998,0.62023574,0.5397271,0.61725694,0.6410903,0.625487,0.6333894,0.59129596,0.6259452,0.59399873,0.61177266,0.58947915,0.6146717,0.6153841,0.5030117,0.60690063,0.5621271,0.60751486,0.53051895,0.51913303,0.56850934,0.52298456,0.59578615,0.50096464,0.5734033,0.59280246,0.63235444,0.62529355,0.52982813,0.48407996,0.542592,0.5586937,0.5817406,0.60709536,0.45585236,0.5085487,0.44817606,0.41299656,0.44022527,0.55893296,0.5372979,0.6037947,0.53226954,0.44074672,0.4697336,0.5986819,0.5212578,0.65218985,0.6015932,0.6410059,0.610362,0.6031184,0.56928325,0.5421962,0.45739192,0.5129238,0.49579912,0.43171963,0.505713,0.5924938,0.5354295,0.4865045,0.6649026,0.5777776,0.5969172,0.4953568,0.5728613,0.5311063,0.5376622,0.57529724,0.5597708,0.5227647,0.539492,0.57995707,0.5127827,0.5909805,0.6021694,0.5575429,0.550377,0.5245988,0.5860839,0.6037552,0.5307342,0.5091577,0.5122107,0.55349696,0.5870376,0.5637154,0.6166439,0.58999527,0.5537215,0.48113808,0.5114169,0.57244617,0.609699,0.53628904,0.5236923,0.48454368,0.51406574,0.42736173,0.55545163,0.528118,0.5584745,0.6104726,0.6165513,0.5831567,0.54219776,0.582704,0.60138065,0.62753254,0.62961787,0.6582726,0.66021013,0.6550321,0.5079463,0.60900205,0.51401275,0.48301753,0.55381674,0.6002461,0.56750053,0.565808,0.5997285,0.51983094,0.50678426,0.5702462,0.6054581,0.56424415,0.51328045,0.63289,0.54959595,0.55340034,0.53136486,0.5569626,0.6090804,0.54148155,0.613604,0.589504,0.54489255,0.5372866,0.5271613,0.54668915,0.47112364,0.5108713,0.45443863,0.55078256,0.56939286,0.57536745,0.67702866,0.53934383,0.5800616,0.62416035,0.6251188,0.5878386,0.5866366,0.5574647,0.5683729,0.6291971,0.6061434,0.5991529,0.6274583,0.65979266,0.65428686,0.5908143,0.5001927,0.5275337,0.58742017,0.55240124,0.495546,0.5621418,0.5523081,0.5692761,0.5915128,0.5691624,0.62121344,0.57785916,0.58337134,0.47885814,0.6474925,0.52947843,0.5676482,0.6631102,0.58870363,0.5902113,0.63093495,0.60530514,0.61712587,0.57667875,0.6012027,0.59086686,0.5937076,0.5893539,0.61973625,0.5910309,0.48002085,0.56312424,0.53200185,0.56473064,0.52813685,0.5228074,0.5605085,0.49502274,0.5907894,0.4889739,0.5861058,0.5861059,0.6236492,0.62173957,0.5498835,0.5141949,0.53275424,0.54930687,0.6232016,0.6332645,0.4762469,0.48596683,0.4586442,0.4780848,0.4137217,0.5116165,0.5211397,0.55683845,0.58623457,0.5264447,0.45811892,0.57885766,0.5782892,0.62334406,0.6320025,0.6379057,0.5469983,0.5727519,0.491377,0.5596571,0.5576265,0.5203867,0.4855616,0.4488869,0.49612343,0.5833047,0.5184188,0.5038454,0.6637508,0.54591334,0.59601647,0.45280483,0.5729407,0.51485455,0.5489336,0.59927875,0.5761911,0.54576033,0.51876867,0.5688736,0.50114465,0.5803595,0.5888155,0.5603131,0.5384342,0.55145943,0.59196866,0.5839912,0.53174925,0.45006362,0.47543386,0.5334992,0.56890786,0.55779266,0.59664196,0.56058174,0.57433903,0.49660864,0.48509118,0.55900073,0.57086635,0.56865925,0.55348337,0.49079114,0.5215919,0.4796322,0.577326,0.52826005,0.54466754,0.6190991,0.5944825,0.508097,0.580013,0.5665537,0.60517365,0.63646746,0.60621774,0.5965175,0.63446,0.60401165,0.4416831,0.5675331,0.4948188,0.5009328,0.51325387,0.6275952,0.5743465,0.541806,0.5699681,0.54016346,0.50198495,0.53798383,0.59565026,0.5683752,0.60768324,0.6629645,0.5397101,0.52745885,0.5257951,0.52963704,0.57739615,0.54478383,0.61300546,0.5105343,0.50057083,0.5213499,0.54022896,0.5544703,0.46363246,0.5135323,0.4981606,0.5276117,0.5462688,0.58461744,0.5569589,0.55843943,0.53529286,0.5358265,0.56420994,0.56632113,0.55236053,0.5577335,0.55470026,0.55405825,0.5502326,0.55725616,0.53812116,0.5239284,0.5663482,0.5697347,0.5827276,0.5702713,0.56894535
143,0.6849335,0.5560145,0.5942925,0.6360894,0.63790154,0.62324077,0.5692456,0.56746054,0.58260953,0.63629776,0.61987245,0.6097777,0.62020457,0.63922596,0.6233515,0.6196487,0.5566153,0.5473436,0.6279202,0.59354204,0.5617402,0.57987344,0.563573,0.58982635,0.57792604,0.53224134,0.5658204,0.56345475,0.5712831,0.5173059,0.60963666,0.51939636,0.5571923,0.60395545,0.5138613,0.6179807,0.6392584,0.6184434,0.6346566,0.5919305,0.6304803,0.58472794,0.6073421,0.5800152,0.59789586,0.59139985,0.48213637,0.61964595,0.56090355,0.58993286,0.52419424,0.50390553,0.5737425,0.5075914,0.5920946,0.48176235,0.5807039,0.5975081,0.6267309,0.6219126,0.5148401,0.4695445,0.56177837,0.52333456,0.5554643,0.6049369,0.46989316,0.4969441,0.44282922,0.43820173,0.44352844,0.5493403,0.5362271,0.63224286,0.5624749,0.46635774,0.49477604,0.59405273,0.5536905,0.656482,0.621689,0.6597777,0.61849993,0.5933182,0.5751908,0.5324655,0.47210994,0.5172396,0.5011137,0.44503486,0.50727296,0.60266286,0.53984016,0.4957877,0.6672608,0.56474423,0.5974673,0.48586687,0.5714353,0.52551645,0.53362674,0.5828188,0.56939155,0.5384657,0.5386711,0.576807,0.5225059,0.58828396,0.6059047,0.5528472,0.55505455,0.5124245,0.5752926,0.6043273,0.51016796,0.4780688,0.48639265,0.5513878,0.58471066,0.55950093,0.6175145,0.589658,0.55986565,0.49897417,0.5182751,0.56029874,0.6001787,0.5323567,0.5349041,0.49387482,0.51924974,0.4302378,0.5632264,0.5319376,0.556563,0.6073808,0.6163813,0.5773727,0.54596657,0.5706038,0.58673704,0.6158118,0.6158051,0.65632844,0.65664434,0.65395445,0.48476896,0.5951742,0.52340466,0.4828366,0.54136896,0.6120317,0.5728064,0.57391524,0.5837354,0.5205905,0.5028085,0.5943684,0.61687607,0.5657905,0.5018397,0.61726826,0.5494844,0.54601127,0.52353835,0.55323666,0.6143313,0.5406406,0.6218316,0.58857965,0.57456666,0.5497343,0.5486613,0.5669648,0.4816037,0.494691,0.46015635,0.5592877,0.56541556,0.5665737,0.68353134,0.5403211,0.5800935,0.6276847,0.63150364,0.6007605,0.6027548,0.5590921,0.5747534,0.63247377,0.6099324,0.6030077,0.6384616,0.6407774,0.6358498,0.60436535,0.516837,0.5243023,0.6118696,0.5726167,0.50663525,0.57816225,0.54785866,0.59154165,0.593585,0.58658594,0.60866123,0.57416546,0.5690271,0.46953988,0.6205651,0.529135,0.5336835,0.65206146,0.56500655,0.592764,0.6316738,0.59792656,0.6204808,0.5756103,0.60204417,0.5864925,0.5883535,0.5801139,0.6049713,0.5782918,0.45670602,0.57584995,0.53419554,0.5631672,0.52348506,0.5103292,0.56520563,0.47888693,0.5883405,0.47085777,0.58480257,0.5893586,0.62158006,0.61646444,0.5221967,0.52035105,0.55727786,0.5288253,0.60200506,0.63118476,0.48925284,0.48060772,0.45304585,0.49720716,0.41364303,0.51902723,0.5302406,0.5865783,0.6021165,0.56078225,0.4898701,0.5753374,0.5854223,0.6286664,0.64221805,0.6421837,0.56063503,0.5626442,0.5061836,0.55411553,0.5772516,0.5162571,0.47728825,0.45508376,0.51015675,0.5975167,0.5236099,0.5149447,0.6675328,0.53252816,0.60200876,0.47070494,0.5666874,0.51136506,0.5547502,0.61159897,0.5900086,0.55760413,0.5152432,0.566318,0.5099188,0.5760552,0.5947899,0.55800676,0.54872537,0.5411018,0.5826144,0.58474296,0.5203271,0.4251342,0.4545124,0.5309516,0.56600034,0.5521868,0.59931153,0.56056416,0.57273686,0.5138852,0.48729557,0.55395204,0.57251596,0.5683084,0.5573104,0.49921468,0.520426,0.47844929,0.5887228,0.5363587,0.5419025,0.6135801,0.5915349,0.5145231,0.5835955,0.55920154,0.5965008,0.63334674,0.59841835,0.595318,0.63298255,0.609928,0.41998723,0.5597417,0.5096865,0.49984437,0.51725227,0.6356523,0.57855874,0.5576016,0.5575234,0.54450536,0.49454227,0.56621957,0.6078475,0.5819395,0.59394944,0.64987785,0.5481962,0.51835364,0.51638657,0.526509,0.579476,0.5503452,0.6313782,0.5088962,0.53745914,0.519547,0.5629948,0.5763179,0.4740938,0.502591,0.51390475,0.53155744,0.54324806,0.5713226,0.5467115,0.5511367,0.53642374,0.53347296,0.5666456,0.566443,0.5541103,0.55909455,0.5565258,0.553669,0.54549134,0.55277026,0.537174,0.5255755,0.56923187,0.57153004,0.58294696,0.57135355,0.5719512
144,0.6750171,0.56007797,0.5829088,0.6288523,0.6337117,0.6265904,0.5787958,0.5617968,0.578296,0.63616115,0.62206745,0.6176014,0.62190723,0.6136249,0.59580237,0.62854606,0.57146764,0.54658455,0.638184,0.61588913,0.5752088,0.58570844,0.56350255,0.6007941,0.58583105,0.54204905,0.54685944,0.56717664,0.5446035,0.5057128,0.58283395,0.5129121,0.52381355,0.58895874,0.49453375,0.6054688,0.62320274,0.60459775,0.61878294,0.58316773,0.61897737,0.56538,0.5938721,0.56368154,0.573491,0.5656446,0.46854925,0.6296132,0.56286454,0.57532763,0.51856446,0.49317113,0.5705452,0.4976935,0.5784388,0.4713964,0.5815218,0.6006297,0.612323,0.6069633,0.5065692,0.46316975,0.5758099,0.49836817,0.53930134,0.6088825,0.4877202,0.49401274,0.44520143,0.46548992,0.4540232,0.5487117,0.53568035,0.6521189,0.58548933,0.49181205,0.52085274,0.58992827,0.57966626,0.65817595,0.6357765,0.6736098,0.6250824,0.5798867,0.5772431,0.5204729,0.4875379,0.5252418,0.5067378,0.458421,0.5102163,0.6113726,0.54269904,0.50481427,0.6640173,0.5510702,0.59534764,0.4819458,0.56338406,0.5213794,0.5277847,0.5824265,0.5742965,0.5499083,0.53403205,0.572921,0.5369232,0.57815677,0.60310376,0.5486769,0.5549838,0.5043352,0.55857635,0.59841853,0.49948484,0.4610367,0.4746103,0.5494705,0.57858956,0.5560093,0.6097007,0.5890578,0.5666601,0.51857466,0.5296359,0.5493664,0.59085584,0.53323144,0.54356194,0.5039363,0.5241891,0.44181383,0.57170826,0.53592026,0.55531305,0.6054862,0.61630374,0.57658416,0.55316436,0.5600868,0.57328165,0.5988361,0.5985739,0.6502695,0.64957803,0.64912164,0.46740437,0.57954013,0.53140855,0.48673555,0.535177,0.6136969,0.5749335,0.5798999,0.56919044,0.5289368,0.51010543,0.61607134,0.6237144,0.5659394,0.4936817,0.5981039,0.5522324,0.54109985,0.5227797,0.5486789,0.61416197,0.5377493,0.622893,0.5875927,0.5995102,0.55743474,0.56656456,0.5815991,0.49959084,0.48948067,0.46901003,0.5684751,0.55675197,0.5541703,0.67509925,0.54717,0.5753141,0.62249875,0.62962323,0.60867286,0.614204,0.55499506,0.5713461,0.62852275,0.6129677,0.60022354,0.64013284,0.61753803,0.6127312,0.6115091,0.5413031,0.52661836,0.6291939,0.59286475,0.5261877,0.5927351,0.54813623,0.6054785,0.59071213,0.590026,0.59129137,0.57022303,0.55184007,0.46659228,0.5931737,0.52700114,0.5099308,0.6372699,0.5438813,0.5807639,0.618383,0.5836806,0.60558903,0.5664341,0.5910805,0.5725811,0.5747344,0.5638708,0.5817553,0.56246126,0.44142526,0.5873119,0.5379239,0.5649225,0.51848817,0.5002482,0.56149626,0.4694545,0.57523906,0.46178082,0.57765484,0.58845294,0.60969675,0.60113764,0.50179094,0.5231397,0.5724932,0.51265174,0.58768636,0.63264793,0.50095826,0.48233616,0.45316893,0.5163818,0.42064074,0.5267992,0.536595,0.60534924,0.6083873,0.5881389,0.5186474,0.57157284,0.5885341,0.63106257,0.64758813,0.6436101,0.56876504,0.549986,0.5164345,0.5432118,0.5903447,0.52009976,0.46974367,0.46227965,0.5206088,0.61020744,0.5290246,0.52534574,0.6635166,0.520307,0.60051656,0.48700136,0.5559803,0.508744,0.55457157,0.61098397,0.59695506,0.5644891,0.5092161,0.56228703,0.5239792,0.5665846,0.5952748,0.5559991,0.5530659,0.53163236,0.56744057,0.58126825,0.51387405,0.41669905,0.44756186,0.52822894,0.5601136,0.54671305,0.59470946,0.5611933,0.57180464,0.5323251,0.49901548,0.5484845,0.5734184,0.56914085,0.55778897,0.5061609,0.52160925,0.48115256,0.5971035,0.5422736,0.5405535,0.6091732,0.5887121,0.52967244,0.5862589,0.55420494,0.5892496,0.6233059,0.5888708,0.5903129,0.6257221,0.6139239,0.4091589,0.55037737,0.518965,0.5021244,0.5215491,0.6346393,0.57908213,0.57322675,0.54720193,0.5531849,0.4980034,0.59376204,0.61673003,0.5924792,0.57930106,0.62963545,0.55870664,0.5146879,0.51326126,0.52376175,0.5780969,0.551188,0.6410982,0.50675,0.56534773,0.5190212,0.58054376,0.5926911,0.49285465,0.4972254,0.5266861,0.5379588,0.5357913,0.5581881,0.5387091,0.54425645,0.53822225,0.5333753,0.5672909,0.5636828,0.55270445,0.5577018,0.55634433,0.55062366,0.5419566,0.5480829,0.53487384,0.5266994,0.56971866,0.570715,0.5784948,0.5674378,0.5696587
145,0.6505848,0.5677421,0.5661862,0.61232775,0.6210404,0.6237778,0.5872411,0.5516568,0.5654364,0.62897366,0.6225304,0.61354613,0.61544114,0.58574915,0.56684124,0.6309131,0.5906276,0.55268455,0.64300996,0.6344884,0.5901001,0.5913064,0.56878257,0.60015297,0.5840816,0.54046595,0.52722156,0.5704721,0.5214738,0.50118494,0.5596254,0.50713193,0.50295836,0.57647157,0.48272023,0.58275306,0.5945391,0.5860698,0.5878621,0.5660949,0.5917552,0.5383994,0.57296044,0.5441398,0.54558,0.544516,0.46494344,0.63806105,0.57094616,0.568484,0.51453435,0.48807043,0.5599438,0.49395275,0.55698484,0.4717528,0.57580197,0.60297936,0.5898557,0.58132523,0.5056889,0.46615255,0.58392984,0.48631293,0.5336994,0.6167964,0.5081934,0.5010285,0.4558246,0.49287185,0.47148022,0.5573487,0.5340215,0.66208994,0.59689575,0.5138441,0.54648226,0.58824825,0.59554344,0.6576324,0.6410033,0.68141955,0.63076204,0.56574816,0.57693523,0.50770664,0.5013159,0.5345188,0.51334184,0.47041902,0.5144659,0.6184528,0.5434265,0.51242495,0.6566513,0.54009324,0.5916416,0.48581633,0.548661,0.5182595,0.5190544,0.5728487,0.5717942,0.5546851,0.5247327,0.5683914,0.55253345,0.5615992,0.59295845,0.54571867,0.54876703,0.49971312,0.5374062,0.5858283,0.5010085,0.46093416,0.48031604,0.5483025,0.5691844,0.5536606,0.5936059,0.5885249,0.57094884,0.53619486,0.54254574,0.5402069,0.58378875,0.53689075,0.5468964,0.51325464,0.52766854,0.46087545,0.5810971,0.53958595,0.5546054,0.6054058,0.6176244,0.5835954,0.56232905,0.55330974,0.5634033,0.5780342,0.58177656,0.64078903,0.63935935,0.64287627,0.4567842,0.5648877,0.53860366,0.49401164,0.53599185,0.6056755,0.57330686,0.58305365,0.558647,0.5458123,0.53105396,0.6353762,0.62640566,0.56510365,0.48833758,0.57812214,0.5576838,0.5394963,0.53068566,0.5431435,0.6071486,0.53275245,0.6148545,0.58547366,0.6196125,0.5584469,0.5770337,0.5873959,0.52124226,0.4939737,0.48153016,0.57572126,0.54402363,0.5383518,0.6523627,0.56115085,0.5652538,0.60911936,0.6197468,0.61156774,0.6203404,0.5471608,0.5590315,0.61866367,0.6168983,0.5905817,0.63236445,0.5916315,0.5857693,0.6123338,0.57435364,0.5348134,0.6399257,0.61307025,0.5529735,0.60604674,0.5546846,0.6076619,0.58369154,0.58002144,0.57103574,0.56643164,0.5358935,0.47064093,0.56721544,0.5243009,0.49628195,0.620807,0.5263582,0.55732983,0.5929882,0.5648215,0.57464427,0.550315,0.569674,0.5513574,0.5540929,0.54403347,0.55471814,0.5486739,0.43694273,0.5991271,0.54551375,0.57296604,0.5141814,0.4938643,0.55093086,0.46765593,0.55394393,0.46284667,0.56589836,0.58474207,0.58767056,0.57696664,0.49023446,0.5243924,0.57903814,0.50362915,0.5813546,0.6366694,0.51305413,0.49234387,0.46006116,0.5363856,0.43530148,0.537063,0.5400977,0.6137424,0.60283345,0.6073423,0.5434499,0.56985706,0.5855554,0.63253385,0.6480379,0.6443768,0.57250386,0.53822356,0.52385825,0.5288982,0.59830356,0.5310533,0.46467584,0.47075716,0.52845854,0.621718,0.5341435,0.53441685,0.6543884,0.513038,0.5947053,0.5029544,0.541412,0.50661755,0.546578,0.5964653,0.5938192,0.5641388,0.50013584,0.55719066,0.54016185,0.5528081,0.5899539,0.55468524,0.55089563,0.5233219,0.5468522,0.57310724,0.51361597,0.4258224,0.45734543,0.52633286,0.55224824,0.5416909,0.5834705,0.56252694,0.5699368,0.5481422,0.51740056,0.5436256,0.5747624,0.5683094,0.5530705,0.5108996,0.52425236,0.48806298,0.6037581,0.5460283,0.54119027,0.6090402,0.58837026,0.5547775,0.58646184,0.55366325,0.5869027,0.6073861,0.5821827,0.5833991,0.6144996,0.6188344,0.40956602,0.54213375,0.5245699,0.50898737,0.5278082,0.6248429,0.5752075,0.5871341,0.5408234,0.56659174,0.513862,0.61998063,0.6225392,0.5993361,0.5638392,0.605446,0.5711099,0.5160318,0.5182304,0.52097076,0.57247,0.54704905,0.64128786,0.50656605,0.58476365,0.5196375,0.58938116,0.5991746,0.5166621,0.49638307,0.5365403,0.54491526,0.5249189,0.54571384,0.5332017,0.53831834,0.5412497,0.5356706,0.5662227,0.55869406,0.54952574,0.5544309,0.55420464,0.5453317,0.54016054,0.5438448,0.53163934,0.52715915,0.56761146,0.5675154,0.570432,0.5597069,0.562719
146,0.61564815,0.5788499,0.5463617,0.5896359,0.6022979,0.6162123,0.5939351,0.5407753,0.5486462,0.6164503,0.62171316,0.59998214,0.60309076,0.5577939,0.538603,0.6282107,0.6129481,0.5644302,0.6435895,0.6487581,0.60553354,0.59672844,0.5786436,0.5888775,0.57360715,0.53084004,0.50992435,0.57193613,0.5063031,0.50316733,0.5409246,0.5042202,0.49292868,0.56712246,0.4785391,0.5569623,0.5590047,0.56630874,0.549485,0.54484254,0.5544105,0.5097991,0.5488454,0.52667785,0.52014595,0.5337405,0.4726378,0.645409,0.5854158,0.57188517,0.51341194,0.48917165,0.5460777,0.49642637,0.53304315,0.48322287,0.5657146,0.6052557,0.5627909,0.54978263,0.5113119,0.47835362,0.58757025,0.4863817,0.53626406,0.624674,0.53029084,0.51697046,0.47428507,0.51956433,0.49487662,0.57250696,0.5314232,0.6631993,0.59659517,0.531537,0.5700393,0.59011054,0.60116446,0.6548996,0.6371316,0.68261236,0.6361711,0.5537452,0.57622266,0.49692672,0.51288617,0.5429175,0.5222479,0.48118308,0.5197954,0.6228957,0.5422444,0.5187546,0.647209,0.5350266,0.5883696,0.49814528,0.52987695,0.51682186,0.5083895,0.5567055,0.56207913,0.5532786,0.5121142,0.56399083,0.5656627,0.54173714,0.57705903,0.5443193,0.5382418,0.49802238,0.51492697,0.5683383,0.5142849,0.47740868,0.5032925,0.54835606,0.5580136,0.552767,0.5725596,0.5881188,0.570907,0.5494271,0.55439544,0.5335171,0.58028746,0.54152894,0.5452527,0.5219364,0.52957886,0.48539168,0.5904728,0.5426685,0.5540333,0.6063232,0.6206059,0.59811175,0.5718001,0.5515029,0.5586128,0.55655587,0.5692379,0.6294116,0.6271862,0.6372834,0.4537577,0.55359554,0.5463016,0.50452197,0.54328704,0.59080213,0.5686798,0.583427,0.5537239,0.5692387,0.5636431,0.6514616,0.62554467,0.5640276,0.48612657,0.560597,0.5648332,0.5409178,0.5461077,0.5365123,0.59370536,0.5278071,0.5986199,0.58221924,0.635137,0.5532444,0.57888484,0.5842931,0.54237574,0.505308,0.49790832,0.57892746,0.5301751,0.52128327,0.61930704,0.58086926,0.5515176,0.59009737,0.6040567,0.6104242,0.6213149,0.5394009,0.5422693,0.604995,0.62243474,0.5762902,0.61715186,0.56587136,0.55763155,0.6084176,0.6127264,0.54771274,0.64530176,0.63239497,0.5834519,0.6180924,0.56692004,0.59837353,0.5741874,0.5614412,0.551156,0.5632775,0.526104,0.48151457,0.54507446,0.5226447,0.49076542,0.6045462,0.5132284,0.5302168,0.56123626,0.54507065,0.5359628,0.5311546,0.5430371,0.52810186,0.53020316,0.52519727,0.53031874,0.5424152,0.44465488,0.6119324,0.55815387,0.58821523,0.512522,0.49246076,0.5380964,0.47328627,0.53024673,0.47401127,0.55254567,0.5800959,0.5583523,0.5479771,0.48703974,0.5265814,0.57964826,0.5026354,0.5811285,0.64057815,0.52697843,0.5101002,0.47382128,0.55729896,0.45738563,0.5504979,0.5420643,0.61453,0.58692795,0.6185357,0.56447595,0.57175577,0.576427,0.63409156,0.6438372,0.64513344,0.5743778,0.530372,0.53081816,0.5143661,0.6030125,0.5461524,0.46397898,0.48086405,0.5352035,0.63093174,0.5387402,0.54218704,0.6434131,0.51371855,0.58848417,0.5201796,0.52548194,0.50594515,0.5321188,0.57197225,0.5808496,0.5573013,0.48964363,0.5523845,0.5552576,0.5370424,0.5801346,0.5540025,0.5442534,0.51690924,0.52324754,0.560849,0.51952016,0.4507392,0.48356506,0.52616656,0.5444821,0.5378274,0.56845456,0.56433624,0.5660141,0.5590371,0.53815186,0.5405196,0.577704,0.56425995,0.5439852,0.5144836,0.5274924,0.4986275,0.6094562,0.5482119,0.54383224,0.6139296,0.5917341,0.5875668,0.5836534,0.5580864,0.59075767,0.5884178,0.5817488,0.5771699,0.6021277,0.62634534,0.42104232,0.53746945,0.5295082,0.52088255,0.537304,0.6088422,0.567526,0.5976636,0.53956103,0.5833455,0.5401381,0.64338154,0.6255093,0.6023916,0.5487527,0.5817668,0.58442473,0.52060825,0.5303354,0.51746756,0.5632119,0.5405952,0.6330933,0.51083505,0.5978052,0.5210014,0.5891425,0.59448934,0.54112494,0.49875706,0.5443922,0.5503481,0.5135902,0.53454286,0.5297224,0.5335993,0.54514116,0.53940165,0.56414914,0.55305946,0.5464219,0.5507702,0.550824,0.53915346,0.54047245,0.5409572,0.52836925,0.5273089,0.56379473,0.5629994,0.56128615,0.550733,0.5532726
147,0.57732546,0.5919755,0.5275086,0.56585014,0.5816816,0.6062475,0.5981903,0.53320175,0.53403413,0.60146207,0.6195536,0.58211887,0.58898115,0.5329149,0.5140945,0.6228786,0.63576686,0.5786225,0.6414385,0.6582799,0.61998814,0.601791,0.59066474,0.57061267,0.5584856,0.5196167,0.49773383,0.57110864,0.5012997,0.50992,0.52652884,0.5060594,0.48951882,0.5610922,0.48125845,0.53655195,0.52496845,0.54892147,0.5146774,0.52543926,0.5168186,0.48765057,0.5271669,0.51590437,0.50278854,0.5358295,0.4914443,0.65134144,0.60388744,0.5849627,0.51658946,0.4967116,0.53439724,0.50487715,0.51315707,0.5044038,0.5552321,0.6079749,0.53654915,0.5196757,0.52098817,0.49743444,0.5894005,0.49436146,0.54228723,0.6281312,0.55266374,0.538041,0.4984803,0.54568654,0.5217367,0.5892813,0.52909297,0.6584443,0.5884399,0.5462337,0.5902648,0.5956488,0.59956604,0.6497181,0.62663126,0.6774768,0.6413387,0.5456465,0.5768059,0.490632,0.52317375,0.549041,0.53426856,0.4921441,0.5257766,0.6237195,0.5402225,0.5249999,0.6379327,0.5375639,0.5872836,0.5167398,0.51160306,0.51838255,0.49870872,0.5394683,0.54806256,0.54834723,0.49946353,0.5611541,0.5738357,0.5227659,0.5591939,0.544462,0.52742577,0.49873364,0.49501634,0.5496228,0.53652704,0.50732243,0.5397679,0.5497382,0.54692477,0.55359703,0.55171424,0.58773965,0.56682247,0.5576712,0.5637743,0.52934355,0.5799794,0.54597205,0.5416883,0.5310863,0.53086764,0.51256967,0.5981903,0.54519147,0.5530116,0.6064226,0.6244971,0.61677456,0.5803496,0.55457723,0.5584323,0.5380817,0.5626055,0.6183803,0.61480486,0.633329,0.45932308,0.54688185,0.5556099,0.5179351,0.5547312,0.5738442,0.56285125,0.58185464,0.5537681,0.59512085,0.6019359,0.663123,0.6217855,0.56333214,0.48789096,0.5477816,0.57219756,0.5440626,0.5650926,0.5292406,0.5762345,0.52616775,0.5777411,0.57860273,0.64670116,0.5446375,0.573512,0.57483125,0.55984646,0.51934695,0.51756644,0.57747775,0.51896507,0.5063646,0.58286786,0.6027563,0.5374684,0.5695457,0.5861576,0.60677046,0.6179649,0.5355407,0.5271287,0.59004164,0.6289066,0.56087613,0.5987264,0.5437697,0.53253824,0.60270303,0.65076166,0.5629062,0.64710444,0.6491666,0.61278313,0.62840533,0.58232,0.58090353,0.564309,0.5417382,0.5350371,0.5609086,0.52628505,0.49793422,0.52836174,0.5238235,0.49013984,0.5902184,0.50503975,0.50882334,0.5312678,0.5286862,0.5016644,0.5143216,0.51856786,0.5101118,0.5083083,0.51173395,0.5147368,0.54742587,0.4646932,0.625398,0.5757986,0.6095518,0.5156111,0.49723595,0.5285163,0.4853782,0.5111488,0.49375546,0.54149836,0.576554,0.52756256,0.52010816,0.48967955,0.53176326,0.5784039,0.507917,0.58294475,0.64134645,0.5431312,0.53284967,0.49295035,0.5782844,0.48506734,0.56625545,0.5444304,0.61185426,0.5653012,0.62342155,0.58297473,0.5779897,0.5631113,0.6353978,0.6358703,0.6454277,0.57751566,0.5279442,0.53997076,0.5029562,0.6063029,0.5614341,0.46878105,0.49298006,0.5424341,0.6363406,0.5429699,0.54939514,0.6337304,0.52356005,0.5852576,0.5398871,0.5116383,0.5084989,0.5156944,0.5454556,0.5615634,0.5471938,0.48119318,0.54999477,0.5669695,0.5224316,0.56883055,0.55365586,0.5370533,0.5132682,0.5005153,0.5466031,0.53074205,0.4874989,0.52303547,0.528153,0.5392091,0.5360978,0.5538773,0.56625664,0.55987823,0.5645569,0.5569994,0.5396804,0.5826857,0.55705994,0.53364927,0.51902986,0.5306544,0.5114062,0.6145644,0.5498669,0.5478549,0.62205034,0.59880817,0.6228901,0.57824326,0.5662322,0.5991628,0.57022125,0.5881821,0.57486975,0.5920446,0.63642806,0.44314972,0.538124,0.53681904,0.5368014,0.5503306,0.5911033,0.5579066,0.60380346,0.54304653,0.6008574,0.5720803,0.6621949,0.625794,0.60214496,0.5361955,0.5626514,0.59715194,0.5259403,0.5457712,0.5127698,0.5523362,0.5360967,0.619533,0.52082133,0.607736,0.52274394,0.5820311,0.5803128,0.56213236,0.5027086,0.55190396,0.55279464,0.50550205,0.52526975,0.52733725,0.53014046,0.5488063,0.54286253,0.5619055,0.54859453,0.5449646,0.54809713,0.5471733,0.5337607,0.54297644,0.5403166,0.5259874,0.5276467,0.5595512,0.55841416,0.55385876,0.54344046,0.5441767
148,0.5429299,0.60512644,0.5136639,0.54602605,0.5635877,0.59618723,0.5996866,0.5311765,0.5264616,0.5869496,0.61567265,0.5653676,0.5776082,0.5134354,0.49528462,0.6174565,0.6559719,0.59153634,0.6377384,0.6625686,0.63135755,0.6059879,0.6017947,0.5504208,0.5440129,0.512818,0.49201667,0.5689466,0.50585806,0.5188498,0.51489633,0.513418,0.4871722,0.5578856,0.48911592,0.5269623,0.49984783,0.53666216,0.49250177,0.51329386,0.4887719,0.47867036,0.51251924,0.5140637,0.49658278,0.5494538,0.51949453,0.65464616,0.62219846,0.60440797,0.52522457,0.51080376,0.52907926,0.5189769,0.50218713,0.53229105,0.54862195,0.61154926,0.5161722,0.49737892,0.53145033,0.5195799,0.59241915,0.50451165,0.54626036,0.62407017,0.5740011,0.5594573,0.52489316,0.57167447,0.54900736,0.6027959,0.52821517,0.6518185,0.5779672,0.5604214,0.60735995,0.6042984,0.5951687,0.64184016,0.6134088,0.66746163,0.64586765,0.54205734,0.58001965,0.48982158,0.53358716,0.5522954,0.5494038,0.5052602,0.53218585,0.6209719,0.5387509,0.5325689,0.63050383,0.54733104,0.589309,0.5378085,0.49856332,0.5241264,0.49401313,0.526904,0.53436524,0.5436001,0.49117506,0.5615762,0.5773662,0.5083049,0.5437038,0.5460221,0.5202082,0.50116193,0.4810274,0.5341012,0.5639111,0.5457295,0.5832747,0.5518908,0.53722984,0.5562427,0.5357214,0.5872047,0.5606252,0.5626631,0.5710152,0.52678657,0.58118474,0.5497179,0.5398242,0.54182667,0.5327436,0.5394146,0.6031624,0.5473839,0.551015,0.6038969,0.62826926,0.63500416,0.5875665,0.5616171,0.5608119,0.5250621,0.56091917,0.609934,0.60403585,0.63067,0.4743623,0.54499036,0.56733817,0.53325087,0.56714576,0.5595469,0.5579155,0.57956415,0.5563517,0.61877346,0.6386,0.6690339,0.6156613,0.5633223,0.49414235,0.54028594,0.57841104,0.54726595,0.58315235,0.5222702,0.5585929,0.5304089,0.5566603,0.57538545,0.65580356,0.5362522,0.56452745,0.5634355,0.57306916,0.53169405,0.53948116,0.57288027,0.5129585,0.4965236,0.5501455,0.6226132,0.52666223,0.5516,0.5695375,0.60190105,0.61141914,0.5375655,0.5184841,0.5759237,0.6343189,0.54727125,0.5817429,0.5276674,0.51412576,0.5979262,0.68274176,0.57745564,0.64663297,0.6608104,0.63636065,0.6357365,0.5975609,0.5602589,0.55601907,0.5273884,0.52481586,0.55915684,0.53778386,0.5178397,0.5170354,0.5293389,0.490384,0.5790861,0.50161165,0.49957728,0.5101368,0.5191732,0.48167738,0.5043895,0.5026268,0.5037448,0.49288297,0.506489,0.51144,0.56372213,0.49583712,0.6380428,0.5967674,0.6339143,0.5248665,0.50911295,0.52604675,0.5030359,0.5017412,0.51931727,0.53607,0.57580477,0.50148535,0.49876934,0.49448204,0.54122084,0.5795529,0.51621944,0.58235246,0.6368812,0.56144583,0.5569073,0.5146487,0.5984206,0.5153385,0.58312094,0.5488771,0.6100362,0.54334724,0.6250024,0.60104847,0.5883709,0.548775,0.63513386,0.6255832,0.64469075,0.58469486,0.53105116,0.5540979,0.49694356,0.6097161,0.57352614,0.47929934,0.5077527,0.5517109,0.6374116,0.54721916,0.5568325,0.62732154,0.5416085,0.5873811,0.5630845,0.50290644,0.5159399,0.50343454,0.5254723,0.5416189,0.53823763,0.4788461,0.55194247,0.5750855,0.51176125,0.5595499,0.55341935,0.5333554,0.5127194,0.48256484,0.53377056,0.5462964,0.5310486,0.5700482,0.5321789,0.5381377,0.53733677,0.54366183,0.56780285,0.55230916,0.5666113,0.57168186,0.54071146,0.5890608,0.54766154,0.5255914,0.5264541,0.5331569,0.52456826,0.6194553,0.55207473,0.55219716,0.63021594,0.60853726,0.65460455,0.5711026,0.5759439,0.6085261,0.55593777,0.5993199,0.5794005,0.5873441,0.6472787,0.47478727,0.5448044,0.5490957,0.5547583,0.5666125,0.5758056,0.5487008,0.6054268,0.5494898,0.6161617,0.6038487,0.67451155,0.6233228,0.5994011,0.52797216,0.55028635,0.6076703,0.52977544,0.56003207,0.5069375,0.542547,0.53734255,0.6043819,0.5366035,0.6184886,0.5247012,0.5719833,0.5610683,0.5782067,0.5064954,0.560891,0.5523084,0.50340897,0.517972,0.52497137,0.527835,0.5511263,0.54453,0.56000084,0.5464497,0.5458305,0.5470448,0.5438078,0.5302361,0.5474054,0.54246384,0.5249418,0.5284314,0.55573326,0.554479,0.5496486,0.539577,0.5376684
149,0.5174197,0.6157095,0.5073754,0.5333589,0.55093133,0.5873281,0.5983493,0.5347278,0.52817845,0.5749201,0.6093993,0.55349004,0.5715804,0.5002927,0.48310676,0.6129321,0.6701717,0.60006547,0.6325693,0.66035885,0.6366486,0.60823727,0.6088521,0.5338566,0.5346832,0.51402867,0.4927968,0.56746274,0.5176431,0.52776486,0.50458527,0.52527714,0.48144305,0.5568613,0.4998278,0.5290859,0.48784125,0.5307673,0.48697224,0.511467,0.4764889,0.48579237,0.50692713,0.52058697,0.50130624,0.5705384,0.5528219,0.6529481,0.635347,0.62525487,0.5397423,0.530942,0.5318978,0.5378403,0.50206244,0.562446,0.54857385,0.6159383,0.5042896,0.48586023,0.5394968,0.5406482,0.5991357,0.5115796,0.54378015,0.61157745,0.5933483,0.5772394,0.54937446,0.5975047,0.5739306,0.609803,0.5296359,0.6472901,0.5702868,0.57619345,0.6229133,0.61473876,0.5919488,0.6317155,0.60150295,0.6550363,0.6494288,0.54227847,0.5864738,0.4935092,0.5451994,0.5529546,0.56688166,0.5221519,0.5388651,0.61569333,0.5389567,0.5422225,0.6259404,0.56208354,0.5948009,0.5575892,0.49423563,0.53452927,0.49816248,0.52320594,0.52591515,0.54274964,0.49161416,0.56640685,0.5789597,0.50005114,0.53345966,0.5488858,0.51858234,0.50425404,0.4750252,0.52530444,0.59222436,0.5863282,0.62591064,0.55371654,0.5297259,0.56032306,0.5272327,0.5863841,0.5546936,0.5678389,0.57749355,0.52455145,0.58222175,0.55272216,0.5421106,0.55481607,0.5359517,0.5632605,0.6056098,0.5494544,0.547946,0.59777504,0.631161,0.6487574,0.59326404,0.5710266,0.5635292,0.5182413,0.56207436,0.6059821,0.59717286,0.6283462,0.498713,0.5473296,0.5819733,0.54916584,0.5782544,0.5506902,0.55534893,0.5775272,0.5590639,0.63544214,0.66683507,0.667415,0.6072306,0.5639881,0.5048599,0.537576,0.5824686,0.5490208,0.597129,0.51646703,0.5448963,0.5415226,0.53895247,0.5733126,0.664593,0.5309434,0.5568456,0.55539745,0.58364683,0.53913975,0.56223994,0.56776536,0.5125087,0.49271622,0.5258606,0.63623047,0.52144307,0.5389316,0.5561105,0.5960468,0.60248756,0.54525363,0.5188249,0.5635464,0.63571507,0.53663164,0.5689501,0.518173,0.5044785,0.594746,0.7037836,0.588254,0.64352477,0.6639062,0.6500516,0.6376946,0.6090568,0.5420937,0.5500519,0.5214626,0.52075505,0.5573523,0.5591771,0.5390033,0.51027054,0.53952634,0.48826656,0.57195824,0.5021974,0.50422984,0.50144565,0.5180252,0.48027402,0.5038954,0.49864262,0.51189697,0.48621663,0.5096982,0.5200498,0.58726054,0.53473485,0.64688355,0.61721003,0.6566985,0.54044545,0.52804065,0.5319687,0.5254783,0.5039455,0.5469527,0.537545,0.5783614,0.48414898,0.48687991,0.49764365,0.5546586,0.5857957,0.5238544,0.5763024,0.62650925,0.58120984,0.57870346,0.53527874,0.6167501,0.5442994,0.59975463,0.55588233,0.61197287,0.52495265,0.6262674,0.6203261,0.60127425,0.53647375,0.63156146,0.6145122,0.6422201,0.5971238,0.53810954,0.5745319,0.4962241,0.6136873,0.5805194,0.49430913,0.52559847,0.5635181,0.63462144,0.551826,0.5644033,0.6245698,0.5646883,0.59585124,0.58953327,0.5012428,0.5290104,0.5011326,0.5182233,0.52716017,0.5348256,0.48607305,0.5587753,0.58110154,0.506136,0.5542948,0.55316675,0.53529394,0.5144235,0.47209165,0.5257814,0.5648782,0.5755467,0.616917,0.5377257,0.5417888,0.54166913,0.5401362,0.56846064,0.5443321,0.5689169,0.5821037,0.5425537,0.59531015,0.53716195,0.52203065,0.53731346,0.53440595,0.53625286,0.6243703,0.5553296,0.5556347,0.6348623,0.6186897,0.6770004,0.5629234,0.5845816,0.6147629,0.5471756,0.61136425,0.5918469,0.5900761,0.65582925,0.51313716,0.5564814,0.56721115,0.5724303,0.5854646,0.56487715,0.541733,0.60271716,0.5567034,0.625784,0.62954783,0.67786366,0.61751026,0.59473264,0.52491623,0.54486376,0.61422527,0.53068143,0.56999993,0.500533,0.53603446,0.54644126,0.5906561,0.5568087,0.63284016,0.5268021,0.563712,0.5432946,0.59054095,0.5088756,0.5722655,0.5501723,0.5076095,0.5118062,0.5216347,0.5263901,0.5514611,0.5437897,0.5584383,0.5466267,0.54846704,0.5473376,0.54072297,0.52877885,0.5530708,0.54725045,0.5251277,0.5295708,0.5525212,0.5512528,0.5484985,0.53914124,0.5345994
150,0.50300205,0.6204723,0.5092806,0.52863026,0.54451954,0.57974744,0.5939816,0.5427557,0.53905815,0.566154,0.5997778,0.5484676,0.57052344,0.49363396,0.4783284,0.60809374,0.6748316,0.6021985,0.62489843,0.6496447,0.6324707,0.6069046,0.6088118,0.525636,0.5329627,0.5245621,0.4988703,0.5682328,0.5332976,0.53559476,0.49560493,0.5387505,0.47082615,0.5577712,0.5110042,0.54076904,0.4896407,0.5305121,0.4977538,0.5203534,0.48204207,0.50740427,0.51000404,0.53245926,0.51352227,0.59344256,0.5853426,0.6431825,0.63853395,0.64213437,0.5592325,0.5550618,0.5426206,0.5593116,0.51222205,0.589506,0.55519927,0.62038594,0.500572,0.48468897,0.5426293,0.55675375,0.6107022,0.51172096,0.5327478,0.59191805,0.6096993,0.5884648,0.567896,0.6220828,0.593973,0.6088073,0.5337877,0.64785135,0.5690407,0.5940158,0.6383837,0.6246373,0.5925519,0.620967,0.59414893,0.6430895,0.6518375,0.5439514,0.59543234,0.4989904,0.5582322,0.5520198,0.58478796,0.5430799,0.5450509,0.60913515,0.5413432,0.5536399,0.6247446,0.5780175,0.6035921,0.57281196,0.5000963,0.548859,0.5132953,0.5301522,0.52608573,0.54830146,0.50339115,0.5752416,0.5814017,0.49745432,0.52891177,0.5526818,0.52231807,0.50651765,0.47737092,0.5244479,0.61670977,0.62163144,0.6598474,0.5540721,0.52519244,0.56501615,0.5268436,0.5852652,0.5508092,0.5762052,0.5841099,0.5216395,0.58220315,0.55505705,0.5493313,0.5699459,0.54053384,0.5817162,0.6066548,0.5513001,0.54429543,0.5881399,0.6325018,0.65516603,0.59668726,0.58009183,0.56496364,0.51710844,0.56406933,0.60784334,0.59700614,0.6255943,0.52975714,0.55194205,0.59900033,0.5643204,0.5872321,0.5475588,0.5553364,0.5759627,0.5606382,0.6406142,0.68107057,0.65613854,0.59595823,0.56494415,0.5192948,0.5383327,0.5837149,0.54811144,0.6051087,0.5123457,0.5379237,0.55873203,0.52665764,0.5730826,0.6747428,0.53012073,0.55470204,0.5549153,0.59330034,0.5404307,0.58356124,0.5639323,0.5160198,0.4935683,0.51191044,0.63951075,0.52249545,0.5322742,0.5459787,0.5882832,0.59135914,0.55710244,0.5286283,0.55256397,0.6300749,0.5287999,0.5603697,0.5148008,0.5043939,0.5915089,0.70995325,0.5924124,0.6357291,0.6550699,0.6501005,0.6312329,0.6131967,0.53124624,0.54521143,0.5239651,0.52134067,0.5540485,0.58649653,0.5592449,0.5076541,0.55287576,0.48279393,0.5692851,0.50587493,0.5211861,0.50515914,0.5239875,0.49674827,0.5133643,0.50708175,0.53299356,0.48850375,0.51863384,0.53642774,0.61124253,0.57522506,0.6479504,0.63162047,0.67288256,0.56097835,0.5521296,0.54563,0.5511991,0.5170747,0.57233894,0.54458225,0.5831981,0.47667798,0.48452172,0.49593443,0.56958413,0.59734976,0.52721256,0.56403375,0.6109385,0.6002875,0.5949588,0.55096376,0.6317295,0.5674128,0.61411536,0.5643755,0.61820585,0.5120464,0.6289072,0.64050376,0.61353594,0.5282641,0.6233228,0.60392886,0.63681155,0.6137003,0.5454121,0.5996051,0.4979388,0.61698306,0.581897,0.5104876,0.5458032,0.57622474,0.6287731,0.55679244,0.5709402,0.6246881,0.58773094,0.60997254,0.61648947,0.5073209,0.54696923,0.5124304,0.5263757,0.5225825,0.53998655,0.5044789,0.5690784,0.5863495,0.5045531,0.5526338,0.5526846,0.54215765,0.5164138,0.4700466,0.5244337,0.5839854,0.6143545,0.65539575,0.54404867,0.54950595,0.5483553,0.54364455,0.5678736,0.5365952,0.574806,0.58891535,0.5438674,0.5995485,0.5266825,0.5234125,0.55034935,0.53391504,0.54459405,0.62900376,0.55918986,0.5570882,0.6326656,0.62603045,0.68551546,0.55396897,0.5890308,0.61425924,0.5440957,0.6200777,0.6107418,0.60088295,0.6587443,0.55285376,0.56976604,0.58909684,0.58731097,0.6053106,0.5578331,0.53768814,0.5955512,0.56289756,0.62580174,0.6436579,0.6694546,0.60734195,0.588165,0.52701306,0.5451543,0.61498797,0.5281816,0.57433647,0.49450296,0.53344107,0.5633999,0.5799579,0.5779774,0.6508279,0.5288237,0.5610324,0.5333322,0.6007703,0.509528,0.5852559,0.5475907,0.51571393,0.505103,0.51668066,0.52530855,0.54986703,0.541096,0.5567727,0.54811907,0.5512605,0.5480032,0.5377152,0.5290177,0.5589622,0.5538237,0.52613956,0.53076386,0.5496928,0.5484336,0.54933304,0.54095435,0.53458273
151,0.49934497,0.6165642,0.5179387,0.5303592,0.54315215,0.57268447,0.5863328,0.55398667,0.5570933,0.5604774,0.5863072,0.5512778,0.57148886,0.49248734,0.4807914,0.60043395,0.66721123,0.59746796,0.61326474,0.62885803,0.61667645,0.6005476,0.5997436,0.52790123,0.5391832,0.54414016,0.5078045,0.5712265,0.54879427,0.5417995,0.48908135,0.54971224,0.4565397,0.5598276,0.51996404,0.5584338,0.502442,0.5332821,0.5211859,0.53764,0.503345,0.5373718,0.5197181,0.54538655,0.527519,0.6123721,0.6103502,0.6230302,0.62860614,0.6505586,0.58110225,0.5791668,0.5595562,0.57984257,0.5300617,0.6089087,0.5663036,0.62368137,0.5022958,0.49115437,0.5396136,0.5648868,0.62615067,0.5031795,0.513622,0.5678159,0.6216461,0.59119946,0.5776101,0.6432938,0.60681635,0.5994939,0.5406124,0.65447867,0.57598287,0.6125044,0.6533783,0.631127,0.59822565,0.6120108,0.5929952,0.6338824,0.65271074,0.54360896,0.6048214,0.50309676,0.5719738,0.5506192,0.60002744,0.566159,0.5491464,0.60188174,0.54552585,0.5654748,0.62647945,0.59070927,0.6145033,0.58108944,0.5149759,0.5651729,0.53805447,0.5465684,0.53500295,0.5604578,0.5254087,0.585733,0.58563507,0.4986178,0.52856266,0.5564207,0.52977616,0.50640583,0.4864292,0.5297944,0.63271695,0.6446424,0.67928344,0.55216616,0.5242027,0.5692962,0.53330016,0.5837596,0.5499612,0.58835614,0.5906447,0.5177975,0.5809076,0.55694735,0.5610206,0.5859947,0.5459898,0.5927258,0.6070718,0.5523547,0.54084945,0.57584745,0.6313247,0.65270454,0.5968638,0.5853935,0.5640856,0.52017736,0.56524956,0.61521554,0.6048875,0.62188023,0.5620626,0.5554948,0.616206,0.5772707,0.59374523,0.5483473,0.5566537,0.57430124,0.5608774,0.63133085,0.6777552,0.6337178,0.5810282,0.56538063,0.5353553,0.5402973,0.5819538,0.54371583,0.6057295,0.5099196,0.5378243,0.5796416,0.52053434,0.5747661,0.6861585,0.5338896,0.55966234,0.5630525,0.60242313,0.5363631,0.6002689,0.5613349,0.5210654,0.4962473,0.5077056,0.6295469,0.5288333,0.53060377,0.538038,0.57733226,0.57794183,0.57128996,0.5466633,0.5420559,0.6159322,0.52385575,0.5538738,0.5158524,0.51276493,0.58556527,0.69873685,0.58837587,0.6207625,0.6324935,0.63420403,0.6141944,0.6073648,0.5299696,0.53918177,0.5335734,0.52400625,0.5477623,0.6142505,0.5764314,0.50916773,0.56592226,0.4751402,0.5701427,0.51115614,0.5469022,0.518014,0.53327686,0.5265305,0.5312246,0.52558005,0.5610762,0.49835443,0.52872485,0.5539534,0.62875843,0.609516,0.63788253,0.63475937,0.6785426,0.58362985,0.5773356,0.56514114,0.57715565,0.53828675,0.5918192,0.55381817,0.58820575,0.47758415,0.48949203,0.4874014,0.5821768,0.6123501,0.5236908,0.54669684,0.5918542,0.6154664,0.6032094,0.55897677,0.6414282,0.5810447,0.62347376,0.5726526,0.62737167,0.50569147,0.63294715,0.65914464,0.62164074,0.5254319,0.6105828,0.5948564,0.6271185,0.6314112,0.54831433,0.62494093,0.49810728,0.6174492,0.5781179,0.5232691,0.5662333,0.586526,0.6204307,0.5615809,0.5749264,0.62623936,0.6052007,0.6273001,0.63956314,0.52014637,0.5676655,0.53680867,0.5483599,0.52850395,0.5539237,0.5322455,0.5799246,0.59070796,0.5049292,0.5525354,0.5515273,0.55129707,0.51639473,0.47540626,0.52883524,0.5999407,0.6414341,0.6792034,0.5502726,0.55955666,0.55604374,0.55264145,0.56594074,0.52969974,0.5850696,0.59267527,0.54342794,0.60007584,0.51783115,0.5292247,0.56317455,0.5316699,0.5479824,0.6322274,0.5624752,0.55599284,0.621529,0.6274151,0.6775095,0.544745,0.5866388,0.60491353,0.54550594,0.62195003,0.6323663,0.6182119,0.65361655,0.587214,0.57969713,0.6103518,0.597072,0.6233816,0.55266535,0.5359644,0.583626,0.5669243,0.61324763,0.6421153,0.64741886,0.5919323,0.5793619,0.5331199,0.54895264,0.6087375,0.52262807,0.57283825,0.4899675,0.5336763,0.58603317,0.5729066,0.59537506,0.6698195,0.53036803,0.56516355,0.534257,0.60936433,0.5091063,0.59747446,0.5448114,0.5241639,0.4961144,0.51013166,0.52405983,0.54703087,0.5376363,0.55449075,0.5495698,0.552308,0.5478248,0.5346929,0.530367,0.56398165,0.56084275,0.5275203,0.5317663,0.54709893,0.54578644,0.5508552,0.54348403,0.53646165
152,0.5037428,0.6030143,0.52999246,0.53531855,0.5441303,0.56509817,0.5754905,0.5669608,0.5786157,0.5572479,0.5700379,0.56230044,0.5703463,0.4944366,0.48841417,0.5877969,0.6467145,0.58720917,0.59665745,0.5982937,0.59000117,0.58890545,0.5819602,0.5394205,0.55210674,0.5709726,0.5164166,0.5751523,0.56041044,0.54576063,0.4863532,0.55416626,0.4414716,0.5609635,0.52418226,0.57766944,0.5202457,0.5355285,0.5504492,0.5584325,0.5338489,0.5664669,0.532941,0.5554166,0.5372902,0.6231651,0.6229026,0.59281623,0.6055792,0.64814764,0.60137933,0.5981901,0.5796774,0.5952335,0.5510682,0.61861265,0.57855463,0.6249911,0.5057036,0.50138783,0.531213,0.56417406,0.64270395,0.487342,0.48955813,0.54286784,0.6278642,0.58525354,0.57794,0.65887386,0.611064,0.58307374,0.54965574,0.66596884,0.59081113,0.62934464,0.6654671,0.6322955,0.6089691,0.6072472,0.5980063,0.62857705,0.6516435,0.53836,0.61232126,0.5038361,0.5851409,0.54952246,0.60957366,0.58749557,0.54944646,0.5938623,0.5503057,0.5759879,0.6296565,0.5967937,0.6254084,0.5819211,0.5347926,0.5810335,0.5670247,0.56850475,0.5494477,0.57697463,0.55221856,0.5945916,0.5907149,0.50166285,0.5303955,0.5586398,0.53932387,0.50328076,0.4985903,0.537333,0.63745487,0.65145284,0.6820233,0.54786783,0.52657115,0.57217836,0.54376274,0.5816871,0.5526275,0.60225374,0.59642434,0.5137737,0.57848597,0.55895835,0.5761086,0.6007231,0.5515229,0.595223,0.60643554,0.5518016,0.5382878,0.5623541,0.6267219,0.6415167,0.59369475,0.5842741,0.5603297,0.5252743,0.5642843,0.62581396,0.6189549,0.6166136,0.5891005,0.5546779,0.6302021,0.5867023,0.59733206,0.55000365,0.55727774,0.5716266,0.56027305,0.6078126,0.6564606,0.60067016,0.562018,0.56420875,0.54973805,0.5407729,0.5775334,0.53588986,0.59850025,0.50859404,0.54220617,0.6009105,0.52079934,0.57786524,0.696935,0.54134595,0.57019967,0.57737386,0.6103473,0.5294517,0.6093112,0.55871844,0.5259408,0.49822628,0.5104985,0.6062527,0.5380184,0.5315947,0.5306872,0.56254864,0.5625537,0.5858731,0.56975317,0.5312768,0.59478384,0.52295613,0.546459,0.51828223,0.5259063,0.57493937,0.67015827,0.5769185,0.59743476,0.59736264,0.60322315,0.5869106,0.5911824,0.53727114,0.5301842,0.54866743,0.52611995,0.53819394,0.6371309,0.58849317,0.51453555,0.57415164,0.467506,0.57158184,0.51565456,0.576242,0.53416866,0.5409357,0.56163514,0.55350053,0.5488935,0.58743584,0.51294464,0.535559,0.56594205,0.6355086,0.63099086,0.6158281,0.6238336,0.67212546,0.6045421,0.5982767,0.5874497,0.5988613,0.5625706,0.6035967,0.5613389,0.59131813,0.48357898,0.4980255,0.47234088,0.5892021,0.6277863,0.5129215,0.5266284,0.57158077,0.6236784,0.60252523,0.55885524,0.6442853,0.5839891,0.6253365,0.57924414,0.6373373,0.50681406,0.63710004,0.67269975,0.6235232,0.52892846,0.595522,0.5881623,0.6127761,0.6466137,0.54353285,0.6452239,0.49403328,0.61343676,0.5702945,0.5289151,0.5835898,0.590929,0.60989267,0.56520176,0.57543045,0.6274816,0.61306566,0.6441253,0.6547735,0.53674084,0.58824277,0.5685916,0.57829416,0.54157215,0.57348156,0.5634818,0.5882352,0.5931004,0.505642,0.5520871,0.54918706,0.5600145,0.5130229,0.4851627,0.53561145,0.60939294,0.65347826,0.68593735,0.5554483,0.5694967,0.56316704,0.5641307,0.56288344,0.52469397,0.59770405,0.59406215,0.5405767,0.59597236,0.5127401,0.5388525,0.5733177,0.5283015,0.5456679,0.63229114,0.5638526,0.55256337,0.60187393,0.6212968,0.6533278,0.5367744,0.57665557,0.587068,0.5490867,0.6152155,0.65205693,0.6379932,0.6399138,0.6108006,0.5819284,0.6261555,0.6000815,0.6362481,0.5470632,0.5350328,0.5672653,0.5683749,0.58789074,0.62385374,0.61247265,0.5711834,0.5681566,0.5406555,0.5536362,0.5957618,0.5151459,0.56604004,0.4877598,0.5347159,0.6103918,0.569796,0.6051063,0.68576866,0.5311033,0.5745128,0.5446629,0.61575645,0.5086945,0.6058527,0.54144603,0.5303793,0.48439583,0.5029414,0.5223593,0.54379493,0.53465056,0.5516623,0.5501354,0.5502861,0.5458792,0.5318038,0.53220665,0.5672185,0.56679523,0.5288493,0.5326158,0.54504,0.5434616,0.5520069,0.54544824,0.5387473
153,0.5118074,0.58173895,0.5412674,0.5397157,0.54444826,0.55637586,0.56243366,0.57922286,0.5984199,0.55560637,0.5536901,0.58023757,0.5639058,0.4968688,0.49793977,0.56992036,0.6160872,0.57433885,0.5754409,0.56127375,0.5568406,0.5734672,0.5587171,0.5557914,0.56903726,0.60092616,0.52180403,0.5786,0.5663496,0.54733306,0.48893493,0.55000216,0.42986643,0.55922824,0.5228426,0.59303045,0.53519315,0.53432566,0.57602406,0.57611614,0.5633518,0.5852802,0.5458061,0.5602302,0.5386419,0.62429804,0.6214533,0.5568076,0.5734648,0.63540584,0.61574465,0.60784876,0.59843683,0.6021376,0.5692415,0.6193615,0.5885178,0.62461483,0.5077457,0.5112919,0.52072376,0.55729836,0.65718675,0.46964672,0.46670267,0.5217069,0.62813413,0.5736416,0.57097644,0.6673462,0.607456,0.5638138,0.5600464,0.6796948,0.6106424,0.64231277,0.6719294,0.6285814,0.6230565,0.6081571,0.60770607,0.6275948,0.6490753,0.5278613,0.61687094,0.5015042,0.5960434,0.54912466,0.6123479,0.6023931,0.54552776,0.5854575,0.5541885,0.58374935,0.63233167,0.5952585,0.6343967,0.577885,0.5533708,0.59410936,0.592408,0.5901662,0.5642616,0.5936911,0.57559675,0.5992126,0.59503627,0.50548244,0.5330798,0.5582077,0.55023223,0.4984347,0.5090881,0.54249126,0.6315042,0.64285177,0.6701072,0.5420605,0.53131557,0.5731288,0.5546994,0.5791474,0.55849576,0.61434,0.6010788,0.5113639,0.57548195,0.5616644,0.59278274,0.61155754,0.5560612,0.58997554,0.6038232,0.5491399,0.53704834,0.5498809,0.6188795,0.6238693,0.5883896,0.57617855,0.55376834,0.53014183,0.5603543,0.6365854,0.6349228,0.60926056,0.60586405,0.5481842,0.63822335,0.5918464,0.5983526,0.5493906,0.5556427,0.5674656,0.5600319,0.5747076,0.62129307,0.56072086,0.5398931,0.56067944,0.55927867,0.53831446,0.57131267,0.5263203,0.58528125,0.5075206,0.54754084,0.61889493,0.52738124,0.58216417,0.70475924,0.5504278,0.5825122,0.59304357,0.6162421,0.5231832,0.6094154,0.554961,0.5307347,0.49883145,0.51611507,0.5736367,0.5468679,0.53254056,0.5226103,0.54466796,0.54652953,0.59819645,0.5924422,0.5200157,0.570936,0.52727324,0.5360129,0.5189482,0.53850216,0.55958223,0.6285222,0.5611598,0.5672315,0.55486596,0.5626313,0.55305654,0.5672413,0.5493076,0.5180678,0.56660384,0.5257366,0.5266366,0.6512828,0.5937391,0.52306485,0.57401294,0.46221322,0.57023203,0.5170638,0.60214835,0.546493,0.54280615,0.5915445,0.5740604,0.56951183,0.6034195,0.5281012,0.5365251,0.5678362,0.6306129,0.6363453,0.58475894,0.599776,0.6549697,0.61953795,0.610028,0.6079304,0.6118131,0.5830729,0.60786664,0.56404656,0.59160095,0.49077895,0.5057325,0.45426193,0.5895585,0.6401413,0.4977395,0.5074474,0.5532451,0.62312937,0.5940267,0.55221546,0.63962066,0.57757545,0.61879027,0.58267134,0.64570415,0.51507676,0.6391587,0.6779106,0.61956245,0.5386435,0.5811452,0.58423465,0.5954611,0.6563065,0.53101426,0.6561502,0.4856975,0.60463744,0.5601709,0.52625847,0.59398794,0.587312,0.59784985,0.56662446,0.57249427,0.62655073,0.60996145,0.6564722,0.65990424,0.55256504,0.60567015,0.5985116,0.607288,0.5559062,0.5929087,0.58973217,0.5919439,0.5928441,0.5062958,0.55065036,0.54556066,0.56679064,0.5069464,0.49500605,0.540429,0.61096483,0.65102863,0.67732614,0.5587736,0.5769437,0.56843364,0.57462186,0.5593189,0.5226321,0.6091452,0.59414583,0.535778,0.58755773,0.5128756,0.55121505,0.5786509,0.52477616,0.5384199,0.6276917,0.56244594,0.54781103,0.5773251,0.6085679,0.61751604,0.5321298,0.5608002,0.56364334,0.55204695,0.600263,0.6658103,0.6548281,0.6192635,0.6213795,0.5748059,0.6329727,0.5958452,0.6411493,0.5395616,0.53343534,0.5482858,0.56777036,0.55353796,0.5922063,0.5692108,0.54643136,0.55514914,0.54622,0.55700207,0.57829577,0.50780445,0.5556634,0.4880607,0.5346117,0.6313911,0.57040924,0.6058805,0.69460577,0.53105205,0.5854766,0.5595265,0.61910176,0.5089935,0.60802406,0.5374101,0.5339281,0.47204638,0.4969916,0.5203873,0.5405875,0.5328186,0.54926896,0.5499592,0.5449423,0.5419557,0.52937436,0.533908,0.56832004,0.57048386,0.5296991,0.53354293,0.5440662,0.5418506,0.552255,0.54604465,0.53998
154,0.51879364,0.55722976,0.5483286,0.54065293,0.5421519,0.5467586,0.5492646,0.58702284,0.61055845,0.5544234,0.5401638,0.60070735,0.5517464,0.49857748,0.5065036,0.54901934,0.58193153,0.5625439,0.55202085,0.5242176,0.52432835,0.55700076,0.53540444,0.5702207,0.58564156,0.62753576,0.52242124,0.5805221,0.56731504,0.547482,0.49827576,0.53803873,0.42672098,0.55471265,0.51773566,0.5983538,0.5398783,0.5284076,0.5878393,0.58422875,0.5809974,0.58704007,0.55427474,0.55935854,0.5303568,0.616852,0.60822725,0.52240455,0.53982157,0.61598355,0.6210215,0.6065007,0.6102343,0.5996881,0.5783099,0.6138361,0.5932356,0.62377703,0.5069852,0.5172077,0.5131147,0.54997075,0.6669902,0.45811316,0.45275274,0.5093608,0.62357223,0.5623299,0.56081927,0.6682659,0.59912676,0.5487658,0.5701261,0.6922358,0.63002795,0.64975095,0.6716078,0.62250704,0.6367026,0.614283,0.61919796,0.6304645,0.6461354,0.51467043,0.61878747,0.4982592,0.6027374,0.54959506,0.6095107,0.6072389,0.53885,0.57805496,0.55600303,0.5879106,0.6327665,0.5874536,0.6403831,0.57386386,0.5641793,0.6020114,0.60704666,0.60512716,0.57378995,0.6051741,0.58746755,0.59826195,0.5970342,0.5092747,0.535678,0.55502176,0.5618681,0.49473786,0.5134594,0.54148364,0.61868113,0.6242502,0.6496764,0.5364785,0.53709227,0.5723152,0.5630516,0.57664543,0.56574595,0.6205561,0.6041502,0.5127559,0.57287616,0.5648797,0.6078957,0.616484,0.5582908,0.5797474,0.5991289,0.5445849,0.53729475,0.54112303,0.6095397,0.60422325,0.582494,0.5629122,0.5453712,0.5330946,0.55364686,0.6448916,0.6482268,0.59998727,0.61028564,0.537416,0.63935035,0.5927012,0.5985922,0.54441667,0.55160064,0.5623526,0.5618838,0.54054004,0.58136606,0.5208903,0.517518,0.5552913,0.56242734,0.53372055,0.56465185,0.51821184,0.5707306,0.50637066,0.55040914,0.6298113,0.53897774,0.5875045,0.70796037,0.5578788,0.59140384,0.6040787,0.61916,0.5208265,0.601944,0.5495857,0.5365242,0.4989865,0.52020526,0.53918564,0.5524702,0.5314275,0.5133522,0.52587277,0.53202343,0.60467905,0.607767,0.5085325,0.549459,0.5360818,0.52271396,0.5163106,0.5458337,0.5416203,0.58323544,0.54550976,0.53456163,0.51363736,0.5217982,0.51890004,0.540678,0.5600731,0.5041333,0.5830464,0.5221726,0.5152909,0.6547994,0.5916785,0.5338294,0.564712,0.46139815,0.56474406,0.5147089,0.616395,0.5484943,0.53689533,0.6055414,0.5861558,0.5795837,0.6028647,0.5390435,0.53124976,0.5583208,0.6159785,0.6261125,0.5512218,0.5675503,0.6312269,0.625154,0.6099443,0.62075025,0.6136644,0.59257483,0.60603386,0.56020284,0.58935237,0.49570802,0.508768,0.4392678,0.5842786,0.6460148,0.4836488,0.49400455,0.5405206,0.61390144,0.5808208,0.542003,0.6278604,0.56495374,0.605309,0.58137614,0.6497992,0.5276195,0.6367689,0.672921,0.61193633,0.5521793,0.5694295,0.58265436,0.5785914,0.6585673,0.51398796,0.6554395,0.47531497,0.5919647,0.55029505,0.5167856,0.5943584,0.57589495,0.5859192,0.56527656,0.56698686,0.6218822,0.5973011,0.66110253,0.6547193,0.56251633,0.6167337,0.6174018,0.6260158,0.5647364,0.60539484,0.6030101,0.5899706,0.5898499,0.5071348,0.5483764,0.5412314,0.57092875,0.5004352,0.5005565,0.5396361,0.60535336,0.6381361,0.6585201,0.5599377,0.5802779,0.5710965,0.5813062,0.5561688,0.5236397,0.6153258,0.5938922,0.53071696,0.5764884,0.5176461,0.56391436,0.57772416,0.5219528,0.5286825,0.6181728,0.55815643,0.54318726,0.55372214,0.59217745,0.57881576,0.5318372,0.54249454,0.53928304,0.55209994,0.57968324,0.6711442,0.6639741,0.59523124,0.61969805,0.55982614,0.629406,0.585455,0.6371272,0.5298905,0.53077936,0.53004605,0.5664878,0.5176518,0.5550037,0.52587205,0.52070755,0.54203665,0.5471564,0.5578778,0.5600586,0.50335777,0.5449709,0.49059302,0.53175265,0.64355,0.57330656,0.5989482,0.6933605,0.53067434,0.59299284,0.5717713,0.6184113,0.5100288,0.6033846,0.5331432,0.53576654,0.4629493,0.49443197,0.5186488,0.53737855,0.53222525,0.54850316,0.5496943,0.5371212,0.536606,0.5276017,0.5348071,0.5675914,0.5713552,0.5296298,0.53456604,0.54412025,0.540909,0.55144924,0.54481214,0.53899646
155,0.5212146,0.5344812,0.5495733,0.5369925,0.5368052,0.53708017,0.5386041,0.58708596,0.61074865,0.5527168,0.5310461,0.6178472,0.5360305,0.49974322,0.5124716,0.52872497,0.55321455,0.55497205,0.5303672,0.49422607,0.49926224,0.5422866,0.51682657,0.5763702,0.5974437,0.6452019,0.5185895,0.5801612,0.5654465,0.547491,0.5143024,0.5214914,0.43519518,0.54914045,0.51203555,0.5891966,0.5299729,0.5182087,0.57918257,0.57904917,0.57950604,0.56933904,0.55537635,0.5536539,0.51417416,0.6044003,0.5884109,0.49684572,0.513585,0.5961574,0.6166633,0.595931,0.6107756,0.59009445,0.5740119,0.6056469,0.59119844,0.6238207,0.5032146,0.51657385,0.51266944,0.54788834,0.67064255,0.45907623,0.4530628,0.50865334,0.6157541,0.5567335,0.55205625,0.6622113,0.5898984,0.5436087,0.5779106,0.70046514,0.6435127,0.6512001,0.6651167,0.61695874,0.6458401,0.6235305,0.62906504,0.6355028,0.6433058,0.502131,0.6186904,0.49637005,0.6040285,0.5508421,0.60307837,0.60119563,0.5317756,0.57303303,0.5552923,0.58867335,0.6302841,0.5762676,0.6427464,0.5739291,0.562346,0.6026047,0.6072321,0.6084557,0.57362205,0.6067487,0.58284354,0.5914795,0.5953736,0.5118396,0.5368558,0.5499488,0.5730389,0.49500313,0.50874466,0.5318647,0.6041273,0.603593,0.6293405,0.5326963,0.54273033,0.5703854,0.5670699,0.5746968,0.57158315,0.6179064,0.6046349,0.51924664,0.57208234,0.56770253,0.61792934,0.6148578,0.55717283,0.5679926,0.59316635,0.53882796,0.53884953,0.5380627,0.60118335,0.5883074,0.5767732,0.54776835,0.53688645,0.53371245,0.54599786,0.64904827,0.6557397,0.5905294,0.6029882,0.5251485,0.6343154,0.5899778,0.59981614,0.53474236,0.5462166,0.5577571,0.5673014,0.5138042,0.54779154,0.4891092,0.49854976,0.55014735,0.55970657,0.52890825,0.55944604,0.5145369,0.56000453,0.5056081,0.548309,0.630749,0.552647,0.59272045,0.70573324,0.5605438,0.59224266,0.6055827,0.61812055,0.5241204,0.5898872,0.5424941,0.54378957,0.49990752,0.51974356,0.5103674,0.55316544,0.5275138,0.5032212,0.5088783,0.5209901,0.6025106,0.6103168,0.4973255,0.53397846,0.54656506,0.50850296,0.5107599,0.54579365,0.52420676,0.54594964,0.533924,0.50509524,0.4822298,0.48971462,0.4906452,0.5170189,0.56380856,0.49009827,0.5938805,0.5162598,0.50616086,0.6483388,0.58356416,0.54576504,0.5482725,0.46611622,0.55613375,0.50971675,0.6129367,0.53652287,0.5236234,0.59645367,0.58530235,0.57402813,0.5835987,0.54204774,0.520913,0.5395025,0.5960547,0.6042805,0.52278125,0.5349895,0.6072721,0.6202393,0.59872574,0.6214737,0.6056483,0.58632636,0.59992546,0.5496976,0.5855901,0.4958111,0.50491875,0.433105,0.57566994,0.6436766,0.47628534,0.49021316,0.53584284,0.59797525,0.5667277,0.5318645,0.6107196,0.55015075,0.58811194,0.5750348,0.64767903,0.5403097,0.6289441,0.65795493,0.6031324,0.5656322,0.56128407,0.58260995,0.5655759,0.65273994,0.49689376,0.64325106,0.4656399,0.5770683,0.5433637,0.50378335,0.5845113,0.5591847,0.576005,0.561337,0.560507,0.6132587,0.57884765,0.6565623,0.64071906,0.56225723,0.61873347,0.6200191,0.6281322,0.56271756,0.6057562,0.59875584,0.5819951,0.58402115,0.50809294,0.5452025,0.5371554,0.5723415,0.49591073,0.4984129,0.5309356,0.5942141,0.62088215,0.63673097,0.55929667,0.5791454,0.5710265,0.5830101,0.5543064,0.5267676,0.6131847,0.59363353,0.52744937,0.56555694,0.52463305,0.5740256,0.5705794,0.5203264,0.5194807,0.60494816,0.55158013,0.5399623,0.536464,0.5758272,0.54721856,0.53501505,0.5253682,0.51869,0.5486447,0.5581565,0.6675742,0.66310924,0.572877,0.608105,0.54030204,0.61644536,0.5714278,0.6251808,0.5185218,0.52778685,0.5162223,0.56629914,0.487892,0.5216626,0.49135852,0.49783126,0.53129303,0.5428368,0.55622846,0.54507524,0.50385135,0.5376148,0.49506265,0.52493787,0.64302915,0.57644093,0.5868791,0.68132836,0.5305943,0.59238935,0.5752597,0.6129552,0.51150274,0.59311765,0.52908087,0.5370358,0.46032098,0.49649614,0.5176353,0.53404856,0.5326962,0.54980654,0.5497574,0.52828515,0.53075075,0.5263426,0.53440654,0.56563437,0.5695159,0.5283367,0.5353713,0.5442215,0.53987765,0.549588,0.54158056,0.5352109
156,0.5182706,0.51755893,0.545387,0.52963215,0.52942014,0.52876997,0.53286725,0.5790234,0.5987282,0.55043614,0.52702653,0.6278526,0.52001977,0.5007665,0.5154288,0.5125912,0.5377739,0.55329514,0.5147498,0.47661385,0.485895,0.5316736,0.5056765,0.572059,0.60224247,0.6522528,0.5125401,0.5773834,0.56352735,0.5479939,0.53422034,0.5050344,0.4540834,0.54393643,0.5085051,0.56629837,0.5066513,0.5061524,0.5505217,0.5614038,0.5582391,0.5356019,0.5486309,0.54543334,0.49461156,0.59258604,0.56848395,0.48446536,0.50181305,0.5828958,0.6049337,0.58039904,0.5995643,0.5775421,0.5565907,0.5982568,0.5834183,0.62549895,0.4973525,0.5092008,0.5210065,0.5542495,0.6684865,0.47424313,0.46795174,0.5184789,0.6066922,0.55901617,0.54851544,0.6512595,0.58301777,0.54925054,0.5826378,0.70272535,0.64841557,0.64790326,0.65413654,0.6139246,0.6486038,0.6335513,0.63483465,0.6406195,0.6404286,0.49311402,0.6173759,0.49761745,0.60065895,0.5525156,0.595517,0.58681524,0.5267387,0.57078546,0.55235523,0.58754855,0.6257251,0.5654907,0.64153844,0.5798595,0.546714,0.59530044,0.59374905,0.59896314,0.56286675,0.59723884,0.56200296,0.579981,0.5896934,0.51231897,0.5355547,0.5443267,0.5827644,0.50073665,0.4947594,0.5138197,0.59229803,0.58820856,0.61675614,0.53135616,0.54736125,0.5680593,0.56656986,0.57346034,0.5739963,0.60649943,0.6018478,0.53032464,0.5744661,0.56953526,0.62102133,0.60798866,0.552745,0.55769336,0.58717644,0.532857,0.5412162,0.541,0.59610426,0.5812473,0.57168156,0.53471684,0.53069156,0.5330236,0.5408399,0.6486242,0.65639055,0.58402115,0.58666456,0.5144459,0.62530714,0.58526826,0.6024824,0.5219418,0.54105407,0.55542094,0.576611,0.499479,0.5292891,0.4713968,0.48607966,0.5479488,0.5532485,0.52577287,0.5576541,0.5163134,0.5563529,0.5057701,0.54090416,0.621291,0.5650067,0.5961032,0.6985431,0.5572306,0.5837475,0.5964675,0.6130946,0.5327602,0.5766454,0.53429925,0.5523514,0.5027238,0.514446,0.49213335,0.54898536,0.5216169,0.49355054,0.49658996,0.51492476,0.5918975,0.5992926,0.48747012,0.5263759,0.5558473,0.495645,0.503696,0.5390736,0.51029325,0.5256114,0.52879673,0.48394525,0.46614596,0.47188675,0.47294182,0.50053424,0.5584973,0.4780688,0.5976665,0.51005566,0.50088155,0.6351867,0.5720667,0.55736554,0.5286462,0.47517174,0.5461219,0.5038312,0.59155774,0.5119222,0.50598335,0.56442016,0.5714884,0.55337024,0.5489082,0.53612936,0.50798476,0.5165821,0.5773088,0.57747287,0.5051422,0.51027894,0.58984,0.6067973,0.58022785,0.60978246,0.5919097,0.56488085,0.59163076,0.5348332,0.58166146,0.49025935,0.49457934,0.43859112,0.5668839,0.63417095,0.47912562,0.49634948,0.53866035,0.5793081,0.5551119,0.52549136,0.59152424,0.5375402,0.5709603,0.56572527,0.63940954,0.5500232,0.61678815,0.63566846,0.59506464,0.5758306,0.5576773,0.5833085,0.558488,0.6399273,0.48393017,0.6225636,0.45943558,0.5625187,0.540765,0.49236432,0.5680783,0.54137695,0.56917065,0.55567104,0.5550782,0.6022163,0.5599796,0.6439509,0.621347,0.55027574,0.6109017,0.6064152,0.61266714,0.5489055,0.59318763,0.5776483,0.5691205,0.57582366,0.50893086,0.54104066,0.5341456,0.5720385,0.49506938,0.4874981,0.51416755,0.5795858,0.6052711,0.6189884,0.5575673,0.5746079,0.5687533,0.58025885,0.55404955,0.5308353,0.6027584,0.5933812,0.52735317,0.5579288,0.53118855,0.57991666,0.5594505,0.5200108,0.51307833,0.5903399,0.5439026,0.5387867,0.5286394,0.56295496,0.53028786,0.53983915,0.5126419,0.5055941,0.5430729,0.5416264,0.6564916,0.6526774,0.55766284,0.589754,0.5203812,0.5975866,0.5571391,0.6079972,0.50662285,0.52552813,0.50942713,0.56853694,0.46931225,0.49972966,0.47208112,0.48145616,0.5252596,0.5345451,0.5528937,0.5366449,0.509222,0.5359293,0.500986,0.5144727,0.62985295,0.5784185,0.57334375,0.6608433,0.53114015,0.5826246,0.5682378,0.6035553,0.51324445,0.57958895,0.5257128,0.53903556,0.46545482,0.5028639,0.5177875,0.5306482,0.53389436,0.55307305,0.55047697,0.5202923,0.5256903,0.525435,0.53282285,0.56305814,0.5656864,0.52599216,0.5357598,0.54359925,0.53822494,0.54712695,0.53687674,0.52912086
157,0.51204807,0.50969726,0.53744584,0.5212126,0.52223575,0.524004,0.5336527,0.56567067,0.5783912,0.54828286,0.52862513,0.6298266,0.5072349,0.50171953,0.5159122,0.5036325,0.53947216,0.55732095,0.50883096,0.4748007,0.4862792,0.52720875,0.5033111,0.5598827,0.6002595,0.64998007,0.5079027,0.57290983,0.56450367,0.5491119,0.5529359,0.49400708,0.47792694,0.5394848,0.50863194,0.5368501,0.47724718,0.49661928,0.5108849,0.53644574,0.52368325,0.49565113,0.53605044,0.53831357,0.47844517,0.5873643,0.5541716,0.4867998,0.50753105,0.5811523,0.58948493,0.5644943,0.5801287,0.5659734,0.5314039,0.59345555,0.572906,0.6282351,0.49151236,0.49784118,0.53627795,0.5686822,0.6621518,0.5003856,0.49286225,0.5343574,0.5993311,0.5683434,0.55228806,0.6388824,0.5810427,0.56238306,0.5850571,0.6985491,0.64466983,0.6419313,0.64089566,0.61388904,0.6454512,0.6419162,0.6351979,0.64399284,0.63773334,0.49042875,0.6158865,0.50342375,0.5950924,0.5540717,0.5898769,0.5692638,0.52587545,0.57074016,0.54800516,0.5861177,0.6206968,0.5589416,0.63767713,0.5915361,0.52085435,0.58152324,0.57071644,0.5795177,0.5447889,0.579552,0.5308131,0.56627667,0.5808076,0.51104593,0.5317118,0.5393456,0.5900029,0.5110911,0.47482097,0.49133185,0.58563095,0.5822431,0.61540484,0.5322127,0.55009896,0.56563705,0.56236905,0.5726096,0.57237875,0.5896983,0.5960575,0.5435228,0.58018434,0.57029897,0.61735433,0.59882945,0.546307,0.5512604,0.5826242,0.52807283,0.543621,0.54842395,0.59586656,0.5855392,0.5680319,0.5276432,0.5293642,0.53264016,0.5419345,0.6441084,0.6506276,0.58346134,0.56527597,0.50853366,0.615691,0.58095425,0.6059878,0.509151,0.5375616,0.5563015,0.58835787,0.49918577,0.5301547,0.4712323,0.48247215,0.55030435,0.5459224,0.52610296,0.5600436,0.52245265,0.560479,0.5068095,0.5304436,0.60378915,0.5729726,0.5966678,0.688135,0.5492161,0.56860846,0.5798728,0.6051333,0.54456645,0.565619,0.52667606,0.56146926,0.5079973,0.5069861,0.48740876,0.54128754,0.5159531,0.4871164,0.49229556,0.51522166,0.57622504,0.5787268,0.48107088,0.5275061,0.5623517,0.48653615,0.49697965,0.52814275,0.50248355,0.5261007,0.5307808,0.4754624,0.46815342,0.4709571,0.469458,0.4942736,0.546722,0.4710719,0.5954332,0.5063752,0.5011213,0.62006706,0.5605614,0.5663431,0.5108808,0.48544925,0.53609884,0.4986157,0.55890256,0.48186398,0.4893717,0.5188508,0.5489621,0.52415305,0.5082595,0.52318025,0.49620575,0.49704096,0.56648594,0.5532761,0.5014129,0.49975228,0.5835745,0.5889708,0.5598378,0.58957493,0.576996,0.5346869,0.5829902,0.5202832,0.57858557,0.48065838,0.480887,0.45487103,0.56094193,0.6203644,0.49240628,0.5088253,0.5455995,0.5633558,0.54860514,0.5255359,0.5749207,0.53128,0.55738586,0.55721223,0.626836,0.5551509,0.60273397,0.6109553,0.58869314,0.5809236,0.55948895,0.58389044,0.5578747,0.6229842,0.47893298,0.59865683,0.45969102,0.55203813,0.5419585,0.48843902,0.551063,0.52731955,0.5652756,0.5495125,0.55216634,0.59139425,0.5463394,0.6265477,0.60183305,0.52917117,0.5947069,0.5806109,0.5840626,0.52769583,0.5716818,0.54560304,0.5541069,0.5668817,0.509548,0.5361043,0.5325284,0.5711276,0.49842712,0.4700805,0.49218026,0.5637289,0.59500855,0.60968745,0.55532306,0.56844574,0.5649884,0.57424587,0.5548703,0.5348587,0.5874261,0.59285045,0.53069437,0.5559475,0.5354759,0.58139354,0.5482949,0.52085257,0.51061016,0.57736975,0.5368334,0.5395888,0.5311091,0.55636525,0.5316087,0.5446642,0.50720644,0.50292635,0.5378074,0.53584063,0.6401132,0.6349682,0.5539207,0.5683115,0.50494504,0.57824695,0.54637593,0.58967394,0.49654016,0.5246228,0.5107214,0.5733004,0.4647877,0.4937286,0.47157124,0.4750061,0.5253208,0.52477807,0.54931545,0.53666353,0.51727,0.54007435,0.50724155,0.5028823,0.6078641,0.5783371,0.5629188,0.6367243,0.5320852,0.5672069,0.5537541,0.5926934,0.51518387,0.5658742,0.5237825,0.5427848,0.47758573,0.51184523,0.51929563,0.5275765,0.53524864,0.5579755,0.55224776,0.5155047,0.5233253,0.52510643,0.53086334,0.56027263,0.5608499,0.5234349,0.5358805,0.54249704,0.5363398,0.54519886,0.5321735,0.5225592
158,0.5061398,0.51275384,0.52799296,0.5149837,0.5177905,0.5246941,0.5409061,0.55137295,0.556157,0.54709023,0.53574705,0.6249807,0.500961,0.5024881,0.51499635,0.50424,0.5575199,0.56490546,0.5146863,0.4901238,0.50043064,0.5299053,0.51013136,0.5452602,0.5932314,0.64087296,0.5083547,0.56832886,0.5701596,0.5507897,0.5649301,0.49274158,0.49927965,0.53562057,0.51246697,0.51128453,0.45223722,0.49411824,0.4741803,0.51151866,0.48692095,0.46244705,0.5207955,0.5355496,0.47231802,0.592199,0.5485746,0.503461,0.5293414,0.5917025,0.57391286,0.5514316,0.5584574,0.5573917,0.5064984,0.5903679,0.5631992,0.6302267,0.48816723,0.4868859,0.55359125,0.58721226,0.6535093,0.5303057,0.5198782,0.5500696,0.596807,0.58181566,0.56298697,0.62888247,0.58521307,0.57752436,0.5865177,0.6883932,0.6340769,0.63535815,0.62790096,0.61551946,0.6383034,0.6460037,0.63028926,0.644139,0.6358689,0.49606103,0.6148648,0.51414394,0.5904541,0.5548889,0.58870804,0.5545491,0.5301086,0.5715699,0.5432908,0.58493483,0.61669207,0.55897564,0.63241166,0.60687244,0.49166825,0.5639574,0.54373705,0.5557762,0.52519697,0.5593209,0.49845514,0.55339265,0.57022727,0.50917286,0.5260067,0.535625,0.5931483,0.52265334,0.4541018,0.4708212,0.5837304,0.5854059,0.6236373,0.53440607,0.5500224,0.56273574,0.55562186,0.57145315,0.5673095,0.5725279,0.58832407,0.5551501,0.58755696,0.5699788,0.60865414,0.5908847,0.53991574,0.5503762,0.58059895,0.5259549,0.5451099,0.5572998,0.60061663,0.5998177,0.5666954,0.52884495,0.5344865,0.5337657,0.55138963,0.63636816,0.63966423,0.5899982,0.542711,0.50977015,0.60884255,0.57950217,0.6092221,0.5002872,0.53666794,0.5599067,0.5994614,0.5121824,0.5496973,0.48935845,0.48925433,0.556875,0.5406733,0.5311033,0.56540024,0.53058517,0.5705247,0.5081472,0.5204808,0.5825477,0.57432336,0.594708,0.67672145,0.53965974,0.55198485,0.5616542,0.59576017,0.55616987,0.5596175,0.5217746,0.5696295,0.5150339,0.5014267,0.49723163,0.53221655,0.51304865,0.48695442,0.49840817,0.52270234,0.5601958,0.5554385,0.48060045,0.53724766,0.5658916,0.4838548,0.49271646,0.51633996,0.503036,0.54646635,0.53886986,0.48291677,0.48846745,0.48705223,0.48234525,0.4997798,0.5338432,0.4722189,0.58975714,0.5082389,0.5083725,0.6076696,0.5523463,0.57017016,0.4998194,0.49340388,0.527269,0.49526265,0.52578986,0.4569038,0.47981733,0.4753233,0.52420145,0.4959289,0.47438475,0.50665516,0.48949963,0.48849466,0.5684287,0.5376877,0.51259834,0.5066391,0.5897846,0.57128537,0.5423198,0.56706274,0.5635985,0.5053231,0.5745346,0.51129717,0.5766413,0.47061554,0.46841404,0.47763816,0.55941,0.6057659,0.51285523,0.5221206,0.5521493,0.5551928,0.54868054,0.5327195,0.5654277,0.53419936,0.54997474,0.55345595,0.6130733,0.55579185,0.5898976,0.58989686,0.58396244,0.5803657,0.5667577,0.5839108,0.56290466,0.60587066,0.4844463,0.5775278,0.46867627,0.54925287,0.5452044,0.49538326,0.5392441,0.52110285,0.56333506,0.5441357,0.5521413,0.5839651,0.54191464,0.60856366,0.5877297,0.5043858,0.5732203,0.54885024,0.550646,0.506822,0.54818916,0.51148254,0.54037166,0.5593752,0.5099863,0.5308106,0.53208363,0.5696718,0.5049428,0.45073587,0.47013825,0.54863995,0.59021354,0.60932404,0.5527974,0.5622059,0.5599883,0.56610805,0.5556726,0.5381685,0.5723843,0.5913573,0.536672,0.5604686,0.53691965,0.57921255,0.54140997,0.52258295,0.5122224,0.5689955,0.5321963,0.54173756,0.54293317,0.5577413,0.55040556,0.54866886,0.5110656,0.5126817,0.5352468,0.5444775,0.6208101,0.61345255,0.56352615,0.5472092,0.49846467,0.5641035,0.54248446,0.57478875,0.49159572,0.52507174,0.519737,0.57940876,0.47541112,0.50477296,0.49075514,0.48111203,0.53162634,0.51678663,0.5473251,0.5451334,0.5247282,0.5480331,0.5121742,0.4938308,0.5829922,0.5757163,0.5593332,0.61470556,0.5329169,0.5522358,0.53763115,0.5832907,0.5171118,0.55530214,0.52385354,0.5482628,0.49380156,0.5209521,0.52157414,0.5254876,0.5360625,0.56367064,0.55508125,0.5161616,0.52546746,0.5258616,0.529543,0.5572328,0.55563986,0.52180994,0.5359441,0.5416447,0.5350588,0.54508734,0.5293775,0.51799405
159,0.5039286,0.5261656,0.5198696,0.5136244,0.5179089,0.53113437,0.5526758,0.53999925,0.53865176,0.54792744,0.5472546,0.61655164,0.5036941,0.5031706,0.5139443,0.5154969,0.58703226,0.5728256,0.5316623,0.5203513,0.52538663,0.53892833,0.52495766,0.53427994,0.5846365,0.62872154,0.516312,0.56609863,0.580363,0.5530743,0.5667468,0.50290596,0.5119258,0.5324603,0.51932645,0.497758,0.44049385,0.5011895,0.45212266,0.4934061,0.4591769,0.4463774,0.50652987,0.53891736,0.4799402,0.60634845,0.55181557,0.5316884,0.56170094,0.61082155,0.5613223,0.54303354,0.5408091,0.5521939,0.48902273,0.5867587,0.55764353,0.62981135,0.48953563,0.48084962,0.56728035,0.6045448,0.6448085,0.5558029,0.5406572,0.56013644,0.601153,0.5958304,0.57828814,0.62448895,0.5950948,0.58930904,0.5884653,0.67443836,0.6204646,0.63061875,0.6179411,0.61669016,0.6303177,0.6439277,0.6225018,0.64040726,0.63532174,0.51007193,0.61467105,0.52898645,0.5896485,0.55463785,0.59301394,0.5477337,0.53882676,0.5716935,0.5393353,0.5842285,0.6148842,0.5657039,0.6271225,0.6224794,0.46687987,0.5460239,0.5188997,0.5345806,0.51031053,0.54306144,0.47398365,0.54423755,0.5603187,0.50846547,0.52014685,0.5335275,0.5914906,0.53170395,0.43757626,0.45855233,0.58424747,0.5940568,0.6364741,0.5369282,0.54684263,0.5589321,0.5481547,0.5694084,0.56079084,0.5601446,0.5806703,0.5620177,0.5939278,0.5688319,0.59826237,0.58732843,0.5357661,0.55582124,0.5812317,0.5273957,0.5448748,0.56400293,0.6088915,0.6192973,0.56833357,0.53816646,0.54579914,0.5370874,0.5683504,0.6268051,0.62542754,0.60211396,0.5225158,0.5186161,0.60725224,0.58286464,0.61126345,0.4990169,0.5390331,0.5648964,0.60654646,0.53532064,0.58213425,0.5225758,0.5064242,0.56605303,0.54045135,0.54088414,0.5713389,0.5381781,0.5829958,0.50905466,0.514536,0.5628535,0.5691609,0.5916596,0.66637135,0.53261787,0.5396887,0.5485028,0.5870533,0.56448865,0.56032914,0.5214613,0.57561934,0.5227059,0.50121504,0.51969326,0.52454376,0.51464146,0.49446473,0.5146219,0.5366664,0.5478264,0.5362824,0.4876636,0.55379,0.56767905,0.489882,0.49273822,0.5071016,0.513101,0.58109576,0.55079126,0.50675726,0.5232818,0.5167371,0.5102475,0.516239,0.52556807,0.48324376,0.58453995,0.51784754,0.52311295,0.6015429,0.54995775,0.567491,0.49875227,0.4964985,0.52101445,0.49467665,0.5020683,0.44628674,0.4816222,0.44774914,0.5036155,0.4770435,0.45769957,0.49067843,0.490801,0.49577382,0.5841714,0.5335041,0.5373108,0.5301608,0.60637975,0.5575507,0.5308644,0.54839045,0.55266756,0.48523304,0.5658223,0.51168567,0.57581234,0.4646057,0.4617388,0.5008073,0.562533,0.59425753,0.5351796,0.5312582,0.55466276,0.5576764,0.55529636,0.5458263,0.5657554,0.54695797,0.54989386,0.5573483,0.60224646,0.55417484,0.581681,0.577971,0.5805694,0.5756236,0.57817227,0.58379513,0.5716786,0.5928995,0.5006638,0.5644156,0.48687878,0.555669,0.5487277,0.5121752,0.5363195,0.5251902,0.5622122,0.54062796,0.5546935,0.5828218,0.5478094,0.5941359,0.58324975,0.48210323,0.55079204,0.5186426,0.5221813,0.49411976,0.53002363,0.48385742,0.530954,0.5554104,0.51106143,0.52626354,0.5324702,0.5677142,0.51276976,0.43463308,0.45394787,0.5360449,0.5885093,0.61522424,0.55009747,0.5571172,0.55393475,0.5575861,0.5554536,0.5409384,0.5630088,0.5886833,0.54390705,0.570868,0.53627664,0.57539654,0.54210746,0.52493197,0.5173846,0.5670901,0.53130347,0.5443679,0.5612514,0.5668748,0.5813518,0.55223364,0.524387,0.5345399,0.5372351,0.56707644,0.6015479,0.5926091,0.58474433,0.5293678,0.50330323,0.55957484,0.5473132,0.56708914,0.494839,0.5269913,0.5349116,0.58508235,0.49962673,0.5299619,0.52665436,0.50017357,0.54327404,0.51385516,0.5486404,0.56005484,0.52867126,0.55671334,0.51415306,0.49055883,0.561489,0.5713551,0.5640015,0.5999731,0.5333719,0.54376775,0.5262976,0.5779141,0.51873755,0.5507416,0.5260856,0.5549968,0.51007086,0.52770734,0.5233741,0.5247779,0.5357579,0.5689878,0.55853516,0.523207,0.5327342,0.5279747,0.52955884,0.55376786,0.5504286,0.5219392,0.53599787,0.5416333,0.5350869,0.5474928,0.52986306,0.51733273
160,0.50764364,0.5467711,0.51639795,0.5186803,0.523345,0.5418076,0.5656845,0.5340275,0.53073925,0.55184364,0.5610232,0.60855806,0.51650715,0.50433415,0.51397896,0.536074,0.6200035,0.5780903,0.55607426,0.5588216,0.55492955,0.5517693,0.544603,0.5320475,0.5788993,0.61794686,0.5320935,0.568543,0.59337544,0.556162,0.55822164,0.5231263,0.51304656,0.5308596,0.5284671,0.49979475,0.4471161,0.51783514,0.45087588,0.48682392,0.4487724,0.45260862,0.49716222,0.5486892,0.50124,0.6255081,0.5619092,0.5655688,0.59595996,0.6319929,0.55420154,0.5403978,0.5318937,0.5502966,0.48349047,0.580942,0.55887806,0.6263625,0.49741197,0.4833441,0.57338095,0.6164932,0.6386029,0.57081336,0.54950863,0.5619311,0.6122042,0.60722184,0.5947935,0.6273491,0.6086838,0.5942984,0.59166396,0.6603323,0.6084966,0.6299505,0.6136509,0.6159178,0.6245915,0.6351045,0.61537814,0.63337266,0.6360268,0.5305833,0.6155955,0.5462288,0.59411794,0.55347306,0.60205716,0.55155736,0.55049086,0.5703254,0.53717715,0.5845221,0.6157795,0.5773313,0.62309283,0.63488716,0.4534041,0.5316192,0.50226796,0.52234304,0.50538,0.5363151,0.46423095,0.5414077,0.5542891,0.51097095,0.5169662,0.5336477,0.5860566,0.53646773,0.42957023,0.45920983,0.5847461,0.60362875,0.64808154,0.53911555,0.5414695,0.5545736,0.542775,0.56649613,0.5556482,0.5567499,0.5757392,0.5626839,0.59705406,0.5674101,0.5900672,0.5900296,0.5354738,0.56709206,0.5839318,0.5323851,0.5426871,0.5658802,0.6182619,0.637577,0.57303864,0.55355823,0.56127024,0.5429295,0.58917314,0.61745965,0.6106872,0.61609006,0.50848335,0.5338916,0.6120894,0.5916054,0.6117553,0.5075956,0.5451963,0.56995547,0.6073034,0.56280696,0.61779517,0.5631923,0.5316835,0.5758861,0.5474079,0.55450696,0.5755532,0.54340595,0.59439564,0.5090912,0.5156131,0.54963785,0.5600772,0.58910465,0.65876263,0.53145945,0.53665954,0.54605776,0.581532,0.56758654,0.5679341,0.52692086,0.5792278,0.530433,0.5081534,0.5494714,0.5212936,0.5213536,0.50881016,0.5375287,0.5544655,0.5415835,0.52630466,0.502156,0.57298,0.56918806,0.50540507,0.49803603,0.50316185,0.53150505,0.62007934,0.5633592,0.5428547,0.5641569,0.55269396,0.54719996,0.5401197,0.5261465,0.50357735,0.58338475,0.5351368,0.54368496,0.6029552,0.55442756,0.5589177,0.50877523,0.49399588,0.5189454,0.49757883,0.49367055,0.4550913,0.4961629,0.4438952,0.49225846,0.47271162,0.4633485,0.47957242,0.50132114,0.51908815,0.6098993,0.54037267,0.5706369,0.5649371,0.6281241,0.55046856,0.5273447,0.5379751,0.5447884,0.47951168,0.55659056,0.5227445,0.57611346,0.46663165,0.4644942,0.5189546,0.5697942,0.589074,0.554211,0.53348106,0.55171585,0.57066613,0.56677014,0.5619008,0.5758659,0.5674161,0.5569164,0.5691841,0.5978629,0.5532317,0.5806131,0.5782354,0.57838506,0.569411,0.59053564,0.58394986,0.58177274,0.58741516,0.5251627,0.5625016,0.5123595,0.56982243,0.55129325,0.53469396,0.5431247,0.53976023,0.5613406,0.5396951,0.55909705,0.5889063,0.5621217,0.58641213,0.5899369,0.46815106,0.5324092,0.49783763,0.5073025,0.49521866,0.522892,0.46926725,0.5280106,0.55669427,0.5142358,0.52434206,0.5336591,0.5661464,0.52045476,0.42664313,0.44899318,0.5275986,0.5870683,0.6229705,0.54744965,0.5543702,0.54773545,0.55142057,0.55376613,0.54394865,0.5633774,0.5854767,0.55094516,0.585035,0.5346808,0.5723956,0.55143327,0.52756673,0.52523005,0.57182217,0.5345685,0.5466507,0.5813198,0.5811971,0.61537737,0.5560289,0.54481286,0.56430936,0.5445898,0.5981529,0.58587605,0.57708585,0.6117917,0.5173391,0.51904076,0.56672215,0.5603831,0.56847596,0.5075907,0.53103703,0.553427,0.58853334,0.5325573,0.5624458,0.57105935,0.52928483,0.55834186,0.51805335,0.5540324,0.57766765,0.5276109,0.5634552,0.51221126,0.49508598,0.5485133,0.56705415,0.5758483,0.595953,0.5335593,0.54593784,0.525187,0.5783472,0.51980186,0.5536178,0.53046167,0.562498,0.5229794,0.53032875,0.5236139,0.5253639,0.53409964,0.5727877,0.5618759,0.5355482,0.54403156,0.5311624,0.53106624,0.55019575,0.54593253,0.5239632,0.5359457,0.54261535,0.5366443,0.552137,0.533773,0.52123696
161,0.5183074,0.56948835,0.5201844,0.53035384,0.53377694,0.5541961,0.5762405,0.5343778,0.5344035,0.55889505,0.57407457,0.60341895,0.538252,0.5069286,0.5162057,0.5618093,0.6472089,0.57844377,0.58227783,0.5961722,0.58118975,0.56500417,0.56425303,0.5413848,0.57891893,0.611475,0.55357283,0.57595223,0.6062029,0.55993915,0.54167414,0.5495982,0.5032216,0.53198874,0.5388824,0.5172696,0.47385293,0.5419675,0.47227314,0.4941569,0.46058798,0.4817529,0.4958307,0.563593,0.5330441,0.64372873,0.57528013,0.59699774,0.62286395,0.6482274,0.55356455,0.54354876,0.53381085,0.5511326,0.49191812,0.57180625,0.5678684,0.6197283,0.512577,0.49619633,0.5702491,0.62007236,0.6362571,0.5720402,0.54434264,0.55589974,0.627203,0.61304355,0.6084262,0.6363987,0.622452,0.5910521,0.59529454,0.64914757,0.6014247,0.6337143,0.61616534,0.61231214,0.622261,0.61974937,0.61110634,0.62433577,0.63695794,0.55423695,0.61699307,0.5630205,0.60303605,0.55186933,0.6133689,0.56572086,0.56304723,0.56787616,0.53750896,0.5859684,0.6185489,0.59072757,0.6205716,0.64075196,0.45635995,0.5238459,0.49855733,0.5232239,0.5135805,0.5417969,0.4731372,0.5462693,0.55452263,0.5179181,0.51910704,0.5364256,0.5781343,0.5367697,0.4337748,0.4753401,0.58312184,0.60972565,0.652767,0.5406376,0.5356856,0.5504935,0.5422344,0.56321865,0.55380243,0.5641459,0.5749221,0.5571055,0.5956097,0.56579506,0.58622205,0.59861785,0.53947127,0.58181584,0.5879016,0.54014385,0.539084,0.5622082,0.6260226,0.64851063,0.5795241,0.57181007,0.57763153,0.5509371,0.608771,0.6101621,0.59843564,0.62739563,0.5037972,0.55337065,0.62251884,0.6040708,0.61033773,0.52592766,0.5549349,0.5738403,0.6006554,0.5870336,0.64598894,0.6011798,0.5603583,0.58422744,0.561428,0.57001615,0.5761649,0.5452057,0.6018465,0.50841504,0.5256298,0.54558104,0.5503375,0.58766884,0.6545314,0.5374668,0.54546624,0.55693954,0.58058673,0.5644392,0.5805239,0.5380891,0.5802746,0.5377591,0.52251107,0.57893854,0.52461743,0.53280085,0.52768487,0.5619763,0.57211715,0.54219514,0.52805763,0.52222633,0.58895826,0.57058746,0.5289779,0.50855255,0.5060967,0.55434096,0.65179455,0.5727575,0.58295053,0.60055536,0.58555627,0.5841597,0.5656653,0.53747296,0.5303212,0.58746916,0.5571642,0.5659651,0.610023,0.56466997,0.5463886,0.5286293,0.48705462,0.5223556,0.50434226,0.5028587,0.4841276,0.52187604,0.4663508,0.49332517,0.48528233,0.49164447,0.47698787,0.5200413,0.55409086,0.63783807,0.55521667,0.6042523,0.6019159,0.6475743,0.55098087,0.53212535,0.53775483,0.54040104,0.49011177,0.5467049,0.54299617,0.5770856,0.4790501,0.47861245,0.5285332,0.5794127,0.59097505,0.56581914,0.52832645,0.5442011,0.59100735,0.57968396,0.5766953,0.59294987,0.5906855,0.56935966,0.5859483,0.60060257,0.5547738,0.5869683,0.59019905,0.5767165,0.5635551,0.5991573,0.5837144,0.59065354,0.58998984,0.55320567,0.5715508,0.5407908,0.5881247,0.55204767,0.557891,0.55770206,0.5620662,0.56079197,0.54139954,0.5640883,0.60012233,0.58049613,0.58622164,0.6055777,0.4671845,0.5218485,0.4927711,0.51150715,0.5125353,0.5296649,0.47180122,0.532193,0.5635485,0.5202276,0.52650374,0.5357195,0.56555873,0.52710646,0.43081015,0.45900628,0.5241492,0.5830799,0.6271196,0.54510033,0.5546944,0.54273224,0.5500543,0.55064774,0.5475365,0.57456243,0.5820512,0.55622816,0.59937793,0.53263676,0.5712761,0.56758964,0.5300431,0.5345609,0.58162135,0.5414427,0.54783267,0.59751064,0.596314,0.64222765,0.5596564,0.5676057,0.594426,0.55659974,0.6289483,0.5763843,0.5699986,0.6363611,0.51240647,0.54272497,0.5842161,0.5786481,0.5782562,0.5286433,0.537708,0.5713398,0.5880083,0.56675863,0.5930916,0.6124252,0.5626131,0.5738389,0.5294192,0.562794,0.59306973,0.52170694,0.5664413,0.50658715,0.50783426,0.54673177,0.5641686,0.59152585,0.60307634,0.5336302,0.5598291,0.53730434,0.5845142,0.52012616,0.5630735,0.5366766,0.5695136,0.5305359,0.52806145,0.5220122,0.52698135,0.5312644,0.57391083,0.5640145,0.55039334,0.55698305,0.5347596,0.5337602,0.54712766,0.543058,0.5274797,0.5355968,0.54420036,0.5393122,0.55782425,0.5400313,0.5291988
162,0.535818,0.58875763,0.5315877,0.5473093,0.5478418,0.56580025,0.5815239,0.5404902,0.5484176,0.5677922,0.5832526,0.6012501,0.56512535,0.5117506,0.5213428,0.5867624,0.6608661,0.57260764,0.60457426,0.62403786,0.5975448,0.57527584,0.5787366,0.56166273,0.584632,0.60977006,0.57654643,0.58560836,0.6151856,0.56346273,0.52047896,0.5770355,0.48536956,0.5361177,0.5488086,0.5473269,0.5187776,0.5697578,0.5145724,0.51513416,0.49567112,0.5298812,0.50419897,0.5810977,0.56993616,0.65537345,0.5873702,0.6183267,0.6353538,0.6538708,0.55804425,0.55068004,0.5457039,0.553285,0.51405907,0.5588233,0.5830833,0.60940844,0.53394973,0.51904154,0.55813384,0.61295956,0.63669807,0.55846655,0.5261424,0.5441232,0.6415806,0.6103356,0.6153219,0.6478287,0.6320447,0.5790962,0.5973451,0.6415363,0.6000743,0.639714,0.62371325,0.6049559,0.62232137,0.5984811,0.60929596,0.6142205,0.6358747,0.5768313,0.6168003,0.5760016,0.61392903,0.550325,0.6231489,0.58704275,0.5739505,0.5649788,0.540337,0.58770025,0.6208297,0.6021942,0.6182672,0.6369329,0.47802532,0.5236285,0.509339,0.53751564,0.5345826,0.5580481,0.500935,0.5575719,0.5604926,0.52914786,0.52761406,0.5411713,0.5681592,0.532751,0.4528984,0.5064473,0.57735884,0.60838217,0.64556134,0.54116786,0.53122765,0.5471817,0.5477115,0.55988157,0.55532205,0.58019567,0.57676435,0.5460155,0.5889647,0.5633195,0.5862404,0.61052096,0.5469847,0.5959735,0.59199333,0.5492685,0.535052,0.553839,0.62941813,0.64751375,0.58506244,0.5890914,0.5912343,0.55975884,0.6223468,0.6053247,0.5904433,0.6321631,0.5094632,0.5739084,0.635312,0.6167378,0.6059265,0.551203,0.5666937,0.57533383,0.586465,0.6009361,0.6583917,0.6280344,0.5864793,0.5889159,0.57956505,0.5843687,0.57191896,0.5428628,0.6027021,0.5076761,0.54416215,0.54994434,0.5422742,0.5867659,0.6524082,0.54952836,0.5649064,0.578984,0.5828269,0.55496377,0.5940766,0.5529792,0.5778952,0.5437407,0.54336977,0.6006834,0.53455055,0.54768884,0.54832697,0.58313125,0.58579576,0.5487498,0.54124194,0.54496413,0.5964701,0.57107455,0.55686307,0.5230442,0.5160802,0.57616764,0.6668584,0.5756246,0.61772144,0.6241888,0.60732305,0.6126398,0.5864492,0.55840236,0.55918,0.5956049,0.5790857,0.584679,0.61847574,0.5777158,0.5322151,0.5546661,0.47832254,0.5310391,0.51459074,0.5286283,0.5298099,0.5545659,0.51318616,0.50753623,0.5143885,0.538256,0.4853029,0.544065,0.59332776,0.65933156,0.5729582,0.6290421,0.6314276,0.65724915,0.5576162,0.5434628,0.5470948,0.5392788,0.5163181,0.536224,0.56857294,0.57731813,0.5017097,0.5038189,0.5279623,0.58826315,0.59788334,0.56732893,0.51667625,0.5341281,0.6135048,0.58980334,0.58620477,0.61234987,0.610991,0.5839807,0.6028901,0.6080709,0.55947447,0.59839606,0.6098091,0.57414,0.55834806,0.59991455,0.58170336,0.59580374,0.597999,0.57906556,0.5877917,0.5670487,0.60652226,0.5502401,0.5774747,0.57625073,0.58685416,0.5605238,0.5449716,0.5681097,0.6121558,0.5976706,0.59169006,0.624782,0.48164618,0.5202101,0.50594735,0.5355051,0.54424393,0.54934114,0.49248776,0.54214,0.5737161,0.5284848,0.53281057,0.5382051,0.5653881,0.5319975,0.44980058,0.48478472,0.52508324,0.57387304,0.6223777,0.54309386,0.5577035,0.53975916,0.55406225,0.54631513,0.55127996,0.59325117,0.5773115,0.5581401,0.60949,0.53027016,0.5714831,0.5869323,0.53200823,0.543718,0.5935157,0.5505151,0.5472127,0.60502636,0.6076051,0.6538117,0.5617329,0.587137,0.6169285,0.5709265,0.65102303,0.5733714,0.57164365,0.6507928,0.5138486,0.56958824,0.6074534,0.5974574,0.59311557,0.5543152,0.5464576,0.58457136,0.5819322,0.5945526,0.6136225,0.640668,0.59320694,0.5862918,0.545985,0.5729035,0.601558,0.51222926,0.56423247,0.49886414,0.52726614,0.55555725,0.5629713,0.6063951,0.6184072,0.5334342,0.5826733,0.56142163,0.5935477,0.5199176,0.57596564,0.54361284,0.5739463,0.5320129,0.52124184,0.5191557,0.52935845,0.52765775,0.57138187,0.56379414,0.5645176,0.5689177,0.53810084,0.5371414,0.54480195,0.5421743,0.5319288,0.534808,0.5458465,0.5424157,0.56287634,0.5469413,0.5399429
163,0.5584783,0.6006472,0.54768723,0.56658536,0.5632609,0.5749548,0.58064985,0.5506943,0.5686964,0.576228,0.5864733,0.600939,0.5913406,0.51848376,0.52877283,0.60553366,0.6568703,0.5609136,0.6189436,0.63824946,0.6013162,0.5804614,0.5845621,0.58809465,0.5934489,0.6114094,0.59580004,0.59289575,0.61690223,0.5649125,0.49795973,0.6001991,0.46357313,0.54174685,0.5557652,0.5848976,0.57464117,0.596115,0.5714745,0.5461993,0.54924804,0.58784616,0.5218694,0.5980646,0.6052179,0.65643895,0.59412134,0.6251158,0.6302984,0.6458046,0.5641263,0.55832374,0.5640129,0.5547606,0.5470256,0.54286927,0.60070693,0.59482676,0.55816305,0.548987,0.5390753,0.59425145,0.6367521,0.5318089,0.4987614,0.52899975,0.6506821,0.5972979,0.61338985,0.65673953,0.6339344,0.5589961,0.5958345,0.6354986,0.6031046,0.64414227,0.6316799,0.59305924,0.6231145,0.5726906,0.6076132,0.6029863,0.6301097,0.59435236,0.61248034,0.5827242,0.6239298,0.5491443,0.6275358,0.6103545,0.5805513,0.5615638,0.54475397,0.58801824,0.61941814,0.6084879,0.61393726,0.6216109,0.515998,0.5293589,0.5316932,0.56094813,0.5635209,0.57952243,0.5427951,0.5710864,0.56841826,0.54316556,0.5412915,0.54574263,0.5561868,0.52451473,0.48707974,0.5476457,0.56613624,0.5969505,0.6235692,0.540309,0.5288192,0.5444495,0.55774766,0.5562096,0.55888045,0.5987935,0.5776714,0.5308295,0.57691306,0.5591961,0.58801115,0.6219331,0.55643046,0.60545135,0.59443843,0.5578863,0.53142154,0.5424482,0.6261648,0.6326196,0.5867711,0.60183185,0.599099,0.5669952,0.6266208,0.6013267,0.5859306,0.62805176,0.52339816,0.59159994,0.6455776,0.62554675,0.5967892,0.5783562,0.5775697,0.5734079,0.5655454,0.60100776,0.6514797,0.6397025,0.60479254,0.5880342,0.5967589,0.59392494,0.56266433,0.53607684,0.59480804,0.5075831,0.56747335,0.5589117,0.53675324,0.5849627,0.64946026,0.56466275,0.58955175,0.60508865,0.58443123,0.5404732,0.6038808,0.56788075,0.57116455,0.5472086,0.56839347,0.6104177,0.54831517,0.56375885,0.5681678,0.5981197,0.5932434,0.55923307,0.5625173,0.5670345,0.593329,0.57030725,0.5837492,0.5387808,0.53112036,0.5922553,0.66088593,0.57066375,0.6405715,0.63197875,0.6144797,0.6280477,0.5977568,0.58416146,0.5857293,0.60572433,0.5959297,0.59565645,0.62342477,0.58965325,0.5182502,0.58149385,0.47104093,0.54256284,0.5266983,0.56658435,0.5836938,0.5879535,0.5767025,0.5324387,0.5560354,0.5939517,0.504724,0.56942177,0.6285034,0.66797984,0.5881114,0.638773,0.64686114,0.6521146,0.5668374,0.55759245,0.5630726,0.54033387,0.5544269,0.52596307,0.59433997,0.5749088,0.531137,0.5368,0.5179494,0.59322184,0.6062293,0.55831397,0.5002426,0.5233151,0.63275146,0.5940265,0.58858687,0.62934303,0.62430567,0.5967662,0.61595964,0.61647236,0.5674154,0.61090976,0.6308632,0.5693328,0.55354816,0.5914687,0.57700354,0.59515995,0.60708237,0.5979638,0.6055196,0.58738416,0.62205285,0.5454737,0.5908885,0.5944108,0.6081534,0.55991346,0.5490143,0.5700362,0.62033254,0.6093094,0.5992564,0.6415179,0.5101877,0.5257414,0.5341443,0.5738381,0.58340436,0.5766198,0.52801645,0.55460733,0.5826735,0.53758734,0.54181427,0.54001087,0.5644552,0.53454727,0.48334083,0.5224495,0.5284596,0.55793667,0.60562223,0.54119736,0.5617592,0.5386302,0.5614903,0.5409895,0.5545566,0.6122648,0.5694111,0.55542576,0.61140466,0.528214,0.57203203,0.605644,0.533435,0.5508057,0.60401434,0.5598656,0.54433054,0.6015974,0.61204946,0.6466519,0.5611467,0.59910625,0.6267434,0.58381194,0.65911627,0.57465595,0.57913756,0.65072656,0.5193079,0.59413,0.6302373,0.6123121,0.6081267,0.57945406,0.5551853,0.5902378,0.5693658,0.61104846,0.6196565,0.65109587,0.615372,0.5926451,0.56401014,0.5814653,0.60034674,0.5009854,0.5559637,0.4914724,0.54984283,0.5713366,0.5628775,0.61629564,0.63678354,0.53247356,0.6080163,0.5909897,0.60056114,0.51996166,0.5880423,0.54927754,0.57399046,0.5278324,0.51127994,0.51614386,0.5322115,0.523772,0.5651316,0.5607545,0.57558656,0.57783705,0.5407785,0.5407649,0.5429105,0.5427668,0.5368931,0.53372854,0.5474367,0.54562557,0.5658736,0.55303025,0.55179566
164,0.58257526,0.60411423,0.5628154,0.58407515,0.5772547,0.581115,0.5747497,0.56232107,0.5890975,0.5815469,0.5835988,0.60108376,0.6109861,0.5256047,0.5362197,0.61506957,0.6358879,0.5457805,0.6237961,0.6394273,0.5946015,0.5804219,0.581531,0.6127274,0.60150385,0.6137556,0.60669684,0.59383076,0.60920095,0.5626377,0.47750407,0.61538756,0.4427505,0.5466032,0.55771154,0.62298125,0.6291339,0.61589605,0.63139546,0.58032805,0.6091801,0.6428107,0.54548454,0.6112068,0.63226885,0.64518905,0.5934004,0.6174942,0.60913885,0.6244332,0.567469,0.5625813,0.5830494,0.5536612,0.5845827,0.52632344,0.61592734,0.5766477,0.58039397,0.5805514,0.5171371,0.5662867,0.6329014,0.49784166,0.46938372,0.513646,0.651435,0.5753448,0.60339844,0.65927505,0.62698007,0.53416306,0.5897961,0.6280299,0.6076801,0.64332813,0.63482386,0.5770665,0.6234311,0.5455033,0.60357976,0.5904455,0.6184419,0.60415614,0.60277104,0.58263534,0.6304951,0.5485951,0.6241103,0.62974256,0.58110046,0.55734384,0.5491435,0.58531123,0.61188453,0.60765594,0.6057775,0.59597087,0.56163514,0.5374656,0.5583352,0.58573425,0.591952,0.5984768,0.5886178,0.58133686,0.5732442,0.55734265,0.55696523,0.54763657,0.5429448,0.5130227,0.5313902,0.58980227,0.5500859,0.5756209,0.58809763,0.5380756,0.52797556,0.54186213,0.5684695,0.5518552,0.562733,0.6120772,0.5743371,0.5140083,0.56015426,0.55323607,0.58920974,0.6290695,0.565759,0.60796034,0.5934784,0.56407547,0.52859294,0.5303226,0.6156692,0.60568136,0.5831188,0.6075796,0.59975517,0.56978154,0.62038904,0.59550864,0.58216405,0.61474776,0.54076254,0.6027857,0.6486113,0.6273818,0.5820424,0.601212,0.58406043,0.5675945,0.5404208,0.58897126,0.6274974,0.6369636,0.6126017,0.58043605,0.60774434,0.5958829,0.549755,0.5258382,0.57818717,0.50860924,0.5894684,0.5671207,0.53356993,0.5808824,0.64286095,0.5788329,0.61126614,0.6258427,0.5812876,0.523958,0.60665375,0.57869625,0.5603882,0.5476575,0.59353876,0.6083014,0.56086963,0.5779384,0.584972,0.6063259,0.5942967,0.57080007,0.5856935,0.5850103,0.58129376,0.5687464,0.60427016,0.5521598,0.5469311,0.6001205,0.6354982,0.55947506,0.6493401,0.6261226,0.6088974,0.6305382,0.59827226,0.60726553,0.6061399,0.61547357,0.60411376,0.5973399,0.6208618,0.59687436,0.50584346,0.6035247,0.46819058,0.55350316,0.53808874,0.6085951,0.63404804,0.6150574,0.64297694,0.5620786,0.60167384,0.64635575,0.5318025,0.5916107,0.6527571,0.6609999,0.5964841,0.6322031,0.646302,0.6314031,0.57416266,0.5697011,0.5806824,0.5417273,0.5969686,0.5172791,0.61531115,0.5687393,0.5610047,0.57095057,0.5021255,0.59264624,0.6124535,0.54137284,0.4825414,0.51360077,0.64452565,0.59171426,0.5847022,0.6404854,0.62921065,0.6044356,0.62276125,0.6223802,0.5776277,0.62056065,0.6471695,0.56205994,0.5490636,0.5758845,0.5700582,0.58823764,0.6130894,0.6072592,0.619137,0.60014987,0.63310134,0.5386874,0.5969432,0.6080468,0.62127775,0.5583937,0.5520882,0.5696649,0.62134254,0.6129259,0.60508114,0.65122837,0.5464453,0.5344757,0.5683784,0.615435,0.61948425,0.60315794,0.5699088,0.5654571,0.5858074,0.5457036,0.5510899,0.5400517,0.56183153,0.5346957,0.52616274,0.56312764,0.53187484,0.53621835,0.5778288,0.53910035,0.5646651,0.53840023,0.56854355,0.5350817,0.5569864,0.6235213,0.5574792,0.54798347,0.6032012,0.52771467,0.57220095,0.620447,0.53456384,0.5544124,0.6103986,0.567538,0.53939,0.58851504,0.60917574,0.6229501,0.5579291,0.60188943,0.6231286,0.5910254,0.65191126,0.57652557,0.5874616,0.6360553,0.5257317,0.6115401,0.64671755,0.6201948,0.61840117,0.59896344,0.5607553,0.58763677,0.55099124,0.6156895,0.6118129,0.64495605,0.626206,0.5911546,0.578851,0.58540756,0.5897806,0.4902484,0.54262877,0.48671427,0.57081646,0.58817893,0.56286204,0.6187117,0.65249074,0.53029305,0.6277524,0.6160872,0.6008301,0.52117646,0.59575355,0.5516591,0.56925595,0.51996875,0.5006622,0.51404595,0.53521836,0.52029395,0.5566186,0.55571955,0.5825631,0.5828068,0.542677,0.5442331,0.5410361,0.54376554,0.5420095,0.5328133,0.5493845,0.5491088,0.56631625,0.5575525,0.5628539
165,0.6028921,0.60031193,0.57137686,0.59568644,0.587073,0.5842,0.5661751,0.57130265,0.6027539,0.5817406,0.5760601,0.59963155,0.62030894,0.53148806,0.5409345,0.6150191,0.60356843,0.53094923,0.6198186,0.6312649,0.5825998,0.5764272,0.57252,0.6275142,0.60467106,0.6130617,0.6066305,0.58700424,0.5920403,0.55654514,0.46302494,0.6206763,0.42855594,0.5494832,0.55442595,0.65244365,0.66921526,0.62525535,0.6793382,0.60829735,0.6590874,0.6822362,0.56857103,0.6171892,0.6459087,0.6223469,0.5850964,0.5999249,0.57801557,0.5939369,0.564647,0.56064844,0.59611136,0.5487326,0.6171376,0.51174295,0.6242323,0.557482,0.5960261,0.60660374,0.49767354,0.53519845,0.6230094,0.46595177,0.44715804,0.502459,0.6429012,0.5497484,0.58832234,0.6534098,0.6125425,0.51127666,0.5794308,0.61715746,0.6100952,0.635173,0.630146,0.5592641,0.62171125,0.52153337,0.5960532,0.57718974,0.6021066,0.6054418,0.5885066,0.57672465,0.6313149,0.54890233,0.612507,0.6399253,0.5755784,0.55278575,0.55185413,0.5789317,0.5979468,0.59922034,0.59332246,0.5647359,0.6019895,0.54352456,0.5799557,0.60337067,0.61112773,0.60787994,0.62575316,0.58432883,0.5714104,0.5683164,0.5703885,0.54562986,0.5298945,0.5008854,0.5751899,0.6226591,0.532003,0.5481608,0.5460175,0.5352498,0.5278488,0.5392828,0.57544154,0.5470159,0.56495833,0.61379135,0.5654656,0.49912712,0.54112995,0.54565257,0.58755094,0.62899554,0.572558,0.60359216,0.588415,0.56644434,0.5266965,0.52008015,0.5995283,0.5727054,0.5742889,0.6051419,0.5931711,0.56615347,0.6045635,0.5860567,0.57642156,0.59422785,0.555438,0.60530365,0.641745,0.6209334,0.56339407,0.6143179,0.58378524,0.55863816,0.515787,0.57083553,0.5937885,0.62398076,0.61046135,0.5670421,0.60927224,0.5896835,0.5358723,0.5150384,0.55643463,0.5110368,0.60423416,0.56967145,0.5320399,0.5741109,0.6313235,0.5879423,0.6225434,0.6336629,0.57108,0.50930536,0.6016021,0.58254755,0.5474327,0.54550296,0.61359155,0.5978278,0.56733525,0.58707815,0.596512,0.6082643,0.5904314,0.57934093,0.6028732,0.59596366,0.56487954,0.5664819,0.6150307,0.56042904,0.5587028,0.599699,0.5985226,0.5457717,0.6456209,0.6120803,0.59597754,0.6234236,0.5899481,0.6205036,0.6174,0.6216348,0.6023067,0.59072876,0.6088173,0.5972887,0.4964491,0.61653095,0.47161138,0.5615602,0.5465264,0.6430486,0.6697725,0.63020885,0.6950479,0.58776015,0.639389,0.68367696,0.559095,0.60618937,0.6618882,0.6394,0.5957332,0.6132084,0.6319716,0.599523,0.57538825,0.5752471,0.5933545,0.5411119,0.6329584,0.5107631,0.62734777,0.5593753,0.58460426,0.5983285,0.48632658,0.5865771,0.61380386,0.5217352,0.4694403,0.50765693,0.6462906,0.5842559,0.5767991,0.6436323,0.6257302,0.60548294,0.6220503,0.6234797,0.5873019,0.6247739,0.6542662,0.5533685,0.5444716,0.5574007,0.56252533,0.5769413,0.6131479,0.60647357,0.6244909,0.6048294,0.63820827,0.5325875,0.5946608,0.613755,0.62399715,0.5563305,0.5532123,0.5674067,0.6142765,0.6077922,0.60590756,0.651188,0.5801959,0.5414812,0.59709376,0.64754266,0.6425749,0.62042695,0.6060566,0.5710662,0.5807329,0.55104846,0.5581545,0.538041,0.5570602,0.53289,0.568101,0.59645504,0.53349113,0.5123546,0.54453224,0.5367703,0.564647,0.5379384,0.57152724,0.52946967,0.5580725,0.62165123,0.54246145,0.5375844,0.5864506,0.5293286,0.5708645,0.6282587,0.5355593,0.55442554,0.6113884,0.5718542,0.53352565,0.570277,0.60044307,0.59015995,0.55286485,0.5962916,0.6090906,0.5897969,0.63160855,0.5754836,0.5916938,0.61068,0.5301658,0.6188912,0.652675,0.6199436,0.6206462,0.60917664,0.5610233,0.57873327,0.5300577,0.611211,0.594523,0.627736,0.62579995,0.5825027,0.58688766,0.58270395,0.57332313,0.4827832,0.5276836,0.4859342,0.5854767,0.5992707,0.5619368,0.61273515,0.66043997,0.5271087,0.63526666,0.62813073,0.5918011,0.52370113,0.59752667,0.54979897,0.56080467,0.51169044,0.49250215,0.51329964,0.53795004,0.51809937,0.5481348,0.5501951,0.5850368,0.58346003,0.5437493,0.5468396,0.538943,0.5439991,0.54646784,0.5322825,0.551724,0.5526724,0.5643744,0.5600765,0.57095045
166,0.6142384,0.59127283,0.57086194,0.5986417,0.5904049,0.5837009,0.5575475,0.5730117,0.60433424,0.5760742,0.56552976,0.59335554,0.6191076,0.5347414,0.54072505,0.60767686,0.56974983,0.519622,0.6097273,0.6188426,0.5709627,0.56982404,0.56158686,0.62734634,0.5992138,0.60526854,0.59556174,0.573338,0.5675386,0.54793465,0.4572562,0.6156943,0.42545527,0.5502475,0.5473566,0.6639673,0.6861433,0.6222793,0.702467,0.6217904,0.68546855,0.697621,0.5831366,0.613063,0.6433858,0.5910258,0.5704229,0.5798677,0.547065,0.5607184,0.5547049,0.55187905,0.5977602,0.53969055,0.63445085,0.50022686,0.6223069,0.5405704,0.6015427,0.6200885,0.4851747,0.5083304,0.60656315,0.44494668,0.43866816,0.4990991,0.62603515,0.5271811,0.5716748,0.63880724,0.5934324,0.49667028,0.56541497,0.60205376,0.60662305,0.61980754,0.6179457,0.5420766,0.6151026,0.503923,0.5849357,0.56365895,0.58329177,0.5985725,0.57129306,0.56626195,0.624615,0.5496414,0.5941812,0.63796896,0.56552577,0.5487342,0.5518468,0.5693294,0.578878,0.5839628,0.5767331,0.53442764,0.62529606,0.54354286,0.58858234,0.6074061,0.61500525,0.6036674,0.64341223,0.5785035,0.56199354,0.5724683,0.57687634,0.5401243,0.517747,0.49115735,0.6056553,0.6384713,0.5147443,0.5202182,0.50729436,0.5327399,0.5279318,0.5366255,0.57574064,0.54207623,0.56309867,0.60173905,0.5514884,0.4895846,0.523437,0.5362508,0.58033687,0.6201038,0.5744421,0.5939423,0.57977015,0.5645717,0.5256385,0.5134486,0.5802093,0.5417163,0.56138045,0.59438163,0.5801209,0.5561957,0.58191967,0.57217455,0.56645447,0.5702296,0.56134474,0.59844035,0.624962,0.6068638,0.54445875,0.6152069,0.5769982,0.54858917,0.49663153,0.5540442,0.56025314,0.60714257,0.60164154,0.55149615,0.6010234,0.576877,0.5240145,0.5073221,0.53534615,0.5148461,0.607578,0.56356263,0.5306425,0.56486475,0.6145349,0.58905905,0.6193635,0.62540114,0.5541904,0.49936077,0.5900754,0.5784962,0.534221,0.5410155,0.6236819,0.5836869,0.5657593,0.5890187,0.6006185,0.60457915,0.5838051,0.5801859,0.6072737,0.5981571,0.54894346,0.56223863,0.615972,0.5624473,0.56291074,0.5931468,0.56255627,0.53355646,0.6337014,0.59651554,0.581788,0.6111512,0.57669246,0.61962795,0.61769086,0.6205376,0.5915812,0.57839084,0.58797723,0.591026,0.4910903,0.6186196,0.48102364,0.56578463,0.5508976,0.65852094,0.6837988,0.63044995,0.71968865,0.6008907,0.65815,0.69801897,0.57744944,0.6096482,0.65454614,0.60778666,0.5852135,0.58972,0.6095038,0.5649888,0.5681204,0.57137376,0.59509283,0.53641224,0.6513724,0.50515974,0.62736785,0.5484711,0.59687495,0.61240315,0.47603354,0.5760433,0.6085966,0.5052038,0.4663314,0.5077909,0.63770455,0.5739373,0.5673784,0.63808244,0.6151019,0.60043484,0.6137902,0.61835027,0.59271324,0.62282306,0.65037405,0.54409814,0.5383586,0.54030126,0.5559876,0.5644008,0.60558015,0.59677356,0.6194093,0.6011305,0.6356845,0.53020024,0.5835978,0.610058,0.61684525,0.5546861,0.5520128,0.5638735,0.60028875,0.5945746,0.5991593,0.64063704,0.60094094,0.5423962,0.61079127,0.66043335,0.6466439,0.6223885,0.6248881,0.5689993,0.567844,0.55188376,0.5607643,0.53444976,0.5496873,0.52945924,0.5974886,0.61485237,0.53178674,0.490763,0.5133112,0.53450173,0.56064814,0.5361004,0.5685674,0.5251922,0.5567036,0.60576797,0.52632856,0.5273628,0.56618017,0.5316993,0.56591284,0.6266636,0.53639436,0.5522434,0.60670143,0.57178736,0.52841747,0.55245566,0.5876606,0.5584997,0.5464851,0.5845779,0.58977664,0.58019435,0.6034782,0.5689853,0.5883162,0.5814334,0.5297791,0.61515296,0.64635843,0.6123586,0.613964,0.6088733,0.5565032,0.56772375,0.51142955,0.6017443,0.5738975,0.607496,0.616974,0.5702775,0.5868895,0.57330424,0.5561574,0.4810006,0.51550174,0.48927972,0.58994937,0.59867877,0.55922717,0.59875274,0.6571502,0.5239546,0.627455,0.6232319,0.5740077,0.5267019,0.59368813,0.5439136,0.5501178,0.50569177,0.48916337,0.5132964,0.5399552,0.51780725,0.54084545,0.5447305,0.5826643,0.5794793,0.543793,0.54744804,0.5362947,0.5423136,0.5489366,0.53160244,0.552857,0.5546005,0.5599426,0.5597882,0.57391965
167,0.61379445,0.57958674,0.56234205,0.592469,0.58623564,0.5793074,0.55139416,0.56515604,0.59253484,0.56557304,0.553786,0.57986784,0.61021125,0.5339717,0.5343219,0.59732085,0.54531723,0.5134437,0.597949,0.6078903,0.5641825,0.5619446,0.5520986,0.6119547,0.5834915,0.58880323,0.5757591,0.55480283,0.5391912,0.53804564,0.4596685,0.60208076,0.43418622,0.5485312,0.5384734,0.65254253,0.67732483,0.6075255,0.6948821,0.61699533,0.68252355,0.68587106,0.583611,0.5979961,0.62511176,0.5562373,0.5517207,0.5652428,0.52704215,0.53098524,0.5395186,0.5379622,0.58647925,0.5276253,0.6306183,0.49174038,0.60948026,0.52804303,0.5955265,0.6169733,0.48176086,0.4910971,0.5847088,0.43894804,0.44490486,0.50428617,0.60356796,0.5121913,0.556936,0.61729896,0.57310474,0.49242502,0.54895633,0.582669,0.5955598,0.5999269,0.60070175,0.5265107,0.60149777,0.49268022,0.57077575,0.5495312,0.5633368,0.5846464,0.5524084,0.5528189,0.6106966,0.5498586,0.57220554,0.624553,0.5533587,0.5454462,0.5489395,0.55819356,0.55638474,0.5640617,0.55629003,0.5106007,0.62590563,0.5356945,0.58057165,0.59547687,0.60188824,0.58597416,0.63630754,0.5643549,0.5463045,0.56764215,0.57320976,0.5323513,0.5066087,0.48596177,0.6142644,0.6341817,0.49977168,0.496671,0.47981635,0.5309614,0.52801627,0.5335672,0.56907696,0.537076,0.5553048,0.5783614,0.5337899,0.48708946,0.5102895,0.52484405,0.5657967,0.6029612,0.5702498,0.5814008,0.5686867,0.5591126,0.525052,0.5105001,0.55974317,0.5194791,0.5460293,0.5765635,0.56233245,0.5421649,0.5567668,0.5534041,0.55026007,0.5471946,0.55434847,0.5826646,0.60055846,0.5876852,0.5280895,0.60538596,0.56646425,0.54021114,0.48566344,0.5444199,0.5359037,0.5940484,0.5907983,0.5387881,0.58512115,0.5598717,0.5166301,0.504862,0.5197345,0.5193484,0.59791183,0.5486213,0.5277118,0.55349565,0.59264326,0.5816151,0.60240614,0.6028399,0.53338385,0.49499342,0.5747703,0.5674992,0.52208155,0.53447837,0.62155116,0.5704137,0.5575849,0.5835904,0.5965422,0.5967098,0.57691944,0.57102287,0.59654766,0.5919661,0.53729314,0.5547115,0.60982984,0.55816984,0.55795354,0.58427083,0.54025537,0.5258496,0.6197068,0.58603317,0.57153535,0.5985635,0.5629975,0.6048525,0.60744965,0.6106605,0.5747583,0.56355625,0.56120116,0.5800012,0.48932356,0.6105437,0.493988,0.5653195,0.5509355,0.64922374,0.6742045,0.6161024,0.71145236,0.597028,0.6526349,0.68665373,0.58063096,0.60086113,0.6322935,0.57326263,0.56632537,0.5709497,0.5869001,0.53689045,0.5530964,0.55820936,0.5837332,0.52721137,0.6464216,0.49876636,0.6146157,0.5377099,0.5955535,0.6103397,0.47427553,0.5630813,0.597002,0.496046,0.47440165,0.51412964,0.62115526,0.5633127,0.5594117,0.6254808,0.6008665,0.59131056,0.6000994,0.606954,0.5920138,0.61585194,0.6366368,0.5341706,0.52943814,0.52787405,0.5511058,0.5530848,0.5899938,0.5807204,0.60403913,0.5899574,0.62527883,0.5328846,0.56587434,0.59850883,0.6028491,0.55403924,0.5487326,0.5602615,0.58158916,0.5755533,0.58359593,0.6213771,0.60241413,0.53519386,0.6053358,0.65012425,0.6306737,0.60737264,0.62004226,0.55869806,0.54952663,0.54724616,0.5576609,0.5300169,0.54006356,0.52488357,0.6066318,0.61542594,0.5256355,0.47462758,0.4901888,0.5325544,0.5525985,0.53207994,0.56025577,0.52284545,0.5519894,0.57922757,0.5110155,0.5202947,0.54883915,0.53269064,0.5558854,0.61578393,0.5371423,0.54997414,0.59673667,0.56746453,0.52540714,0.539354,0.572419,0.5373659,0.5391142,0.56984526,0.57072556,0.56492794,0.5746937,0.5555784,0.57546496,0.55604434,0.5226017,0.6010116,0.6290009,0.60007703,0.5996175,0.59965813,0.54984516,0.55959964,0.49907,0.5916833,0.5561144,0.59306794,0.60459185,0.5597279,0.57965225,0.55875725,0.54342705,0.48552293,0.5090803,0.49578553,0.58259827,0.584043,0.5545908,0.578776,0.642038,0.52191466,0.60560673,0.60286266,0.55078244,0.5294009,0.5856522,0.534998,0.53889245,0.50318086,0.49106523,0.5129821,0.54087067,0.5192734,0.534527,0.53883284,0.5757321,0.57115626,0.54269993,0.5452697,0.53262943,0.5379899,0.5483956,0.5300083,0.55064106,0.5527784,0.5528309,0.555997,0.57069516
168,0.60274327,0.56823945,0.54878944,0.57914424,0.57565933,0.57227296,0.5499207,0.54965776,0.5709348,0.55320376,0.5435484,0.56033695,0.5976197,0.52833915,0.5219293,0.588387,0.53780615,0.5125169,0.5896282,0.6038354,0.5651149,0.55494094,0.54567164,0.58704716,0.55976766,0.5667788,0.5514563,0.5338752,0.5110635,0.5273909,0.4669248,0.5837455,0.45112783,0.54332554,0.5295799,0.6204603,0.6462387,0.58462113,0.65829206,0.59611773,0.65234953,0.6494585,0.569979,0.5747779,0.5953102,0.5239352,0.5322209,0.5617172,0.52469313,0.50921696,0.5223704,0.5217765,0.56560653,0.51463836,0.6068929,0.4862287,0.5886925,0.52030605,0.5800323,0.59877384,0.4872291,0.48590633,0.5608495,0.44687724,0.46221408,0.51597875,0.57992345,0.50578487,0.54757273,0.5933989,0.55521715,0.49608225,0.5326561,0.56057584,0.5788792,0.58046985,0.5815486,0.5127469,0.5823456,0.48627153,0.5552967,0.5347805,0.5430548,0.56595093,0.5333837,0.5392184,0.59295076,0.5491169,0.5509469,0.6039294,0.5418339,0.5425482,0.5437936,0.5485396,0.53278124,0.54313993,0.5333137,0.49617475,0.6056057,0.5215003,0.55793816,0.57066166,0.5755466,0.55972105,0.6062324,0.54451275,0.5272956,0.5550965,0.560151,0.52369934,0.49794367,0.4865407,0.6004157,0.6123125,0.48786533,0.48015854,0.4663791,0.5300597,0.52805954,0.5297719,0.55770785,0.5318347,0.5420403,0.5500174,0.5144045,0.4914281,0.50375444,0.51219976,0.54511225,0.58093125,0.561002,0.5689868,0.55651057,0.55164295,0.5244499,0.5101519,0.5397447,0.509648,0.53049654,0.5546559,0.542892,0.52773386,0.53442246,0.53014624,0.5270194,0.5294617,0.5342758,0.5602862,0.5727306,0.5673244,0.51503897,0.5892931,0.55597544,0.5362072,0.48299038,0.5442058,0.526269,0.59138185,0.5824888,0.53310007,0.5653878,0.54128224,0.5152182,0.5073389,0.51159763,0.523251,0.5774926,0.5280168,0.52329,0.54095024,0.567261,0.5678244,0.5773655,0.57252055,0.51253945,0.49563158,0.5590708,0.5523407,0.51274097,0.5276371,0.6090739,0.5616811,0.5458623,0.57282376,0.58625984,0.58792466,0.5727834,0.5538895,0.57404935,0.5805443,0.5327021,0.5443753,0.60038286,0.5484316,0.54443043,0.57711875,0.5392263,0.5241539,0.6103803,0.5860052,0.5692481,0.59089285,0.5525379,0.5819479,0.59021014,0.59453946,0.55549616,0.5494745,0.5325369,0.566756,0.48947334,0.5952649,0.50676304,0.55894494,0.54682016,0.6173481,0.64437133,0.5910399,0.672055,0.5777837,0.62518275,0.65220636,0.5683453,0.58217645,0.60011315,0.543706,0.5426153,0.5638607,0.57220614,0.5214714,0.5337268,0.5387835,0.5624623,0.51488984,0.6199541,0.49139395,0.5921386,0.52841496,0.5823359,0.5942307,0.48124912,0.5509455,0.58181506,0.49606535,0.49005646,0.52440566,0.60144395,0.55471325,0.5560867,0.6099479,0.5883609,0.58040553,0.58521616,0.5917155,0.58657265,0.60666674,0.61667764,0.5237365,0.51814353,0.5224688,0.5478875,0.54419035,0.56800795,0.5621256,0.580904,0.57480645,0.60968894,0.5397237,0.5468628,0.5832512,0.58672196,0.55420595,0.54418033,0.5585614,0.5610219,0.55489534,0.5606452,0.59773046,0.58509505,0.5210947,0.58282787,0.6194029,0.59960985,0.57936615,0.5926243,0.54245406,0.5295095,0.53822964,0.5498652,0.5254645,0.53075105,0.520674,0.5950386,0.6001472,0.51548165,0.46532065,0.4780143,0.53089255,0.5419315,0.52587426,0.5491583,0.5223777,0.54432726,0.54879826,0.4978361,0.5182727,0.53990465,0.53134584,0.5417706,0.599325,0.5380861,0.54940367,0.5829435,0.56031775,0.5248928,0.5330629,0.5566672,0.5327891,0.531456,0.5553976,0.5564792,0.5483876,0.55235714,0.53550774,0.553292,0.541015,0.5088516,0.57936656,0.6046947,0.5867547,0.58035904,0.58545774,0.5440372,0.5584939,0.49471503,0.58482844,0.5462212,0.59158057,0.5941583,0.5556921,0.56704617,0.54123116,0.53903776,0.49459815,0.50894934,0.5035741,0.5657454,0.55862904,0.54950583,0.5567286,0.61815643,0.521258,0.5762287,0.57385236,0.527036,0.53188825,0.57554764,0.5248473,0.52959275,0.50483423,0.49678698,0.51186377,0.5403463,0.5214888,0.52927816,0.53261614,0.56593734,0.56023157,0.5409663,0.540765,0.5277307,0.5312765,0.5449567,0.5275505,0.5449681,0.54714715,0.5440144,0.54933786,0.56237847
169,0.58545697,0.55986756,0.53344846,0.56226856,0.5616418,0.56540126,0.55452216,0.5316298,0.54665226,0.5427758,0.5378664,0.53938913,0.5852226,0.5177896,0.50506186,0.58416593,0.5491919,0.5156582,0.5891165,0.61037695,0.57477444,0.5515435,0.5420818,0.5627365,0.53373486,0.5456088,0.5278073,0.51353043,0.48694426,0.51598257,0.47470075,0.56537354,0.46947712,0.5332756,0.52145535,0.57719743,0.60195357,0.5592744,0.60218835,0.5661574,0.6040548,0.5968615,0.5471294,0.54875916,0.5611413,0.4993106,0.51502407,0.5714442,0.54062974,0.49741006,0.5065805,0.5061073,0.54195136,0.5028167,0.57076645,0.4836906,0.5651783,0.5162686,0.5598796,0.5718733,0.4991178,0.49178782,0.5399229,0.46359834,0.48416686,0.5300965,0.560008,0.50608,0.54565376,0.57288504,0.5425488,0.50246924,0.5199186,0.5392287,0.56138086,0.5666019,0.563468,0.50090027,0.5623552,0.4832878,0.54116225,0.52010036,0.52370644,0.5455709,0.5162401,0.52862215,0.5763983,0.5476614,0.5346705,0.58230436,0.53316945,0.5394257,0.5376415,0.5433692,0.5111138,0.5251166,0.5105992,0.49110335,0.57211477,0.5051778,0.5273226,0.54083586,0.5444515,0.5334462,0.5615731,0.52331823,0.508963,0.5389285,0.54205257,0.5152859,0.49443233,0.4927073,0.56993634,0.5801275,0.4795974,0.4707524,0.46511614,0.530021,0.5281641,0.5251004,0.54527855,0.52628255,0.5261814,0.52505076,0.49607316,0.5010421,0.5045889,0.5000449,0.5224473,0.5591512,0.54948103,0.5595468,0.5444987,0.54414725,0.5233561,0.5107336,0.5215098,0.5124575,0.517325,0.5324525,0.5253775,0.5166819,0.51977164,0.50420403,0.4980183,0.5204647,0.504762,0.53504133,0.54656786,0.549812,0.5045461,0.572567,0.54883194,0.5384994,0.48723024,0.5521196,0.5324224,0.6026375,0.5800504,0.536641,0.54595786,0.5235241,0.520091,0.51258606,0.51015675,0.5252284,0.55197716,0.50752646,0.5191272,0.5287667,0.5419136,0.55199414,0.5534347,0.54414105,0.49554315,0.49969918,0.5462172,0.5371886,0.5079655,0.5229684,0.5913043,0.55946714,0.53360337,0.5600454,0.5738006,0.58248323,0.5742924,0.53414184,0.5473942,0.5686731,0.5366825,0.53330874,0.59133714,0.53482217,0.52493715,0.57479817,0.5604052,0.528282,0.6113137,0.59904057,0.5769724,0.5925812,0.5470735,0.5607322,0.57150793,0.5776124,0.5376764,0.5388834,0.5066866,0.5537159,0.48978326,0.57675093,0.51527935,0.5457387,0.5389604,0.5723485,0.6027703,0.56173605,0.6110008,0.54947484,0.5847923,0.6028836,0.54522645,0.5585688,0.5657444,0.5257506,0.5185171,0.5712721,0.5706179,0.5209729,0.5145829,0.51759225,0.53842187,0.50136644,0.58031994,0.48416376,0.5659668,0.5214787,0.56227213,0.56999195,0.49436355,0.5429762,0.5678297,0.50425446,0.50704217,0.5348734,0.5842667,0.54981625,0.55927515,0.59669423,0.5821767,0.56953686,0.57409614,0.5773301,0.5796403,0.5991646,0.5958758,0.5137553,0.5066542,0.52529156,0.5462479,0.5378813,0.54356945,0.5451,0.55451715,0.56068134,0.5939617,0.5483432,0.53266,0.5693719,0.5733862,0.55447656,0.5395427,0.5605632,0.54203695,0.5374983,0.5348062,0.5755922,0.5552249,0.5038805,0.55037093,0.57754034,0.5637231,0.5473072,0.55051386,0.52480173,0.5121815,0.52760595,0.54032534,0.52127546,0.5256683,0.51864076,0.5681158,0.5747533,0.5034017,0.46241522,0.47662973,0.52931607,0.5312413,0.5181619,0.5386474,0.5233633,0.53532434,0.5230171,0.48761797,0.52208596,0.5425461,0.5284107,0.52670157,0.58332276,0.53949827,0.5515008,0.56797606,0.5526196,0.5264228,0.53351045,0.5426988,0.5463088,0.52454895,0.5437636,0.5497598,0.5353925,0.54162836,0.51112545,0.5244361,0.5403541,0.4908124,0.55490196,0.57948893,0.57599324,0.56001717,0.57128215,0.5411136,0.5665651,0.49834982,0.5833824,0.54671645,0.60632765,0.59011394,0.5611736,0.5515851,0.52318686,0.5449429,0.5048069,0.5134108,0.5103742,0.545028,0.5304234,0.5466835,0.5375797,0.59167933,0.52143633,0.5496166,0.5466454,0.50788105,0.5348504,0.5661284,0.5158413,0.52463204,0.51059747,0.503772,0.509952,0.5381108,0.52302563,0.5259139,0.5271935,0.55599976,0.54940253,0.5395573,0.53544354,0.52179855,0.5232761,0.5397264,0.52520454,0.537954,0.53976065,0.5356504,0.5418154,0.5519019
170,0.56767756,0.5563406,0.519523,0.5462899,0.54838437,0.56203973,0.56566894,0.5167128,0.527474,0.53756994,0.5387009,0.52284074,0.57697046,0.5031978,0.48591134,0.58705384,0.5763854,0.5211527,0.59888977,0.62862515,0.5924144,0.553967,0.54048157,0.54864746,0.51217955,0.53147155,0.5089979,0.4969249,0.46898276,0.5036869,0.47942337,0.5505339,0.4819003,0.5178217,0.5135394,0.5355585,0.5568033,0.5370433,0.5424293,0.5361685,0.5520293,0.5411927,0.52227,0.52525526,0.5297977,0.48447102,0.5020426,0.5933053,0.5699237,0.49465442,0.49514735,0.49338862,0.52290374,0.49386603,0.5327766,0.4838598,0.5443731,0.51441836,0.5405906,0.54468125,0.51305574,0.5046632,0.5263394,0.48185346,0.5036093,0.5419029,0.5470855,0.5097486,0.55039066,0.5600043,0.5358587,0.50612426,0.513108,0.5228826,0.54839885,0.5613563,0.5490159,0.49104488,0.54695696,0.4828914,0.53122246,0.5065543,0.50691897,0.5263316,0.5029217,0.52278745,0.5649957,0.5458229,0.52571595,0.5652868,0.5282525,0.5357222,0.5318203,0.544006,0.49449167,0.5124713,0.4913505,0.49275357,0.5360776,0.49157953,0.4973071,0.51542646,0.5181196,0.51569843,0.51445454,0.50535446,0.495304,0.52393633,0.52446115,0.50794286,0.49803755,0.50237525,0.53194565,0.54717726,0.47488144,0.46635836,0.471261,0.5305935,0.52865595,0.5199802,0.5356897,0.52076614,0.5119167,0.51043284,0.48194557,0.5136976,0.51213074,0.49046665,0.50318825,0.5423043,0.53896344,0.5545671,0.53358823,0.5382846,0.5214156,0.5105782,0.5058753,0.5252216,0.508752,0.51318306,0.51238877,0.5117225,0.5151601,0.4785114,0.46651196,0.521685,0.47149262,0.510451,0.52632946,0.53772175,0.49532568,0.56076324,0.5472368,0.5479449,0.49622145,0.5652205,0.5513295,0.6273389,0.5854254,0.54955083,0.5298292,0.50831807,0.53059864,0.5180147,0.5127741,0.52463996,0.5281045,0.49316806,0.5174179,0.51842403,0.5207244,0.53913325,0.53926843,0.526726,0.48538017,0.50493366,0.5383744,0.5263097,0.5083794,0.5220052,0.57439095,0.5636997,0.523531,0.54895186,0.56360394,0.58374894,0.58332074,0.51765645,0.5250402,0.5606104,0.5489487,0.5242149,0.5864008,0.5196566,0.5035403,0.57937604,0.59889776,0.53688467,0.625286,0.62402266,0.593845,0.60544544,0.54662347,0.55019236,0.55655736,0.56564224,0.5248373,0.5336996,0.4879384,0.5429067,0.4894413,0.55902606,0.5164677,0.5265409,0.5283386,0.5272383,0.56091267,0.5350582,0.54532826,0.52022725,0.54377186,0.551013,0.5182081,0.5357094,0.5367581,0.52232045,0.49755865,0.5919958,0.58264905,0.533947,0.49995792,0.49908152,0.5193204,0.48831347,0.53904545,0.47817746,0.542567,0.5175126,0.5416068,0.5449802,0.50900775,0.5413003,0.56018305,0.51734567,0.51968026,0.54220945,0.57418954,0.5494326,0.5684577,0.5899782,0.58403873,0.56031305,0.5707365,0.56929106,0.5748207,0.59753275,0.58019006,0.50557154,0.49803436,0.53599155,0.54676443,0.53398114,0.5220577,0.53274286,0.5306572,0.55169415,0.58326095,0.55645114,0.52672,0.5610887,0.5666226,0.5544597,0.5361001,0.5669062,0.5283456,0.5267621,0.5122021,0.5606573,0.52175254,0.48823825,0.51748586,0.53741056,0.53435147,0.52124214,0.50515693,0.51042384,0.50115466,0.51856333,0.5325504,0.517701,0.52800536,0.5195452,0.53428906,0.54702324,0.49205148,0.46387798,0.48333174,0.527731,0.5232346,0.51013815,0.53213036,0.52542716,0.5273311,0.5089799,0.48102823,0.5315052,0.55724746,0.52580106,0.5146469,0.5735395,0.5415338,0.55636525,0.5552249,0.5466914,0.52920634,0.5391505,0.5323943,0.5747454,0.51960075,0.53620714,0.5513026,0.5298768,0.54414135,0.48658958,0.4939395,0.55468774,0.4714605,0.5323913,0.5597656,0.57048255,0.54283005,0.5619066,0.5422024,0.5838585,0.50874263,0.5878265,0.5567125,0.6359505,0.59482974,0.5769407,0.53658426,0.5074455,0.5609186,0.5126088,0.51960206,0.5143456,0.52663714,0.50829923,0.5490261,0.5255245,0.57012606,0.5217712,0.5350416,0.5307361,0.4970568,0.53885955,0.56030035,0.50998956,0.5252109,0.51893914,0.5091856,0.50723684,0.53422105,0.52277404,0.5250448,0.5237479,0.54847294,0.5409717,0.53926426,0.5309551,0.5155203,0.51553,0.53405917,0.52398866,0.532125,0.533079,0.52986515,0.53578013,0.54263806
171,0.5550187,0.5586334,0.5104449,0.53578204,0.5403492,0.56478804,0.58284855,0.5085587,0.51873404,0.53981686,0.54653215,0.5152785,0.57671165,0.48712215,0.4676608,0.5983581,0.6126353,0.5275627,0.618867,0.65660363,0.61551934,0.56304455,0.5406406,0.5501143,0.50072235,0.5277229,0.49754697,0.4869933,0.4575966,0.4910598,0.47950894,0.5412515,0.4839392,0.49880907,0.50553596,0.5055392,0.5223629,0.5221249,0.4946817,0.5140831,0.5110463,0.49571767,0.5025464,0.5081614,0.5066243,0.47818586,0.49390483,0.62353694,0.6044079,0.49792486,0.49020997,0.48566657,0.5135422,0.4890811,0.5024831,0.4860993,0.5307427,0.5137529,0.52722234,0.5250392,0.5244293,0.51920754,0.52252686,0.4953106,0.5152732,0.54844695,0.54194903,0.513647,0.55875844,0.5560361,0.5341977,0.5036149,0.5128317,0.51515776,0.5439524,0.5650712,0.54016507,0.48331758,0.54003155,0.4846154,0.52819467,0.49556026,0.4941895,0.5108481,0.4949709,0.5220141,0.56049097,0.543928,0.5240853,0.5563217,0.5270724,0.5317757,0.52745634,0.54996884,0.48556346,0.50588745,0.47805178,0.49720925,0.5076791,0.48439264,0.47553357,0.5017235,0.5036951,0.51176006,0.4764816,0.4944052,0.4894995,0.5142769,0.51253575,0.50264233,0.5089578,0.51296675,0.49642655,0.522793,0.4729803,0.46421775,0.4793886,0.5314828,0.5301262,0.5155638,0.5322918,0.516128,0.50344545,0.5095874,0.47479188,0.52703536,0.52445734,0.48538175,0.4919175,0.5333092,0.5321385,0.5540622,0.5245674,0.5350452,0.5186372,0.5088431,0.49351686,0.543422,0.50637907,0.49922308,0.505213,0.5141653,0.5198205,0.45683026,0.4371125,0.53224486,0.4408307,0.48954087,0.51455474,0.53204024,0.48667523,0.55820215,0.5524317,0.56423235,0.50726616,0.5804199,0.5770492,0.6614164,0.5993099,0.57019806,0.5191895,0.4970505,0.54541695,0.52181375,0.5165042,0.52178895,0.51184285,0.4887627,0.5200706,0.51126003,0.5065079,0.5334202,0.5397931,0.5256544,0.4836053,0.50930804,0.53624827,0.52289164,0.51352316,0.52528304,0.5638713,0.5728588,0.5183221,0.5429886,0.5592799,0.59297556,0.60017604,0.50814587,0.51274174,0.55904555,0.5673143,0.51959205,0.58903676,0.5062222,0.48532474,0.5915715,0.6454104,0.54820704,0.6512391,0.65638435,0.61636406,0.62793016,0.55055386,0.55487835,0.5489922,0.5623579,0.5195645,0.53493017,0.47879303,0.53574336,0.4888035,0.545701,0.5095932,0.50483704,0.5171551,0.49252424,0.5295459,0.51670897,0.49248862,0.49705026,0.5130841,0.50897187,0.49445587,0.5186933,0.5182277,0.531941,0.48179865,0.6217708,0.60458744,0.5561692,0.4925592,0.48660934,0.51003474,0.47713143,0.506419,0.47390276,0.5269846,0.51684606,0.52624625,0.5263237,0.5206451,0.54637825,0.562164,0.5314036,0.52522635,0.5452598,0.5731329,0.5532603,0.5809413,0.5913886,0.5926412,0.55415434,0.5767506,0.571492,0.5750623,0.6045645,0.5740154,0.50051504,0.49515143,0.5526314,0.5505436,0.53260845,0.5083472,0.5268929,0.51482177,0.55002683,0.58039886,0.56277174,0.5291199,0.56044626,0.56841475,0.55456656,0.53485733,0.576839,0.52307934,0.5236915,0.4979349,0.55617964,0.49335825,0.47818476,0.49303976,0.5104449,0.51967967,0.5082244,0.46726686,0.5026864,0.49842852,0.5141426,0.529754,0.5150468,0.53895986,0.5231737,0.5029455,0.5253227,0.48404783,0.46705103,0.4938838,0.5261288,0.5197992,0.5033573,0.53240836,0.52833617,0.5229442,0.51013017,0.47856238,0.5452075,0.5818794,0.52558005,0.50901824,0.5731322,0.5442141,0.5632773,0.5476242,0.5441105,0.5325132,0.5478828,0.5267624,0.6110908,0.5179283,0.53324795,0.56016594,0.5341141,0.5577492,0.46675184,0.46797743,0.5807815,0.4537218,0.5157485,0.5501624,0.5713359,0.5321719,0.56087697,0.5482155,0.6086986,0.5234968,0.59751594,0.5727811,0.67484516,0.60858643,0.6016152,0.5260763,0.49679747,0.58466405,0.51577973,0.52481633,0.5145804,0.51531196,0.49820593,0.55852634,0.5224755,0.55934507,0.5219735,0.5371457,0.53146577,0.49604407,0.54387975,0.559966,0.50843734,0.5313117,0.5277264,0.5109003,0.503722,0.52908564,0.5203206,0.5266228,0.5228502,0.5448357,0.536135,0.5403332,0.52838796,0.5099631,0.5095631,0.52899927,0.5242164,0.5291449,0.52888626,0.52772844,0.5327689,0.5371044
172,0.5514595,0.5662902,0.50922346,0.53399646,0.54053944,0.5741476,0.6040018,0.5076903,0.52155834,0.5503323,0.560453,0.5185057,0.58641416,0.47370186,0.45455042,0.6168195,0.64919007,0.5337751,0.64575195,0.68907523,0.63980067,0.57771623,0.5427673,0.5675209,0.50225496,0.53420496,0.49471447,0.48573503,0.4526424,0.47993758,0.4755681,0.53817844,0.47592148,0.48057613,0.49883732,0.4908988,0.50624126,0.5170394,0.46776816,0.5042499,0.4907622,0.46917686,0.49321264,0.49992126,0.4950703,0.47781587,0.49026576,0.65633976,0.6357705,0.50369436,0.49188796,0.4837551,0.51519066,0.4886823,0.48550686,0.48942116,0.5269112,0.51361984,0.5236156,0.518434,0.5302917,0.5308581,0.52838534,0.5006194,0.5173512,0.5498286,0.543608,0.51566833,0.56725055,0.5596505,0.53590804,0.49444094,0.51842815,0.5177927,0.5497252,0.575985,0.5378046,0.47813076,0.5426483,0.48790845,0.53390515,0.48876503,0.48654884,0.5017479,0.49311802,0.5258875,0.56287843,0.5425305,0.52821714,0.5563708,0.5294336,0.52840656,0.52536887,0.5597699,0.48588374,0.5050135,0.47201392,0.5007966,0.49416447,0.48531592,0.4665217,0.50283706,0.5046724,0.52244884,0.45533097,0.49292886,0.49319768,0.5128808,0.5102743,0.50046396,0.52560216,0.522969,0.47222432,0.5140739,0.47298658,0.4624602,0.48543134,0.5325855,0.53315264,0.51307964,0.5368504,0.51329404,0.5035979,0.5222115,0.4759312,0.5388668,0.53871083,0.485938,0.49092883,0.5331407,0.53048515,0.55717814,0.51819175,0.5347893,0.51551986,0.5057853,0.48508438,0.5618195,0.5107254,0.49225384,0.50413805,0.5237988,0.5308471,0.4430855,0.41474056,0.5491164,0.41859964,0.4754592,0.5119983,0.5328161,0.47908032,0.56649244,0.5645015,0.585425,0.51739454,0.59459424,0.6023287,0.6980662,0.62043744,0.5952923,0.51614136,0.49109477,0.56228733,0.5232174,0.51933515,0.5175514,0.50729716,0.49490067,0.52820283,0.50869447,0.49969596,0.53687304,0.5555067,0.54171526,0.49006206,0.511896,0.53907424,0.5282774,0.52238834,0.5328026,0.56322575,0.58467454,0.52005786,0.5443623,0.562621,0.6088646,0.62301517,0.50600266,0.5119784,0.5651746,0.5882163,0.52101,0.6009403,0.49823055,0.47534144,0.60973424,0.6888511,0.560316,0.6841205,0.68944836,0.6397058,0.6555812,0.55806124,0.5746199,0.55076295,0.5682146,0.5228653,0.54245067,0.47954094,0.53292936,0.48879513,0.5392627,0.4967914,0.48569882,0.50857484,0.47253257,0.51538056,0.51044965,0.46224797,0.48386323,0.49903402,0.4850133,0.47990397,0.51136786,0.51243407,0.5502448,0.4721213,0.6543109,0.63041615,0.5818281,0.49258232,0.48164418,0.511243,0.46870205,0.48832113,0.47143754,0.52203315,0.5191918,0.52097034,0.51976544,0.5266228,0.55687594,0.57353675,0.5431025,0.5239751,0.545199,0.579979,0.559739,0.59297913,0.5993637,0.60486364,0.5516558,0.5907462,0.584126,0.58182806,0.6197319,0.5782579,0.49972966,0.49943167,0.57220614,0.55794024,0.5340948,0.50503945,0.5284372,0.5101335,0.5560456,0.58490306,0.5668341,0.53786635,0.5667788,0.5784983,0.55543536,0.53615326,0.58845663,0.52773166,0.52759093,0.49412885,0.561656,0.4765949,0.4760492,0.48268396,0.5027709,0.52341366,0.51064664,0.4438479,0.5032735,0.5043244,0.516808,0.5342935,0.51374316,0.55730045,0.5291277,0.48266178,0.516863,0.48165658,0.46987507,0.50412226,0.5243932,0.5214347,0.49916735,0.54052377,0.5317596,0.5241334,0.52587,0.4801399,0.56074655,0.61174846,0.5289241,0.5114271,0.5817404,0.54737955,0.5708703,0.54635024,0.5452537,0.53575593,0.5575287,0.5259597,0.646602,0.5206174,0.5351433,0.5739938,0.54818857,0.5776545,0.45570472,0.45185944,0.6121258,0.44042253,0.50799316,0.55200636,0.5777816,0.5294576,0.5695956,0.5597295,0.6377127,0.53919417,0.6107872,0.59056544,0.7146924,0.62955827,0.6316232,0.523728,0.49312022,0.6118915,0.5138744,0.5272505,0.51108134,0.51377565,0.5017031,0.57524884,0.5276493,0.56096935,0.52209455,0.5555738,0.5496382,0.5040493,0.5492626,0.5649923,0.51156557,0.5420549,0.5355874,0.508227,0.49981314,0.523261,0.5157939,0.5300483,0.5243047,0.54526806,0.53505236,0.5425479,0.5280581,0.5060721,0.5063203,0.52518713,0.5255168,0.529649,0.52811754,0.5289395,0.5329047,0.53633565
173,0.5582218,0.5773689,0.51717126,0.5415443,0.54926133,0.5883371,0.6256941,0.5124065,0.5335256,0.5679743,0.5781535,0.53118813,0.60465723,0.46694067,0.45022178,0.63863665,0.67818606,0.53896195,0.6739101,0.7193826,0.66053396,0.59523994,0.54689366,0.5967596,0.5159563,0.547755,0.5003527,0.49314913,0.4538693,0.47268647,0.4700422,0.54059565,0.46250814,0.46797755,0.49564037,0.49022543,0.5103943,0.52206,0.4625474,0.5068641,0.49338785,0.46351257,0.49638754,0.50129807,0.49602404,0.48072186,0.4899152,0.6855819,0.65819913,0.5090187,0.49818918,0.48665383,0.52599055,0.4916202,0.4828305,0.49286646,0.53282684,0.5135768,0.53114086,0.5265443,0.5303403,0.53702456,0.541233,0.4978952,0.51163054,0.54836947,0.54986274,0.5149802,0.5732631,0.5675221,0.53907466,0.4806752,0.5284616,0.52970153,0.56436646,0.59055144,0.5409188,0.47597423,0.5528475,0.4921382,0.54794055,0.4873915,0.48423296,0.5005805,0.4966852,0.5334279,0.570607,0.54226136,0.53580177,0.5637123,0.5346498,0.52632946,0.52586734,0.5713576,0.49493045,0.5088469,0.47319373,0.5012908,0.49819976,0.49396455,0.47062483,0.51740587,0.5202458,0.5442889,0.45295516,0.5011054,0.5054878,0.5206354,0.51931465,0.5019716,0.5449941,0.5320816,0.46457264,0.52351993,0.4740086,0.46028572,0.48738232,0.5340167,0.5380098,0.51324284,0.5490046,0.51284283,0.5126428,0.5444903,0.4844021,0.54774326,0.551851,0.49207914,0.49947816,0.5405235,0.5339821,0.56234926,0.5148447,0.5371717,0.5128615,0.5024479,0.48072252,0.57578355,0.5207363,0.49269503,0.50849366,0.53884363,0.54441357,0.43975118,0.40292656,0.5679531,0.40812972,0.47048646,0.51732314,0.5390569,0.47371897,0.58397526,0.58183557,0.6080684,0.5243237,0.60496134,0.62078756,0.73005795,0.6451815,0.62034714,0.521618,0.4912717,0.5782587,0.52239627,0.52047235,0.5129464,0.5153527,0.5093877,0.54154843,0.51175797,0.49852267,0.5485181,0.5825844,0.5707973,0.5026051,0.5131218,0.5447121,0.541298,0.533587,0.5439445,0.5729815,0.59653264,0.52930754,0.5531936,0.5731046,0.6280629,0.6479703,0.5093508,0.5207767,0.5786556,0.6080061,0.52890956,0.62070775,0.49824995,0.47669935,0.63019717,0.7204889,0.57133573,0.7166557,0.71685606,0.65931046,0.6826229,0.5678537,0.6051565,0.56178623,0.5810813,0.53386134,0.5549743,0.48857158,0.53462005,0.49061787,0.54045767,0.48278114,0.47372797,0.50560665,0.46638605,0.51947296,0.5169593,0.45534214,0.48119444,0.50237375,0.48095557,0.47785702,0.51533926,0.51854163,0.5714134,0.4680497,0.6831242,0.6538636,0.60484445,0.4980656,0.48351064,0.5205878,0.46321425,0.4856043,0.47100678,0.5277585,0.5237706,0.5279972,0.5278463,0.52695626,0.5702445,0.5909455,0.5507078,0.5185336,0.54462075,0.59158987,0.5669246,0.6017622,0.61054826,0.617483,0.55250233,0.6093619,0.60381556,0.5950181,0.6392285,0.590206,0.5038375,0.51046854,0.5918202,0.5682352,0.538606,0.51184577,0.53702325,0.5161344,0.5684972,0.5943461,0.5687662,0.5501638,0.5771911,0.5941684,0.5573271,0.5394709,0.59965855,0.54142416,0.5365762,0.49992448,0.57360643,0.47454393,0.48205826,0.48739988,0.51418215,0.54411864,0.52630836,0.4368798,0.5119899,0.51711506,0.52744734,0.54686326,0.5141805,0.57972413,0.53721035,0.47857663,0.5249251,0.48588917,0.4712465,0.5110508,0.52248055,0.52733475,0.49842408,0.5552603,0.53528994,0.53153205,0.5515647,0.48486277,0.575197,0.6405432,0.53612465,0.52138126,0.59636724,0.5508859,0.5776692,0.55060875,0.54938656,0.5385477,0.56632,0.52935827,0.6737671,0.5281788,0.5415824,0.58955824,0.56963915,0.5980299,0.45550054,0.44836167,0.64115906,0.433456,0.5102723,0.56324446,0.58783305,0.53401554,0.5868395,0.5760809,0.6661307,0.5523665,0.62491465,0.60588163,0.7475437,0.6539183,0.6617342,0.5313789,0.49694696,0.6372453,0.5080547,0.5263726,0.50471747,0.52228,0.5164801,0.5972077,0.538278,0.57244074,0.5222504,0.585515,0.5812923,0.51818955,0.55455816,0.5732689,0.5187154,0.5559618,0.54236335,0.50221556,0.49658713,0.5174358,0.5098223,0.53451496,0.5274843,0.54899687,0.5371368,0.54549956,0.5297371,0.5043806,0.5060546,0.52294594,0.5272689,0.53351223,0.53097004,0.53233576,0.5353251,0.53997296
174,0.57370114,0.5895744,0.53324324,0.5564769,0.56449234,0.6045806,0.6445392,0.5205559,0.5506202,0.5895197,0.5963768,0.54959714,0.627224,0.46880913,0.45582938,0.65963674,0.69522715,0.54291594,0.6979325,0.7425599,0.674605,0.61225694,0.5530494,0.63030314,0.5375531,0.5633051,0.5127207,0.50711185,0.46074545,0.47093505,0.46640575,0.5468011,0.4504084,0.4640271,0.49711075,0.49973217,0.5309481,0.5351226,0.47457308,0.5190182,0.5144637,0.47462812,0.5106774,0.51104456,0.5070964,0.4847177,0.49123162,0.7069382,0.6692522,0.51197076,0.5064619,0.49230245,0.5424238,0.49653435,0.49188876,0.49607426,0.5457484,0.5136802,0.5478775,0.54664713,0.52647257,0.5374618,0.5565201,0.49038973,0.5025115,0.54674065,0.5577414,0.5123478,0.5757153,0.57508457,0.5419482,0.46601406,0.5411436,0.5467908,0.5834847,0.6038959,0.5465035,0.4769818,0.5666826,0.49696264,0.56709176,0.49153507,0.48663148,0.50690484,0.5038262,0.543188,0.5806148,0.54338247,0.5445139,0.5744335,0.54117435,0.5257603,0.5284538,0.5821012,0.5098004,0.51579684,0.48029116,0.49870807,0.5172403,0.5082821,0.4844735,0.5404658,0.54526377,0.5707967,0.4658615,0.516246,0.52279407,0.53582627,0.5378119,0.5067991,0.5634397,0.54038644,0.47358048,0.54762757,0.47530046,0.4575443,0.48493022,0.5359026,0.54445064,0.5162229,0.566559,0.5148722,0.528243,0.56994754,0.49744087,0.55352783,0.56164,0.50283617,0.51420116,0.55205876,0.5412633,0.56747085,0.5142885,0.54115856,0.51135397,0.50019604,0.47994635,0.58271074,0.5341107,0.49949035,0.51695645,0.5564359,0.55709386,0.44648346,0.40254408,0.58456063,0.4091995,0.47459963,0.5272804,0.5485854,0.47167972,0.60668755,0.60124487,0.6283596,0.5275408,0.61031085,0.62908345,0.7525174,0.6689188,0.6409571,0.5339225,0.49746552,0.5908095,0.52037096,0.5201288,0.5089094,0.5330586,0.52838737,0.5581242,0.5202037,0.50009644,0.5647198,0.6137471,0.6048091,0.517596,0.5144735,0.5503857,0.55854815,0.54530585,0.5571964,0.5908826,0.60618794,0.5447935,0.567709,0.5884736,0.6467087,0.6706315,0.51596195,0.5354304,0.59730417,0.62421113,0.54282933,0.644264,0.5064443,0.48912278,0.6491848,0.73641866,0.5800163,0.742466,0.73478734,0.67217505,0.70414853,0.5782179,0.63905317,0.5797419,0.5978029,0.55028033,0.5708092,0.502943,0.5406266,0.4957335,0.548351,0.47342008,0.4715241,0.50999135,0.47076368,0.53747916,0.5333207,0.4666659,0.48708776,0.5191784,0.49254254,0.48805562,0.52928036,0.5324524,0.5892603,0.4677857,0.7035126,0.6699783,0.62013954,0.50629145,0.49005136,0.53463954,0.46057847,0.4952851,0.47314578,0.5415649,0.5297276,0.5455142,0.5484302,0.52409077,0.5839101,0.6098593,0.5547933,0.5129306,0.5461305,0.6046062,0.5739946,0.6069554,0.6218501,0.62856597,0.5560899,0.6292738,0.625643,0.61333454,0.6580435,0.60516554,0.51243466,0.5268164,0.6096498,0.58054966,0.54597133,0.52617365,0.55099785,0.5295209,0.5850509,0.60626686,0.5694129,0.56340355,0.5880963,0.6112023,0.5601181,0.5436446,0.6089982,0.56100065,0.5477701,0.51275986,0.58786404,0.48616928,0.4945502,0.50347507,0.53901476,0.57495946,0.54947174,0.44359934,0.5266759,0.5331678,0.54463756,0.56573546,0.51653445,0.6019165,0.54720765,0.49052423,0.54694664,0.49566263,0.47080165,0.51305395,0.52073026,0.53588617,0.5015659,0.5737883,0.53864974,0.54458445,0.579662,0.49161178,0.5862518,0.6624794,0.5473316,0.5370496,0.61329615,0.5548538,0.58265793,0.5585308,0.5551403,0.54078966,0.57354605,0.5358023,0.6884579,0.5405489,0.5515309,0.60399413,0.59394336,0.6138569,0.46539134,0.4570376,0.66201794,0.4328054,0.52081597,0.5799338,0.5996307,0.5438661,0.6091375,0.5949288,0.6891376,0.5608431,0.63693005,0.61554277,0.7686274,0.6769975,0.6867048,0.5482808,0.5077456,0.65611595,0.500576,0.5231563,0.49718556,0.5384219,0.5377216,0.6210546,0.5511602,0.5890631,0.52248824,0.61886984,0.6180453,0.5343815,0.5603664,0.5817749,0.52804613,0.5712029,0.5485373,0.4952409,0.4955125,0.5126033,0.50372547,0.53936803,0.53183705,0.5549297,0.5414608,0.5487353,0.53297377,0.5051425,0.5086465,0.5223393,0.52891743,0.540045,0.53696203,0.5367107,0.53903335,0.5467614
175,0.59407175,0.60148084,0.55430865,0.57529634,0.5829956,0.62030053,0.6582614,0.5303089,0.5684495,0.61049724,0.6119786,0.5688946,0.64903986,0.4790186,0.47001597,0.67686236,0.6995764,0.5462519,0.7144057,0.75659674,0.6813536,0.625901,0.5617252,0.65920025,0.56082106,0.5754243,0.5289855,0.5242821,0.47231612,0.47536325,0.4680621,0.5549845,0.44600177,0.46945652,0.5031861,0.51507604,0.5596321,0.55257595,0.4967388,0.53609645,0.5450199,0.49498162,0.5319237,0.5262056,0.5234353,0.48837793,0.4932029,0.71858615,0.66919357,0.51207936,0.51468056,0.49891102,0.5602492,0.5027205,0.50812435,0.4996291,0.5612588,0.51453286,0.56929255,0.57267475,0.5215801,0.5340493,0.5694176,0.4834016,0.49545687,0.54681844,0.5643673,0.5101978,0.5751243,0.5780881,0.5436499,0.45491436,0.5546186,0.56325525,0.6010302,0.6112492,0.55094576,0.4809697,0.57982886,0.5023694,0.5863807,0.49999654,0.4926586,0.5187775,0.5126316,0.5537596,0.5892177,0.54566556,0.5525692,0.58407927,0.54718786,0.5264856,0.5318724,0.58917737,0.5262328,0.52398276,0.4912289,0.49511403,0.54452485,0.5250771,0.5025132,0.56492335,0.57164955,0.5944212,0.48706412,0.5336932,0.54016036,0.55470103,0.5608,0.5138923,0.57737267,0.5477377,0.49494097,0.57820886,0.47679156,0.45502442,0.47941872,0.5382652,0.5515301,0.52180815,0.5859575,0.5189878,0.5465082,0.59112567,0.5117685,0.5571692,0.56706625,0.51675785,0.5305679,0.56359965,0.55015486,0.5708353,0.51588744,0.5453747,0.51127076,0.50024146,0.48219925,0.5825969,0.54820085,0.5108323,0.5281673,0.57338244,0.56670845,0.460472,0.41205835,0.59600765,0.41913378,0.48566398,0.5380478,0.5588419,0.473863,0.629603,0.6188153,0.64322484,0.52823794,0.6117961,0.62770677,0.7636802,0.68790215,0.6539998,0.5494356,0.50884587,0.598638,0.5186991,0.5193363,0.50624484,0.5547221,0.5473745,0.5745867,0.53239477,0.50176275,0.58054,0.64027745,0.63416344,0.53095627,0.5178259,0.5539821,0.5755884,0.5555333,0.57033473,0.6126695,0.612738,0.56361866,0.5850154,0.60574216,0.6617802,0.68754345,0.524109,0.55150205,0.617447,0.63576984,0.56126744,0.6666091,0.5209542,0.50937784,0.664051,0.7368255,0.5861088,0.7579006,0.74237823,0.6774727,0.7174625,0.5878809,0.6675244,0.60062194,0.6148732,0.56913304,0.5883402,0.5190948,0.55049247,0.5053746,0.5609247,0.4736934,0.47954568,0.5218928,0.481603,0.56163603,0.55408984,0.48830608,0.49814853,0.5426052,0.5120135,0.506993,0.5493714,0.5482473,0.5988573,0.46945223,0.71339196,0.6760516,0.62488896,0.51486564,0.4987805,0.5497556,0.46096906,0.51220727,0.4785917,0.5591827,0.5361824,0.56808114,0.57534784,0.521714,0.59593016,0.6261076,0.55775565,0.5114557,0.55117387,0.61648107,0.58154553,0.6102114,0.6312531,0.6375067,0.561955,0.6478587,0.64490247,0.6340128,0.6718718,0.6183707,0.5241148,0.5464046,0.6246107,0.59410316,0.5556236,0.5442371,0.5679249,0.5460173,0.6029723,0.61859053,0.57024956,0.5756553,0.59667724,0.6254733,0.5634994,0.5473667,0.6155799,0.5820218,0.558063,0.52948797,0.601122,0.50707316,0.51053953,0.5239583,0.5681111,0.6056037,0.5726202,0.45823267,0.5437124,0.54800904,0.56501794,0.5869273,0.5206435,0.6196996,0.55838627,0.51367193,0.5755733,0.50831664,0.4691646,0.5102576,0.5197863,0.5451715,0.5085122,0.5924959,0.5416751,0.5617743,0.60205144,0.49958515,0.5927965,0.67399704,0.5622641,0.55580086,0.6292544,0.5594342,0.58546966,0.5680903,0.56094325,0.5425904,0.57959324,0.544071,0.6901522,0.5567796,0.5636581,0.6157965,0.6158764,0.62223166,0.4822035,0.4747646,0.67184865,0.43711463,0.53570247,0.59785706,0.61204207,0.5566228,0.6316885,0.6128132,0.70332545,0.5642171,0.64500695,0.6183253,0.7766302,0.6948665,0.70278883,0.5714268,0.52402294,0.6659309,0.49404538,0.51983386,0.49058005,0.5578804,0.55946714,0.6427015,0.5639151,0.6058698,0.522786,0.6464749,0.6494649,0.548495,0.56778646,0.5878858,0.5370521,0.5857047,0.5544651,0.49004433,0.49768552,0.5099472,0.4993347,0.54425097,0.5370697,0.56202614,0.54707557,0.5517305,0.537163,0.508461,0.5137784,0.52317584,0.5300453,0.54807866,0.54498446,0.5412285,0.5432905,0.5549847
176,0.6139272,0.6126413,0.57598746,0.59377784,0.60095423,0.6331748,0.6654849,0.5399945,0.5827153,0.626418,0.6226148,0.58425164,0.66568106,0.49607044,0.4902416,0.6884599,0.69288284,0.55004954,0.72170174,0.7613439,0.68184096,0.6341692,0.57359666,0.6754354,0.57941216,0.5798112,0.5459805,0.5411182,0.4871259,0.48634687,0.4774436,0.56387603,0.45416307,0.48387885,0.5137305,0.532091,0.58650494,0.570007,0.5211401,0.5530267,0.5745114,0.51645607,0.5545368,0.54269326,0.5393589,0.49118564,0.49611592,0.7204131,0.6600047,0.5105695,0.521877,0.50586754,0.5750104,0.51032627,0.5262881,0.5047972,0.5746488,0.5168878,0.58976865,0.59722507,0.5185476,0.53009856,0.5763469,0.4825055,0.49548367,0.54960185,0.5678108,0.51181406,0.5732304,0.57417065,0.5444485,0.45188078,0.5669215,0.5736498,0.6112603,0.6095062,0.55184454,0.48756972,0.5885411,0.50825846,0.60070837,0.51047236,0.5010667,0.5334274,0.52170813,0.5639234,0.5934381,0.5486688,0.5588083,0.5892972,0.5513638,0.5281581,0.53457785,0.5904228,0.5401911,0.5315739,0.5037113,0.49342442,0.57143927,0.5405834,0.5190303,0.5835271,0.5910761,0.6085584,0.5086585,0.548606,0.55310285,0.572512,0.58179927,0.52204186,0.5839293,0.5537099,0.5216152,0.60565007,0.4793222,0.45473206,0.4739952,0.5410643,0.55775106,0.5295291,0.6028121,0.5243609,0.56326205,0.6016509,0.52464825,0.55986077,0.5681385,0.5320614,0.5444354,0.5719055,0.5582954,0.57211775,0.5189921,0.5485077,0.5124617,0.5031674,0.48714775,0.577488,0.5606522,0.524772,0.54093856,0.5867296,0.57218254,0.47794425,0.42879477,0.60085875,0.43455103,0.5003846,0.5466933,0.5679327,0.4812505,0.64755046,0.63076735,0.65047044,0.52831393,0.6122966,0.6200887,0.7636761,0.69981414,0.65786636,0.56477714,0.5240673,0.601504,0.5189474,0.5197519,0.50567234,0.57387847,0.56194276,0.58698034,0.54597795,0.50202453,0.59127814,0.6545011,0.6506461,0.5393375,0.52473927,0.55489236,0.5881995,0.5624221,0.5809516,0.6327798,0.6167803,0.5818169,0.6015551,0.6215598,0.6711511,0.6963642,0.53240746,0.5644127,0.6348353,0.64226335,0.581132,0.6832722,0.5393129,0.53306895,0.6731016,0.7244018,0.59009403,0.7615553,0.74054825,0.67614466,0.7217517,0.5965254,0.68272984,0.61948264,0.6282648,0.58708584,0.60554063,0.5337541,0.56363726,0.51991785,0.57576674,0.4864972,0.49687958,0.54038376,0.49487415,0.5835775,0.5730847,0.51172584,0.51051676,0.5649609,0.53126997,0.5290866,0.5702697,0.56035024,0.5979476,0.47249708,0.7127815,0.67169565,0.6192991,0.5222301,0.50794554,0.5622128,0.46505055,0.5305258,0.4878804,0.57579666,0.54210895,0.588702,0.60067344,0.5232983,0.60478085,0.6363151,0.5622849,0.5176782,0.55975467,0.6253745,0.5905318,0.6134342,0.6373776,0.6440382,0.56972516,0.6624571,0.6575182,0.6524224,0.6776768,0.626136,0.5367925,0.56608534,0.6353122,0.6073896,0.5663361,0.56198627,0.5847876,0.5618002,0.6191625,0.62891227,0.5729731,0.58544886,0.60143334,0.63390267,0.56696546,0.54964525,0.6185423,0.6000821,0.5650594,0.54682416,0.6109355,0.53108835,0.52633375,0.5413354,0.5917959,0.6260317,0.5886712,0.4743387,0.55894077,0.55765647,0.58411866,0.6052541,0.52596104,0.62961584,0.5691989,0.54055864,0.6018229,0.5208292,0.4682534,0.50491685,0.5203212,0.5534205,0.5185165,0.6075552,0.5441725,0.58048344,0.61246073,0.50823283,0.59472996,0.67394733,0.5791247,0.57416373,0.64143,0.56431997,0.58633155,0.57746655,0.56523615,0.5440683,0.5851236,0.5529617,0.68096393,0.57440275,0.5765301,0.6246516,0.6309186,0.62245566,0.50166327,0.49719715,0.67046094,0.44498596,0.5504663,0.61321545,0.62427354,0.57008153,0.6493803,0.62603974,0.7069922,0.5633774,0.6490007,0.61528814,0.7721832,0.70494246,0.7079239,0.5967206,0.5431998,0.6661328,0.490814,0.5191667,0.48670375,0.5755936,0.57588017,0.6577004,0.5750996,0.6184612,0.52311164,0.6605752,0.66653085,0.557276,0.5771274,0.5901488,0.54332745,0.59706575,0.5600283,0.48883215,0.50318253,0.5104044,0.49839026,0.54883003,0.54281783,0.56911725,0.5529477,0.55381066,0.5414365,0.51427937,0.5209151,0.5249692,0.53034174,0.55594003,0.5533333,0.5453025,0.5474658,0.562656
177,0.627411,0.6226884,0.5937758,0.60759044,0.61432904,0.6407736,0.66502017,0.5479943,0.58982956,0.6334608,0.62654847,0.5916663,0.6736901,0.51823044,0.5140331,0.6927878,0.67764586,0.5551815,0.7187616,0.7567294,0.67733485,0.63571286,0.5886162,0.67362255,0.58840066,0.5741192,0.5608934,0.5548273,0.50344634,0.5045173,0.4957894,0.5729443,0.4781403,0.5069111,0.5293161,0.54738504,0.60319203,0.5831112,0.54111105,0.56551296,0.59417593,0.53288585,0.5727435,0.5560105,0.5498397,0.49319425,0.50122386,0.71267015,0.64422476,0.5096443,0.52804786,0.5137695,0.5828562,0.51996773,0.54166853,0.5125875,0.58220327,0.5212491,0.6041018,0.61346626,0.5198483,0.5293742,0.5757085,0.49204698,0.50628245,0.55577016,0.5676601,0.5202308,0.5723729,0.5635572,0.5456533,0.4609605,0.57619923,0.57445514,0.6101846,0.59793323,0.5489428,0.4960542,0.5899808,0.5141367,0.60615975,0.52022684,0.51082206,0.5475578,0.52984005,0.5722725,0.59193116,0.55226374,0.56267583,0.588556,0.55309063,0.5306158,0.53535074,0.5850292,0.5488756,0.53706944,0.5158705,0.4962865,0.5902971,0.5513415,0.53009456,0.59104204,0.5977825,0.6091826,0.52444077,0.5574606,0.5592328,0.5843244,0.59471214,0.53023547,0.5811475,0.55791384,0.5457644,0.62215,0.4841403,0.4592583,0.47271466,0.5442339,0.5616616,0.53885734,0.6128988,0.53012455,0.57523006,0.59817046,0.53463703,0.5623588,0.5654681,0.54704046,0.5530471,0.57554466,0.56380254,0.5726425,0.523325,0.54963124,0.5147024,0.5088553,0.49454972,0.57021934,0.5697348,0.5392819,0.55409306,0.5940403,0.5729132,0.49566144,0.4503907,0.59877217,0.45248494,0.51508915,0.5518639,0.57519907,0.49512723,0.6559633,0.63404983,0.64839923,0.5294859,0.61458707,0.61054677,0.7528528,0.7029959,0.65182406,0.5782734,0.54142296,0.59961104,0.52232075,0.5233567,0.5077973,0.5852464,0.5687546,0.59158087,0.5588814,0.5008038,0.59360725,0.6516923,0.6493134,0.5414638,0.5363414,0.5538976,0.5934577,0.56458986,0.5870589,0.64537454,0.61931026,0.5952592,0.61344194,0.63226694,0.672941,0.695161,0.539601,0.5704505,0.64524925,0.64286894,0.5978804,0.6906344,0.5593996,0.55627567,0.674829,0.70297945,0.5924423,0.7526368,0.73031485,0.66973376,0.71679074,0.60417086,0.6794167,0.6311914,0.63359815,0.6008199,0.61953855,0.54459405,0.5796854,0.53882843,0.59079885,0.51284915,0.5220746,0.5642259,0.5073949,0.5967721,0.58498174,0.53012264,0.52099055,0.57978904,0.54441065,0.54806745,0.5861294,0.5647745,0.58665615,0.47792214,0.7024145,0.65791714,0.6058804,0.5279058,0.51701975,0.56870544,0.47388467,0.5451552,0.500764,0.5871879,0.5465049,0.6010376,0.61700803,0.5312986,0.6090762,0.63775927,0.57003176,0.53404766,0.5711771,0.6298198,0.60145646,0.6176405,0.6391764,0.6477382,0.5790154,0.6701136,0.65985477,0.663005,0.673476,0.62632024,0.54778665,0.58161646,0.6394565,0.61773163,0.57600594,0.575774,0.5979388,0.57385826,0.6299884,0.63434666,0.57911956,0.5914816,0.6019686,0.634364,0.5697433,0.5500203,0.6170368,0.61147106,0.5673384,0.56151044,0.6154268,0.55204815,0.5382938,0.55042905,0.6030162,0.6298566,0.593109,0.48706532,0.5686605,0.5600056,0.5969943,0.615625,0.53171396,0.62896,0.5777305,0.5633788,0.618161,0.5305801,0.47077042,0.50058806,0.5228941,0.55942553,0.53043467,0.61549073,0.54591167,0.59740925,0.6080432,0.5173863,0.592422,0.6626785,0.5947696,0.5882764,0.64747983,0.568776,0.58593935,0.58514684,0.56666756,0.5452636,0.59007835,0.5610074,0.66419214,0.58967406,0.58832985,0.6304117,0.6358506,0.6150123,0.51972306,0.52030146,0.6589642,0.45555267,0.56110114,0.6227532,0.635531,0.5826584,0.65771735,0.6313108,0.6993653,0.5597286,0.6496595,0.60880905,0.75612664,0.70548075,0.7008485,0.6204154,0.56197435,0.657262,0.49279675,0.52370703,0.4865967,0.5870051,0.5825921,0.6617578,0.58368486,0.62333685,0.5235046,0.6565162,0.663944,0.5593777,0.5877338,0.5882305,0.5453029,0.6027076,0.5648691,0.49286646,0.5111247,0.5143252,0.502028,0.55251616,0.548303,0.57469106,0.5578744,0.5542554,0.54476833,0.5224611,0.5294178,0.52705413,0.52961797,0.5616772,0.55998474,0.54840124,0.55084187,0.5677543
178,0.629843,0.63057107,0.60426855,0.61303717,0.61949337,0.6407567,0.6556732,0.5530584,0.5878374,0.6287478,0.62243587,0.5884227,0.6704288,0.54426503,0.5399743,0.68801284,0.65619653,0.5617718,0.7044889,0.7419451,0.66829836,0.6298831,0.6053963,0.6524092,0.5852433,0.558098,0.5719952,0.5643037,0.5200397,0.53083974,0.5235491,0.58269536,0.51947373,0.5385603,0.55124396,0.55902845,0.6052976,0.5889231,0.553158,0.5710727,0.599465,0.54166347,0.5815458,0.56223094,0.55168116,0.49445552,0.5097079,0.69538677,0.6239805,0.51112634,0.5337729,0.52362466,0.5816748,0.5320896,0.5512204,0.5227209,0.582066,0.5276879,0.608903,0.61656857,0.5277116,0.53550214,0.56813604,0.5146942,0.5301149,0.5664852,0.56534445,0.5376886,0.5748942,0.5489585,0.5496309,0.48545983,0.58143115,0.5648401,0.5961179,0.578127,0.5438845,0.50517327,0.5823228,0.5191694,0.6006874,0.52724063,0.5217275,0.5579268,0.53567654,0.57725084,0.5851217,0.557074,0.5646767,0.5820989,0.55258566,0.5342194,0.53382134,0.57391495,0.5510466,0.539635,0.52704364,0.50581956,0.59650385,0.55555815,0.5347986,0.5860981,0.5907967,0.5963616,0.53193736,0.5590822,0.55930835,0.58584076,0.59561193,0.5378381,0.5686654,0.56094486,0.56082696,0.6237976,0.4922899,0.47063243,0.47871363,0.54777414,0.56271917,0.54946727,0.6135714,0.535935,0.5807549,0.58224547,0.54208815,0.5650056,0.56015563,0.5606103,0.55524707,0.57493645,0.5657444,0.574878,0.52928984,0.5485068,0.518108,0.51696056,0.50412834,0.5632655,0.57472616,0.55227405,0.566586,0.59391284,0.5686554,0.5119577,0.47576913,0.5902263,0.47079203,0.5265444,0.5539223,0.58120346,0.517205,0.6517093,0.6270611,0.6358838,0.53310084,0.61958134,0.6023452,0.73111224,0.6959444,0.6356858,0.59024996,0.55955714,0.59324396,0.52969116,0.53219116,0.5130023,0.58637524,0.56675446,0.5860052,0.57033163,0.4992815,0.58609504,0.63169086,0.6300195,0.5393859,0.5534501,0.5525926,0.59084094,0.5618129,0.58806586,0.64578366,0.62054795,0.60082406,0.6171366,0.6344804,0.6654379,0.6821993,0.5446368,0.5680358,0.6448212,0.6360183,0.6065215,0.6858349,0.5798487,0.5765302,0.66767377,0.676431,0.5929644,0.7300982,0.71202844,0.6596456,0.70231634,0.61027443,0.6563163,0.63140154,0.62663287,0.60759085,0.6270674,0.5501554,0.5984734,0.56117165,0.6051072,0.5523778,0.55359215,0.5925437,0.5175249,0.5979075,0.58660764,0.5405385,0.5279887,0.5835104,0.5489927,0.55823696,0.591615,0.55929303,0.5662367,0.4872548,0.6827084,0.636188,0.5877996,0.53241473,0.5264065,0.5673343,0.4883175,0.5530151,0.5158217,0.5908994,0.54879177,0.60099185,0.61893535,0.5474554,0.60799426,0.628168,0.5814574,0.56177354,0.58499515,0.6287069,0.61444396,0.6227617,0.63614154,0.6483729,0.58934885,0.66801953,0.64863336,0.66067076,0.65803915,0.6183496,0.55387145,0.5884074,0.6339984,0.6217106,0.5819223,0.5828285,0.60356724,0.5797025,0.6317855,0.63224334,0.5896865,0.5931146,0.59837556,0.6253729,0.5708746,0.54860616,0.6107376,0.61307174,0.5641603,0.5705186,0.6133884,0.56543344,0.5438697,0.55015844,0.5993446,0.6162345,0.5857306,0.49470466,0.57074565,0.5563105,0.59896517,0.6143601,0.5372673,0.61615777,0.58310825,0.5760468,0.6202769,0.53572077,0.4790283,0.5002893,0.5278623,0.56294674,0.5433039,0.61392933,0.54676133,0.609452,0.5907709,0.5276526,0.5865515,0.6414683,0.6060996,0.5947598,0.6458269,0.57214,0.5852718,0.5900181,0.56435317,0.5462214,0.59324116,0.5663374,0.6431698,0.598776,0.5966106,0.63229847,0.6290314,0.6005444,0.53321606,0.54110175,0.6385565,0.46825582,0.5645022,0.62377566,0.64505625,0.5936886,0.6539038,0.6263372,0.68011695,0.5547421,0.647623,0.6012305,0.72883034,0.6952994,0.6806156,0.6402247,0.57723033,0.64033514,0.50156724,0.53533924,0.4903964,0.58938926,0.57805836,0.6514759,0.5888528,0.6180393,0.5240093,0.63433653,0.6416262,0.55652404,0.5988766,0.5824217,0.5430689,0.6007374,0.56943154,0.50251544,0.5203534,0.5212842,0.51040864,0.5546898,0.55248135,0.5770884,0.56075054,0.5527224,0.54638594,0.53294075,0.53884465,0.52891374,0.52793914,0.5637522,0.56324816,0.55023605,0.5526914,0.5687377
179,0.61904234,0.6349918,0.6062931,0.6080398,0.6142605,0.6318291,0.63709676,0.55506784,0.5776073,0.6110493,0.6098915,0.5734985,0.65487856,0.57338935,0.5678477,0.67337143,0.63126826,0.5689781,0.67889595,0.7167502,0.6549386,0.61739373,0.62152094,0.61659145,0.57024705,0.5335836,0.57932127,0.5704886,0.536853,0.56552714,0.55994993,0.5948635,0.57624793,0.5781498,0.580502,0.56716645,0.5933652,0.5869968,0.55766255,0.5696379,0.5905936,0.54383755,0.57755256,0.55908203,0.5444903,0.49500453,0.5217976,0.6697647,0.60163003,0.5155719,0.5400328,0.53595304,0.57239085,0.5464009,0.5541381,0.5333288,0.5746473,0.53570926,0.60359645,0.60464376,0.54393315,0.55117834,0.55622995,0.5507564,0.56706905,0.58287203,0.56365806,0.5648393,0.5824102,0.534524,0.559198,0.52615803,0.582919,0.5465472,0.5698287,0.5534727,0.53895116,0.51296234,0.56487596,0.52210283,0.5843422,0.5305801,0.5341818,0.5621086,0.5377094,0.5778079,0.5747383,0.5640996,0.5667446,0.57175714,0.550954,0.539564,0.5306754,0.5597055,0.54707694,0.53940207,0.5377107,0.52317727,0.58939105,0.55422807,0.5351856,0.5721204,0.5749391,0.57560617,0.5326074,0.55506027,0.55709016,0.57449085,0.5838872,0.54468775,0.54875857,0.564985,0.5627017,0.61125934,0.5038844,0.48904502,0.49259782,0.55175483,0.56183,0.5611489,0.6049978,0.541978,0.5797354,0.56156236,0.5489512,0.56816715,0.5539676,0.5724313,0.55119,0.5718032,0.56420875,0.581262,0.5375713,0.54575986,0.5230181,0.52704805,0.51523775,0.55829054,0.5762971,0.56194484,0.5778981,0.5870411,0.5603226,0.5266074,0.50441706,0.57692075,0.48757318,0.5325501,0.55453086,0.587158,0.548545,0.63468796,0.6107189,0.613397,0.54019886,0.62599665,0.597164,0.6994622,0.67839694,0.61073905,0.6024043,0.5782745,0.5829577,0.54156005,0.54783076,0.52120847,0.5783454,0.5583303,0.57015735,0.58086294,0.49879092,0.56954724,0.6006701,0.59945256,0.53847265,0.57599956,0.5528682,0.58302313,0.55560195,0.58556724,0.6318634,0.62002426,0.59769285,0.61052823,0.6263329,0.6481543,0.6569846,0.5471643,0.55880356,0.63100797,0.6206364,0.60329527,0.66766846,0.6001435,0.5932196,0.651285,0.6488272,0.5908881,0.6940969,0.6866074,0.64750266,0.67909235,0.61388963,0.6183472,0.6180481,0.60444635,0.6064136,0.6260942,0.55000377,0.61957717,0.5858959,0.61934584,0.6023733,0.589317,0.6247041,0.52540594,0.5875046,0.5779929,0.5444542,0.5317989,0.57618284,0.54594845,0.5555519,0.58319426,0.5438365,0.53923005,0.50109136,0.6548106,0.60920596,0.5682898,0.5371716,0.53681874,0.5588584,0.5078642,0.5535556,0.5305365,0.5870904,0.54913116,0.58759594,0.6039422,0.57301253,0.6022221,0.6063712,0.59650934,0.5998927,0.60085225,0.6218332,0.6295964,0.6281565,0.6288147,0.6467656,0.6001341,0.6547267,0.6218183,0.6421318,0.6313292,0.6033431,0.551937,0.5831017,0.61671084,0.6163257,0.5817232,0.58177656,0.5990976,0.57762694,0.6222829,0.62140626,0.6045949,0.5914983,0.5911381,0.60676134,0.56944925,0.54608214,0.60058314,0.60302407,0.55560666,0.57160705,0.6048965,0.56913614,0.54264873,0.5433874,0.58349204,0.59085655,0.5714833,0.49845257,0.5656012,0.5515963,0.5869899,0.6004871,0.54241985,0.5920395,0.5867708,0.5751952,0.6075639,0.5353036,0.4936307,0.50514454,0.53516906,0.5648536,0.55656666,0.6026116,0.54684424,0.6145663,0.56844723,0.5402578,0.5785521,0.6133566,0.61144686,0.5917228,0.6363836,0.57427645,0.5854559,0.5915714,0.558307,0.5472059,0.5928644,0.5672126,0.62130576,0.5993856,0.5989871,0.6294449,0.6114858,0.58042467,0.54012394,0.5576348,0.61107504,0.4820987,0.55894506,0.614808,0.6524876,0.6034761,0.63856673,0.6108963,0.6503202,0.55005693,0.643343,0.5942849,0.6918312,0.67494786,0.647845,0.65594923,0.5873184,0.61733717,0.51791584,0.55482864,0.4973446,0.5828237,0.5645836,0.6257465,0.5905112,0.60169995,0.52453625,0.60081774,0.6067132,0.55381435,0.6105733,0.57341903,0.5388265,0.5912934,0.5756656,0.5171382,0.52992064,0.53005505,0.5223666,0.55494446,0.5543715,0.5751273,0.56097853,0.5497005,0.5461958,0.5455641,0.54903346,0.5304045,0.5257793,0.5615827,0.56226456,0.55106634,0.55256665,0.56520486
180,0.59615684,0.63574755,0.60134226,0.5931442,0.598996,0.6148646,0.6109404,0.5556725,0.5632378,0.5817794,0.5904794,0.5480842,0.62895757,0.60410035,0.5972327,0.6510065,0.6070099,0.57549024,0.6449253,0.68353534,0.63839865,0.60072446,0.6348206,0.5768028,0.5461135,0.5039845,0.58466613,0.57552046,0.55470836,0.6066514,0.6019536,0.61144704,0.641274,0.62286776,0.6160861,0.5740858,0.5723467,0.5796357,0.55794567,0.5636651,0.57171124,0.54280233,0.5602965,0.54713935,0.53106016,0.4958358,0.537054,0.6398192,0.5810413,0.5227125,0.5480646,0.55055976,0.55935484,0.56200475,0.5519163,0.5424157,0.562579,0.54469866,0.5904011,0.57932645,0.56879467,0.57667106,0.5433335,0.59683937,0.6136732,0.604144,0.56547993,0.59980625,0.59539944,0.52404475,0.57602483,0.57880497,0.58215964,0.5229474,0.5344661,0.5279666,0.5359102,0.5174216,0.53866374,0.5214687,0.55933046,0.5298554,0.5481426,0.55907565,0.53470886,0.5738214,0.5631848,0.57392937,0.57153106,0.5606211,0.54938674,0.54660684,0.5273582,0.54586774,0.53865564,0.5378151,0.5484741,0.5476559,0.5718153,0.5506954,0.53462076,0.5558661,0.55850637,0.5561559,0.5299542,0.54884225,0.5570608,0.5504697,0.5620203,0.55110997,0.52544564,0.5722889,0.5504189,0.58881,0.5179003,0.5126822,0.51272374,0.55630255,0.5609554,0.57359445,0.59033644,0.54866654,0.5730799,0.54670084,0.55721116,0.57247394,0.5492264,0.5826466,0.5418281,0.56839764,0.5602805,0.59327155,0.5482355,0.5426846,0.5294558,0.5381801,0.5268127,0.5563312,0.576136,0.56754655,0.58834255,0.57649946,0.55061376,0.53959936,0.5347184,0.5619615,0.5009611,0.5324907,0.55566823,0.59440356,0.5877746,0.6090737,0.5886691,0.58387494,0.5513829,0.63164574,0.5957328,0.6620096,0.652754,0.5806576,0.61653,0.5984608,0.5700045,0.5577427,0.5705876,0.5316111,0.5647186,0.54883546,0.5458568,0.5911834,0.4995217,0.5469083,0.56954724,0.5695557,0.5443561,0.60259455,0.5564963,0.5747503,0.54826105,0.5823533,0.60509694,0.61757773,0.5879952,0.59404653,0.60864216,0.62302876,0.62172025,0.5483044,0.54734224,0.60444146,0.59846914,0.58786476,0.6380601,0.6201397,0.6071558,0.62812227,0.6249484,0.58586574,0.64849406,0.6570576,0.6354435,0.6502078,0.6147368,0.5763801,0.5929139,0.5679529,0.5993307,0.61786544,0.54581094,0.64260846,0.611946,0.63527256,0.6572493,0.62633926,0.6596871,0.53276414,0.56972146,0.56255376,0.5462152,0.5341021,0.56127167,0.5386142,0.5391302,0.5611098,0.5214447,0.510592,0.51885515,0.6226638,0.58227307,0.55107826,0.5441792,0.54893976,0.5471974,0.5305246,0.5486614,0.5427098,0.57860947,0.54849803,0.5631205,0.5733341,0.60748106,0.59435546,0.5742155,0.61494327,0.644504,0.61791563,0.61104614,0.6474786,0.634125,0.619732,0.64573604,0.6114462,0.6322831,0.58116204,0.6080528,0.5960643,0.5846393,0.5410992,0.5658405,0.5889815,0.6012661,0.57501394,0.5735661,0.58489656,0.56811893,0.602129,0.6035883,0.62296134,0.58911055,0.58189446,0.58079815,0.56520635,0.5436136,0.58931214,0.5827435,0.5436078,0.56473076,0.5924149,0.563573,0.53679127,0.5348775,0.56199074,0.5637619,0.55834365,0.5005518,0.5561488,0.55207443,0.56134725,0.5764007,0.5474885,0.5604312,0.59168434,0.5605893,0.5827259,0.5296993,0.51337636,0.5149112,0.5444111,0.566749,0.5700097,0.5841619,0.54676205,0.61268425,0.551579,0.55611026,0.5706705,0.58377415,0.6114951,0.5797377,0.6216806,0.57586807,0.5877983,0.5905446,0.5499303,0.5488935,0.58840334,0.5635277,0.6023436,0.591989,0.59499145,0.62267834,0.58766997,0.5582461,0.54031575,0.5692883,0.5804755,0.49576396,0.5451276,0.5972982,0.6589282,0.61344844,0.6166232,0.5875233,0.61369026,0.5476221,0.637382,0.58919764,0.64995766,0.64792055,0.606438,0.6695371,0.5934356,0.59175813,0.5409818,0.5814928,0.505948,0.5701172,0.54777855,0.58746964,0.5897232,0.5765449,0.52493525,0.56788784,0.57184255,0.55729705,0.62388647,0.56274337,0.53570276,0.5769197,0.5855225,0.53486085,0.5391776,0.5392704,0.53580004,0.55313575,0.55347925,0.5690457,0.55879617,0.5464492,0.54493946,0.5598653,0.5599589,0.5317271,0.52398896,0.5557183,0.5573083,0.5517446,0.55076563,0.55831695
181,0.5661116,0.633941,0.5927789,0.5718162,0.5770614,0.59326047,0.5811048,0.55735743,0.5502278,0.54504263,0.567658,0.5158944,0.59743017,0.63341343,0.62601537,0.6254475,0.58704746,0.5802777,0.60834825,0.6470485,0.6204477,0.58331186,0.64413,0.544347,0.5168875,0.47353745,0.59039015,0.5812899,0.5740178,0.65052706,0.64501584,0.632815,0.70412934,0.6680746,0.6544499,0.5825719,0.5495688,0.5706099,0.5583333,0.5573414,0.5499866,0.54240996,0.53354716,0.5301246,0.5158896,0.4984642,0.5544918,0.6105329,0.56521446,0.5312425,0.55840373,0.5664707,0.54831475,0.5777159,0.54796416,0.5492626,0.5496946,0.55439353,0.57337123,0.5460191,0.59977984,0.60921264,0.53276455,0.64593637,0.6628946,0.62691694,0.5731498,0.63896537,0.6133963,0.5202663,0.59986466,0.6350625,0.5813924,0.4985136,0.4952637,0.5053502,0.53667724,0.51780343,0.5074904,0.5163573,0.5298209,0.52509004,0.56303704,0.5495501,0.52711135,0.56605834,0.55324125,0.5865964,0.58122367,0.55254143,0.54817593,0.55447865,0.5253813,0.535373,0.5277018,0.53706765,0.55981535,0.57712317,0.54959893,0.54862154,0.5361313,0.543999,0.5485643,0.54598826,0.5279601,0.54371387,0.561902,0.5173077,0.534346,0.55755,0.5020301,0.58278066,0.527462,0.562468,0.53260523,0.53813165,0.53580046,0.56161773,0.5621628,0.5865181,0.5748022,0.55648315,0.5624609,0.5445636,0.56724125,0.57879055,0.54803944,0.5914356,0.5286999,0.56714517,0.55604255,0.611521,0.5607235,0.5406494,0.5368679,0.54858476,0.53756416,0.55739325,0.5755554,0.56938416,0.59862584,0.5660782,0.5428046,0.55031794,0.56401443,0.5484275,0.5103741,0.5274681,0.5593547,0.60450387,0.6313642,0.5816278,0.56589395,0.55228996,0.5667491,0.6345472,0.5973424,0.62459105,0.6235469,0.55084926,0.6335425,0.6209438,0.5564092,0.57706714,0.59888095,0.54277927,0.5496609,0.5436819,0.5156998,0.6015431,0.5015483,0.52236116,0.5480909,0.55063915,0.5588882,0.6310561,0.5648789,0.5698999,0.54141563,0.58017987,0.5710373,0.6132305,0.5757967,0.5709899,0.5849272,0.59426224,0.58177644,0.5502248,0.53884345,0.56956774,0.5738735,0.5638358,0.6020741,0.63914734,0.61922336,0.602684,0.6078868,0.5784883,0.6005743,0.6273136,0.62489736,0.62016386,0.6130717,0.54187757,0.56116503,0.5234354,0.5903614,0.6063639,0.5410587,0.66806597,0.6386034,0.65461576,0.7103639,0.66186565,0.6957004,0.5418048,0.55084014,0.54552394,0.55035937,0.53717315,0.54453945,0.53128505,0.51251614,0.53024,0.4973124,0.48553446,0.53921175,0.59181726,0.56095165,0.5386438,0.55463636,0.5629005,0.53764653,0.5538052,0.5420695,0.55184036,0.5696056,0.54814893,0.5325606,0.5327365,0.6468162,0.5881039,0.5378456,0.63567543,0.68980587,0.63473594,0.6008453,0.66917163,0.64253443,0.6136315,0.64919174,0.62479156,0.6068114,0.53424674,0.5642191,0.5587847,0.56801075,0.52393097,0.54059124,0.55580693,0.58019984,0.5635429,0.56194997,0.5643037,0.5548818,0.5748914,0.58368456,0.6439228,0.5873438,0.5736742,0.5519856,0.55891,0.54252183,0.5804961,0.5570716,0.5316601,0.55328494,0.5813129,0.5521652,0.5300819,0.5292927,0.54268897,0.5439314,0.5530959,0.5033676,0.5462005,0.56129324,0.52612185,0.54692084,0.5528925,0.52665,0.5995476,0.53598785,0.55132854,0.5209351,0.53579193,0.52820337,0.55537283,0.5703933,0.58377284,0.5637628,0.5474543,0.6058067,0.5471241,0.5746972,0.5653667,0.5588477,0.60873556,0.561618,0.60675764,0.5782069,0.593735,0.5892467,0.5417802,0.551987,0.58076876,0.5568461,0.58851564,0.5791901,0.5862922,0.6146139,0.56372446,0.5386332,0.5357178,0.5772581,0.55157614,0.5086414,0.526401,0.5766706,0.66750306,0.6262553,0.5946922,0.5608242,0.5760425,0.5493275,0.6298264,0.58585227,0.60954463,0.61938685,0.5631424,0.6837212,0.5990156,0.5676843,0.5680085,0.6130293,0.5143499,0.55544764,0.53390056,0.54318875,0.58827406,0.54907805,0.5251295,0.5460658,0.54807895,0.5699772,0.640273,0.55330205,0.5355149,0.5610469,0.59838504,0.55278575,0.5475146,0.5481993,0.5487278,0.5496944,0.5503732,0.5607971,0.5552864,0.54426175,0.54383945,0.57516867,0.5716453,0.5332458,0.5234454,0.5478605,0.54995763,0.5533614,0.54847056,0.5504753
182,0.5369009,0.6307064,0.58466494,0.5497404,0.554162,0.57218033,0.5531915,0.5615818,0.5430113,0.50682026,0.5451913,0.48292378,0.5667915,0.6575849,0.6506476,0.6015985,0.5714534,0.5826314,0.5759156,0.61268246,0.60251814,0.56826967,0.6488635,0.5268394,0.4878052,0.44727066,0.5979208,0.58855873,0.5938828,0.6928096,0.6847171,0.6567895,0.75573504,0.7085213,0.6905127,0.5936308,0.53206265,0.5633214,0.562312,0.554781,0.53411895,0.5452576,0.50465494,0.51333195,0.50257826,0.5024593,0.571402,0.5846579,0.55248916,0.53734773,0.57020354,0.581716,0.5435561,0.5918359,0.54630387,0.5533163,0.53936464,0.5639387,0.557143,0.51305264,0.6313167,0.64392054,0.52798146,0.6897104,0.7062215,0.6464644,0.5882227,0.67828,0.63483584,0.52523,0.6289732,0.6861364,0.5828179,0.47848356,0.4590683,0.48922038,0.5439882,0.51426226,0.4779438,0.50680166,0.5011817,0.51690745,0.5780641,0.535995,0.5178211,0.5562913,0.54802537,0.6015692,0.5966435,0.5515193,0.5471086,0.5620014,0.52562505,0.5300149,0.51529205,0.5382156,0.57234395,0.60911036,0.53074056,0.5502874,0.5418862,0.5408742,0.54856026,0.54881775,0.5305733,0.5412316,0.5722634,0.48167777,0.50603855,0.5638868,0.48067343,0.5938527,0.5016753,0.5388075,0.5452016,0.5597548,0.55584484,0.56766677,0.5667972,0.5994595,0.56432974,0.56529444,0.5505502,0.5560955,0.57817525,0.5878738,0.55123526,0.59876007,0.51451147,0.57051444,0.5540089,0.63560444,0.57438,0.5404792,0.5441748,0.5556033,0.5454596,0.5594117,0.5746698,0.5675997,0.60861516,0.55846786,0.53872496,0.55759585,0.58969283,0.537605,0.5166403,0.51915246,0.5678877,0.6189476,0.6750062,0.55861044,0.547292,0.5245825,0.5856556,0.6331096,0.5986173,0.5918141,0.59591615,0.52705383,0.65310556,0.64506567,0.5444479,0.5971076,0.62913936,0.55280113,0.53684884,0.54561204,0.48314095,0.6118124,0.5064448,0.50046605,0.5414045,0.54719794,0.57968396,0.65875715,0.57870805,0.569738,0.53602475,0.57901067,0.5382219,0.60618865,0.5654014,0.54687065,0.5603741,0.56713635,0.5448734,0.5544006,0.53683585,0.53296137,0.5502582,0.53665227,0.5667352,0.6554883,0.6291659,0.57943195,0.59614587,0.569538,0.558214,0.60025096,0.615398,0.59303457,0.6086016,0.52223176,0.52876,0.48048836,0.58264697,0.59506935,0.5387306,0.6964278,0.6651562,0.6776154,0.7558298,0.693295,0.72980917,0.5536133,0.53692675,0.5315823,0.55976206,0.54292375,0.53216976,0.527414,0.48283303,0.49809423,0.47571823,0.46561298,0.55930495,0.5658111,0.54661345,0.5293554,0.56769025,0.5775481,0.5341131,0.57512844,0.53798866,0.5581394,0.5632703,0.54866546,0.5025841,0.49120048,0.6838124,0.5868544,0.5060373,0.6561952,0.7297814,0.6489072,0.5969149,0.69485855,0.6548863,0.61528486,0.6592822,0.6418137,0.58579487,0.49226424,0.51952624,0.5281408,0.56012547,0.5041849,0.5127277,0.5220247,0.558585,0.54903716,0.55218035,0.54202676,0.5435626,0.5457787,0.56769073,0.66613704,0.58603466,0.569835,0.5257833,0.55167407,0.54370064,0.5763236,0.5311872,0.52236944,0.542977,0.57817686,0.54100674,0.5260471,0.5304131,0.5325891,0.5361598,0.55912733,0.5094346,0.5383248,0.57875633,0.48803642,0.51737523,0.55827975,0.4958652,0.6090778,0.50885797,0.52121276,0.5115527,0.5564227,0.54079765,0.567962,0.5771372,0.59789234,0.54772854,0.5493099,0.5967947,0.5564272,0.5937199,0.56485945,0.5429504,0.60555553,0.5412883,0.5970758,0.5822446,0.60424364,0.5902842,0.53632873,0.55633056,0.570256,0.5479347,0.5785406,0.56359965,0.5745024,0.60720915,0.5447722,0.5239485,0.5287209,0.5835478,0.52702713,0.5203138,0.50684714,0.56067604,0.6814507,0.6444444,0.5773375,0.5363214,0.5436041,0.55617756,0.6199269,0.58174723,0.5748924,0.5939184,0.5255101,0.6996124,0.6066534,0.54837114,0.5947261,0.6454987,0.5206125,0.54255825,0.5272337,0.500332,0.58813393,0.52836436,0.525037,0.5404167,0.5408009,0.5903842,0.6600633,0.54878527,0.5379902,0.5465048,0.6108332,0.56737405,0.55374485,0.5563966,0.559636,0.545648,0.546514,0.552989,0.551895,0.54366314,0.54380924,0.59048206,0.5838776,0.53509694,0.52450573,0.54023004,0.54239005,0.5564598,0.5469773,0.54427785
183,0.515909,0.6270081,0.5804677,0.532525,0.5360052,0.5564264,0.5323304,0.56814164,0.54344225,0.473861,0.5262775,0.4554168,0.54328746,0.6751825,0.66947365,0.5835581,0.5580979,0.5822356,0.55304027,0.5854419,0.58606577,0.55762666,0.64934593,0.5269961,0.46465746,0.42931977,0.60773593,0.5974763,0.61277205,0.72983533,0.7177083,0.68031204,0.79243803,0.74081844,0.72069335,0.6065808,0.5243949,0.5598658,0.5716469,0.55817497,0.5307654,0.5523456,0.4813505,0.5010512,0.49299723,0.5054491,0.5843828,0.56335497,0.5388449,0.53705,0.5819379,0.59433484,0.5463576,0.60286033,0.549649,0.5537542,0.53330296,0.57111794,0.5459166,0.48870525,0.6573722,0.6754629,0.5310405,0.72237366,0.7378516,0.659261,0.609751,0.7135987,0.6568871,0.53860235,0.6599002,0.72582936,0.58769697,0.4665731,0.4318972,0.48182842,0.5588093,0.5072708,0.45611966,0.4937461,0.47836277,0.506376,0.5919033,0.5221747,0.51052356,0.5474647,0.5496057,0.6175152,0.61644965,0.5598651,0.5466163,0.5680126,0.5280372,0.5301157,0.50256276,0.540548,0.5861367,0.6402184,0.5224054,0.5562401,0.55270797,0.5477827,0.5589,0.5640414,0.5405089,0.54160464,0.58756745,0.45124915,0.48236737,0.5697809,0.46348262,0.6031775,0.48165536,0.5238695,0.55277854,0.5720197,0.5667436,0.57396746,0.57472515,0.61145586,0.5625701,0.5737667,0.54072344,0.5782992,0.5894125,0.59924936,0.5575064,0.6049194,0.50301844,0.579985,0.555802,0.66316795,0.58813065,0.54231524,0.550148,0.5569322,0.54832155,0.55930054,0.5735663,0.56260806,0.6174011,0.55493504,0.5381471,0.56123984,0.6102789,0.52941483,0.5210111,0.5094036,0.58243215,0.63777095,0.71430296,0.5439294,0.536217,0.5054729,0.6057182,0.62709415,0.5958328,0.5665566,0.57458067,0.5130222,0.674518,0.6688988,0.53564185,0.61480516,0.6570235,0.55991584,0.52921426,0.5542808,0.4529277,0.6220134,0.5152598,0.48497087,0.5501015,0.55874586,0.6027829,0.6830249,0.5971569,0.5740139,0.53288054,0.5787398,0.5143546,0.59616846,0.5597192,0.52729285,0.54015815,0.5464169,0.51792186,0.5606232,0.5420222,0.5014452,0.5290206,0.51135427,0.53905433,0.668691,0.6375107,0.561727,0.5862043,0.55983686,0.5274249,0.57791305,0.60620415,0.5721938,0.601508,0.5199313,0.5011102,0.44701183,0.57781416,0.5859758,0.5402398,0.7266056,0.6902179,0.7028539,0.7904263,0.71898794,0.7595738,0.5675631,0.5318188,0.52370316,0.5750438,0.55180925,0.52839094,0.52872396,0.45762995,0.47158208,0.45883566,0.44974694,0.5755954,0.5457987,0.537067,0.51984257,0.58107495,0.59105474,0.5374996,0.59209836,0.5392371,0.5617108,0.56098825,0.5496774,0.47973436,0.45816028,0.71255684,0.59217495,0.4857191,0.6739474,0.7605172,0.65803224,0.6026657,0.7224848,0.67036754,0.6260145,0.6749644,0.6620791,0.57426816,0.46383664,0.48199952,0.5101812,0.56458473,0.48489365,0.48719946,0.49076048,0.5405913,0.53253084,0.54857606,0.5229663,0.53898776,0.5207294,0.55954576,0.6873371,0.5858113,0.57257783,0.5072104,0.5442122,0.5472215,0.57664084,0.50908005,0.5165128,0.53877115,0.5866196,0.53616583,0.52647275,0.53979516,0.5353891,0.5416226,0.5762371,0.5204629,0.53367025,0.60128087,0.4545132,0.49257642,0.56268543,0.47246274,0.61814463,0.48746115,0.5002,0.50343204,0.5704048,0.54761845,0.5812609,0.58723766,0.6117092,0.5403938,0.5517107,0.5885741,0.5771444,0.61044323,0.5699427,0.5371145,0.6034399,0.52307206,0.5960827,0.58786905,0.6188244,0.594881,0.53465575,0.56080127,0.55665284,0.5367344,0.5697333,0.5476136,0.5610831,0.60108757,0.5337861,0.5138182,0.521822,0.5902778,0.50749767,0.52995104,0.48993614,0.5553509,0.7013269,0.66816837,0.5663949,0.51871914,0.5210723,0.56702673,0.60786444,0.57449853,0.5481786,0.57484627,0.49917644,0.71706885,0.616526,0.5354621,0.61682254,0.6745474,0.52321637,0.5341923,0.52907014,0.46494168,0.591259,0.52081835,0.5245485,0.55092883,0.55043995,0.6145547,0.6816939,0.5515208,0.5422009,0.53559566,0.6199863,0.5759231,0.5566929,0.5631214,0.56741744,0.54207855,0.5433863,0.547681,0.5498841,0.54435587,0.54497224,0.60441303,0.59591633,0.53696764,0.5267261,0.53463805,0.53638625,0.5606396,0.5468619,0.54141515
184,0.5064294,0.624276,0.5817335,0.52342314,0.5259992,0.5486236,0.5210863,0.57547176,0.55030966,0.45160004,0.513564,0.4373644,0.53063166,0.688155,0.68428266,0.5737987,0.5460746,0.579441,0.54219574,0.56923544,0.573154,0.55236334,0.6472265,0.5424363,0.45171627,0.42081505,0.6199424,0.60800874,0.62958634,0.7595135,0.7420807,0.70129305,0.8156137,0.76440495,0.7444106,0.6201266,0.5278181,0.5609892,0.58612245,0.56690025,0.5415618,0.5636392,0.46852022,0.4952518,0.48817682,0.50542337,0.59164023,0.54812205,0.5227227,0.52972984,0.5918624,0.60337394,0.5549444,0.6103078,0.55815536,0.55075157,0.5314311,0.57329214,0.54256827,0.4780629,0.6744054,0.699586,0.5407087,0.74252087,0.75658923,0.66425997,0.63349605,0.74128574,0.6763025,0.55623865,0.6878355,0.7512008,0.596021,0.46284017,0.41637337,0.4826357,0.5778059,0.49787828,0.4442777,0.47843644,0.46413222,0.49431682,0.6026145,0.512059,0.50740296,0.5430698,0.55738884,0.6323288,0.63753223,0.5766922,0.5479259,0.5712086,0.53181714,0.534536,0.4913728,0.5428295,0.60007346,0.66590726,0.52747834,0.5653571,0.5673166,0.5626234,0.57754415,0.5872642,0.5575682,0.5446052,0.6058288,0.4316086,0.4674486,0.57510155,0.45244518,0.6104874,0.4728107,0.5214917,0.5542976,0.57330805,0.5665059,0.579702,0.5843139,0.62124527,0.5687799,0.5798809,0.5359248,0.6057187,0.6006204,0.6107753,0.5637102,0.61068255,0.49729648,0.5948436,0.56135976,0.69001853,0.59990144,0.54580736,0.55379176,0.552011,0.5451513,0.5552885,0.57308966,0.5561907,0.6242715,0.5556538,0.5395192,0.5627607,0.6252633,0.5236515,0.5246542,0.5005802,0.60135233,0.65885586,0.7454861,0.5385591,0.5334985,0.4966257,0.6228387,0.61844444,0.58839685,0.55080587,0.5628354,0.50906646,0.69738925,0.690307,0.5303684,0.62767327,0.6788196,0.56344455,0.5284281,0.5670918,0.42988032,0.6326244,0.5256483,0.47771922,0.57078797,0.5810067,0.62431526,0.7018553,0.6175443,0.58232564,0.5323759,0.58042586,0.50300777,0.58522445,0.5593039,0.51579326,0.52799743,0.53520185,0.5041592,0.56721663,0.55204946,0.48055288,0.51160055,0.49198246,0.52367103,0.6806713,0.6471158,0.55141926,0.57678443,0.5509108,0.51119643,0.56251574,0.598452,0.56058204,0.59377956,0.53289235,0.48289236,0.42649066,0.5772615,0.5809839,0.546115,0.75613725,0.7119256,0.72820574,0.8142303,0.7388424,0.78455985,0.5815643,0.53626245,0.5232397,0.59457,0.56217396,0.53402036,0.53548646,0.44188142,0.4553125,0.44791043,0.43763843,0.58605546,0.53245056,0.5302824,0.50935984,0.59222126,0.6019346,0.5456913,0.60310584,0.5460642,0.5629815,0.5630338,0.55032074,0.46847323,0.439976,0.7314244,0.6033534,0.47924694,0.68801546,0.78107643,0.66120535,0.617539,0.74882084,0.6865957,0.64304614,0.69371945,0.6828826,0.57393336,0.4517537,0.45673367,0.50588137,0.57993287,0.46883962,0.46809047,0.46489355,0.5284575,0.5157119,0.55316114,0.51169974,0.543705,0.505661,0.55970293,0.70527774,0.5892537,0.58242106,0.49980518,0.5368972,0.5524,0.5800877,0.4941548,0.5142809,0.54297185,0.605272,0.5406177,0.5309828,0.5555827,0.54980516,0.55858916,0.60064155,0.53584474,0.5328731,0.62462765,0.43159744,0.47648975,0.56535906,0.45956418,0.6263194,0.4774821,0.49309066,0.49774247,0.57574165,0.54698104,0.59333354,0.59948695,0.62386394,0.54193616,0.5535974,0.58412343,0.60435206,0.6230995,0.57915163,0.53923196,0.6035833,0.511077,0.60445875,0.59429383,0.6353887,0.60258627,0.53641087,0.56415695,0.5412236,0.52469295,0.56129587,0.53419036,0.5488262,0.5969236,0.5316226,0.5072656,0.5182565,0.5994134,0.49365342,0.53695893,0.47867933,0.5625865,0.7248397,0.6948267,0.56214625,0.5103248,0.510496,0.57862127,0.596282,0.5649507,0.5310103,0.56446016,0.48629373,0.7364543,0.627463,0.52909577,0.6315221,0.6968411,0.5217498,0.5321583,0.53791785,0.44107705,0.59938586,0.5270775,0.5237249,0.5733376,0.5732351,0.63813186,0.70274436,0.5611819,0.5475916,0.53056365,0.6258019,0.5779726,0.5564158,0.5674893,0.5714114,0.5397631,0.5420099,0.5461992,0.55006254,0.54572946,0.5469301,0.61549,0.60656756,0.53847617,0.52916723,0.532065,0.5330422,0.5648836,0.54796845,0.5423115
185,0.5081964,0.62388456,0.58779365,0.52323383,0.52510685,0.54925823,0.51981765,0.5810728,0.5601321,0.44225124,0.5081961,0.4298453,0.5294451,0.698517,0.697043,0.5725541,0.5359752,0.57512414,0.5428162,0.566014,0.5658046,0.55269444,0.64460695,0.56646615,0.45015478,0.4203258,0.63369274,0.6189513,0.6436214,0.7806641,0.7570276,0.7183881,0.8279405,0.77953076,0.7619564,0.6320817,0.5403251,0.5661954,0.6030953,0.57788557,0.56306934,0.57757103,0.4673142,0.49608108,0.4884951,0.50164837,0.5928247,0.54004395,0.5053759,0.51735926,0.5978272,0.60822874,0.56555635,0.61408764,0.56946373,0.54553926,0.5325918,0.5690253,0.54776114,0.48211986,0.6814352,0.71390617,0.55330586,0.75134057,0.76368815,0.6620117,0.65405977,0.7591923,0.69055104,0.57222956,0.70845604,0.7615136,0.60667074,0.46448445,0.41206333,0.48913497,0.5951211,0.48755807,0.4412793,0.46201518,0.45852733,0.4812441,0.6083144,0.5085161,0.50891626,0.5455817,0.56869036,0.643562,0.6565007,0.5985674,0.5521318,0.57045496,0.53572845,0.54143095,0.48300225,0.54414225,0.61208874,0.68247724,0.5439563,0.57509756,0.5822566,0.58040905,0.5996442,0.61125714,0.5779654,0.5492923,0.62306714,0.4251058,0.46314856,0.5793173,0.44856966,0.61622185,0.47647753,0.53196263,0.5505205,0.56557685,0.55679655,0.5839166,0.5933447,0.6276696,0.5794943,0.5818892,0.5373101,0.6310522,0.61042863,0.6197541,0.5664684,0.6162116,0.49807116,0.61218524,0.5692246,0.71150714,0.6072177,0.5501481,0.5544001,0.54199517,0.5362068,0.5474178,0.57357174,0.55060613,0.6286001,0.5596664,0.54082537,0.56359535,0.63377154,0.51976895,0.5280639,0.4947127,0.62084407,0.6787253,0.76608706,0.5410455,0.537839,0.49707395,0.633216,0.6103491,0.57846963,0.54533386,0.56166047,0.5129932,0.7203417,0.70708734,0.5283297,0.6342484,0.69185215,0.56375676,0.5339722,0.58003145,0.41717532,0.64356714,0.5331073,0.47851244,0.59651655,0.6065487,0.6402792,0.7139562,0.63609105,0.5933389,0.5342315,0.58501065,0.50415504,0.57653797,0.56290716,0.51363623,0.5256734,0.5346182,0.5036305,0.5717235,0.5627093,0.47289395,0.4997424,0.48154354,0.5218862,0.69282323,0.6601064,0.5485827,0.5684493,0.54470825,0.50929517,0.55588764,0.59423083,0.55974144,0.58790505,0.5549369,0.47678214,0.41958177,0.581943,0.58160365,0.5560533,0.78206193,0.72844654,0.75112873,0.82873327,0.7528458,0.8047686,0.5923747,0.5478942,0.5298368,0.6144929,0.570791,0.5466258,0.54622275,0.43731976,0.45152074,0.4435247,0.42961574,0.5901138,0.52590865,0.52501667,0.49907693,0.5986328,0.60887885,0.55483854,0.6074732,0.55626816,0.56255674,0.56882036,0.54990214,0.47003335,0.43872297,0.7412658,0.618276,0.48558965,0.6986302,0.7919308,0.6590072,0.6383868,0.7711024,0.70146805,0.6620125,0.7133017,0.7009707,0.5845947,0.45478997,0.44654635,0.5130858,0.6016744,0.4584915,0.45785075,0.44739127,0.5231469,0.5013887,0.5656968,0.5115278,0.55798805,0.5047982,0.5665522,0.7183647,0.59911454,0.59825486,0.5049276,0.530461,0.55801827,0.58550245,0.48853028,0.5155746,0.55516684,0.62984806,0.55338955,0.5376302,0.573188,0.5704088,0.5818185,0.62549806,0.55220354,0.53579396,0.6438576,0.42264068,0.47153157,0.5658719,0.45856994,0.6341291,0.48067182,0.5003985,0.4950667,0.57330304,0.54031765,0.6021915,0.6114915,0.63271636,0.54961365,0.5540553,0.58570105,0.63065374,0.6305325,0.5896549,0.5456303,0.60680395,0.50802916,0.62055767,0.60067517,0.65117586,0.6118957,0.5406512,0.56565624,0.5267262,0.5146633,0.55398834,0.52613467,0.5410597,0.5954003,0.53696,0.5035476,0.52056575,0.61137974,0.4858402,0.5410166,0.4750222,0.5808061,0.7484919,0.7205802,0.5636295,0.51105493,0.5113945,0.5873758,0.58883697,0.5559913,0.52400815,0.5635123,0.48613232,0.75745004,0.6378901,0.5283336,0.6376526,0.7102843,0.51710135,0.53654313,0.5502075,0.4309148,0.61333215,0.5438263,0.52288395,0.5997426,0.6013958,0.65666366,0.72101367,0.57530993,0.5531609,0.5332283,0.6295464,0.5747153,0.5540404,0.56886894,0.5713826,0.53916776,0.54293185,0.5491947,0.55263835,0.54717827,0.54917127,0.6224762,0.6144028,0.5395519,0.53093296,0.5325504,0.53277373,0.56796855,0.5497739,0.5463826
186,0.5189647,0.62630486,0.59664774,0.5309918,0.5324578,0.55706227,0.5274136,0.58260006,0.5689348,0.44493124,0.5092263,0.43198225,0.5380041,0.70593315,0.70726377,0.57805425,0.5281912,0.57040524,0.55167896,0.57463735,0.5647343,0.5578135,0.64306635,0.59022284,0.4583543,0.42548224,0.64671385,0.627719,0.65395635,0.7921685,0.76214796,0.73027784,0.8311211,0.7858287,0.77272165,0.63942647,0.5573874,0.5739308,0.6179703,0.5872812,0.5886707,0.5907918,0.4762662,0.50269413,0.49317807,0.49414912,0.58825254,0.53838366,0.48880857,0.50222427,0.59811485,0.60838926,0.57419866,0.6142731,0.57999253,0.5399129,0.5355712,0.5590426,0.5598099,0.49851027,0.6789071,0.717819,0.5646592,0.7505532,0.76060075,0.65356624,0.6669935,0.7665119,0.69806397,0.5815656,0.7189997,0.75706714,0.61777794,0.46783614,0.41696098,0.49819154,0.60546774,0.47786024,0.4446121,0.44599065,0.45963937,0.46809307,0.60775834,0.5124955,0.5145095,0.5552445,0.5802537,0.64893657,0.6705313,0.6206784,0.5592066,0.5653792,0.53841347,0.5489155,0.47734624,0.5438723,0.6197578,0.68835074,0.566605,0.5826891,0.5934262,0.59515685,0.61853695,0.6283616,0.59590995,0.5539649,0.6343598,0.4315894,0.46919543,0.5813761,0.45174313,0.6203812,0.49103752,0.55194545,0.543086,0.5522431,0.5405964,0.5856607,0.59977335,0.6300292,0.59086996,0.5789154,0.54393363,0.64702153,0.6165048,0.62402135,0.5635935,0.62070835,0.503863,0.62787986,0.5772645,0.72373676,0.6081676,0.5541127,0.5516525,0.52912635,0.52268845,0.5366038,0.5742686,0.5475699,0.62954324,0.56496286,0.5400251,0.5637671,0.6343501,0.5161619,0.53116256,0.4927627,0.6365808,0.69357765,0.77471894,0.5487478,0.5466039,0.5043515,0.634727,0.6055951,0.5685363,0.5485727,0.56940264,0.5213466,0.74019843,0.71701187,0.52893573,0.63394165,0.6944218,0.5617764,0.5432974,0.58904934,0.41599512,0.65319455,0.53381,0.48568052,0.6187387,0.6268558,0.6469759,0.71848404,0.64901584,0.60417694,0.53775954,0.59217006,0.5155939,0.57225615,0.56877416,0.5202994,0.53283405,0.5434624,0.514213,0.5721097,0.56999516,0.47786355,0.49436945,0.48195338,0.5319768,0.70376897,0.6751184,0.55175793,0.56108856,0.54268855,0.5183552,0.5576838,0.59431434,0.56833875,0.58524543,0.5773415,0.48271,0.4260528,0.59131265,0.58798087,0.5683776,0.8013842,0.73807114,0.7688042,0.83508056,0.76009005,0.81918776,0.5966588,0.5621439,0.541389,0.6297229,0.5746496,0.56191814,0.5576982,0.44355112,0.46044815,0.44495875,0.42480916,0.5878894,0.5248957,0.51989716,0.4893999,0.59870005,0.6109136,0.56128144,0.60570097,0.5664925,0.5611971,0.5768571,0.5483895,0.48251575,0.4529724,0.7431889,0.63439465,0.50205684,0.70595455,0.7934713,0.6526257,0.6609938,0.7872419,0.71362936,0.67883724,0.7316488,0.7137881,0.60454637,0.46990913,0.45268077,0.52827483,0.62437725,0.45543313,0.45739058,0.4405887,0.5246345,0.4926586,0.58394444,0.52326417,0.5798613,0.51912886,0.5778544,0.7253575,0.6160506,0.6173121,0.5212314,0.52614814,0.56259197,0.59215045,0.49207506,0.51943076,0.57270503,0.65534425,0.57075006,0.5443197,0.58746475,0.59013706,0.6034202,0.6431403,0.5649346,0.5412324,0.6541005,0.4284709,0.4781741,0.5641094,0.46913412,0.6415847,0.4954536,0.5189953,0.49567503,0.56523955,0.5297527,0.60646695,0.620387,0.6370193,0.55986685,0.5525209,0.5939012,0.6479855,0.63190067,0.5982595,0.55224144,0.61305517,0.5146706,0.64093065,0.60621566,0.6634894,0.62068343,0.5462699,0.5651143,0.5160511,0.50903714,0.547997,0.5252389,0.5399927,0.5962457,0.5464846,0.50146914,0.5290938,0.62433785,0.48276848,0.54208624,0.47904694,0.60616964,0.7685703,0.7414751,0.5688533,0.5191233,0.52102333,0.59052163,0.58773285,0.5497014,0.52543354,0.57045615,0.49579868,0.7775256,0.64609087,0.5313092,0.63510287,0.71368575,0.51119846,0.54543185,0.5616528,0.43492693,0.63203293,0.56621164,0.5224862,0.6208171,0.62511104,0.6661053,0.734637,0.59015334,0.5571074,0.54422194,0.6319243,0.5679791,0.5510566,0.5671333,0.56764716,0.5403829,0.5461301,0.5562646,0.55703354,0.54812765,0.5512145,0.6246247,0.61815464,0.5403719,0.5315241,0.5352985,0.53529084,0.5687542,0.55159855,0.5523109
187,0.535288,0.63085485,0.6061482,0.5444121,0.5457796,0.56928146,0.541474,0.579464,0.57431364,0.45712492,0.5145302,0.44220242,0.5531508,0.70801175,0.7121266,0.5873949,0.522112,0.5665707,0.56382436,0.5904644,0.5687924,0.5656893,0.6432217,0.605898,0.47321647,0.4342693,0.6559262,0.63151467,0.65913004,0.7925429,0.7570354,0.735314,0.82537884,0.7821266,0.7750016,0.6396872,0.5737334,0.5821713,0.62618774,0.5926578,0.61138374,0.5994983,0.493003,0.5139651,0.50055957,0.48376003,0.57927173,0.54059964,0.47478035,0.4863047,0.5930556,0.60434425,0.57854885,0.61185825,0.58694744,0.5363747,0.5398719,0.546184,0.5754488,0.5227804,0.66805094,0.7119112,0.5713276,0.74163693,0.7482705,0.6399593,0.66937137,0.76292974,0.6979277,0.58137125,0.71803904,0.73864263,0.6271381,0.46988276,0.42837924,0.50671506,0.605643,0.47049406,0.4518279,0.43288374,0.46489593,0.4566102,0.60041517,0.52293247,0.5228102,0.56993616,0.5891706,0.6467987,0.6772443,0.6376707,0.5674482,0.5564974,0.53882676,0.555153,0.47347224,0.54192996,0.6208518,0.6837413,0.5893567,0.58667636,0.5983489,0.6024848,0.6284006,0.63342667,0.60650784,0.55700207,0.6360414,0.44938815,0.48384798,0.5804228,0.4610567,0.6225352,0.5133354,0.5755965,0.5343298,0.5372846,0.5213883,0.58416176,0.6020256,0.6282823,0.5999302,0.5712675,0.55349255,0.64886594,0.6169264,0.62262124,0.5551013,0.623173,0.5122922,0.63775593,0.5833871,0.7241134,0.6018849,0.55633867,0.54588675,0.5161158,0.5068552,0.52417636,0.57433003,0.54815245,0.6265268,0.56935716,0.5358948,0.56202185,0.6257554,0.51073045,0.5343328,0.4949286,0.6447701,0.6999749,0.770311,0.5589849,0.5567324,0.5155243,0.62725693,0.60534334,0.55996114,0.5564473,0.58220935,0.5306033,0.75259316,0.7181877,0.53165555,0.62694395,0.68586504,0.55849147,0.55316013,0.5918783,0.42587915,0.6584085,0.5261236,0.49684054,0.6304653,0.63546824,0.64232075,0.7150235,0.65337825,0.61137414,0.54229045,0.6004923,0.5336581,0.5725745,0.5756482,0.53376293,0.5470188,0.558184,0.531961,0.5682626,0.5721233,0.49278396,0.49538994,0.4939297,0.5499569,0.7099187,0.68771476,0.55881405,0.5531071,0.5453524,0.5327162,0.56453526,0.59724003,0.5819516,0.58587945,0.59199727,0.49854523,0.44511428,0.6031848,0.598916,0.58019567,0.8112659,0.7393015,0.7783801,0.8333755,0.7588989,0.82579315,0.5928758,0.5742348,0.55474603,0.6360248,0.57295805,0.57581913,0.56632835,0.45938012,0.4807512,0.45055693,0.42132553,0.58055854,0.52699745,0.513826,0.47953886,0.59302855,0.60838157,0.5634827,0.5999797,0.57416946,0.56043607,0.5852334,0.5464251,0.5018718,0.47894666,0.7378653,0.6490176,0.52479786,0.70949197,0.78552014,0.64307606,0.68076915,0.7953432,0.721928,0.6901472,0.7462053,0.71950483,0.62992144,0.49305725,0.4744191,0.5468458,0.6425054,0.46028623,0.46706095,0.44570777,0.5320476,0.49160764,0.6037588,0.544584,0.6048624,0.54578084,0.59095556,0.7250395,0.6374021,0.6354682,0.5444572,0.5248142,0.56478345,0.59908044,0.5025188,0.5243521,0.59128934,0.6768827,0.5882608,0.5502598,0.5950176,0.6032178,0.6160086,0.648163,0.5708203,0.54755664,0.6521651,0.44802496,0.49488667,0.56047416,0.48912618,0.6476999,0.5182929,0.54356194,0.5000224,0.5544281,0.51729196,0.6055043,0.6237879,0.63650393,0.56977475,0.5489502,0.60728425,0.65062153,0.6271757,0.6022092,0.5557281,0.62137616,0.52991056,0.6610653,0.6100395,0.66998976,0.62642777,0.5519461,0.5627791,0.5112592,0.50861067,0.54218787,0.53206724,0.5460753,0.598272,0.5561211,0.4994592,0.5418047,0.63474494,0.48177686,0.5411876,0.48922214,0.6332448,0.7815327,0.75377667,0.5755156,0.53175324,0.53496194,0.5867136,0.592494,0.5462084,0.5311206,0.5815318,0.51084626,0.7923403,0.6505295,0.53569925,0.6246425,0.7066351,0.5063529,0.55591357,0.56919354,0.4517226,0.65208083,0.5887307,0.52288723,0.6293283,0.6362919,0.66405326,0.74189985,0.6014934,0.55773276,0.56219685,0.6325474,0.55978763,0.5488745,0.56275016,0.56126165,0.54294604,0.5508305,0.5656662,0.5618757,0.54806674,0.55267054,0.62189025,0.61723775,0.54107046,0.5309532,0.53915876,0.5397562,0.56658673,0.55280983,0.558369
188,0.5530725,0.6358979,0.6145571,0.56022316,0.5617891,0.58228815,0.55836403,0.5738006,0.5766037,0.4757484,0.5220998,0.45901603,0.57082725,0.70201313,0.70812845,0.59727734,0.5168731,0.5649866,0.5741213,0.6064973,0.57544595,0.5735511,0.6446193,0.6092882,0.4914208,0.44587868,0.65866953,0.6287134,0.6574993,0.7800982,0.7417011,0.73176,0.8099829,0.76700616,0.766748,0.6326901,0.58541775,0.58923274,0.62559533,0.5942608,0.6262398,0.6015026,0.5151046,0.52895844,0.5091589,0.4731631,0.56920975,0.5434123,0.4651759,0.47239473,0.5858292,0.5984732,0.5789978,0.6092873,0.5897789,0.5382209,0.5459262,0.5348072,0.59097815,0.54961824,0.6511733,0.69792384,0.57146776,0.72626,0.7278788,0.62270826,0.66002643,0.7484534,0.690176,0.5716524,0.70548,0.7083219,0.6327224,0.46945652,0.443533,0.51255226,0.59503835,0.46777117,0.4613474,0.42617807,0.4722975,0.44919616,0.58682984,0.5372713,0.531684,0.58609045,0.5933782,0.63684124,0.6747068,0.6447909,0.57394797,0.5451974,0.5367429,0.55863243,0.4707309,0.5394373,0.61421186,0.67038566,0.6071262,0.5875529,0.59748995,0.6013645,0.6265263,0.6254713,0.60782444,0.55777216,0.6273455,0.4754998,0.504226,0.57662064,0.47510985,0.6222913,0.53934616,0.5961601,0.527517,0.5255157,0.5039234,0.5792842,0.599264,0.62316865,0.60512286,0.5606972,0.5632734,0.6358265,0.61134183,0.6162876,0.54371303,0.62318414,0.5213779,0.6388255,0.58613193,0.711875,0.5889332,0.55581176,0.53837377,0.50572735,0.49240085,0.5124048,0.5737957,0.5527378,0.62006956,0.5716257,0.52921444,0.5568842,0.6081484,0.50265527,0.539199,0.50131935,0.64289016,0.6956391,0.7520522,0.56925905,0.565609,0.5279563,0.6128999,0.6086774,0.5532708,0.56364274,0.59499437,0.538347,0.75327706,0.7095646,0.53631824,0.6145215,0.66727823,0.55456394,0.5610327,0.58904546,0.44483605,0.6560254,0.5112928,0.5094151,0.62846816,0.6299856,0.6269952,0.70397174,0.6478622,0.612322,0.54761815,0.6083822,0.55379385,0.57599396,0.58282375,0.5507504,0.5641383,0.5738177,0.5515574,0.5627708,0.5704397,0.51384157,0.5020841,0.51635194,0.57028675,0.7074816,0.692618,0.56764793,0.5427914,0.5522431,0.54611444,0.57126546,0.6001461,0.5945992,0.58915544,0.5944592,0.5207846,0.47458652,0.6143986,0.61209047,0.5884251,0.8092608,0.7313852,0.7773016,0.82286304,0.74758536,0.8221551,0.58294505,0.5811636,0.5667365,0.63211405,0.5679944,0.5859894,0.5700462,0.48302805,0.5093751,0.45899022,0.4184352,0.5712761,0.5297553,0.5072793,0.4693191,0.58502257,0.60360026,0.5628951,0.5942199,0.57885754,0.56285644,0.5924309,0.5451043,0.5231196,0.51110387,0.7259822,0.65941685,0.54883116,0.7083747,0.76788396,0.63128924,0.69332933,0.793547,0.72517824,0.6933684,0.75399804,0.71671563,0.6546628,0.51931006,0.5080124,0.5635926,0.6511533,0.47271466,0.4866891,0.46205884,0.543739,0.49820215,0.6196453,0.5701985,0.6264752,0.5782677,0.6026963,0.7165115,0.6575588,0.6482268,0.56814843,0.52601385,0.5639256,0.6047595,0.5160748,0.5294337,0.60588264,0.69009125,0.60235393,0.5562278,0.5954246,0.6072041,0.6156912,0.63939834,0.56973666,0.5534957,0.637953,0.47809348,0.5179685,0.55598736,0.5144885,0.65081286,0.5445646,0.56782377,0.50865704,0.5448461,0.5057945,0.5995162,0.6208458,0.632156,0.5778598,0.54407096,0.62252426,0.6372126,0.6176954,0.6000982,0.55471915,0.63005805,0.55102736,0.6764224,0.61121225,0.6689362,0.6266738,0.5561416,0.55924606,0.51322407,0.5127529,0.5353589,0.54565096,0.55796415,0.6001506,0.5626558,0.49671158,0.5549153,0.6385574,0.4805671,0.5410019,0.5032345,0.6557775,0.78437704,0.7541888,0.5814315,0.5457255,0.5482542,0.57679653,0.60025775,0.54458845,0.53597987,0.5917697,0.5262319,0.79724056,0.6501067,0.5396219,0.60835093,0.6899749,0.5043273,0.5653696,0.5723536,0.47748977,0.66837597,0.6057008,0.52413416,0.622624,0.63126034,0.65075713,0.7412877,0.60585916,0.55444163,0.58354586,0.63053685,0.55226654,0.5485595,0.5567107,0.55402726,0.5460744,0.5558084,0.57465404,0.5654709,0.5467485,0.553357,0.61515516,0.6122439,0.54155016,0.52967316,0.54334754,0.5452039,0.56194717,0.5532257,0.56291145
189,0.5682462,0.63909656,0.6204397,0.5746226,0.5766384,0.5923072,0.5734562,0.5695965,0.5782324,0.49733174,0.530399,0.48106512,0.5864399,0.686692,0.69292474,0.604221,0.5121638,0.56643355,0.57853943,0.6154452,0.58148116,0.57872504,0.6456371,0.60088754,0.5105835,0.46103,0.65365857,0.6198086,0.64784163,0.75376004,0.71745205,0.71851206,0.78440946,0.73991424,0.74679756,0.62125456,0.5910975,0.59411365,0.6178404,0.5945185,0.63148344,0.59767306,0.53988826,0.5465888,0.51837987,0.46658325,0.562947,0.54371625,0.4617819,0.46436727,0.5812547,0.5946128,0.57803184,0.6095904,0.5901603,0.5482626,0.55461425,0.529276,0.60341084,0.57409,0.63201416,0.67906904,0.5655565,0.70700145,0.7021158,0.6047928,0.6400258,0.7239924,0.676481,0.55580515,0.6831952,0.6709421,0.6331356,0.46771726,0.4603329,0.5157052,0.57587945,0.47223404,0.47272307,0.42894667,0.48107943,0.44816065,0.5689975,0.55227,0.53873,0.600228,0.59224063,0.62090063,0.6619682,0.63945615,0.5761244,0.5337181,0.5329647,0.5589044,0.46929213,0.538621,0.6005308,0.6515001,0.61695945,0.5872769,0.5941876,0.59441507,0.61449987,0.6080901,0.60175693,0.55699855,0.6111223,0.5055632,0.5267992,0.5713158,0.49246457,0.6199092,0.56463885,0.6082054,0.526256,0.52206963,0.49403176,0.57192653,0.59166145,0.6160843,0.6063069,0.5500436,0.5710808,0.61192447,0.60147285,0.6071454,0.5336833,0.6210143,0.5304339,0.6302901,0.5850415,0.6887829,0.57143945,0.55225873,0.5311485,0.50028497,0.48370647,0.5042824,0.57366335,0.5606214,0.6116986,0.5718308,0.52247095,0.54785407,0.58399713,0.4933148,0.5482795,0.51195616,0.6303879,0.6802608,0.7203207,0.5769136,0.5715399,0.5394731,0.5953023,0.6127507,0.54867756,0.5652293,0.60259765,0.5435785,0.7394419,0.6912135,0.54281145,0.59913415,0.6422452,0.5501634,0.5660321,0.58337915,0.4696605,0.6444691,0.49345496,0.52109855,0.6142408,0.61276335,0.6051775,0.68688434,0.63328445,0.6063562,0.5542793,0.61508083,0.5712879,0.5800373,0.5894583,0.5671568,0.5793715,0.5854334,0.5673189,0.5597943,0.56845325,0.5362621,0.51261306,0.54511213,0.5867743,0.6942989,0.6858822,0.5760097,0.5297822,0.5618569,0.5533775,0.57291466,0.6002203,0.60093653,0.59383464,0.58545035,0.5446883,0.50981873,0.6214319,0.6238533,0.5906346,0.793516,0.71478516,0.7636713,0.8026787,0.7253654,0.8060155,0.5722749,0.5825755,0.5748411,0.62082726,0.56412685,0.5921454,0.56935465,0.5114532,0.5411096,0.46979874,0.417843,0.56478703,0.53120095,0.5022721,0.4605127,0.5795584,0.60007167,0.5628398,0.592669,0.58207715,0.57088214,0.59775174,0.54548085,0.54185027,0.54296535,0.70899,0.663242,0.5685911,0.70193154,0.74154234,0.61866915,0.6950836,0.78016543,0.72227377,0.6868503,0.7523415,0.70431155,0.67173314,0.54304004,0.5460985,0.5739424,0.64708126,0.49087155,0.5141324,0.48556986,0.55676776,0.5096043,0.6261461,0.59305453,0.6379109,0.60816365,0.6096132,0.69984406,0.67015827,0.65203846,0.5856148,0.5279944,0.56033945,0.6073298,0.5278536,0.53471154,0.6118111,0.6914913,0.61110157,0.56349176,0.59132046,0.60361373,0.6037304,0.62059873,0.5649409,0.55839217,0.61513937,0.5128644,0.5420007,0.5519256,0.5399238,0.6493884,0.56933594,0.5860918,0.5213655,0.5410831,0.49929395,0.58970976,0.61282104,0.62591827,0.58396333,0.5392112,0.63513714,0.61185324,0.6061365,0.5922787,0.54989827,0.6367425,0.5739153,0.68331265,0.60889554,0.6595252,0.6195606,0.5573266,0.5551913,0.52097327,0.51978374,0.52759403,0.5630449,0.5724238,0.60039836,0.56448776,0.49335054,0.56403613,0.63254416,0.4782803,0.54521465,0.518518,0.6678709,0.7747309,0.74011326,0.5844215,0.5577854,0.5567205,0.56361306,0.60690725,0.54412264,0.53574926,0.59626627,0.5373998,0.7882873,0.6437051,0.54211116,0.58989334,0.6663548,0.5055517,0.57226586,0.5730992,0.50599235,0.67566574,0.6122248,0.52596736,0.603598,0.61192274,0.62961185,0.7316936,0.60165757,0.5481627,0.6033859,0.6256664,0.5473511,0.5504925,0.5501755,0.5480155,0.54920626,0.5600237,0.58023113,0.56645286,0.54430956,0.5532495,0.60619396,0.6049506,0.54148775,0.52828366,0.54785067,0.5508926,0.5565557,0.5532165,0.5647727
190,0.5778909,0.63792175,0.6227192,0.58438295,0.5869529,0.5963028,0.58223766,0.5702325,0.5818087,0.51823676,0.5380541,0.50650024,0.59590846,0.6629824,0.6662012,0.6049472,0.50773275,0.57035726,0.57468,0.61155635,0.58353037,0.57946754,0.64386153,0.5858121,0.5298558,0.48089194,0.6410757,0.60747653,0.6295528,0.71415573,0.687171,0.6955782,0.74937123,0.7022455,0.71576405,0.6099633,0.59223,0.596406,0.60791606,0.59639955,0.6288567,0.5918721,0.56428766,0.564817,0.52819246,0.46692154,0.56418824,0.53902596,0.46466672,0.46476853,0.5830386,0.59602785,0.5784475,0.61447567,0.5908719,0.56642234,0.566526,0.5319206,0.61134356,0.592922,0.61472327,0.65924686,0.5561123,0.6869993,0.6753269,0.59081554,0.6126088,0.6917488,0.65986,0.53947747,0.6550268,0.6339004,0.6277231,0.4672544,0.47789645,0.5181758,0.55271465,0.48507664,0.4861899,0.44220227,0.49145672,0.4550332,0.55003744,0.5649378,0.5419956,0.609862,0.5868319,0.6028727,0.6394711,0.6221954,0.57303023,0.5249549,0.52887344,0.55681086,0.46976396,0.5412932,0.58208543,0.6306641,0.6190311,0.5883816,0.5934357,0.5869119,0.5982166,0.58868724,0.59388256,0.55663353,0.59346336,0.53482115,0.5487661,0.56633997,0.5119058,0.61641353,0.58588195,0.61028796,0.53288573,0.529977,0.49558848,0.5637516,0.5803946,0.6086061,0.6043523,0.5421691,0.57617205,0.5857094,0.5908586,0.5973667,0.5283314,0.61731315,0.5399753,0.61357415,0.5807135,0.65893567,0.5526343,0.5461814,0.5263234,0.5012885,0.4837693,0.5016836,0.57516843,0.5700904,0.6028367,0.57059926,0.51769483,0.53587097,0.5576667,0.48506975,0.5636246,0.52624655,0.6087562,0.65549767,0.6776632,0.57975376,0.57390314,0.5482523,0.57784504,0.61364627,0.5455819,0.5577013,0.6011308,0.545969,0.7104405,0.6641799,0.55045706,0.5836589,0.6160109,0.54519045,0.5693539,0.57846475,0.49703237,0.6243735,0.47832808,0.530456,0.59414077,0.5907293,0.5840724,0.6662507,0.61198956,0.59531295,0.5629877,0.6208701,0.5825507,0.5821113,0.5944345,0.5792368,0.5887453,0.58955956,0.57489693,0.5624447,0.56971085,0.5550505,0.52345616,0.5733575,0.5943489,0.67034674,0.66574013,0.5812572,0.5145357,0.5716249,0.55143625,0.56574106,0.595658,0.5977834,0.5980328,0.5705682,0.5651714,0.5440555,0.6210522,0.6297876,0.5849369,0.7628653,0.6909666,0.73643637,0.77277404,0.69295716,0.77567303,0.5673681,0.5805597,0.5776332,0.60862696,0.5657041,0.59570944,0.5671978,0.54047585,0.5695219,0.48261958,0.4217201,0.5649348,0.5295415,0.50031525,0.4552755,0.5802883,0.60053253,0.5661195,0.5976783,0.5861707,0.5846103,0.6012656,0.5479608,0.55585885,0.5691802,0.688998,0.6589813,0.5793073,0.6896553,0.7095292,0.6075835,0.68363523,0.75394595,0.7122852,0.6701505,0.7394104,0.68167436,0.67510724,0.5588681,0.5796981,0.57537746,0.62955236,0.5111488,0.54448396,0.5090582,0.567033,0.5212311,0.61953795,0.60662293,0.6342636,0.62802136,0.60898465,0.67661244,0.6706676,0.64506686,0.5920168,0.5290934,0.5550861,0.60528284,0.53271955,0.5401443,0.60586524,0.6788487,0.614669,0.5726575,0.58764666,0.59728783,0.5867332,0.59969103,0.56212014,0.5622133,0.59048885,0.5452561,0.5619411,0.5493155,0.5605946,0.6429253,0.5891377,0.5956523,0.5368834,0.54600763,0.50069237,0.5778347,0.60241497,0.61978877,0.5884265,0.53560424,0.6410999,0.5837112,0.59581184,0.58023846,0.5426444,0.6390923,0.5940155,0.6793874,0.6026757,0.64215505,0.60437155,0.55448365,0.5510483,0.53142,0.5272282,0.5197395,0.579993,0.58489126,0.5969098,0.56133926,0.48903957,0.56557834,0.6152541,0.4746735,0.5565545,0.53256947,0.6650887,0.7507127,0.70998204,0.5828006,0.5653433,0.55789346,0.5502109,0.60858846,0.54429406,0.5277717,0.59144133,0.5412705,0.76231277,0.62970406,0.5427748,0.5735472,0.6398162,0.50911796,0.57660216,0.57442856,0.5305757,0.67007226,0.6055531,0.52804315,0.5802335,0.58596325,0.6067611,0.7127477,0.5891568,0.5412194,0.6173727,0.6189244,0.54615766,0.5541514,0.5441189,0.54482853,0.5521963,0.5628906,0.5799991,0.5641515,0.5411255,0.55230224,0.5971218,0.5975523,0.54050356,0.5271907,0.5531719,0.5564429,0.55232006,0.55316395,0.5634431
191,0.581487,0.6308582,0.6211304,0.58824664,0.591303,0.5931586,0.5821493,0.57676065,0.58874226,0.5355652,0.5441236,0.5325062,0.5971481,0.6333304,0.6295549,0.5975429,0.50282246,0.57530826,0.5620996,0.59203315,0.5790273,0.5756964,0.637471,0.57196045,0.5491484,0.5049718,0.62225264,0.5954475,0.60274136,0.6646037,0.6548349,0.6644012,0.7073735,0.6579284,0.6763487,0.60303825,0.5922976,0.59650946,0.6019106,0.6020931,0.62285787,0.58930224,0.58555067,0.5809086,0.5385234,0.47350368,0.5732614,0.5281825,0.47157982,0.4725547,0.5918711,0.60359216,0.58198446,0.6234495,0.5946295,0.5890072,0.5818197,0.5425201,0.6152255,0.60513043,0.60223544,0.641534,0.54635173,0.66889507,0.6522291,0.585831,0.5822861,0.65517735,0.6435591,0.5278917,0.6255584,0.6046159,0.61673886,0.47044215,0.49614415,0.52217305,0.530917,0.50510126,0.5019971,0.4646358,0.5040173,0.4705035,0.53334963,0.5733778,0.54042083,0.61337835,0.5794142,0.5874374,0.60917944,0.59637237,0.5653584,0.5218682,0.52570266,0.5539985,0.47264087,0.54761976,0.5616429,0.610153,0.61651874,0.5930964,0.59965956,0.58464694,0.58573145,0.5756788,0.5912364,0.5593266,0.58148324,0.55966264,0.569166,0.5633442,0.532135,0.6131247,0.60220575,0.6057118,0.5474586,0.54831296,0.5077302,0.55647093,0.56739396,0.60219526,0.60079145,0.53919363,0.57950515,0.5670942,0.58343756,0.5880937,0.5287796,0.61293733,0.5504765,0.5915425,0.5746264,0.6275084,0.53602874,0.53868353,0.5253942,0.5094527,0.4930116,0.5041736,0.5789052,0.5794349,0.5943894,0.56838334,0.51507306,0.5228193,0.5336547,0.47942814,0.58552295,0.5429919,0.5808934,0.6244041,0.6289129,0.5775058,0.57310015,0.5530917,0.5625116,0.60807127,0.54248387,0.5397978,0.5893006,0.5451681,0.6682854,0.630619,0.5581479,0.5703863,0.5933857,0.5398569,0.5738312,0.5772064,0.5245603,0.5981058,0.4709006,0.53716534,0.5772628,0.57311434,0.57114345,0.645085,0.586804,0.58316004,0.57351375,0.62635845,0.5866376,0.5804976,0.59719837,0.58517736,0.59086305,0.5852454,0.5729278,0.57125306,0.5763003,0.5669107,0.5310622,0.59465736,0.5909034,0.63726544,0.63258713,0.58123463,0.49715006,0.5788294,0.5397513,0.5475895,0.5860938,0.58469903,0.5999195,0.55782276,0.5789011,0.571292,0.61167866,0.6270333,0.5699576,0.7176605,0.66212714,0.6960911,0.73509586,0.65312016,0.73091555,0.5726055,0.5787307,0.57531446,0.6030162,0.57537985,0.59928066,0.5677658,0.5662928,0.5897045,0.49652427,0.4297971,0.57257044,0.5233684,0.50118345,0.45372728,0.5880348,0.6057962,0.5736441,0.60886467,0.59334135,0.60135347,0.6039149,0.5523529,0.5656111,0.5873568,0.6680862,0.64649475,0.57889795,0.67122716,0.67686075,0.6015686,0.6585787,0.71513736,0.6952421,0.6449714,0.71506524,0.6496992,0.66198957,0.56391424,0.6027312,0.5686302,0.600808,0.52973044,0.5723263,0.5260308,0.5717434,0.5299228,0.5992023,0.60728234,0.61393267,0.63380545,0.60055536,0.6503211,0.6574808,0.6274951,0.58549106,0.52963066,0.5494316,0.59870994,0.5274338,0.54493827,0.5874651,0.6519348,0.61515564,0.58357817,0.5897939,0.5943934,0.5740551,0.58565825,0.5669103,0.56579465,0.5714496,0.56988144,0.5756282,0.5490668,0.5737544,0.63265413,0.603416,0.5980174,0.55389595,0.5590436,0.50936043,0.5655086,0.59239656,0.6151177,0.59165996,0.5339852,0.6389095,0.5633393,0.5897506,0.565666,0.5340331,0.6364064,0.6080523,0.66441685,0.5931792,0.6186784,0.58240396,0.5478225,0.5471806,0.5411221,0.53297937,0.5121592,0.59305334,0.5915747,0.58806014,0.5539284,0.48255906,0.55802894,0.587541,0.46907297,0.57523096,0.5436964,0.6454885,0.71184736,0.6643501,0.57675004,0.56736195,0.55137587,0.5382892,0.6032628,0.5443527,0.5112641,0.5762656,0.53697765,0.7176166,0.6071354,0.5414519,0.5625641,0.6146623,0.513658,0.5801135,0.5788652,0.5474972,0.6501698,0.5863191,0.5302274,0.562521,0.56427765,0.589173,0.6857448,0.5697831,0.5365873,0.62312615,0.61204225,0.5486335,0.5585212,0.53934705,0.54522777,0.555169,0.5642628,0.5731016,0.55875796,0.53771985,0.5506246,0.5898046,0.5917887,0.5384522,0.52661264,0.55986327,0.56196576,0.5503206,0.5531399,0.5592415
192,0.5810708,0.6185186,0.6165175,0.5873197,0.5907229,0.5843354,0.573811,0.5882553,0.59924704,0.54835314,0.54899037,0.55609107,0.59074736,0.6011807,0.5867306,0.58251,0.49705228,0.58011454,0.5427211,0.5583463,0.56750923,0.56923866,0.6264544,0.56674796,0.5681031,0.5306712,0.5996372,0.58681434,0.56870914,0.6112602,0.6246451,0.6284841,0.6628318,0.6131152,0.6334733,0.6030761,0.59534544,0.59592265,0.60429996,0.6126586,0.61902654,0.5940954,0.6024002,0.59290355,0.549212,0.4830755,0.5877612,0.51242745,0.47974995,0.48407114,0.60576177,0.615816,0.5892052,0.6346926,0.6032883,0.6111517,0.6004603,0.55927944,0.6171092,0.612009,0.59579587,0.6276999,0.53892064,0.65435773,0.63629556,0.593035,0.5534258,0.6183411,0.6302367,0.5236839,0.5984575,0.5873891,0.6017709,0.47834706,0.51515055,0.5287842,0.51462257,0.52933455,0.52002,0.49338862,0.5193084,0.49406564,0.52131766,0.57713836,0.53401864,0.61026734,0.5724608,0.5782433,0.5745964,0.5670929,0.55473995,0.5262245,0.52417636,0.55247885,0.47823662,0.55647624,0.5415164,0.5904122,0.614039,0.60266,0.6146565,0.59159666,0.5836308,0.5748094,0.5987865,0.56746656,0.5799812,0.57869726,0.58865136,0.5635898,0.5518738,0.6115053,0.61498123,0.6004829,0.5682058,0.5731201,0.525842,0.5513138,0.55496633,0.59808254,0.5974633,0.5421153,0.5828483,0.56253207,0.58146936,0.5795902,0.5345419,0.60880893,0.56150174,0.567793,0.5686883,0.59936494,0.5241905,0.53117645,0.52874035,0.5245148,0.5096701,0.50999373,0.5844873,0.5878454,0.5873647,0.565665,0.5137559,0.5107467,0.51471865,0.47667983,0.6123908,0.56100357,0.55037796,0.5909802,0.5799973,0.5721372,0.5702692,0.55403197,0.55005467,0.5948547,0.53823227,0.51348835,0.5691312,0.5411737,0.6184027,0.5941836,0.5652675,0.5605942,0.57713836,0.53499085,0.5825316,0.58127725,0.5511167,0.56919146,0.4732186,0.5417981,0.57119894,0.56744045,0.5703761,0.626413,0.5606711,0.5743713,0.5846515,0.6322224,0.58562875,0.57509035,0.59834003,0.5856833,0.58736736,0.5743548,0.5635288,0.5848336,0.58865243,0.5718393,0.5344909,0.6063319,0.5778521,0.5984762,0.5897338,0.5755396,0.4780684,0.5820683,0.5205706,0.51903915,0.5728352,0.56419015,0.59879196,0.5541504,0.5857117,0.5892463,0.59465814,0.61627835,0.5458546,0.6615834,0.6313345,0.64631724,0.6943532,0.6109923,0.6750828,0.58866173,0.5808269,0.5699339,0.60908026,0.5934729,0.6058674,0.5745684,0.5871276,0.60044444,0.5105241,0.4395095,0.58589506,0.5128818,0.504108,0.45432845,0.6012594,0.6151402,0.58490616,0.62401253,0.60508716,0.6177114,0.60754085,0.55833817,0.57336175,0.59832156,0.64814675,0.6276787,0.56907743,0.64744556,0.64908373,0.6039815,0.6225756,0.66699654,0.67323947,0.6156109,0.6819724,0.61188865,0.634275,0.5595983,0.6147663,0.5577278,0.5657208,0.5447776,0.59496146,0.5345079,0.5716738,0.5358999,0.56812257,0.59539884,0.57940584,0.62581617,0.5869779,0.6259132,0.63206726,0.6019032,0.5675517,0.5318101,0.54450744,0.59006083,0.5126506,0.54831874,0.5593627,0.61346954,0.61566615,0.59598154,0.6011506,0.5998849,0.5733134,0.5844638,0.5820628,0.57087296,0.5631196,0.5852104,0.58439827,0.55216235,0.5796518,0.62152135,0.6142366,0.5977122,0.57208157,0.57712275,0.5219553,0.5538994,0.58471495,0.612499,0.59432733,0.5346649,0.6303824,0.55752325,0.5896416,0.55008847,0.525289,0.63043165,0.6153199,0.6411961,0.5822474,0.5924207,0.55721223,0.53894687,0.54415965,0.548534,0.53662646,0.5050022,0.6011341,0.59150046,0.57455134,0.54419965,0.47329122,0.542695,0.5527594,0.4610771,0.5992197,0.5518095,0.6107846,0.6611559,0.6074978,0.5688186,0.56473726,0.5390356,0.5281792,0.5915031,0.5438158,0.48804334,0.55297786,0.5262579,0.65685785,0.5776593,0.5385954,0.5581984,0.5944275,0.5182288,0.5857106,0.5878826,0.5576047,0.6177228,0.5586744,0.5325637,0.55788785,0.55595225,0.5816568,0.65442926,0.5459256,0.5366035,0.6208873,0.6068564,0.5538126,0.5628367,0.5363607,0.5489764,0.55842537,0.5645122,0.5607597,0.5513082,0.53484356,0.5488263,0.5854543,0.58854055,0.5355913,0.52682203,0.5683122,0.5680683,0.55088186,0.5532586,0.5533843
193,0.5800644,0.6034685,0.61072767,0.5841699,0.5878152,0.57322055,0.5606004,0.6029057,0.61278963,0.558048,0.5544797,0.5755092,0.5795436,0.5713717,0.54430073,0.56269693,0.49115574,0.58422476,0.520709,0.51653963,0.5510516,0.56313187,0.6124244,0.5746061,0.58620936,0.55514914,0.5767013,0.58302,0.53058326,0.56147206,0.5998795,0.59338903,0.62105167,0.5746231,0.59377813,0.6108077,0.60468626,0.5967957,0.6166196,0.62819713,0.62234765,0.6078332,0.6158749,0.6007044,0.56039894,0.492344,0.6043866,0.49545792,0.48749685,0.49580547,0.6214547,0.63001525,0.59987646,0.6461847,0.6175252,0.62960804,0.62190384,0.5793844,0.62012076,0.6169467,0.59520453,0.61855215,0.535522,0.6439604,0.6284915,0.61153364,0.5289885,0.58455634,0.6213341,0.5265145,0.57550454,0.58189577,0.5856736,0.49082696,0.5348277,0.5379351,0.5052848,0.5544057,0.53944784,0.5247872,0.5374109,0.5232806,0.51435363,0.5772492,0.52418166,0.602028,0.5677537,0.57645106,0.54030514,0.539622,0.5432835,0.5374786,0.5245516,0.5541825,0.48698336,0.56644845,0.52347857,0.5708173,0.61609155,0.61701757,0.637312,0.60876584,0.59480435,0.5874236,0.61779314,0.58216476,0.5895385,0.5930303,0.60869455,0.56762916,0.5707853,0.61328495,0.62707305,0.600591,0.5924815,0.5995621,0.54467124,0.5488911,0.5453055,0.59694505,0.596024,0.55040634,0.5875228,0.57282317,0.58449584,0.57185763,0.54437816,0.605497,0.57211256,0.54606247,0.5645212,0.5777819,0.5177135,0.5249652,0.53544074,0.54466885,0.53049433,0.51744056,0.59087014,0.5953446,0.58291554,0.5635904,0.5131885,0.501684,0.5016971,0.47680318,0.6417639,0.57956463,0.52106565,0.55943596,0.53604144,0.5666758,0.56698126,0.55264944,0.54030025,0.57516223,0.532747,0.4838898,0.5454916,0.53518474,0.56934726,0.5596438,0.57207453,0.5544261,0.5675101,0.5317102,0.5973852,0.5911041,0.57674164,0.541899,0.4837212,0.54548967,0.5791779,0.5767973,0.5806774,0.6121178,0.5364371,0.57194334,0.5955431,0.63968754,0.58340067,0.5673495,0.59915644,0.583188,0.5817834,0.5608303,0.5513388,0.6010805,0.6057996,0.57302517,0.53565645,0.60948414,0.55942947,0.559912,0.5445682,0.5658097,0.4592056,0.58166003,0.49868146,0.48441187,0.5585946,0.5413735,0.59533817,0.5633874,0.5881631,0.59929794,0.57383615,0.6010585,0.5154411,0.6020924,0.6021945,0.5947307,0.65645725,0.5731707,0.61636823,0.6129653,0.58956563,0.5649049,0.6276618,0.6181292,0.6180452,0.5891295,0.6038362,0.60412407,0.52442634,0.44869164,0.6020085,0.50045663,0.509026,0.45610172,0.6171477,0.62704945,0.5988736,0.6401332,0.6219118,0.631545,0.6141028,0.5655445,0.5822009,0.6055653,0.6309771,0.60651636,0.55450577,0.6209158,0.62975603,0.6152845,0.58129543,0.6155153,0.64977527,0.58726364,0.6451202,0.57369244,0.5979021,0.55075616,0.6191392,0.54789245,0.5301255,0.55688393,0.6125307,0.5368369,0.569908,0.54131407,0.53221184,0.57490784,0.53725284,0.6083772,0.5721485,0.60737365,0.59907275,0.57291603,0.5428544,0.537356,0.54110605,0.58278966,0.49286938,0.5505368,0.5271307,0.56898296,0.61941665,0.6097291,0.62193185,0.61601704,0.58783454,0.5973139,0.60683,0.57938945,0.56664103,0.5935464,0.59170544,0.55895007,0.5814223,0.61315435,0.62520015,0.6001525,0.59201324,0.5966544,0.5350529,0.5436716,0.5804273,0.6119014,0.5973414,0.53753185,0.61917055,0.5672528,0.5948045,0.53498876,0.5183163,0.62383467,0.61719614,0.61490446,0.57195395,0.56724936,0.53329206,0.5300097,0.5424095,0.55399925,0.53917867,0.4990643,0.6048659,0.5863237,0.5592163,0.5353886,0.46230432,0.52367604,0.51650625,0.45186472,0.62558526,0.5584799,0.56685704,0.6056714,0.5474468,0.56268287,0.5598983,0.5248305,0.5195071,0.5759879,0.54305744,0.46260118,0.5265964,0.5130881,0.5895873,0.54577756,0.53566074,0.55956745,0.5807765,0.5223509,0.5961194,0.60199434,0.5648274,0.57777286,0.5287726,0.5348507,0.5689071,0.5650546,0.58485335,0.62371755,0.5209614,0.54198253,0.6134164,0.6051194,0.56030846,0.56689155,0.5348576,0.55464506,0.56239164,0.56452656,0.54577655,0.54333776,0.5333641,0.54783374,0.5842784,0.58781755,0.53245836,0.52811426,0.57871884,0.57551724,0.55402917,0.55394465,0.5476848
194,0.58177966,0.5888437,0.60589886,0.5814262,0.5852891,0.5635559,0.5468765,0.618504,0.6281348,0.56750363,0.5626642,0.59078115,0.56737477,0.5497238,0.51053554,0.5422007,0.4862284,0.58721405,0.501203,0.47527245,0.53337926,0.56020766,0.5975066,0.5962257,0.6033499,0.57697976,0.5574082,0.583988,0.49355084,0.52124685,0.5821016,0.56531096,0.5862726,0.54767,0.5637856,0.6252466,0.6220916,0.60103345,0.6378098,0.6478478,0.6359809,0.62966794,0.62860906,0.60599685,0.57281196,0.4998851,0.62018716,0.48173612,0.49412397,0.5062366,0.63550335,0.643282,0.6130046,0.6560784,0.63676214,0.6430429,0.6446177,0.5992225,0.6274683,0.62434894,0.59912175,0.61438537,0.5373052,0.6373805,0.6271897,0.63641435,0.51057565,0.5558654,0.6169983,0.53436786,0.55731034,0.5844249,0.5719313,0.50727314,0.55467165,0.5490772,0.50199425,0.57760036,0.55880713,0.55503345,0.55759054,0.5540231,0.511559,0.5762122,0.5138991,0.59246755,0.56605935,0.5806154,0.5110932,0.51798284,0.5334533,0.5529685,0.52675307,0.56041634,0.49941054,0.5765759,0.5094743,0.55128527,0.6255159,0.634556,0.664498,0.6342108,0.6183779,0.61104256,0.64634293,0.6025293,0.6070272,0.60536903,0.630637,0.57490855,0.5898882,0.62002486,0.6416684,0.60988516,0.61722785,0.62336105,0.5604883,0.5493315,0.53995687,0.5986199,0.5974965,0.5619895,0.5936473,0.5943648,0.5900695,0.5650011,0.55664736,0.6029138,0.5815444,0.5295527,0.5628948,0.5637724,0.51551,0.52096295,0.5437063,0.5665632,0.55162454,0.5253292,0.59688336,0.60218453,0.581661,0.56382525,0.5137366,0.4976792,0.4948298,0.48011437,0.67096657,0.59847206,0.496925,0.5333083,0.5004503,0.56369144,0.5649437,0.5514098,0.5326048,0.55173427,0.52662516,0.45720914,0.5242183,0.52961785,0.5301522,0.5318471,0.5789495,0.55107015,0.5629345,0.5307704,0.6185252,0.6056053,0.60198605,0.5206245,0.4987927,0.54940474,0.60012674,0.59966403,0.59724516,0.602102,0.51643735,0.5764532,0.60675365,0.6505381,0.5838511,0.5594625,0.6005843,0.58047074,0.5777258,0.5492686,0.5415714,0.61767346,0.6255289,0.5750784,0.53731424,0.6068482,0.54104125,0.5291313,0.5070468,0.5549251,0.44328424,0.5788109,0.48000622,0.4507293,0.5465653,0.5225179,0.5909047,0.586154,0.590045,0.6043621,0.553767,0.58546567,0.48408386,0.54787606,0.5778022,0.55071545,0.6253473,0.5454359,0.56538993,0.6411571,0.6061348,0.5639986,0.65594214,0.64594704,0.63701254,0.61095047,0.6187635,0.60504967,0.5390964,0.45754638,0.6181434,0.48955402,0.51633614,0.4595657,0.6323239,0.6395231,0.61418784,0.65410966,0.64321595,0.6419482,0.6246794,0.5734724,0.5951245,0.61384904,0.6182105,0.58813006,0.5406969,0.59569585,0.61895466,0.6320158,0.5418725,0.5671818,0.6278352,0.5637388,0.6096161,0.5403594,0.5604039,0.54286003,0.6193681,0.5427346,0.49902558,0.5677401,0.6257347,0.53676903,0.5688963,0.54769725,0.49865052,0.5520747,0.49635553,0.58860356,0.5595141,0.59536386,0.5656709,0.54572433,0.51802045,0.5456619,0.53947276,0.57919097,0.4743768,0.5530248,0.49749386,0.52545625,0.6286378,0.624117,0.6495821,0.64202976,0.6168147,0.6216295,0.6382297,0.592283,0.57970303,0.59918696,0.601013,0.5682996,0.5837279,0.6104486,0.63982475,0.6094567,0.613783,0.6144896,0.54661185,0.5351388,0.58003765,0.6128824,0.60140055,0.5418979,0.6083451,0.5892168,0.6022089,0.52197444,0.515114,0.6179987,0.6156332,0.5908994,0.56340253,0.5461404,0.5142985,0.52267957,0.5416837,0.5582453,0.5418412,0.49564493,0.6052065,0.5786827,0.54525137,0.531027,0.4520528,0.5065161,0.48522177,0.4440935,0.65114415,0.56619436,0.52252954,0.55383474,0.4933651,0.5612242,0.5557016,0.5135008,0.5118628,0.56018794,0.543064,0.44037727,0.50312114,0.50214046,0.52923816,0.5168907,0.53460693,0.5641943,0.5728913,0.5254614,0.6124624,0.6205874,0.5730959,0.5376574,0.50260216,0.53649515,0.5940697,0.5906129,0.59563804,0.5971001,0.49881488,0.55180717,0.6051573,0.6084701,0.56678545,0.57082546,0.53368646,0.5599537,0.56765145,0.56559104,0.5315326,0.5365789,0.5339425,0.54833794,0.5854686,0.5890394,0.5296582,0.53053516,0.5910895,0.5848342,0.5597371,0.55583555,0.5440204
195,0.5882173,0.5772564,0.60341537,0.5807734,0.5849022,0.5581079,0.53637755,0.6323372,0.6430058,0.5791079,0.5745163,0.6028016,0.55774903,0.5409781,0.49233946,0.52530444,0.48319402,0.58855647,0.48876196,0.44309345,0.5187308,0.5619279,0.58375776,0.62807465,0.6194888,0.5954993,0.54559714,0.58873945,0.46402723,0.49409905,0.57115316,0.5491454,0.561039,0.5344369,0.5478737,0.6435856,0.6467208,0.6095184,0.664405,0.6691973,0.65944314,0.6565768,0.6426207,0.61117595,0.58737326,0.5063997,0.6330658,0.47489953,0.4997374,0.5158386,0.64474237,0.6529543,0.6264738,0.6627567,0.6586336,0.6509946,0.66599697,0.6148819,0.64090383,0.6373766,0.6054555,0.6149057,0.54446846,0.6339984,0.6294595,0.66105247,0.49915755,0.53369355,0.61669594,0.5445785,0.5445163,0.5900249,0.5638597,0.52622265,0.57332975,0.56140125,0.5025025,0.596953,0.57616234,0.58045393,0.5780672,0.58137864,0.51177186,0.57737124,0.5068554,0.5865282,0.5673304,0.58778906,0.4909498,0.5045718,0.5277369,0.5687719,0.5303231,0.5712031,0.515312,0.5864752,0.501544,0.5331899,0.6418029,0.65195346,0.69146764,0.663166,0.6498585,0.6400713,0.6795842,0.625403,0.62705755,0.61820257,0.6543798,0.58379847,0.61010665,0.632081,0.66025704,0.6285332,0.6390282,0.64140236,0.5716134,0.5522924,0.5393016,0.6020366,0.6017167,0.5736854,0.6002291,0.62084836,0.59515965,0.559243,0.5691729,0.6006644,0.58923924,0.5203911,0.5636682,0.5565818,0.5157671,0.5196481,0.55150896,0.58605725,0.5694945,0.5328926,0.6016793,0.6085872,0.58342785,0.56752425,0.51647484,0.50002533,0.49411184,0.48693708,0.6968582,0.6175895,0.4814017,0.51522946,0.47515258,0.56442255,0.56541765,0.55234885,0.52637184,0.5284736,0.5210986,0.4387132,0.5102527,0.5269992,0.50733614,0.51465064,0.58552414,0.5493464,0.5612787,0.53208226,0.6438563,0.6217843,0.6265893,0.50885564,0.5142098,0.55412364,0.62937576,0.6304782,0.61386824,0.5951082,0.50229657,0.58636624,0.61938375,0.6658345,0.5894928,0.5536046,0.60242015,0.57958883,0.57764757,0.5435914,0.5381328,0.63193464,0.6443039,0.58184516,0.5415885,0.6014666,0.527567,0.5126231,0.48572046,0.54601854,0.43279982,0.5750376,0.46982774,0.42536527,0.53966093,0.51318294,0.58683074,0.61948395,0.59497994,0.6072992,0.53870547,0.573186,0.45836213,0.506305,0.56006414,0.52198005,0.60232604,0.5308733,0.5309566,0.6679148,0.6294323,0.5699827,0.68825805,0.6722718,0.6612664,0.63743263,0.6335362,0.6075253,0.55572677,0.46819052,0.6320883,0.48344672,0.52630615,0.46591854,0.6432917,0.65010273,0.62868756,0.663129,0.6667049,0.64839286,0.63891804,0.5813836,0.6135499,0.62684524,0.6112815,0.5771771,0.5322375,0.5765401,0.61430514,0.648787,0.51123923,0.5277558,0.6096408,0.5471408,0.57994896,0.5155867,0.52930427,0.53985476,0.6180323,0.54321915,0.47611547,0.57862276,0.6347309,0.53756934,0.56950593,0.555115,0.4740311,0.5340852,0.46506768,0.57453626,0.55175847,0.58788985,0.539896,0.5249347,0.49998665,0.55426246,0.5392992,0.5798114,0.4630276,0.55771434,0.4763904,0.48985144,0.6430912,0.63707405,0.67905027,0.6736536,0.6553672,0.65189373,0.67140234,0.6085271,0.59766823,0.6061513,0.61406547,0.5777978,0.5905365,0.61462057,0.659355,0.62648654,0.63556165,0.62804216,0.5558545,0.52848876,0.5834323,0.61467105,0.6063362,0.54652095,0.59971774,0.6173882,0.60789096,0.5125847,0.5166579,0.613016,0.61250734,0.57345814,0.55680037,0.53083324,0.5023371,0.51789254,0.54121435,0.5618553,0.54554504,0.49600646,0.6033655,0.57149523,0.5354933,0.5333645,0.44565478,0.49607146,0.46422207,0.4407698,0.67241377,0.5771472,0.4871232,0.513043,0.45274207,0.56538904,0.554198,0.50879407,0.50515544,0.5475428,0.54506147,0.4260108,0.48771372,0.49700326,0.4871052,0.49542645,0.53688234,0.56903076,0.56829387,0.5267355,0.6334267,0.6412538,0.58440846,0.5053526,0.48460692,0.53696376,0.62844336,0.6269545,0.60888696,0.5761857,0.48317245,0.56400937,0.600813,0.6178661,0.57224333,0.574777,0.53158903,0.56275505,0.5747322,0.5689862,0.5213733,0.5328377,0.53674066,0.55044746,0.5875261,0.5912378,0.527757,0.53369075,0.6049439,0.59594655,0.56769484,0.55942273,0.5437646
196,0.5991563,0.5704411,0.60343426,0.5826469,0.5871188,0.55796593,0.5313821,0.6413176,0.6541951,0.5934841,0.58921295,0.61217487,0.5530339,0.5466356,0.49272838,0.51557714,0.4828823,0.58786124,0.48604533,0.42616317,0.5106209,0.5679187,0.57321286,0.662447,0.6340707,0.60935986,0.5440072,0.5959038,0.44760007,0.4811025,0.56552565,0.54669625,0.54667735,0.53393346,0.54695,0.6609963,0.67432445,0.62153286,0.6903743,0.68810624,0.6875243,0.68338746,0.6577688,0.617954,0.6041173,0.5133507,0.64166045,0.47693476,0.5050931,0.52566653,0.64682317,0.65703964,0.6371699,0.6651,0.6787562,0.6535444,0.6827765,0.62300825,0.65941346,0.6560514,0.6115231,0.6183348,0.55511886,0.6328974,0.632174,0.67946553,0.49479127,0.51889604,0.6191705,0.5536673,0.53739333,0.5936651,0.5633494,0.54458046,0.5886208,0.57323295,0.50389504,0.6109654,0.5892484,0.5976569,0.5962074,0.60074973,0.51369643,0.5833977,0.5056779,0.5880029,0.5706958,0.5946067,0.48184627,0.500059,0.5277424,0.580581,0.5343451,0.5845134,0.5330167,0.5957878,0.5005636,0.5184761,0.6610487,0.6650739,0.71260077,0.688866,0.68172055,0.66677827,0.71033186,0.64616543,0.64377546,0.63238364,0.677741,0.5921245,0.6302825,0.64768684,0.68138283,0.6527863,0.6545036,0.6519396,0.5779818,0.5567262,0.5423074,0.60539705,0.6069821,0.5820886,0.60591406,0.64470136,0.5973624,0.55464077,0.5791702,0.5986157,0.5946895,0.51906216,0.56602794,0.554261,0.5165472,0.5210069,0.5570326,0.5994015,0.5814617,0.5393829,0.605039,0.61480725,0.5873991,0.5743795,0.5221507,0.5083962,0.49860737,0.4967851,0.71606976,0.63618934,0.47619516,0.5066403,0.46072298,0.56859213,0.56858486,0.5560345,0.521038,0.5100109,0.5178581,0.43159938,0.5065258,0.5285909,0.50339645,0.5097651,0.5906559,0.5481681,0.5604851,0.5347094,0.6691394,0.6352952,0.64875066,0.5079439,0.52549976,0.5594808,0.6594576,0.66088223,0.6249493,0.5899536,0.49467105,0.59889597,0.6330893,0.6842232,0.60043573,0.55151105,0.603534,0.5813892,0.58224344,0.5457879,0.5423307,0.64083564,0.65768874,0.59481084,0.54946434,0.5966,0.5222609,0.5134039,0.48482147,0.5415259,0.429336,0.5720223,0.4710948,0.41364038,0.5396969,0.5162482,0.58428746,0.6562277,0.60530245,0.61030054,0.5323184,0.5675244,0.4441251,0.48228064,0.54968184,0.5121511,0.5876065,0.5294505,0.5175419,0.6873078,0.65529835,0.5832382,0.716837,0.69175184,0.6860523,0.66373134,0.6479316,0.6143898,0.5744269,0.48243386,0.6420077,0.48432827,0.5384453,0.47566214,0.64711267,0.6562123,0.6393073,0.66522014,0.6880151,0.6506132,0.65479493,0.5881382,0.6361112,0.64529085,0.6107451,0.57597923,0.5316576,0.56741595,0.61281854,0.6609609,0.49452698,0.50188625,0.59720904,0.5383444,0.56025416,0.5012081,0.51115596,0.54343647,0.6176026,0.54817957,0.46373454,0.58978766,0.6398537,0.54159236,0.5719253,0.56286055,0.46282429,0.5272065,0.44906366,0.57256055,0.550457,0.5826453,0.52807117,0.51383126,0.49416983,0.56052893,0.5399906,0.5837952,0.46286762,0.56575656,0.4675378,0.46752837,0.65974164,0.6457527,0.7036521,0.703512,0.6948153,0.6802923,0.6998402,0.6251811,0.6147726,0.61673266,0.63026285,0.5848382,0.6031069,0.624669,0.68173844,0.64845514,0.65385705,0.6354402,0.5625655,0.52380246,0.5893671,0.61616695,0.61088586,0.5500004,0.59479654,0.64408034,0.6088705,0.5076385,0.5221723,0.6092011,0.6098923,0.5654774,0.55226195,0.5221457,0.4980275,0.51603925,0.54032624,0.56555086,0.5510382,0.5006016,0.60144955,0.56791055,0.5322933,0.54230696,0.44572628,0.49519363,0.45662656,0.4439334,0.6861612,0.59201723,0.46782982,0.48859367,0.4299424,0.5740543,0.55602753,0.512153,0.4995031,0.5409321,0.5499737,0.42226395,0.48344582,0.49910522,0.46940684,0.4842436,0.5425304,0.5714499,0.56429976,0.5256246,0.65541273,0.65978515,0.59866357,0.48728,0.47705546,0.53627217,0.6638088,0.6645183,0.61935216,0.56198204,0.47640026,0.5759431,0.6035344,0.6323209,0.5760335,0.57864964,0.528067,0.5619741,0.58335316,0.5751001,0.517904,0.53341776,0.5411809,0.5535755,0.58870083,0.5931193,0.5271841,0.53673774,0.61881787,0.60781664,0.5766434,0.56444037,0.54715574
197,0.6118929,0.5687543,0.6050637,0.586273,0.5910793,0.5620501,0.53201985,0.64269775,0.65850216,0.609228,0.6041787,0.6187583,0.5538727,0.5640923,0.5100101,0.51456237,0.4856889,0.5848561,0.49258012,0.42622328,0.5100839,0.5758834,0.5672421,0.690175,0.6459664,0.61668426,0.5529435,0.60392505,0.44720444,0.48072731,0.56270295,0.55563444,0.5426907,0.5423649,0.55793405,0.6716246,0.6984895,0.6347876,0.7085923,0.69987833,0.7121309,0.704117,0.671903,0.6265392,0.62159383,0.5217408,0.645146,0.48738888,0.5109472,0.53616583,0.6409334,0.65470254,0.64191025,0.6627228,0.6919573,0.65138966,0.6919606,0.6218631,0.67929834,0.6771167,0.61434984,0.6212447,0.5654415,0.63239336,0.6321925,0.6873242,0.49577752,0.51092654,0.6218486,0.5575863,0.534625,0.59093076,0.5696985,0.5583493,0.59824055,0.5818896,0.5033081,0.6187337,0.59583545,0.6044211,0.6092276,0.6092199,0.5157741,0.5948584,0.5108854,0.5976031,0.57433206,0.59776926,0.4830033,0.50304097,0.5334484,0.5848744,0.5376519,0.5964676,0.54991484,0.60369563,0.50542825,0.5084061,0.6778805,0.67058456,0.72326785,0.7048054,0.70606357,0.6838425,0.7316339,0.66053486,0.65279114,0.6469564,0.6973001,0.59783703,0.6473324,0.66319567,0.70123994,0.6766014,0.6612954,0.65471715,0.58053577,0.5608128,0.54680747,0.60656667,0.6104364,0.58462775,0.60952574,0.6593771,0.5956022,0.55072737,0.5839063,0.59677124,0.5974839,0.52398074,0.56858313,0.5536571,0.51620966,0.5244046,0.559037,0.6043755,0.5863724,0.543861,0.6072086,0.6210607,0.5922024,0.5826323,0.5303474,0.52108645,0.5064612,0.5081067,0.72609425,0.6528516,0.48049608,0.50686395,0.4560877,0.57462937,0.5733548,0.5613281,0.5158607,0.4998912,0.51802474,0.43600124,0.5129979,0.5337509,0.51626176,0.51613545,0.5928943,0.5465481,0.55881757,0.53733647,0.68939847,0.64210033,0.66585934,0.5162919,0.528862,0.5647435,0.68250877,0.68280864,0.62711,0.5854358,0.4929095,0.61094105,0.64556897,0.70188844,0.6140204,0.5538218,0.6026672,0.5853326,0.5901336,0.55473316,0.5522488,0.64166105,0.6617451,0.6124096,0.56024516,0.5951739,0.525854,0.52986544,0.5033635,0.5421173,0.43277133,0.570851,0.4829121,0.41677824,0.54602134,0.5300954,0.58393514,0.6870844,0.62108165,0.6143962,0.53665894,0.57044816,0.44471565,0.47666803,0.5459314,0.51961315,0.5802015,0.53816545,0.5241645,0.6940404,0.6775501,0.60136884,0.73410404,0.6998777,0.7050399,0.6841122,0.6603656,0.626176,0.5936557,0.50021917,0.64649904,0.49238694,0.5511514,0.48796454,0.6423576,0.6560184,0.64295024,0.6598345,0.70191145,0.64878404,0.66897315,0.5923751,0.65899324,0.6667766,0.6151878,0.5833044,0.53867894,0.5694245,0.61135155,0.6654244,0.49321392,0.4913782,0.5912828,0.5363295,0.55274177,0.4966834,0.5093333,0.5527844,0.62005806,0.5547141,0.46195534,0.60054237,0.6422182,0.54984105,0.57588536,0.5701386,0.46613282,0.5345625,0.45031807,0.5847859,0.55497605,0.57772845,0.53248006,0.5133463,0.5025789,0.562691,0.540887,0.58889914,0.47520325,0.57655144,0.47154465,0.46048492,0.6740576,0.64798474,0.71747756,0.723874,0.72588253,0.699099,0.7174646,0.6385445,0.6259037,0.6310442,0.6471321,0.58766437,0.6194848,0.63749325,0.7026413,0.6703213,0.66520494,0.63589585,0.56668663,0.52083874,0.59535474,0.6159915,0.61309934,0.55122304,0.59480006,0.66219157,0.6042644,0.5066125,0.5292427,0.6071871,0.60973185,0.5673834,0.5497745,0.5195786,0.500361,0.51689154,0.538764,0.56987274,0.5586004,0.5081698,0.60187125,0.5702993,0.53644615,0.55546093,0.4531749,0.5044011,0.46298763,0.45366442,0.69044435,0.6094183,0.46752357,0.48200297,0.4253905,0.5845674,0.56043136,0.522024,0.4949426,0.54139066,0.5575307,0.42897493,0.49024737,0.5073052,0.4766942,0.48446172,0.5497887,0.56975156,0.55895144,0.5224952,0.6738042,0.6715434,0.6140812,0.48611304,0.47945035,0.53497505,0.6910677,0.6934205,0.6233135,0.55476636,0.47838593,0.5852415,0.6135682,0.6483825,0.5777412,0.58196306,0.5235333,0.5578138,0.5918502,0.58268136,0.52178764,0.5381859,0.54590863,0.5565275,0.5873926,0.5932016,0.52806073,0.5386371,0.6301747,0.61829394,0.5842101,0.56949097,0.552897
198,0.62221295,0.5710111,0.60672563,0.5899836,0.5949117,0.5674322,0.5363287,0.63486075,0.6536579,0.6234941,0.61598706,0.62170887,0.55910754,0.58748543,0.5385128,0.5211699,0.49114457,0.57921857,0.50484276,0.44047868,0.51521355,0.5822106,0.565712,0.70403963,0.65354955,0.6160186,0.5697807,0.6107871,0.46252364,0.48890087,0.55955964,0.5702387,0.5460718,0.5539032,0.5747155,0.6706777,0.7134121,0.6461631,0.71340996,0.70081186,0.7259233,0.71412754,0.68209493,0.6356635,0.63744605,0.53182524,0.6432944,0.50344193,0.5176742,0.5469722,0.62790376,0.64633435,0.63833296,0.6558243,0.69416714,0.6455565,0.6914629,0.6113965,0.6956868,0.6956946,0.6112831,0.6195551,0.5708926,0.62999445,0.6264582,0.6815851,0.4985611,0.5073387,0.62106454,0.55262315,0.5330213,0.578569,0.5797314,0.56360716,0.6002471,0.584171,0.49837214,0.61981267,0.59412116,0.60021985,0.61458695,0.60570997,0.5159898,0.60991496,0.5208364,0.61276954,0.5757922,0.59435666,0.4911317,0.51030433,0.5431526,0.57958597,0.5391352,0.6026456,0.56341726,0.60890853,0.5131432,0.50279677,0.6876334,0.66677946,0.72092533,0.7064509,0.71717453,0.68633956,0.7390263,0.66566956,0.65166503,0.6599052,0.70965695,0.599359,0.6578318,0.674303,0.71560204,0.69411606,0.6585543,0.65066123,0.5804873,0.5623401,0.5501455,0.6034178,0.60893655,0.5799812,0.61002237,0.66071147,0.5897971,0.54648334,0.5815195,0.5947101,0.59722906,0.5318127,0.5695523,0.5509157,0.5135497,0.5286743,0.5569476,0.60046244,0.58437365,0.5453817,0.6081324,0.6272934,0.5961203,0.58992404,0.5396801,0.5354483,0.51521444,0.51875114,0.7258456,0.6658332,0.49101833,0.512762,0.4582977,0.5803799,0.5776757,0.56594676,0.50991756,0.49901038,0.5214661,0.44916975,0.526717,0.5403867,0.5397671,0.5303042,0.5909164,0.54343975,0.5548782,0.53891796,0.7005153,0.6396699,0.6754814,0.5295451,0.5218779,0.5688556,0.6925526,0.69079316,0.619218,0.5798121,0.49512523,0.6195881,0.65356183,0.71418464,0.62581056,0.55980396,0.59894097,0.58974284,0.59839094,0.5665136,0.5635772,0.63282365,0.65419084,0.63093704,0.5716738,0.5986429,0.53646415,0.556255,0.535666,0.54649925,0.44130567,0.5712997,0.50082016,0.4318317,0.5553186,0.5490247,0.58561826,0.7041618,0.64008397,0.6190906,0.55110914,0.5815662,0.46011344,0.48551354,0.54645824,0.5379592,0.57709897,0.55150235,0.5446497,0.68482643,0.6905667,0.6202292,0.7349301,0.6941252,0.7130127,0.69411874,0.6690165,0.6412365,0.61113167,0.51995903,0.64494467,0.50570035,0.5623861,0.50112635,0.62943256,0.6490184,0.6374774,0.64785004,0.7042507,0.64337057,0.6778259,0.5926681,0.6776284,0.6871882,0.6212239,0.5946304,0.5501616,0.57993066,0.60638607,0.6597421,0.5043393,0.49381015,0.59013563,0.5376001,0.5559685,0.49891043,0.52249855,0.5645355,0.625532,0.5585712,0.46773118,0.6094966,0.6432257,0.5618277,0.5800396,0.57605153,0.4811645,0.5550211,0.46687806,0.60838217,0.5621449,0.57109064,0.5508732,0.5217384,0.5229241,0.5596772,0.5412503,0.5917382,0.4983126,0.588066,0.48569483,0.4666395,0.68180484,0.64294535,0.716891,0.72910917,0.7421194,0.70290786,0.7205807,0.6454138,0.6276568,0.6473625,0.6612576,0.58563954,0.6355097,0.6488885,0.7175963,0.6868885,0.66745645,0.6297456,0.5682924,0.5188311,0.59821135,0.61248744,0.61089814,0.5494892,0.5996088,0.66690916,0.59474754,0.50775206,0.5347684,0.60678244,0.6127892,0.57644105,0.548677,0.5210392,0.50666445,0.519504,0.5365533,0.5746158,0.5676155,0.51599455,0.60580873,0.5791289,0.54651463,0.5691826,0.46715266,0.521714,0.48094857,0.4682125,0.68495023,0.62647355,0.48402995,0.49007168,0.43550137,0.5937746,0.56562865,0.5344651,0.4912426,0.5474205,0.5661683,0.44325384,0.5050166,0.5184689,0.5039747,0.49520895,0.5556919,0.5630832,0.5511759,0.5186599,0.68452054,0.67287385,0.62767166,0.49991584,0.4882757,0.53372496,0.703215,0.70676297,0.6189184,0.55317974,0.48630163,0.5903419,0.62809914,0.66120744,0.57706875,0.58384305,0.51881367,0.5512353,0.5974599,0.5890364,0.5313091,0.5453963,0.5492101,0.55793,0.58232296,0.5899511,0.5301454,0.5385759,0.6360337,0.62457794,0.58763355,0.57246995,0.5586004
199,0.6261479,0.57528263,0.6065762,0.5918991,0.596654,0.57085115,0.54156184,0.6179592,0.6389099,0.6330724,0.6217037,0.6201081,0.5663805,0.6094001,0.5697897,0.53212345,0.4974555,0.57110184,0.51768875,0.4630686,0.522674,0.58358693,0.5672599,0.69989127,0.65518874,0.6070405,0.5894183,0.61393976,0.48947594,0.49968418,0.5529802,0.58339894,0.5517711,0.5618571,0.5899594,0.65602565,0.7158381,0.6527099,0.7022367,0.6892655,0.7247462,0.7113884,0.6862817,0.6433525,0.64936596,0.54259324,0.6367201,0.52057695,0.52468425,0.5567162,0.60984105,0.6334029,0.62543994,0.6451738,0.6838202,0.63747156,0.680527,0.5928084,0.70439893,0.7075964,0.60075855,0.6099367,0.5675381,0.6231564,0.612859,0.6604579,0.49878666,0.5043322,0.613406,0.5366632,0.5286735,0.55531234,0.58908767,0.55722755,0.5935129,0.57733095,0.48750138,0.61415374,0.58344346,0.58615744,0.61029774,0.5905841,0.5120866,0.62529534,0.53226364,0.6290882,0.57283676,0.58261,0.5012512,0.5178603,0.5540086,0.5643991,0.53803194,0.59958774,0.57119066,0.60999346,0.5195714,0.49991584,0.68786144,0.6538483,0.7054128,0.6917005,0.7121304,0.6720079,0.7311354,0.6603496,0.6395594,0.6693233,0.7125513,0.5957832,0.6593209,0.67736953,0.7220557,0.70153415,0.64710194,0.6414768,0.5785426,0.5594484,0.54982257,0.594447,0.60018605,0.5681023,0.60669816,0.64681214,0.58031124,0.54077315,0.57142544,0.59160113,0.5936831,0.53843313,0.56744087,0.5429283,0.5077999,0.53248703,0.55084896,0.5885743,0.576314,0.5431673,0.6071008,0.6331109,0.59750897,0.593974,0.5481558,0.54781246,0.52171737,0.5261727,0.7161106,0.67368716,0.5026535,0.5195471,0.4627007,0.5838183,0.57925874,0.56759936,0.502242,0.50583273,0.52690065,0.46646836,0.5430523,0.54590106,0.56495327,0.54688895,0.58420736,0.5379104,0.5476466,0.5391496,0.70014924,0.6272967,0.67605776,0.5417755,0.50390315,0.57085836,0.6860497,0.6819524,0.6016148,0.57124597,0.49871287,0.62239015,0.65417033,0.71741027,0.63147247,0.5678204,0.5920557,0.5925897,0.60398847,0.57642806,0.5717299,0.614585,0.6349009,0.64640665,0.5808362,0.6064772,0.55040115,0.58413106,0.5723766,0.55220425,0.45173243,0.5723028,0.5186114,0.45311737,0.56336343,0.5659678,0.5886507,0.7026302,0.6588722,0.6227261,0.5719607,0.59811264,0.4863135,0.5010828,0.54761046,0.5579827,0.5739202,0.5624934,0.5691834,0.65930116,0.6911705,0.635439,0.71730804,0.67445534,0.7075447,0.6918372,0.6730252,0.65683734,0.6247597,0.5388765,0.6377785,0.52059925,0.57020396,0.51269513,0.6102924,0.63616145,0.6223208,0.6314229,0.69342244,0.63539267,0.67863095,0.5877121,0.68845326,0.70276827,0.62473667,0.6039196,0.56116134,0.59353983,0.59466106,0.64197445,0.5214653,0.5032226,0.59010875,0.5372264,0.5651703,0.50309855,0.5450104,0.573786,0.6320952,0.5555163,0.47554013,0.6151258,0.6439596,0.5757889,0.5820174,0.5794465,0.5018307,0.5837023,0.49305472,0.6370981,0.56755453,0.56071144,0.5775016,0.5352179,0.5492551,0.55103034,0.5403016,0.58884853,0.527363,0.59783196,0.5045451,0.48062584,0.680683,0.6313152,0.700698,0.7162616,0.74041605,0.6891518,0.70863473,0.643895,0.6184439,0.66310537,0.66942984,0.5790786,0.64655715,0.6548464,0.7240732,0.6947343,0.660454,0.6183987,0.5674888,0.5165797,0.59499305,0.60418683,0.6027639,0.54451615,0.60738367,0.6557736,0.58161294,0.5087896,0.5358985,0.6066414,0.6181634,0.5876768,0.5477328,0.5235204,0.5132144,0.52246886,0.53378594,0.57876515,0.5764798,0.52096903,0.61249673,0.59281313,0.5592262,0.57959235,0.48517534,0.54260266,0.5049263,0.4843513,0.67131215,0.6401388,0.510777,0.5058196,0.45337078,0.598839,0.5695086,0.54480445,0.48771843,0.5559833,0.5738111,0.4605399,0.5228476,0.528721,0.5409938,0.5129378,0.55739003,0.5514288,0.5406051,0.5159021,0.6851363,0.66195464,0.636049,0.5227648,0.4979957,0.532879,0.6961296,0.70082355,0.6057019,0.554359,0.4956337,0.59050643,0.64236283,0.66634244,0.5739511,0.5834493,0.51464206,0.543409,0.597535,0.59130096,0.5431743,0.5524731,0.549692,0.5568801,0.5728632,0.5822392,0.5329529,0.53636557,0.6342668,0.62442964,0.58482254,0.57154125,0.5618735
200,0.6213092,0.57927847,0.60276246,0.5904053,0.5949467,0.5699898,0.5453929,0.5940699,0.6151968,0.6352847,0.61976093,0.6139876,0.572352,0.62271917,0.594369,0.54215366,0.5009639,0.5617806,0.525491,0.4859969,0.5289781,0.5784078,0.5697994,0.67640823,0.6502959,0.5912993,0.60534096,0.611022,0.520053,0.5066414,0.54096115,0.5885537,0.554176,0.5601766,0.59694475,0.62849283,0.7051859,0.6523637,0.675838,0.666119,0.7079574,0.6965085,0.6841278,0.64782196,0.65555453,0.5512586,0.62685513,0.53280216,0.52943724,0.56279546,0.58945036,0.6180629,0.60377103,0.6321187,0.662359,0.6291715,0.6603447,0.56879765,0.70308983,0.7106227,0.5832577,0.59144664,0.5537005,0.6107322,0.59171134,0.6251915,0.49321368,0.49835935,0.59738225,0.510908,0.5190603,0.52347976,0.5938113,0.5385171,0.57873833,0.56080025,0.47073227,0.6028775,0.56548095,0.5652527,0.59585196,0.5664193,0.50284904,0.6377483,0.5415232,0.6421515,0.5644148,0.56312674,0.50800836,0.5220549,0.56299317,0.5414488,0.53424525,0.5861872,0.5711373,0.60591304,0.520977,0.49757507,0.67872226,0.6340236,0.6794229,0.6613334,0.6906938,0.6413463,0.70979613,0.6451352,0.6176641,0.6742755,0.70575356,0.5870898,0.65134203,0.6705398,0.72102004,0.6976231,0.6297911,0.62960345,0.57471234,0.55145675,0.5441282,0.5796527,0.5837202,0.5505177,0.59974444,0.61823153,0.56802183,0.53299385,0.55461246,0.5866834,0.58724296,0.5401467,0.5617245,0.52878517,0.49898782,0.5347319,0.54175365,0.57122606,0.56381994,0.5367379,0.60318226,0.6376424,0.59503585,0.5926749,0.55320615,0.55403763,0.52265996,0.52735764,0.7002898,0.67595255,0.5100222,0.522307,0.46419248,0.5827743,0.5763046,0.5648917,0.49224305,0.5169708,0.5320017,0.4816599,0.55654645,0.5479126,0.5821853,0.55926096,0.5736869,0.5297234,0.53696346,0.5384321,0.68825716,0.60599095,0.66774714,0.54750437,0.47732985,0.5702373,0.66198295,0.65560764,0.5762077,0.5589159,0.5010113,0.61782676,0.64621705,0.70989466,0.62811416,0.5754745,0.5821475,0.5920944,0.60477424,0.5806803,0.57352006,0.58931065,0.6060554,0.6554744,0.5847376,0.61630064,0.5626319,0.60420626,0.6022329,0.555964,0.4590638,0.57278544,0.5296955,0.47329006,0.5667468,0.5748309,0.59179777,0.6807022,0.6737423,0.62322676,0.59260166,0.6152418,0.5149811,0.5139595,0.54532635,0.57027596,0.56648904,0.56431085,0.58675843,0.62075245,0.6788023,0.6433473,0.6826562,0.64383584,0.68923676,0.6779224,0.67293763,0.67005074,0.63260156,0.55262315,0.6264169,0.53160936,0.57220703,0.51885843,0.5877817,0.6194855,0.59863144,0.61381966,0.67087924,0.6267416,0.67026806,0.57689834,0.68973166,0.71112895,0.62241066,0.605844,0.56650275,0.6040529,0.57458043,0.61213064,0.53658503,0.5119764,0.5869837,0.5306155,0.5737557,0.5040697,0.5681836,0.5757962,0.6366327,0.5430309,0.47924912,0.6163448,0.64483005,0.5884453,0.579163,0.5789446,0.5203132,0.61328167,0.5201329,0.6634348,0.5671974,0.54552865,0.6046584,0.54864854,0.57365304,0.5373903,0.53746426,0.5779625,0.55439377,0.60345435,0.5210697,0.49526274,0.67114395,0.61526275,0.670657,0.68528783,0.72020274,0.65833473,0.6847475,0.6337073,0.59887093,0.67570883,0.6695903,0.56907666,0.64915115,0.65249705,0.7222641,0.69294953,0.6463464,0.60437834,0.5641588,0.5128934,0.5840089,0.59073424,0.5883572,0.5365455,0.61505884,0.62880474,0.566602,0.50764143,0.53045267,0.60484314,0.62365144,0.5953788,0.54560035,0.5240308,0.5160595,0.5242631,0.5304789,0.580595,0.58270586,0.52016765,0.61959964,0.6078542,0.5698914,0.58292717,0.50254077,0.5605905,0.526586,0.49709457,0.65363675,0.64819425,0.5381869,0.5202219,0.4700306,0.5971094,0.57019967,0.5490197,0.4832357,0.56362677,0.5783723,0.47489876,0.53780395,0.5343302,0.5737007,0.53084195,0.5530947,0.53618807,0.5275102,0.51581323,0.6753682,0.6393761,0.6363369,0.5462898,0.5028322,0.53242254,0.6685084,0.6743607,0.5845989,0.55474025,0.5017774,0.58589196,0.6514433,0.6611895,0.56892806,0.5805329,0.51137406,0.5355405,0.5911018,0.5879851,0.55355054,0.556944,0.5467782,0.55329365,0.5595762,0.57005477,0.5358827,0.5325902,0.624883,0.6174372,0.5751903,0.56587744,0.56110173
201,0.60743326,0.57962304,0.5934916,0.5841696,0.58884144,0.56344885,0.54575557,0.5664695,0.58472365,0.6284788,0.6098601,0.6049925,0.5726063,0.6222945,0.6043284,0.5445382,0.4968023,0.5529604,0.5229419,0.5000644,0.53053856,0.5666079,0.5703277,0.63527775,0.6400635,0.57266927,0.61127806,0.6007965,0.5443441,0.50466007,0.52377063,0.58071035,0.54906034,0.5451087,0.5909331,0.5911143,0.6825392,0.6439404,0.63790476,0.6343175,0.6775412,0.67179596,0.67624694,0.6476929,0.6545863,0.5541367,0.6148926,0.5335064,0.52786136,0.5620795,0.5687757,0.6019263,0.57512766,0.61765385,0.63347614,0.6220812,0.6341049,0.5436395,0.6911993,0.7041873,0.5615162,0.56610453,0.5309861,0.5937625,0.56629294,0.58241796,0.48113742,0.48766196,0.57407147,0.480504,0.5043324,0.48948404,0.5912733,0.51108205,0.5593882,0.5375734,0.45038375,0.58876914,0.54482776,0.54258984,0.57339466,0.5389222,0.48939705,0.64485747,0.5460214,0.64864486,0.55119085,0.5393731,0.5070038,0.52010757,0.5676389,0.51560193,0.52846014,0.5643181,0.5619401,0.59637225,0.51552415,0.49451113,0.6617418,0.61052805,0.6478526,0.61935854,0.65526736,0.59793276,0.67951685,0.6220786,0.58952326,0.6745915,0.6909553,0.573988,0.63581,0.6539756,0.7145228,0.6827974,0.61054873,0.61739373,0.5685031,0.5393052,0.532759,0.5606875,0.56100976,0.53038424,0.59035593,0.5783965,0.55434114,0.5235004,0.533603,0.57945144,0.57917935,0.53468215,0.5528535,0.5098415,0.48823944,0.5346198,0.5317988,0.55251896,0.54962385,0.5260309,0.59571993,0.63905084,0.5874509,0.58412355,0.5520129,0.5511367,0.516178,0.5195888,0.68331665,0.67303497,0.50922614,0.51757056,0.45925066,0.5743034,0.56777674,0.55726904,0.4802965,0.5274002,0.53331673,0.48754343,0.5612245,0.54455227,0.5837543,0.56116325,0.56108093,0.5196824,0.52364165,0.53714925,0.6668987,0.5777409,0.6529496,0.5436716,0.44827023,0.5669471,0.62235755,0.6136889,0.54674786,0.54353094,0.4996244,0.6054928,0.6309804,0.69206387,0.61474687,0.5792637,0.5691801,0.5868148,0.5993174,0.5766901,0.5672874,0.56066847,0.57161075,0.65520513,0.58049524,0.62459046,0.5672651,0.60861784,0.6151024,0.5537229,0.45712242,0.5716154,0.5280443,0.4845345,0.56307524,0.57115406,0.59251,0.6398867,0.6809249,0.61883354,0.60499233,0.6265764,0.53539044,0.515559,0.53645605,0.5672013,0.5521926,0.55205303,0.5880503,0.57588,0.6546544,0.6411045,0.6361106,0.6078951,0.6607405,0.6546163,0.66967505,0.6776532,0.63253415,0.55604845,0.6122903,0.5322451,0.56515247,0.51499665,0.5643822,0.60074747,0.5688209,0.59805363,0.6404101,0.61897105,0.65290093,0.5607623,0.68132675,0.7107108,0.61246985,0.5968326,0.5619557,0.60617363,0.54725236,0.574129,0.5420431,0.51271117,0.5769657,0.5146671,0.5747633,0.49724945,0.5822458,0.56736124,0.636226,0.52109027,0.47405759,0.6123382,0.6450358,0.5949192,0.56934047,0.57296485,0.52913487,0.6356165,0.5381889,0.6803764,0.5582787,0.52596974,0.6239863,0.55615836,0.5883427,0.52067137,0.53255033,0.5586215,0.5699426,0.602434,0.5281955,0.5029891,0.6554279,0.59725696,0.63174814,0.63966066,0.68324757,0.6144258,0.6550087,0.61560005,0.5718552,0.68271834,0.660873,0.5570881,0.641489,0.6402246,0.71392727,0.6820761,0.62833834,0.5902281,0.5575745,0.5071736,0.5654494,0.57320064,0.5685208,0.52644134,0.61912686,0.58900136,0.551676,0.50286084,0.5171647,0.5996335,0.6265553,0.59420854,0.5412078,0.520057,0.5116684,0.52343315,0.5264422,0.57781863,0.5832986,0.5110533,0.6241191,0.61911964,0.57292825,0.5757958,0.51266795,0.56880206,0.53706074,0.50025845,0.6369524,0.6490432,0.5558823,0.5242629,0.476485,0.58572227,0.5661288,0.54432315,0.4767987,0.56671834,0.57754856,0.47957978,0.54334784,0.532067,0.58834285,0.5402552,0.54203576,0.52050716,0.5126022,0.51906556,0.65657026,0.6078862,0.62670946,0.56165266,0.49805695,0.53218997,0.6225999,0.6291887,0.5578589,0.55078185,0.50134796,0.577455,0.651563,0.64547205,0.5632684,0.57537955,0.5090584,0.5290004,0.57955277,0.57957625,0.5588008,0.557034,0.54077816,0.5475908,0.5441544,0.5546411,0.5383214,0.52826536,0.610172,0.60523933,0.55986786,0.5557249,0.5555355
202,0.5867139,0.57232004,0.5777276,0.57257944,0.57786965,0.55058545,0.5404661,0.5385776,0.5504256,0.61278725,0.5927487,0.59602326,0.5631594,0.60599554,0.5953215,0.53374195,0.48140946,0.54538983,0.50681627,0.49771783,0.5241428,0.548858,0.5654757,0.5821879,0.62736535,0.55641663,0.60291606,0.5836609,0.5538818,0.4914262,0.50393426,0.5570058,0.5349695,0.51668257,0.56996304,0.54830396,0.6502644,0.6270994,0.5943408,0.5979702,0.6374967,0.6404778,0.66334724,0.64192945,0.6454814,0.54832053,0.600755,0.5182464,0.5169254,0.5524262,0.54824483,0.5850012,0.5422906,0.6014052,0.6017516,0.615418,0.60631263,0.52208275,0.66974497,0.68879783,0.5393778,0.5374384,0.50366,0.5744831,0.54156816,0.5437831,0.4641407,0.47245145,0.5464539,0.4525962,0.48645902,0.4613188,0.5802332,0.48259005,0.5413874,0.5135152,0.43048406,0.5754013,0.5279431,0.52426046,0.5482119,0.5159943,0.47484028,0.64512134,0.54457724,0.6463788,0.5354153,0.5168317,0.49553412,0.5104679,0.56630903,0.49333945,0.5219657,0.5382624,0.54423934,0.5818045,0.50347006,0.4902378,0.63876736,0.58610684,0.61571896,0.57245016,0.61096406,0.5482812,0.64607644,0.59426457,0.5600929,0.6703867,0.6711788,0.5577464,0.61629736,0.6293724,0.70451707,0.65864074,0.59216505,0.6056224,0.5590331,0.5253785,0.51709074,0.5401631,0.5350383,0.51174295,0.5803586,0.53322065,0.5407667,0.51329595,0.5115242,0.569653,0.57131076,0.52169657,0.54191333,0.4885612,0.4775082,0.5317739,0.5237619,0.5372897,0.53711444,0.5113194,0.58473337,0.6349137,0.5737285,0.56725496,0.54236895,0.53881145,0.50311,0.50204873,0.6689057,0.6655619,0.49859726,0.504302,0.4470297,0.55601275,0.5537108,0.5446838,0.46752226,0.53160137,0.527048,0.47870597,0.55227625,0.53464025,0.5658826,0.5488398,0.5474929,0.5091736,0.5088221,0.5350002,0.63970894,0.54487824,0.63596016,0.5303118,0.42447856,0.56133413,0.57280844,0.56158394,0.51805323,0.52689767,0.49263874,0.586234,0.61163914,0.66596293,0.59280187,0.5755314,0.5530093,0.5760737,0.5870283,0.5632735,0.55263364,0.53229105,0.5362114,0.6436059,0.56628525,0.628329,0.5597212,0.59296423,0.6047329,0.5419444,0.44138157,0.5673139,0.51010877,0.48108125,0.5509065,0.55255854,0.5872955,0.5860716,0.677433,0.6090387,0.6024069,0.6261466,0.5383469,0.50039005,0.51984584,0.5441349,0.5309116,0.5244071,0.56763923,0.5327695,0.6213716,0.62692165,0.58584094,0.573212,0.62578267,0.62496537,0.66367215,0.67645437,0.6227642,0.5454333,0.59580517,0.5179102,0.546473,0.49818522,0.5412068,0.5802583,0.5359715,0.5849547,0.6067799,0.6117806,0.6276438,0.54092526,0.66459936,0.70059156,0.5945594,0.5750508,0.5452614,0.59627306,0.5164358,0.53626025,0.53213996,0.5000454,0.5575338,0.48856288,0.5625055,0.47968498,0.5792073,0.5477421,0.6299242,0.4921948,0.45788085,0.6025748,0.6429422,0.59041643,0.5520585,0.56051517,0.5231651,0.64374876,0.53902686,0.6826326,0.53988624,0.503935,0.6276523,0.5523123,0.58773077,0.503949,0.52581745,0.53247315,0.5666793,0.5924384,0.52072495,0.49739608,0.6360725,0.5787861,0.59102935,0.58666223,0.6344496,0.5646005,0.6259936,0.5910088,0.5417669,0.68212265,0.6437675,0.54460126,0.62344885,0.6177798,0.7010853,0.6633056,0.60878223,0.5768674,0.5464607,0.4996399,0.54139817,0.55361736,0.54513526,0.51565725,0.61685187,0.5422103,0.53834915,0.49377435,0.49595824,0.5903727,0.6248232,0.5803363,0.5341647,0.50991815,0.49797156,0.51901853,0.52145207,0.5685466,0.5760314,0.49230897,0.62380517,0.6214988,0.5635814,0.55625254,0.5094881,0.5623073,0.5302662,0.48893774,0.62420124,0.64144,0.5554063,0.5112922,0.466133,0.5630452,0.55640876,0.5296539,0.46804863,0.56204516,0.56915605,0.46967816,0.5343396,0.5199948,0.57588875,0.53408796,0.5242,0.50826854,0.4967005,0.5250612,0.63120323,0.57142305,0.6072489,0.5614085,0.481011,0.53219545,0.56535184,0.57177466,0.52845234,0.53989744,0.49269563,0.56667477,0.64055634,0.6210213,0.5585085,0.5684197,0.5077807,0.52524924,0.56598914,0.5679706,0.55624646,0.5520298,0.5327778,0.54031354,0.528717,0.5379673,0.5398496,0.5243427,0.5937791,0.5908338,0.5413225,0.5421648,0.54531664
203,0.5636867,0.55511206,0.55587107,0.5565376,0.56285965,0.5322424,0.5282543,0.51279724,0.5151645,0.59081733,0.5706018,0.58980834,0.5429049,0.5750229,0.5671301,0.5084822,0.4551444,0.5386521,0.47799763,0.4768555,0.5087127,0.5267671,0.5533546,0.5265275,0.6155367,0.5467728,0.57908094,0.5613305,0.5437877,0.4681206,0.4847382,0.51791054,0.51362735,0.47922033,0.53559184,0.5047552,0.61247355,0.60300183,0.55159974,0.5612907,0.5935858,0.60652614,0.6464888,0.63035214,0.6285053,0.53268784,0.5836398,0.487914,0.49731183,0.53388727,0.5266167,0.5659193,0.508261,0.58193475,0.5713829,0.6066542,0.5819195,0.50778484,0.6418364,0.66660196,0.5205508,0.508789,0.47678703,0.5548642,0.52252436,0.52140164,0.4449817,0.45407987,0.51855946,0.4331339,0.46760377,0.4448955,0.56099415,0.46126828,0.5310529,0.49475053,0.41509286,0.5656479,0.52077764,0.5150815,0.5273505,0.5048022,0.46244532,0.6381032,0.5368023,0.6343572,0.5204099,0.501281,0.4731889,0.493693,0.55869013,0.48047912,0.51633894,0.5134599,0.52117,0.5633102,0.48620266,0.4838067,0.61234987,0.56250143,0.58622026,0.527797,0.5648833,0.49986908,0.6147457,0.5656706,0.5337149,0.66234434,0.6505041,0.54026544,0.5966954,0.59976506,0.6926699,0.62869316,0.5753854,0.5934208,0.5454645,0.5126825,0.49969107,0.5207058,0.50952005,0.4981675,0.5715712,0.4889882,0.5280321,0.50314605,0.4908318,0.5572258,0.5650457,0.5029343,0.53037554,0.46783927,0.46890998,0.52656937,0.51991755,0.52961236,0.5291949,0.49328956,0.57085943,0.62380356,0.5540626,0.5425519,0.52367014,0.51949394,0.48616382,0.47667918,0.6582068,0.6545203,0.47865888,0.48413014,0.42888728,0.52838993,0.53546476,0.5277579,0.45475128,0.52590346,0.5111795,0.45490322,0.5288752,0.5180018,0.5298745,0.52240026,0.533089,0.49946824,0.4937217,0.53136253,0.6115271,0.5098366,0.62175447,0.5100518,0.4116456,0.55396515,0.5215611,0.507402,0.4939171,0.51126844,0.47950268,0.5625083,0.5918264,0.6349696,0.566535,0.56272143,0.5340823,0.5607541,0.56917965,0.54162806,0.5310536,0.5064542,0.50356704,0.6213425,0.54303837,0.62666905,0.53941923,0.5573828,0.5698318,0.51969457,0.41219464,0.5587591,0.47719723,0.4620906,0.5308984,0.5202737,0.5739269,0.52908283,0.6627509,0.5954003,0.58209896,0.6111946,0.51904166,0.4678314,0.49640387,0.50110006,0.5055201,0.48450348,0.52532345,0.49729872,0.5833799,0.6012316,0.5401874,0.54478854,0.5888362,0.5927452,0.6554216,0.66492516,0.60326904,0.5203824,0.5765092,0.48908705,0.5171096,0.46952286,0.517808,0.557176,0.50285476,0.57273525,0.57437783,0.6033466,0.5971668,0.5197345,0.6428826,0.6815948,0.5698054,0.5408656,0.517387,0.57296854,0.4874172,0.50861245,0.5047628,0.4722909,0.5289018,0.45458022,0.5350559,0.45146516,0.55593187,0.51938826,0.6200175,0.4611922,0.43196827,0.5877927,0.6378374,0.5732564,0.529738,0.5429634,0.50101554,0.6339413,0.51894724,0.6678464,0.5140049,0.48280448,0.61029667,0.5342034,0.5700807,0.49129888,0.51798415,0.50374633,0.54264027,0.572618,0.4969537,0.47521994,0.61546445,0.56033176,0.5549976,0.535555,0.5819297,0.5169318,0.60211843,0.5626105,0.51289165,0.67356515,0.62099344,0.5332857,0.5970267,0.5871457,0.686122,0.6392658,0.5888856,0.56351435,0.5299299,0.490929,0.5150312,0.53407127,0.52087003,0.5058958,0.6076821,0.49512637,0.52721983,0.48032427,0.4682229,0.5782442,0.6179883,0.55312854,0.52515864,0.49362165,0.47574264,0.51130754,0.51575625,0.5529122,0.56117666,0.4652683,0.618333,0.61251616,0.5404996,0.5251811,0.4905372,0.53998286,0.5050182,0.46233863,0.61536187,0.62543845,0.532631,0.47950515,0.4368841,0.53108215,0.54166,0.5064412,0.45689437,0.54851365,0.5526673,0.445596,0.5100385,0.49878132,0.53439313,0.5097811,0.5007411,0.5023183,0.48089647,0.5324496,0.6030739,0.533901,0.5812756,0.54135823,0.45235795,0.532684,0.5070138,0.5125102,0.49913153,0.5218478,0.4761066,0.55535054,0.61842406,0.59164166,0.55580866,0.5602183,0.5076589,0.52512205,0.5540101,0.5556454,0.54527044,0.54262125,0.5245327,0.5322703,0.5150393,0.521895,0.5404956,0.5215705,0.57958853,0.5777408,0.52272266,0.52700275,0.53171545
204,0.54374284,0.52909184,0.52966857,0.53844595,0.54615873,0.5113185,0.51032263,0.48993257,0.48095283,0.56721956,0.54707295,0.5880613,0.51434845,0.53406906,0.52402747,0.4724092,0.4227484,0.5321914,0.4416937,0.44247535,0.4866859,0.5033604,0.53478044,0.47783923,0.60692626,0.54559684,0.54233867,0.5360704,0.5136677,0.43932256,0.46906382,0.46853504,0.48969176,0.44022292,0.49354374,0.46412808,0.574236,0.5744765,0.5140799,0.5274366,0.55202,0.5736053,0.6274394,0.61407435,0.6053477,0.5079367,0.5632083,0.44929817,0.47356075,0.50869066,0.5019849,0.54311955,0.47523874,0.55815053,0.54501206,0.59366363,0.5650524,0.5025186,0.61255115,0.64167047,0.5082309,0.48331282,0.45478907,0.5364881,0.51318794,0.52252316,0.42690447,0.43453375,0.49483377,0.42515978,0.44964984,0.44244897,0.53620154,0.45231575,0.5328871,0.48559383,0.40674216,0.56076103,0.52685285,0.51686984,0.5170597,0.50900894,0.45413315,0.62444186,0.5230889,0.61358535,0.50985867,0.49707136,0.4426819,0.47296524,0.5462317,0.47992814,0.5130219,0.49519235,0.49738118,0.54246163,0.4656962,0.47379604,0.5856952,0.54046893,0.56011456,0.49044496,0.52361727,0.45794225,0.588415,0.54035836,0.51235664,0.65201163,0.6332486,0.5237196,0.5803603,0.5695632,0.68041474,0.598105,0.5597843,0.57960963,0.5278264,0.5037005,0.48349717,0.5043457,0.4878192,0.4915883,0.56529504,0.44961336,0.5156642,0.49344683,0.47292823,0.54247457,0.5609749,0.4821001,0.5199038,0.4510172,0.46398333,0.5201344,0.5210661,0.5312805,0.5272065,0.4734436,0.5548312,0.60607135,0.5305213,0.51226354,0.49737304,0.49724373,0.4681901,0.44755095,0.650342,0.64133316,0.45214733,0.4610399,0.40770012,0.49506435,0.51533574,0.5082572,0.44227898,0.5102814,0.48706785,0.42184538,0.4952934,0.4959674,0.48267952,0.4857846,0.5182497,0.49152216,0.47976646,0.5263126,0.5872297,0.47493932,0.61449826,0.4876223,0.41144478,0.54556125,0.47599283,0.45861232,0.47533482,0.49912974,0.46187496,0.53782135,0.57466835,0.6036276,0.5418602,0.542393,0.5136662,0.5433213,0.5491504,0.5157769,0.50643027,0.48361868,0.475234,0.5924085,0.5148693,0.62124264,0.51027805,0.5071061,0.5149552,0.4894458,0.37555438,0.54633015,0.43590736,0.43264717,0.5067237,0.4801309,0.55303603,0.4788075,0.63922757,0.5814701,0.54651517,0.5834865,0.47821236,0.42310715,0.46880305,0.44441825,0.48138094,0.43928906,0.46725342,0.4707674,0.5458285,0.5671566,0.5037879,0.524202,0.554317,0.56154585,0.6460031,0.64421415,0.5762796,0.48415104,0.55385137,0.4518025,0.48235884,0.43416798,0.49284875,0.5306132,0.47105122,0.5584448,0.54587823,0.5919,0.56575465,0.49981016,0.62091863,0.65681094,0.5411277,0.4979245,0.4830497,0.5381128,0.46524617,0.49853048,0.46270764,0.4326529,0.49499997,0.4177578,0.49608684,0.41641423,0.5158937,0.48781168,0.61144036,0.43419513,0.40037534,0.57043266,0.6310782,0.54641503,0.5075956,0.52428645,0.4656655,0.6065151,0.48019394,0.6375566,0.4852228,0.46684963,0.57149076,0.5033069,0.5381404,0.4865458,0.51013696,0.47863704,0.502091,0.54447263,0.45941815,0.43800265,0.5956385,0.54194397,0.52703726,0.4937297,0.5341461,0.4767814,0.5842224,0.53413993,0.4879205,0.65893006,0.59724975,0.5248726,0.56664187,0.5528613,0.67168045,0.6140429,0.56947654,0.5490399,0.5084982,0.48170614,0.48949444,0.515982,0.49849048,0.49860343,0.59366804,0.45230278,0.5181002,0.4631757,0.43702048,0.5659094,0.60748595,0.51639766,0.5158251,0.4734839,0.44880304,0.5019443,0.51022315,0.53347766,0.54164255,0.43439636,0.60917556,0.593225,0.50682044,0.48670095,0.45828533,0.5049711,0.46533516,0.4248112,0.60872066,0.6029811,0.4893918,0.43349695,0.39253074,0.49540526,0.52418554,0.47888744,0.44324845,0.5282439,0.53011966,0.41382873,0.47508365,0.4722676,0.47067267,0.47032216,0.4745347,0.5034533,0.4667558,0.5401499,0.576751,0.49830034,0.55521625,0.50248045,0.4164482,0.53379864,0.45635882,0.46088964,0.47144058,0.49949053,0.45411626,0.5450648,0.5881361,0.5626702,0.5557388,0.5517025,0.508402,0.5281208,0.5467494,0.5451466,0.5278779,0.53080946,0.5180552,0.524724,0.504168,0.5075594,0.54065984,0.5205521,0.5706428,0.5689712,0.5072166,0.51256514,0.516954
205,0.5309689,0.49849582,0.502463,0.5213965,0.5308125,0.49216962,0.49068594,0.4702397,0.44965354,0.5474259,0.5263823,0.59180504,0.48290053,0.4917801,0.47587872,0.4331465,0.39156353,0.5262034,0.40606233,0.4050389,0.46367028,0.48262736,0.51293236,0.4422525,0.6025576,0.55309665,0.49904385,0.5106171,0.46893388,0.41202468,0.4594396,0.4183811,0.46943647,0.4084276,0.45314768,0.4291897,0.5398262,0.5449897,0.48340723,0.49848825,0.51787055,0.5436577,0.6086582,0.5950831,0.5781771,0.47659189,0.54004765,0.41245002,0.45161405,0.48055822,0.47398472,0.5164552,0.44515115,0.53080046,0.52359444,0.5762474,0.5573273,0.5059642,0.5871426,0.6187376,0.5045456,0.46449393,0.44135645,0.5209949,0.515352,0.5464971,0.4133565,0.4166391,0.47896093,0.42903474,0.43463656,0.45304155,0.5111002,0.457603,0.5483216,0.48794255,0.40626505,0.56021583,0.5463916,0.52845645,0.5209155,0.52773446,0.45061794,0.60560733,0.50586355,0.5878163,0.50668013,0.50555223,0.41031733,0.4531666,0.53179955,0.4907622,0.5128704,0.48727253,0.47786346,0.52096164,0.44532686,0.46007025,0.5617234,0.520251,0.5369172,0.4627549,0.49116194,0.42483774,0.56719065,0.52092856,0.4957226,0.6412707,0.62228125,0.5099019,0.5700986,0.54395014,0.6684411,0.5714995,0.54467,0.56331986,0.50747854,0.4996818,0.47146124,0.4926009,0.47253996,0.49197185,0.56218493,0.41656724,0.50285256,0.48510733,0.45882413,0.52673024,0.5596026,0.46417564,0.51214886,0.44114247,0.4633693,0.51382756,0.5264287,0.54102683,0.5303952,0.45432463,0.5376118,0.5833085,0.50649935,0.4807125,0.4670297,0.4772928,0.45248106,0.42002767,0.6430547,0.6268342,0.4242927,0.44051078,0.38791308,0.4617731,0.49625164,0.48954865,0.43081102,0.4885314,0.458993,0.38903674,0.4596001,0.47206712,0.43591696,0.44605365,0.50457114,0.4860778,0.46826693,0.5211506,0.56981224,0.44284794,0.61630577,0.46948227,0.42242032,0.5373097,0.44036046,0.4197525,0.4610777,0.4927421,0.4433134,0.5151769,0.5627943,0.5769741,0.5239141,0.51839674,0.49392948,0.52695525,0.53108734,0.491464,0.48423398,0.46372065,0.45147172,0.5628718,0.48746842,0.6148353,0.47929403,0.4528993,0.45222548,0.45678946,0.34087074,0.53215575,0.39608246,0.40221035,0.4840685,0.4412739,0.5278208,0.4415973,0.6108415,0.57135457,0.5027183,0.5483528,0.42352235,0.37627774,0.44153422,0.3862863,0.46411327,0.3980207,0.40613422,0.45144042,0.5127794,0.52961046,0.47678068,0.5102298,0.52556854,0.53348976,0.6367188,0.6174734,0.5452106,0.44302705,0.52781016,0.41517082,0.4494254,0.39969215,0.46589246,0.50098926,0.44189158,0.5401298,0.522113,0.5768836,0.53769475,0.483665,0.6028495,0.6305787,0.5128956,0.45354193,0.44964257,0.49743155,0.45309392,0.50705045,0.4140119,0.3887122,0.46199355,0.38415992,0.45344454,0.38126934,0.4682398,0.46003684,0.60867614,0.4163852,0.3689164,0.5536772,0.6249274,0.51624423,0.49140155,0.50865895,0.4246969,0.5657183,0.43129978,0.5974442,0.45882034,0.4592095,0.51794434,0.46562967,0.49864706,0.4909981,0.5035092,0.4627103,0.4547081,0.51159036,0.41546783,0.39260164,0.577913,0.52389604,0.5074205,0.46472886,0.49654186,0.4459558,0.5703673,0.5090992,0.4676263,0.6414279,0.5772166,0.52037424,0.53843594,0.5208087,0.65948206,0.5914523,0.5513495,0.53289676,0.48443443,0.47291207,0.46766937,0.50042653,0.48044157,0.49472725,0.5781198,0.41577533,0.5103234,0.4444847,0.4071278,0.555953,0.5960256,0.47751254,0.50797397,0.45350525,0.42279723,0.49308068,0.50582445,0.51382875,0.52122056,0.40607357,0.59838504,0.566908,0.46886432,0.44770962,0.41936874,0.46467414,0.42036596,0.38491303,0.6017323,0.57702535,0.43448728,0.38337967,0.34289792,0.462879,0.5074717,0.45329592,0.4278856,0.50585973,0.50530505,0.3842354,0.4379837,0.44672635,0.40068048,0.4239395,0.45009232,0.51041025,0.45568275,0.5476463,0.5555096,0.4670711,0.5358641,0.45230013,0.38046658,0.5352634,0.41789317,0.4220098,0.44581553,0.4774902,0.43145382,0.53649217,0.5555499,0.53956884,0.5582739,0.54413366,0.5092268,0.5325396,0.54603857,0.5385929,0.5079947,0.5191978,0.5148634,0.5190479,0.49660748,0.49564013,0.54066795,0.521543,0.56806564,0.56575763,0.4972136,0.50115585,0.5036009
206,0.5272971,0.46944097,0.47906765,0.5084192,0.5195921,0.47926852,0.4749208,0.4545839,0.42400238,0.53611225,0.5122978,0.6010533,0.45565498,0.4592612,0.43640307,0.4004709,0.3691205,0.5215749,0.38026342,0.3764791,0.44657493,0.46847668,0.4921791,0.4220917,0.60220814,0.5679974,0.45827258,0.48848033,0.42134678,0.39353392,0.4576977,0.37851027,0.4580882,0.39155075,0.42430043,0.402685,0.51229143,0.5180376,0.4600204,0.4762143,0.4944335,0.51726055,0.59275734,0.5758199,0.5496389,0.4438571,0.5156602,0.38701272,0.43657976,0.45462433,0.44520727,0.48800018,0.42071873,0.5027375,0.50729513,0.555832,0.55709606,0.5157657,0.5690824,0.6012442,0.5093648,0.45550027,0.43960857,0.5097963,0.5271226,0.584568,0.40781233,0.40420052,0.4726439,0.4432611,0.42520744,0.47366118,0.4920477,0.47692856,0.57471484,0.5011996,0.41380954,0.5624348,0.575712,0.54665196,0.5387426,0.5562373,0.452771,0.5844219,0.49049193,0.563003,0.5118844,0.5240617,0.3847228,0.4390425,0.5188612,0.5091059,0.5158562,0.4908742,0.46730536,0.5009708,0.43049064,0.44551784,0.54221094,0.502005,0.51632136,0.4454221,0.46902344,0.40167016,0.5498395,0.5077096,0.48274007,0.6314787,0.6177664,0.499912,0.56763846,0.52721006,0.65648466,0.551373,0.5294858,0.54403985,0.4871123,0.5006649,0.4662041,0.4865428,0.465444,0.4977861,0.5619465,0.3909802,0.48960808,0.47979197,0.44986758,0.51233447,0.5613371,0.45398554,0.5083412,0.43962166,0.46725062,0.5089181,0.53424233,0.5550319,0.536698,0.4395532,0.52105933,0.5580858,0.48577234,0.45388052,0.43841764,0.46574387,0.44387597,0.4003048,0.6330331,0.61113083,0.40241864,0.42801756,0.3752695,0.4352192,0.48161995,0.4761199,0.42228413,0.4670194,0.43290544,0.36653107,0.4310135,0.45185828,0.4018528,0.41223404,0.49441648,0.48368797,0.46029562,0.5177898,0.5595877,0.4167184,0.6262927,0.46215236,0.44207135,0.53086,0.41663167,0.3930895,0.44955942,0.4928915,0.42809567,0.49630824,0.5581392,0.5589733,0.51570326,0.49574193,0.47762185,0.5146872,0.5184526,0.47452572,0.47006905,0.44754672,0.43286166,0.5390077,0.46641645,0.60941154,0.45445865,0.40872532,0.39893663,0.4294273,0.3174876,0.5193108,0.36794937,0.3814565,0.4686303,0.41340938,0.5029742,0.4202162,0.5822009,0.5676205,0.4603361,0.5127691,0.36922026,0.33849245,0.42008442,0.3405247,0.4566573,0.37007734,0.35715073,0.43746835,0.48704398,0.4944919,0.457252,0.5007743,0.5045605,0.50961363,0.6282329,0.5888354,0.51425457,0.40555874,0.49961406,0.3882456,0.42457893,0.3740784,0.4388,0.4707664,0.4177969,0.518108,0.5032991,0.5588894,0.51577145,0.47350988,0.59066415,0.6070148,0.48975462,0.41710436,0.42499235,0.45954758,0.4515697,0.52852947,0.37032914,0.3500659,0.43552855,0.35952264,0.41554046,0.35389552,0.42445093,0.44239372,0.61248577,0.41057062,0.3443459,0.5402964,0.62008214,0.49022868,0.48500013,0.49860463,0.38896328,0.5198016,0.38520494,0.5563544,0.43960717,0.46004683,0.46305582,0.42986274,0.46096322,0.50253767,0.49917868,0.45843476,0.41332436,0.4793716,0.3763208,0.34986824,0.5627467,0.5067784,0.4948961,0.44906405,0.47130898,0.4247388,0.5579235,0.48974493,0.45190716,0.62408596,0.5636265,0.5194312,0.51831067,0.49625382,0.6493763,0.57347614,0.5350689,0.5149915,0.46136862,0.46613675,0.45240268,0.48868942,0.46861982,0.49465135,0.56362337,0.38717946,0.5027615,0.42825153,0.38444766,0.5491289,0.5858964,0.44448495,0.5027813,0.4379061,0.40376738,0.48661134,0.50311595,0.49743733,0.5033623,0.38680598,0.5875203,0.5380197,0.43438646,0.4164196,0.38318142,0.42943192,0.38252562,0.35308737,0.59099984,0.55100155,0.38219684,0.34110278,0.30092233,0.43964317,0.4952034,0.43650508,0.41339508,0.48682725,0.48265514,0.36630964,0.40851107,0.42900357,0.3434712,0.38209438,0.43266958,0.52032506,0.44838744,0.5542024,0.54001683,0.44274995,0.52726406,0.4034996,0.35288236,0.53643113,0.39339247,0.39757544,0.42278153,0.4597199,0.4140567,0.5294303,0.5276359,0.5260511,0.5625813,0.53863084,0.50946116,0.5363424,0.55179775,0.5371226,0.49037513,0.5104693,0.5154435,0.51611286,0.4925084,0.48690197,0.5405042,0.524113,0.570646,0.56706166,0.49393752,0.4944843,0.49406907
207,0.5331545,0.4482219,0.46405372,0.50209105,0.5146131,0.47611493,0.46834427,0.44393423,0.40672797,0.5358316,0.50773627,0.61390805,0.43927914,0.44556254,0.4171277,0.38294914,0.36130208,0.51946473,0.37207946,0.36617863,0.44123408,0.46398565,0.4770125,0.41696575,0.60434574,0.58669007,0.42903987,0.47332102,0.38478372,0.38912237,0.46395352,0.35729092,0.45789185,0.39427742,0.41365725,0.38670444,0.49400744,0.49737883,0.44421196,0.46197307,0.4830678,0.49526912,0.581755,0.55928975,0.5239283,0.41747105,0.49267513,0.37967968,0.4321207,0.43724844,0.41986066,0.46130866,0.40470603,0.47786018,0.49613482,0.5349569,0.5607065,0.52841985,0.5596304,0.5906344,0.5198885,0.45767042,0.45124513,0.50334823,0.5433155,0.62391865,0.41323507,0.40103745,0.4755424,0.465088,0.42422053,0.5000295,0.48414356,0.5082437,0.6058555,0.5225902,0.42944285,0.5661988,0.6079592,0.5674692,0.56660277,0.5879818,0.46219447,0.5655297,0.48355514,0.545064,0.52442634,0.5469218,0.37353113,0.43386176,0.5105644,0.5299884,0.52114695,0.5042008,0.46919444,0.48577583,0.42696375,0.43523446,0.5277899,0.485937,0.4984416,0.43783382,0.45705947,0.388868,0.5353415,0.49963263,0.47269526,0.6232078,0.61762387,0.49422702,0.5722624,0.52096736,0.64425176,0.53849,0.5146668,0.5228228,0.47077972,0.50591266,0.46911922,0.4864519,0.4670003,0.5068949,0.5633786,0.37423515,0.47683337,0.47894776,0.4477227,0.5016398,0.56552774,0.45477054,0.50895613,0.44597927,0.47585052,0.50661725,0.54251164,0.5688024,0.5444816,0.43340853,0.5078443,0.5343176,0.47198585,0.43732724,0.4186282,0.46780568,0.44746315,0.3942756,0.6174924,0.5953033,0.39372602,0.42758796,0.37517163,0.4209142,0.47463158,0.47197127,0.41938663,0.4525194,0.4153336,0.36211643,0.41707933,0.44113672,0.38881257,0.39266524,0.4899081,0.48450583,0.4568669,0.5175161,0.5552409,0.39906,0.6406687,0.4696424,0.4678675,0.5276138,0.40552378,0.37937605,0.43977594,0.49846086,0.41995177,0.4822407,0.56082827,0.55082804,0.5184875,0.47971943,0.46703395,0.5090228,0.5136581,0.46968058,0.4685277,0.436326,0.42026708,0.52584255,0.45662183,0.6054099,0.442412,0.38595724,0.36937425,0.41458088,0.3120477,0.51092196,0.35955182,0.379021,0.4646828,0.40417612,0.48367262,0.41506597,0.5582776,0.57022333,0.42862177,0.48366922,0.33026513,0.31797403,0.40902027,0.31692767,0.45859352,0.3623136,0.33128425,0.42754337,0.4708122,0.46807238,0.4432066,0.4938825,0.49207228,0.49130625,0.6204235,0.5631152,0.48887375,0.38067964,0.47247967,0.37773523,0.4122363,0.3638583,0.41495863,0.4437887,0.401525,0.49497122,0.4899308,0.5395939,0.5014447,0.47085804,0.5844127,0.5893842,0.47506854,0.39656565,0.41510603,0.4328429,0.45919263,0.5541976,0.34267905,0.32518658,0.41953194,0.34866896,0.38907638,0.34103432,0.3947178,0.4390903,0.62011665,0.4176749,0.33306143,0.5325533,0.6149509,0.47529334,0.48979974,0.49563333,0.3687216,0.47987145,0.35416025,0.5236684,0.4317293,0.46726024,0.4211158,0.40437683,0.43445364,0.5173501,0.4978614,0.46507406,0.38978854,0.45458362,0.35286698,0.32066536,0.55025005,0.49127194,0.48770484,0.4452996,0.4587056,0.41299996,0.5451011,0.47723892,0.4408753,0.609063,0.55701256,0.52054894,0.5097339,0.48226482,0.64016753,0.5606634,0.52138346,0.49618396,0.44370714,0.46325058,0.4459266,0.48191774,0.46400693,0.49820438,0.551696,0.3684494,0.49425974,0.4190275,0.37445605,0.54448825,0.5778187,0.42348075,0.50073963,0.4298745,0.39692688,0.4839904,0.50230384,0.48775628,0.49152988,0.3818247,0.57764405,0.51225543,0.41127595,0.399733,0.35955298,0.40891388,0.36281732,0.33841747,0.5736999,0.529353,0.34643772,0.3161949,0.27719337,0.429782,0.49019128,0.4339505,0.40367758,0.47601566,0.4669065,0.36675632,0.39492175,0.42449826,0.31210005,0.35532585,0.42686293,0.5296428,0.4451896,0.55834305,0.5293821,0.42739934,0.5300807,0.36857042,0.34111503,0.53664285,0.38351926,0.38758534,0.40368623,0.44810355,0.4071898,0.5234289,0.5098196,0.5228485,0.56692296,0.5356455,0.5090665,0.53806823,0.5622458,0.5406761,0.47963616,0.50710404,0.51932704,0.5160559,0.4915885,0.48206425,0.54003894,0.52725846,0.5758778,0.57073396,0.49731418,0.49333382,0.4902205
208,0.5478152,0.43964124,0.4602028,0.5042511,0.5173042,0.4844642,0.47431988,0.43880242,0.39947304,0.54647726,0.51417726,0.62734485,0.43802834,0.4538183,0.42284682,0.38525283,0.37113547,0.5208246,0.38582206,0.3789239,0.45044565,0.47069454,0.4710875,0.4246552,0.6070802,0.60419333,0.417176,0.46769702,0.36896524,0.40044063,0.47649246,0.3576366,0.4678078,0.41672817,0.42248505,0.38186476,0.4865703,0.4863789,0.43628114,0.456203,0.48328057,0.47954193,0.5768797,0.54872346,0.5061889,0.4050468,0.47459698,0.39315352,0.43994674,0.43397796,0.40179506,0.44028428,0.39884087,0.45986757,0.49024862,0.5172502,0.5646094,0.5406096,0.5582474,0.5869927,0.5314754,0.46906787,0.4751379,0.5006122,0.5575566,0.6534673,0.43052855,0.40902057,0.4853624,0.49055603,0.4329783,0.5264332,0.48934245,0.5471625,0.63481283,0.5476968,0.45221353,0.57121193,0.63600844,0.5872823,0.5983683,0.616743,0.4798505,0.55374604,0.489344,0.5373894,0.5415041,0.5677884,0.3803239,0.43880752,0.508602,0.5486438,0.5274727,0.52291113,0.4846944,0.47905612,0.43821102,0.43358308,0.5188324,0.47280237,0.48387033,0.4383217,0.45398015,0.3858993,0.5234277,0.49569467,0.46568534,0.61673707,0.6190912,0.4927532,0.58061725,0.523279,0.632339,0.532948,0.5020688,0.50301665,0.46288952,0.51415586,0.4796125,0.49151108,0.4764185,0.5172547,0.56541926,0.36711514,0.46619374,0.4830667,0.45349133,0.4963106,0.5708189,0.4671407,0.513608,0.45822287,0.48891032,0.5077297,0.5494439,0.57887846,0.55306137,0.43907112,0.50052387,0.5165708,0.46797222,0.4343448,0.41354075,0.48545995,0.46570826,0.40570202,0.5963031,0.5819192,0.40230885,0.4406013,0.3903782,0.42135617,0.47730225,0.4790518,0.42426318,0.44986367,0.4114878,0.37955284,0.42182654,0.44378793,0.3992898,0.3919848,0.4922126,0.48801064,0.45846173,0.5200373,0.5550196,0.39112863,0.65437514,0.49182785,0.49664053,0.52827203,0.40642217,0.37801868,0.4316902,0.50716734,0.42095205,0.4738821,0.56852263,0.5505097,0.53204083,0.4745052,0.46355444,0.51165056,0.51793694,0.47917745,0.48180613,0.43098736,0.41429013,0.5259608,0.4614646,0.60293406,0.44677824,0.38949513,0.36974257,0.41637406,0.32746026,0.5092741,0.37493768,0.39910775,0.4737348,0.4169419,0.47426414,0.42456844,0.54350585,0.5773407,0.4140401,0.46647912,0.31613877,0.31851783,0.41092867,0.31892344,0.4673876,0.37711343,0.33249447,0.42084077,0.46540785,0.45541066,0.43356898,0.4883101,0.48798218,0.48058096,0.61334485,0.5453005,0.47484824,0.3751436,0.45104593,0.38679567,0.4146485,0.3727715,0.3978275,0.42403525,0.3949465,0.4746626,0.4828063,0.5220791,0.49542263,0.47581062,0.583181,0.5799856,0.46943212,0.3954205,0.42270297,0.42194384,0.47291,0.5764238,0.33736697,0.31904265,0.41582337,0.35430282,0.37814456,0.34610507,0.38549376,0.4515811,0.6282374,0.43706536,0.33914325,0.5322908,0.60783994,0.47592348,0.50519407,0.5006325,0.37014064,0.45599538,0.34530255,0.50601596,0.4374838,0.4781803,0.40049466,0.39443186,0.42531893,0.53189945,0.49976206,0.47954294,0.3913734,0.44340813,0.351821,0.3118957,0.5410104,0.47854978,0.48427212,0.45088944,0.45763046,0.41010606,0.5315154,0.4721417,0.43506294,0.59799415,0.5565343,0.5219336,0.51277524,0.4788905,0.6312139,0.5533762,0.5118117,0.47905996,0.435654,0.46550032,0.44898972,0.48049363,0.4668998,0.5047062,0.54381037,0.3609738,0.48482764,0.42010996,0.38050276,0.5412445,0.57187253,0.4177911,0.50193316,0.43063813,0.40522632,0.48601606,0.5034416,0.48768437,0.48903084,0.39363164,0.56997454,0.4956209,0.40565315,0.40141076,0.35571495,0.4089577,0.36741468,0.34628165,0.5501378,0.5168078,0.3352453,0.31363335,0.27708566,0.43458283,0.49383062,0.44785696,0.40256277,0.47647104,0.46212223,0.3882002,0.40180022,0.43585426,0.31133753,0.35011205,0.4350014,0.53517526,0.44607404,0.5584293,0.5228745,0.42201847,0.54260105,0.35495493,0.34927326,0.5355994,0.38767895,0.390775,0.39055356,0.44322413,0.41348842,0.5182382,0.5042619,0.5274609,0.56903946,0.5347822,0.5084508,0.5371377,0.5745929,0.5481174,0.47886544,0.5104839,0.52540183,0.51848054,0.49319106,0.48142543,0.5393301,0.5299249,0.58143026,0.5750168,0.5060076,0.4974168,0.4928474
209,0.5685662,0.4459267,0.46820197,0.51536906,0.5279492,0.50349545,0.49290237,0.43970382,0.40320587,0.5653542,0.5304799,0.63882715,0.4531196,0.4800272,0.45092446,0.4080421,0.39814335,0.52551043,0.42095298,0.41439378,0.47291026,0.4875805,0.47615597,0.44190368,0.6095018,0.6165292,0.4241936,0.4723643,0.37820178,0.42473656,0.49249303,0.3768971,0.4835073,0.45281392,0.44592324,0.38766742,0.48973134,0.4866857,0.4362847,0.45815513,0.4925747,0.47159058,0.57815784,0.5464268,0.5000452,0.4115106,0.4642589,0.42579415,0.45893225,0.44697192,0.3941392,0.4283082,0.4039992,0.45119968,0.48954597,0.50621396,0.5663715,0.55000865,0.5627119,0.5892815,0.5390108,0.4845539,0.5068604,0.49932477,0.5639951,0.66598916,0.457073,0.42695862,0.49747556,0.5143804,0.44975737,0.5457496,0.5057017,0.5870101,0.6559902,0.57081115,0.47895667,0.57727593,0.6548265,0.6033625,0.62733,0.6376664,0.5044762,0.55155087,0.5080478,0.5400021,0.5585703,0.58087766,0.40408024,0.4526009,0.51269954,0.56119084,0.5334246,0.54102904,0.5119047,0.48290786,0.46411574,0.44272602,0.51574826,0.46441215,0.47364515,0.44501492,0.45790565,0.39197177,0.5138845,0.4956229,0.46276495,0.6124328,0.6197555,0.4948041,0.5886161,0.5291692,0.6212521,0.53413683,0.49377388,0.4884761,0.46583948,0.5234939,0.49515027,0.49982715,0.49215102,0.5269409,0.5676108,0.36997262,0.4605169,0.49174598,0.46676588,0.4970398,0.57620895,0.48829037,0.5207258,0.47259727,0.5047392,0.5120331,0.55345404,0.5830636,0.5617065,0.4565857,0.5006695,0.5081974,0.4745609,0.4456864,0.42578065,0.5161654,0.4965902,0.43476328,0.57185644,0.57315326,0.42778906,0.46461576,0.4195119,0.43615398,0.48973808,0.49651575,0.43777496,0.46041948,0.42318156,0.41752347,0.44511646,0.46060944,0.42952597,0.41041812,0.50079095,0.49307835,0.46464005,0.5234293,0.556982,0.3937421,0.6629313,0.52407795,0.52440864,0.53277975,0.4175787,0.387972,0.42695263,0.5157476,0.43101433,0.472128,0.5775114,0.553851,0.5537771,0.48156986,0.46799275,0.5227603,0.53060055,0.5013686,0.5080251,0.43229142,0.41570297,0.5383847,0.48102686,0.60276943,0.4676414,0.41745287,0.39879915,0.4351873,0.36253336,0.51455724,0.41295946,0.43979165,0.49308938,0.4491486,0.47672558,0.44513243,0.5401405,0.58673733,0.419508,0.46415386,0.331001,0.33969215,0.42632654,0.34436265,0.47858483,0.4110053,0.35843176,0.41770506,0.47038135,0.45857832,0.42858696,0.48389181,0.49104556,0.47830197,0.6074679,0.5389096,0.47575402,0.39224306,0.43893582,0.4146095,0.43107906,0.40089148,0.3905269,0.41456023,0.39914307,0.46066898,0.4821702,0.50976866,0.49731913,0.48688287,0.58533543,0.5793145,0.47033694,0.41231135,0.4466961,0.42683744,0.48798475,0.5896905,0.35543352,0.3327217,0.42320225,0.37553987,0.38354853,0.3681539,0.39875284,0.47794926,0.6344054,0.46536046,0.3631683,0.53984433,0.5992163,0.4924677,0.52796966,0.5129493,0.3945972,0.4537218,0.3606535,0.50557077,0.45590886,0.4894979,0.40274715,0.4010654,0.43521616,0.5433047,0.5043499,0.49673414,0.41973194,0.44873053,0.37539068,0.32624486,0.53579485,0.47062004,0.48349315,0.46289352,0.46568292,0.41520375,0.5176761,0.4743898,0.4352306,0.59218264,0.56065536,0.5222765,0.5247288,0.48343888,0.62211657,0.5515605,0.50759095,0.46670106,0.4393825,0.47293195,0.4606101,0.48396382,0.47734728,0.51291144,0.5413008,0.36561522,0.476389,0.43276286,0.4028856,0.53946763,0.56873953,0.4273745,0.50569236,0.43898976,0.42807057,0.49247116,0.5063533,0.49782914,0.4972643,0.42052183,0.56595874,0.4920389,0.41978,0.42185947,0.37482908,0.43060338,0.39719394,0.37779015,0.5239216,0.51574975,0.35072717,0.33396447,0.30186898,0.4525486,0.5057967,0.4758486,0.4128682,0.48816705,0.46942616,0.42810246,0.42890596,0.46211952,0.34041652,0.36885998,0.45585802,0.5346378,0.45029724,0.55357677,0.52017266,0.42670673,0.5613147,0.36509386,0.37740588,0.53347635,0.40388075,0.40507048,0.38594252,0.44472528,0.43207642,0.5141026,0.51006687,0.53502256,0.5668432,0.5348681,0.5079867,0.5335995,0.5855306,0.55736524,0.488273,0.5198425,0.53205997,0.5225765,0.49654716,0.4848333,0.5385828,0.5314017,0.5853924,0.5785836,0.5176196,0.50541186,0.50121856
210,0.59001267,0.46609697,0.48665679,0.53363496,0.5448163,0.52933747,0.5203908,0.44730446,0.41857624,0.5876152,0.5524219,0.6463216,0.48258916,0.51438195,0.49260628,0.4482174,0.43829805,0.53168386,0.47122696,0.46661675,0.5031774,0.51067144,0.49098143,0.46552253,0.61147666,0.62154925,0.4479128,0.4862941,0.41326648,0.45545214,0.5085543,0.40822607,0.49809483,0.4907545,0.47426534,0.40308505,0.50084805,0.49762395,0.44347477,0.46598688,0.5066963,0.4709981,0.58366376,0.5524159,0.50589687,0.43836203,0.4623677,0.47159812,0.48511103,0.47427273,0.3994357,0.42744747,0.4204887,0.45232785,0.49304637,0.5033092,0.56440437,0.5552554,0.5694285,0.5949852,0.538476,0.4977965,0.5399508,0.49688357,0.5581758,0.65693605,0.4869613,0.4509362,0.505684,0.53084844,0.47003233,0.55112034,0.5280862,0.62034315,0.66510093,0.58578146,0.50477654,0.5833814,0.6613473,0.6137683,0.647145,0.6475379,0.5324357,0.5579741,0.5362181,0.5500172,0.5700144,0.5813117,0.4403415,0.4718653,0.521173,0.5653423,0.5377389,0.55282795,0.5462345,0.49647957,0.5010217,0.4624709,0.51857233,0.46340984,0.46893734,0.45671138,0.46742964,0.40714008,0.5061081,0.49991003,0.46563634,0.61023676,0.6177668,0.49941024,0.5936148,0.5330597,0.60998225,0.540391,0.4908622,0.4813775,0.47863665,0.5314614,0.51220965,0.5088682,0.5119048,0.5341047,0.569231,0.38379997,0.46327242,0.5037214,0.4856568,0.5031747,0.580788,0.5125075,0.52754587,0.48390168,0.5203014,0.51828116,0.55318075,0.5801608,0.5688643,0.48252764,0.50828034,0.5101248,0.4898703,0.4699419,0.45433477,0.5535395,0.53399515,0.4776673,0.5473548,0.56913346,0.465789,0.49332413,0.45711267,0.4629554,0.5097764,0.52102053,0.4593775,0.4814601,0.44797435,0.46900246,0.48262393,0.48921895,0.4700581,0.44464272,0.5132871,0.49833012,0.47432408,0.5253314,0.5593165,0.4081207,0.6632702,0.5584418,0.5475207,0.54017824,0.43715584,0.40895078,0.42880782,0.519988,0.4482867,0.4778334,0.5842463,0.55635226,0.5780887,0.4988607,0.48054507,0.54024327,0.5483921,0.53048813,0.54099727,0.4408267,0.42566752,0.5584353,0.5109893,0.6053669,0.5014437,0.46182126,0.44914985,0.46783265,0.41162372,0.52419406,0.46634924,0.49219602,0.5158765,0.4921195,0.48962775,0.4719532,0.54730827,0.59602565,0.4444867,0.4769853,0.37607393,0.37700844,0.45333833,0.3862973,0.4858112,0.45438948,0.40103936,0.41960102,0.4831489,0.4761757,0.42912406,0.48112231,0.49878916,0.4826729,0.6026906,0.5442215,0.49117765,0.43156835,0.43678772,0.4563539,0.45760754,0.44424066,0.39567384,0.41679847,0.41469392,0.4544086,0.48671913,0.5043664,0.5051472,0.5015767,0.58845603,0.585294,0.4734477,0.44229165,0.4824879,0.44423732,0.49853915,0.5896463,0.39372104,0.3639367,0.4371859,0.40764102,0.40257606,0.40217763,0.4321244,0.51300037,0.63623697,0.49625564,0.40218326,0.5530978,0.59145373,0.5210301,0.55220556,0.5302108,0.43905154,0.47322288,0.39886984,0.52014196,0.4827878,0.4969412,0.42549947,0.42183256,0.4617651,0.5494405,0.5104493,0.5106397,0.4708786,0.46887913,0.42191675,0.36345738,0.5345901,0.46989337,0.48466596,0.47857052,0.4798665,0.42780992,0.50450057,0.4833582,0.44230443,0.5919826,0.56759536,0.5212452,0.5416408,0.49197426,0.6114872,0.5540172,0.50837374,0.46076387,0.45393136,0.48434022,0.47832274,0.49121073,0.49473524,0.5211956,0.5439795,0.38339174,0.47204617,0.45599657,0.4388023,0.5389467,0.5690739,0.4489337,0.5102371,0.45194232,0.46118337,0.5021693,0.5105949,0.51548666,0.5143992,0.45642248,0.56625926,0.50155187,0.45090917,0.45841593,0.41595048,0.47040567,0.4478205,0.4295185,0.49976134,0.5246451,0.39112625,0.37362048,0.3496505,0.47998536,0.5239115,0.5111515,0.43570557,0.5072021,0.48557454,0.47843054,0.47082224,0.49865076,0.3938119,0.41040277,0.4847131,0.52684754,0.45641053,0.54420805,0.5208188,0.44107112,0.58162093,0.39835072,0.42181996,0.5307618,0.42943248,0.42855406,0.39275357,0.4513384,0.45913842,0.5119705,0.5243446,0.5402423,0.5590795,0.53432083,0.50782573,0.5277834,0.5915634,0.56550205,0.50493884,0.53216445,0.53748626,0.52713776,0.50091964,0.4916983,0.5378648,0.53142637,0.58571595,0.5796611,0.5291799,0.5152402,0.51315355
211,0.60493207,0.49515107,0.5117849,0.55429465,0.56344956,0.55540323,0.54996556,0.46165982,0.44500402,0.60698766,0.5736108,0.6470728,0.52036756,0.545206,0.5361549,0.49766663,0.4842673,0.5365195,0.5251871,0.5235421,0.5326645,0.53405684,0.5105892,0.4935582,0.6120353,0.61801136,0.4830963,0.5068723,0.47053936,0.4849934,0.5213018,0.4429395,0.50479376,0.518224,0.49745008,0.42678136,0.51613516,0.5162572,0.45646843,0.47749037,0.5214217,0.47621235,0.5895279,0.5636628,0.5213077,0.48314384,0.46780083,0.5208957,0.5129276,0.5104832,0.41883656,0.43791762,0.4474802,0.46170372,0.49915978,0.5073441,0.5576988,0.5554141,0.57434356,0.6001032,0.528628,0.50404924,0.56811434,0.49154416,0.538452,0.6241809,0.51334405,0.47556257,0.5051533,0.5361435,0.4882956,0.5390041,0.5500665,0.6411841,0.65898496,0.587902,0.5251265,0.5876356,0.65326506,0.61697084,0.65273845,0.6445576,0.5588492,0.5689605,0.5675586,0.5621701,0.571171,0.56661755,0.48253986,0.49269214,0.531573,0.56101996,0.53969073,0.5551705,0.5815182,0.5162568,0.54216653,0.48948523,0.5268908,0.47233126,0.47105724,0.4733409,0.482661,0.4325731,0.50053155,0.509505,0.4758426,0.60863924,0.61175686,0.5057955,0.5947449,0.5316107,0.59669036,0.5496379,0.49368042,0.48218426,0.4978286,0.5356516,0.5275912,0.5161972,0.5323603,0.53752697,0.56856304,0.41058382,0.47652945,0.5168575,0.5077532,0.5126092,0.5826941,0.53352123,0.5312183,0.48783705,0.53253603,0.5248602,0.5480455,0.57022697,0.5724637,0.5114348,0.52125955,0.52080977,0.50983155,0.5034285,0.4948957,0.58964044,0.5699532,0.52713925,0.5263009,0.56837136,0.5091553,0.5188865,0.49558577,0.49751356,0.53313446,0.54753244,0.48715255,0.50614774,0.47959605,0.5219753,0.5260383,0.52451825,0.5090647,0.4881991,0.5265317,0.50269926,0.48634258,0.5246115,0.56108886,0.43547702,0.65359837,0.5864613,0.5637552,0.54853773,0.4642782,0.44164348,0.44061434,0.5165052,0.46989843,0.49140576,0.5857369,0.5545672,0.5972517,0.5208863,0.5000103,0.55927265,0.5656376,0.55811423,0.5720897,0.45637032,0.44489998,0.5790796,0.543382,0.60860395,0.5407083,0.5101863,0.5083501,0.50709635,0.46514627,0.5337558,0.5224165,0.54226804,0.53355086,0.53365934,0.5081285,0.5009487,0.56117773,0.6019863,0.48450908,0.5023108,0.44773963,0.42259514,0.4873865,0.43404263,0.48342565,0.49466044,0.4482113,0.42825902,0.5000611,0.50397044,0.43613353,0.48064142,0.50867534,0.49066424,0.5975926,0.5577608,0.5170778,0.48817727,0.4430187,0.50347894,0.4883245,0.4951482,0.41454744,0.43037412,0.44108504,0.45525387,0.49411872,0.50507176,0.51576525,0.5169187,0.58974344,0.59375226,0.47485295,0.47813615,0.52271193,0.46884608,0.5000613,0.5736089,0.44495705,0.407238,0.45182917,0.4436616,0.42958388,0.44069713,0.47849146,0.5495297,0.6304911,0.5230713,0.45009872,0.56815064,0.5863352,0.5546723,0.57133603,0.54909956,0.49571383,0.5091603,0.4545778,0.5434776,0.5119275,0.49719968,0.46353737,0.4520675,0.4988391,0.5495744,0.5167518,0.5168536,0.5347421,0.49859077,0.48465464,0.41940582,0.53661895,0.47834522,0.4879391,0.49621108,0.4981788,0.44826242,0.49430257,0.49820286,0.45726854,0.59574836,0.5753292,0.5195186,0.5593099,0.5011401,0.5976057,0.5590093,0.51298666,0.461634,0.47615713,0.4976115,0.49865174,0.50044274,0.51672,0.52807933,0.54920095,0.4154494,0.47444645,0.48632437,0.4828298,0.5382818,0.5716179,0.47682768,0.51337105,0.46638379,0.4979224,0.5133665,0.5156479,0.53554654,0.5359191,0.49291483,0.5693949,0.5201892,0.49154058,0.5052482,0.4735629,0.5208805,0.50951254,0.49270394,0.4821742,0.53928185,0.45016158,0.42487702,0.4142066,0.51168895,0.544345,0.5449678,0.4695935,0.5263377,0.5041457,0.52737105,0.51770276,0.53813916,0.46000278,0.46858528,0.51496553,0.5124987,0.46315572,0.5321579,0.5241692,0.46449435,0.59886676,0.4503176,0.47528267,0.5279909,0.46197304,0.46023956,0.41351914,0.46143663,0.4891998,0.51326466,0.5425956,0.53941655,0.5459142,0.53188735,0.5080726,0.52027816,0.58956486,0.5691784,0.5237978,0.54318345,0.5402711,0.5308262,0.5055942,0.5008204,0.5369795,0.5301981,0.58028346,0.5759054,0.53781235,0.524435,0.52565265
212,0.60679626,0.5242099,0.5374069,0.5704065,0.5773457,0.57405734,0.57357275,0.4809337,0.4789735,0.617087,0.58739096,0.6375529,0.55608714,0.5633846,0.5706388,0.5432372,0.5259542,0.53790224,0.5693711,0.56953734,0.5521561,0.55195403,0.5273165,0.5249707,0.6087284,0.6049355,0.5217876,0.5301525,0.5388812,0.50800717,0.5285375,0.47315353,0.5003029,0.52834094,0.50974864,0.45615548,0.532318,0.5377061,0.473532,0.49064186,0.5344502,0.4863772,0.5913623,0.5750593,0.54225963,0.5379645,0.47863626,0.5620872,0.5363689,0.5474581,0.4502476,0.45764425,0.4816867,0.47616217,0.5065635,0.51553464,0.54622823,0.5498462,0.57417977,0.6002526,0.5120467,0.5022356,0.5870755,0.4838059,0.5080693,0.5710035,0.53153,0.4960924,0.49557695,0.5305808,0.500787,0.5123266,0.5660482,0.64655954,0.636375,0.576092,0.5377264,0.5881989,0.62909377,0.61175716,0.64128727,0.62838525,0.57941204,0.5791985,0.59430444,0.57014644,0.5604533,0.53915095,0.52321565,0.51214653,0.54108775,0.55047685,0.5393536,0.5486759,0.6107793,0.53752786,0.5792395,0.5174273,0.5399953,0.49199435,0.48116642,0.49516985,0.5045679,0.4688174,0.50014913,0.5247283,0.49384034,0.60484976,0.60106623,0.51332,0.59178084,0.5248673,0.58122534,0.5603595,0.50245476,0.49065948,0.5191427,0.53473973,0.5391116,0.5202566,0.54954255,0.5373207,0.5635832,0.45159256,0.49890283,0.5286378,0.530575,0.5223579,0.57912195,0.54694337,0.53033274,0.48380345,0.53983396,0.53040296,0.53913724,0.5549528,0.57088846,0.5374737,0.5355837,0.53656626,0.52935517,0.53948396,0.53996885,0.61725175,0.59724194,0.573465,0.51299495,0.56936276,0.5496276,0.5353081,0.5283023,0.53289145,0.55439407,0.5701768,0.5178688,0.52541727,0.5095841,0.5625793,0.5642047,0.5593891,0.53705513,0.53187335,0.53764975,0.50599843,0.49983865,0.5218625,0.5624355,0.47471485,0.63340116,0.6020712,0.5727057,0.55524886,0.49855518,0.48570263,0.463856,0.5054784,0.49251783,0.5118855,0.5797241,0.5469461,0.60397345,0.54008657,0.52274096,0.57325315,0.5756998,0.5759753,0.5930584,0.4768967,0.47205544,0.5932229,0.5690811,0.607286,0.5747867,0.5495081,0.5617805,0.5422478,0.5114626,0.5391355,0.566903,0.5759407,0.53979003,0.5627883,0.52549994,0.5298895,0.5760501,0.6005679,0.5304774,0.53385395,0.5325047,0.46761608,0.521883,0.4764627,0.47050783,0.52189773,0.48822865,0.44428566,0.5177767,0.53579247,0.45031548,0.4829661,0.51930034,0.5007352,0.5900946,0.5736758,0.5472451,0.55106837,0.4558427,0.5448724,0.51660174,0.5431776,0.44543162,0.45296532,0.47527707,0.46184015,0.50251704,0.5097241,0.5260264,0.5299374,0.5868208,0.59997654,0.47318977,0.5120726,0.5588906,0.49444953,0.49245664,0.54310477,0.49856967,0.4550263,0.46290976,0.47735903,0.45759273,0.47653967,0.5265,0.5802102,0.61371154,0.5416914,0.49877113,0.58105475,0.5827751,0.5851303,0.580911,0.56590754,0.55288374,0.551376,0.5167335,0.56644505,0.5371858,0.49061868,0.508174,0.48588577,0.5371073,0.54479545,0.52218646,0.51461846,0.596301,0.53119457,0.5510035,0.4843644,0.5413126,0.49636146,0.4946056,0.5153014,0.5202675,0.47705942,0.49154866,0.5175781,0.48050615,0.59972006,0.58138025,0.51820624,0.57356256,0.50911266,0.58076406,0.5655138,0.5210005,0.46975213,0.5022611,0.51047784,0.51783097,0.5094416,0.5387571,0.5325509,0.5526613,0.4613873,0.484461,0.51807755,0.52731335,0.5354802,0.57261443,0.5044084,0.51383126,0.4803695,0.53140163,0.52414787,0.521082,0.5524685,0.5562373,0.52202964,0.5716415,0.54129726,0.5314695,0.5530355,0.5367204,0.571627,0.5687761,0.5536147,0.47547102,0.5552921,0.5154756,0.4772678,0.48435315,0.5412192,0.56220955,0.5693934,0.5096597,0.5377136,0.5185729,0.5627172,0.5578638,0.5722205,0.5229864,0.5308861,0.54008514,0.4951484,0.470401,0.5201559,0.52952605,0.49553567,0.6089749,0.51077324,0.5280774,0.5255568,0.49951208,0.49920684,0.44885936,0.47370827,0.51663715,0.5192174,0.5591963,0.5316224,0.5294597,0.5274557,0.50898445,0.5122181,0.57809126,0.5658983,0.5395072,0.549069,0.5398717,0.53260416,0.50996065,0.51047826,0.5356738,0.5283158,0.56814986,0.5657409,0.5413037,0.5305196,0.53571093
213,0.5929595,0.54332584,0.5564508,0.5757831,0.5806891,0.5794529,0.5847254,0.50086695,0.51364404,0.61378515,0.58936685,0.61614287,0.5785034,0.56475896,0.58852917,0.5716904,0.5527779,0.535109,0.59316784,0.5914404,0.55489755,0.5603462,0.53395116,0.55774075,0.5997604,0.58304334,0.55470204,0.5518065,0.6014005,0.5218827,0.52950066,0.4931357,0.48532435,0.5210584,0.51015544,0.48570776,0.5465213,0.55601215,0.49179798,0.5032919,0.5451229,0.5005891,0.5864186,0.5818503,0.56355596,0.59008014,0.4917922,0.5847573,0.54939663,0.5759888,0.48706123,0.48180193,0.51682174,0.4913091,0.51412606,0.5246696,0.5312722,0.5390304,0.56746346,0.59263086,0.49359664,0.49462765,0.5956491,0.47589076,0.47409776,0.5085653,0.5403263,0.5099943,0.48069122,0.5185899,0.50690186,0.4801071,0.57273597,0.63757855,0.5997512,0.5541174,0.5430862,0.58461577,0.59074044,0.5981896,0.6136546,0.60134184,0.592005,0.584664,0.6106541,0.56941354,0.5400611,0.5061261,0.5556991,0.5281889,0.5472339,0.53746295,0.5374862,0.5366714,0.6276026,0.55575323,0.605621,0.5400817,0.5561773,0.51953495,0.4987276,0.5206434,0.5323933,0.5127887,0.5086641,0.5434924,0.51835006,0.5967622,0.58624595,0.52070904,0.58480227,0.51507354,0.5660762,0.57107186,0.5161799,0.50507355,0.538031,0.5290683,0.54554147,0.52059704,0.5597652,0.53470385,0.55350775,0.50414276,0.5255372,0.5367393,0.5507504,0.52935165,0.56828916,0.5511045,0.52532005,0.47442064,0.5423863,0.5340314,0.5292192,0.5372104,0.56385165,0.5553466,0.54699486,0.5520238,0.54303294,0.5691226,0.5795738,0.6318069,0.61172867,0.6069619,0.51071024,0.571122,0.5802792,0.5398869,0.55128247,0.56008726,0.5687569,0.5836084,0.5468039,0.5316614,0.5296726,0.5797905,0.5862249,0.5861935,0.5490438,0.56594497,0.54424953,0.5084898,0.51351506,0.51820594,0.56364596,0.5196259,0.60470057,0.60304284,0.5759794,0.5580187,0.5381211,0.53671414,0.49676064,0.49021453,0.51266855,0.53621364,0.5660698,0.5343432,0.59459317,0.5494354,0.5426589,0.576665,0.57365894,0.57887214,0.5985944,0.4982303,0.5026928,0.5959633,0.5809855,0.59612256,0.59335876,0.5705375,0.59737045,0.5628063,0.539868,0.5380287,0.5892183,0.58434606,0.5326566,0.5731095,0.53547585,0.5575086,0.586229,0.5888602,0.5701671,0.562359,0.6092108,0.5044619,0.54960513,0.5058191,0.45070878,0.53236735,0.51359373,0.46554732,0.53322625,0.5644701,0.47050208,0.48800865,0.5296485,0.5126205,0.57898134,0.5860688,0.5743085,0.60496694,0.4731333,0.56991035,0.5355135,0.57752854,0.48230314,0.47982204,0.5110784,0.47259912,0.51081353,0.5159323,0.5333277,0.53854114,0.5786255,0.60036886,0.46948785,0.5382223,0.5845262,0.5153043,0.47935018,0.50489247,0.5441727,0.4991017,0.46901274,0.50472826,0.47993937,0.50492287,0.56425816,0.5997289,0.5844505,0.551025,0.5404166,0.58896697,0.57734406,0.6048724,0.57953805,0.5766469,0.59930885,0.58828783,0.57168263,0.5804943,0.55428857,0.48043576,0.54862446,0.5171737,0.5671871,0.53717023,0.525999,0.5061968,0.6410751,0.56012034,0.60691124,0.5452593,0.54832757,0.5212359,0.50597966,0.53509367,0.5458454,0.5126759,0.5003032,0.53834355,0.51055133,0.59967226,0.58324057,0.51765853,0.5811863,0.5149163,0.5637453,0.5727569,0.5319565,0.48457792,0.5276926,0.52129096,0.53270924,0.51626235,0.55520976,0.5339647,0.550547,0.5168187,0.5005426,0.54476583,0.56317246,0.5290867,0.5680035,0.5252964,0.5116353,0.4925629,0.55621326,0.5326559,0.5261546,0.56153536,0.5700771,0.5377011,0.5690029,0.55759764,0.56064767,0.5905466,0.5906885,0.61267716,0.6136733,0.59789115,0.48172674,0.5691907,0.5721858,0.5203474,0.5466557,0.5614281,0.5727151,0.5792808,0.54790986,0.5360686,0.5241892,0.5752483,0.5813435,0.593329,0.56799364,0.5820377,0.5548841,0.48009348,0.47829404,0.51059896,0.5356359,0.5303651,0.60910374,0.5657203,0.5714011,0.52365476,0.5392721,0.5425863,0.49533096,0.48630396,0.53742564,0.5299727,0.56937695,0.51856923,0.5133868,0.52207047,0.5107866,0.5052936,0.55892813,0.5557004,0.5483234,0.5480049,0.5365082,0.5319189,0.5134431,0.51888907,0.5338729,0.5264624,0.5509086,0.5500255,0.53859377,0.53161514,0.5410518
214,0.56642467,0.54611933,0.5637747,0.568077,0.57119393,0.5697702,0.58050096,0.51680326,0.54185545,0.5971969,0.5791212,0.58596426,0.58089024,0.5508203,0.58763677,0.5762366,0.5582558,0.5280323,0.59207636,0.58352983,0.53884506,0.557421,0.5269789,0.5878675,0.5861716,0.55670077,0.57440394,0.5683581,0.64404655,0.5256034,0.52400935,0.5005153,0.46288875,0.50142515,0.5004166,0.50891703,0.55577743,0.56610864,0.5077811,0.5134981,0.5530275,0.5160248,0.57463247,0.5813182,0.57912797,0.62752926,0.50295985,0.58352697,0.5475944,0.5897406,0.52047133,0.50398844,0.5459516,0.5027144,0.52056855,0.53159744,0.51538223,0.5255501,0.554749,0.5771709,0.47727215,0.48443416,0.59547967,0.46905154,0.44277585,0.4514235,0.54092455,0.5164541,0.46483797,0.50618243,0.50785863,0.45185876,0.5697485,0.6192899,0.5566503,0.52941865,0.5436571,0.5778841,0.5460642,0.57897115,0.57552326,0.5692032,0.59659576,0.5833092,0.6152114,0.5590635,0.5151952,0.47596505,0.57592416,0.53926504,0.54856014,0.52557784,0.5351455,0.5231447,0.6288881,0.56725717,0.61864096,0.554429,0.5717396,0.5482822,0.5203962,0.5455389,0.56192344,0.55700755,0.5262371,0.561046,0.5457003,0.58411586,0.5688786,0.5259544,0.5747405,0.5045549,0.5536945,0.5789393,0.531228,0.5208555,0.55021363,0.52028453,0.54668474,0.5176617,0.5605443,0.5310111,0.5394222,0.5597555,0.5502324,0.53910685,0.5639389,0.5311845,0.55152076,0.5469513,0.5177188,0.46276277,0.541372,0.5354424,0.521233,0.5199734,0.5527436,0.5614677,0.5528833,0.5617477,0.5463755,0.5845744,0.6044658,0.63276,0.613739,0.6216333,0.518301,0.5722133,0.5976762,0.5329542,0.56275606,0.57176,0.57327133,0.5846232,0.5681542,0.521773,0.53451765,0.56918085,0.58557737,0.5989653,0.544784,0.584039,0.54437596,0.50986487,0.5246571,0.5142498,0.56412417,0.5601671,0.57272255,0.59088,0.5764598,0.55604625,0.5781173,0.5859034,0.5339679,0.47375765,0.52747864,0.55945563,0.5476627,0.5195866,0.57101494,0.5449902,0.5536579,0.56769025,0.55847406,0.5658874,0.5874448,0.5159334,0.53096336,0.5858151,0.5765043,0.5739002,0.5908499,0.5708677,0.61012214,0.5634112,0.544532,0.5297996,0.5853755,0.56567466,0.51364565,0.56317186,0.5340643,0.58195955,0.5877959,0.56796116,0.5932509,0.579156,0.66158885,0.5278612,0.5645821,0.5198328,0.4286778,0.528451,0.52231205,0.48799905,0.5434616,0.58354735,0.4931303,0.4951878,0.5380028,0.52494127,0.5646418,0.59054834,0.5911917,0.63770473,0.49122328,0.57266873,0.5395963,0.5916128,0.5168521,0.50473493,0.54162055,0.48539007,0.51817715,0.5211933,0.5358749,0.54237103,0.5657964,0.5931338,0.465029,0.5541415,0.5976941,0.5272218,0.4642303,0.46780738,0.57527584,0.5319437,0.47034785,0.5236468,0.4920837,0.5236278,0.5845335,0.60647446,0.5459442,0.55195194,0.5702,0.5902408,0.5674064,0.60944134,0.5683106,0.5780275,0.62872946,0.6109887,0.6100219,0.5810542,0.5615318,0.4696452,0.57591414,0.54118735,0.5837713,0.52837324,0.527996,0.49490395,0.66166335,0.5795817,0.643718,0.5915343,0.5561215,0.547076,0.5218502,0.55353564,0.57244015,0.55006045,0.5200845,0.5555074,0.5429831,0.5927998,0.5793321,0.51698667,0.5812411,0.51746565,0.54899675,0.5783383,0.54332185,0.50236845,0.5470607,0.52932864,0.54161996,0.5199941,0.56171066,0.53211063,0.5414638,0.57270294,0.51882094,0.56084734,0.58270377,0.51896507,0.5565033,0.5355301,0.50740504,0.5012642,0.56954676,0.53745663,0.52947587,0.5597245,0.5739224,0.5367032,0.55974346,0.56367767,0.5720216,0.60922617,0.6231552,0.6385613,0.63890344,0.61700714,0.49786246,0.5777866,0.61040163,0.54665107,0.5906237,0.5668703,0.5725014,0.57292336,0.5757015,0.52013636,0.5187384,0.56141394,0.5826889,0.5966516,0.5877114,0.61188805,0.55643165,0.4711851,0.48580283,0.5047483,0.5404247,0.56270546,0.5988552,0.6038311,0.6007336,0.5223392,0.5767831,0.58465064,0.54458714,0.49610138,0.55019677,0.54351485,0.5711914,0.5033278,0.5010586,0.5169569,0.51337326,0.50117975,0.53669953,0.54128,0.5489345,0.5405947,0.53097457,0.52883506,0.5154337,0.5247111,0.5317285,0.5250394,0.5323711,0.5321154,0.530469,0.5275078,0.54079574
215,0.53461784,0.5324607,0.55752033,0.5491983,0.55077195,0.5477372,0.56210554,0.52581507,0.5591295,0.57128334,0.5599986,0.55371314,0.56303287,0.5277679,0.57136226,0.55784345,0.54281324,0.51712245,0.56803524,0.5486484,0.507543,0.5439944,0.50776017,0.61084783,0.57070243,0.5323033,0.57801914,0.5775445,0.66114354,0.52027327,0.51280224,0.49774075,0.4381047,0.47782418,0.4846873,0.5219816,0.55811805,0.56619555,0.5190808,0.52032745,0.5577317,0.5289474,0.5581026,0.57330287,0.58430123,0.6443846,0.5089506,0.55987465,0.53065604,0.587944,0.5433774,0.5189233,0.56420493,0.50786585,0.5248292,0.5341673,0.5021065,0.5137565,0.53856844,0.55647594,0.4656123,0.47478503,0.58980376,0.4631872,0.41807643,0.41066396,0.5359122,0.51594514,0.45179266,0.4983005,0.5054647,0.4334139,0.55951107,0.598441,0.5174347,0.5099006,0.54262835,0.5697567,0.5064486,0.5589331,0.5360147,0.5396942,0.594347,0.57473534,0.6098691,0.5412694,0.49249792,0.45512947,0.5831856,0.5450714,0.5452534,0.51744294,0.5333425,0.51203376,0.61608374,0.57009155,0.6190849,0.5603605,0.58209133,0.57079434,0.5411664,0.564793,0.58718276,0.5925484,0.54835397,0.57279414,0.5701419,0.56798005,0.55129063,0.5276753,0.5633839,0.4952934,0.54464597,0.5808247,0.54329425,0.53285587,0.5535091,0.51073307,0.54368335,0.51279634,0.5513092,0.5272831,0.52353173,0.60673493,0.5674912,0.5343599,0.56702995,0.52678955,0.5323799,0.5377234,0.5095211,0.4519502,0.5383383,0.5350424,0.5168009,0.5059001,0.54043573,0.5556945,0.55233943,0.5627197,0.53813475,0.582335,0.60991645,0.6230362,0.6068356,0.61664724,0.5310792,0.57119715,0.60224646,0.5178419,0.5630607,0.56522924,0.56688845,0.5730638,0.5774422,0.49799007,0.5240152,0.53415,0.56236637,0.59502035,0.52884525,0.58539474,0.53740084,0.50958186,0.5308872,0.5104893,0.5631721,0.5876749,0.54402757,0.5700432,0.5767215,0.54985094,0.61175287,0.62386453,0.5675756,0.4580371,0.5360575,0.5768004,0.52900946,0.50632185,0.539968,0.5271497,0.5521912,0.54833907,0.5332561,0.54022324,0.56248254,0.52719235,0.55198395,0.5648391,0.5584449,0.544843,0.56780887,0.5547697,0.6026162,0.54509395,0.52688336,0.51539606,0.5579355,0.5248999,0.48656002,0.53607035,0.52055126,0.6006682,0.57974976,0.5434047,0.5957445,0.5802426,0.6851293,0.53681904,0.5644728,0.52195543,0.40926835,0.5168052,0.51790273,0.50753605,0.5466932,0.58979666,0.51385957,0.5036047,0.5426756,0.5351642,0.5487575,0.5854767,0.59380305,0.645061,0.5062377,0.55389,0.52795273,0.58547276,0.5422114,0.5226823,0.56212467,0.49784684,0.52399963,0.523595,0.53366345,0.5427516,0.55045426,0.57849485,0.46091312,0.5609382,0.6010876,0.5289009,0.44980037,0.43968973,0.5907753,0.54954344,0.46889743,0.534364,0.4942969,0.5331895,0.5874548,0.6031325,0.5067922,0.54764396,0.58744496,0.5850624,0.5534967,0.5992568,0.5509946,0.57010984,0.6406212,0.6156478,0.6297477,0.56860316,0.5602534,0.4608937,0.58608603,0.5562193,0.5870746,0.52022344,0.5287757,0.48495916,0.6588514,0.5862337,0.6600703,0.6190742,0.5619469,0.5673034,0.5400565,0.56809473,0.5954709,0.58200735,0.5453225,0.5650135,0.5714338,0.578862,0.5702193,0.5153325,0.5755189,0.516527,0.5372291,0.5790906,0.55163836,0.5179528,0.5565456,0.53466684,0.5446527,0.52094495,0.55692595,0.52765113,0.5272987,0.6180878,0.5344638,0.56326413,0.58281577,0.5068023,0.54030824,0.53587437,0.5022496,0.5055603,0.5720636,0.53834516,0.5299179,0.5473295,0.56781906,0.52016526,0.54518914,0.55820775,0.5640332,0.60642284,0.629446,0.64921147,0.6458123,0.61026424,0.5173736,0.5791038,0.62846446,0.55460334,0.61260915,0.55630445,0.56052697,0.55223155,0.5873227,0.49272063,0.5032731,0.52487874,0.56212085,0.5814776,0.5841708,0.61881244,0.545035,0.46950424,0.4918853,0.50290245,0.5424267,0.5863796,0.5815414,0.62084067,0.6164698,0.52160555,0.60667306,0.6182958,0.58614767,0.50095457,0.55611956,0.55604464,0.5659199,0.4894329,0.49393532,0.51285213,0.5162467,0.5007148,0.51683736,0.52664,0.5425439,0.5292768,0.5247123,0.524289,0.5157163,0.5273713,0.5296619,0.5242606,0.5169656,0.51652974,0.51980644,0.52024907,0.5358077
216,0.50560784,0.50703037,0.5386065,0.5234856,0.5239512,0.5192056,0.5343076,0.5266075,0.5636709,0.541776,0.53727907,0.52619267,0.52944136,0.5043182,0.5475537,0.5225202,0.5133014,0.5038447,0.5283175,0.49724188,0.46883288,0.52348524,0.4809095,0.62424815,0.55591685,0.51537466,0.5678589,0.5785521,0.6543619,0.5104399,0.4988048,0.49146295,0.41808683,0.45969692,0.46990284,0.5243441,0.5533537,0.55814934,0.52432424,0.52329046,0.5587869,0.53671086,0.53955525,0.56002486,0.5782316,0.64139,0.50952435,0.5215561,0.50361335,0.57496613,0.55201626,0.52399045,0.5692353,0.5067276,0.52599144,0.5318968,0.4947216,0.50787044,0.52273065,0.53464603,0.46107376,0.4696526,0.5829361,0.45901603,0.40335688,0.3915818,0.52962905,0.5109325,0.4457702,0.49825397,0.50268435,0.42733803,0.5467813,0.5814461,0.49112675,0.5018433,0.54324555,0.5623325,0.4811063,0.5426873,0.5044909,0.5196819,0.58767515,0.56038004,0.59812814,0.52038044,0.47864217,0.44743308,0.58025354,0.5476151,0.53961307,0.514616,0.5328661,0.50753915,0.5944122,0.5650126,0.6102359,0.55948687,0.5834906,0.5818846,0.5561942,0.5748097,0.60371244,0.61316127,0.5682749,0.57686144,0.5860328,0.54996556,0.5361518,0.5261018,0.5533137,0.48993894,0.53771806,0.57516927,0.55022,0.53892267,0.5495497,0.5028877,0.5389274,0.50792176,0.53370285,0.52432907,0.5081666,0.6362253,0.57379234,0.52298605,0.5604246,0.5168407,0.51465905,0.5285222,0.50280315,0.4459909,0.5350947,0.5338364,0.51605624,0.4971825,0.53041255,0.54201204,0.5453054,0.5551386,0.5212185,0.56384,0.5971013,0.60783744,0.5957841,0.59583443,0.54412574,0.5680267,0.59786826,0.5009418,0.5556729,0.5422478,0.55045146,0.5518613,0.57434183,0.46634436,0.5034454,0.48512393,0.52293646,0.575903,0.51025325,0.57433236,0.5248895,0.5079712,0.5325694,0.5079223,0.56118655,0.59818083,0.5238759,0.5474243,0.5786145,0.54049045,0.6336452,0.6450853,0.59020615,0.4455041,0.5401249,0.58574635,0.5144551,0.49803802,0.5096445,0.49999833,0.53785306,0.522763,0.5035764,0.50819695,0.53010607,0.53057086,0.562399,0.5375394,0.53349286,0.51603943,0.5295481,0.5308151,0.5827168,0.51314825,0.49531615,0.49744123,0.5150521,0.4730155,0.45695838,0.49913412,0.4973327,0.6118958,0.56387323,0.5225284,0.5804414,0.56710976,0.68334895,0.53565204,0.55180204,0.5194404,0.3978643,0.50539035,0.507921,0.5202302,0.5427093,0.5841575,0.52856404,0.51121444,0.5426803,0.54105675,0.53302306,0.57228404,0.58278984,0.6302145,0.51606447,0.52022594,0.5054861,0.56501186,0.55441046,0.5310714,0.5701485,0.5077895,0.5273309,0.52221334,0.52855957,0.5417179,0.535231,0.5584191,0.45899132,0.5623277,0.59994084,0.52290857,0.43932337,0.42585233,0.5940907,0.5533763,0.4686235,0.5398457,0.49230596,0.53668964,0.5791338,0.5956828,0.4774202,0.5436851,0.59497756,0.5757494,0.5385751,0.57930756,0.5336494,0.5572879,0.63861996,0.6037148,0.63425845,0.5479272,0.55441874,0.45752692,0.5811127,0.5638342,0.5814774,0.51531696,0.52942467,0.48145378,0.6390183,0.5807471,0.6593294,0.62956923,0.56292444,0.5770767,0.55686486,0.57684726,0.6106937,0.6023774,0.5681741,0.56582516,0.590598,0.56016916,0.55857354,0.51291734,0.56794256,0.5139897,0.52786314,0.57309335,0.5546953,0.528297,0.55639756,0.5379197,0.54323375,0.51987743,0.54255056,0.5221661,0.51228005,0.6452321,0.5438175,0.55256647,0.56625116,0.4953575,0.52353215,0.5314471,0.49779072,0.50673556,0.5674485,0.5366119,0.52769715,0.52839714,0.55560553,0.49431705,0.52844507,0.5437582,0.5410184,0.58536196,0.6126586,0.64814365,0.6395269,0.5832434,0.5341624,0.5737723,0.63058573,0.54900473,0.61568165,0.53266895,0.53858,0.5227201,0.58217,0.45969328,0.48234886,0.47633144,0.52524847,0.55186075,0.5664881,0.60731035,0.52465135,0.4743665,0.49722528,0.504663,0.54171467,0.5977113,0.56364566,0.6192212,0.6223457,0.5214877,0.62513816,0.63833666,0.6122787,0.501693,0.55809224,0.5640764,0.5574391,0.48052216,0.49169114,0.509978,0.51852375,0.503364,0.50388306,0.51572245,0.5324024,0.5175017,0.5195346,0.519847,0.5146773,0.5269306,0.5282367,0.52440184,0.508004,0.5070279,0.5105645,0.51315,0.5281924
217,0.48451847,0.47669858,0.51044464,0.4959029,0.49588355,0.49071926,0.5038155,0.5192525,0.5556951,0.514377,0.5161862,0.5084576,0.4873813,0.48875913,0.5261171,0.47896776,0.48046184,0.49080905,0.48350328,0.44415966,0.43181285,0.5008713,0.45236698,0.62820756,0.5441582,0.5094634,0.54986167,0.572827,0.62978154,0.50315744,0.48615637,0.48930603,0.40912223,0.45473647,0.46390486,0.51769406,0.5427919,0.5456819,0.52297014,0.5218386,0.5558781,0.53855354,0.52115273,0.5448956,0.56362146,0.6238541,0.50686616,0.4800204,0.4751556,0.55817235,0.5460607,0.5193579,0.56115186,0.50094193,0.5232694,0.5258279,0.49505186,0.5104206,0.5105737,0.5153519,0.46574187,0.47292536,0.57971096,0.45812842,0.4010511,0.39472282,0.52763253,0.50536525,0.4509469,0.50834554,0.50341594,0.43424731,0.5373107,0.5737926,0.48338673,0.5092983,0.548568,0.55778116,0.47471687,0.5331576,0.4882548,0.5135947,0.58052725,0.54317594,0.5844422,0.5015593,0.47906455,0.45424816,0.57270014,0.55095786,0.53527176,0.5176406,0.53426033,0.5132943,0.57157177,0.5551157,0.5971435,0.55412334,0.5741454,0.5796835,0.5621824,0.574532,0.61001956,0.61709446,0.58039284,0.5741726,0.5904344,0.5316469,0.52563685,0.5228814,0.5471435,0.49121672,0.53064096,0.5624941,0.55235535,0.54041344,0.5433774,0.4986658,0.53503674,0.5049077,0.51117146,0.52296305,0.49582732,0.6456256,0.568818,0.5073451,0.5476467,0.50420105,0.5020819,0.5253065,0.4996706,0.44899878,0.53379774,0.53309363,0.5184388,0.4952659,0.52592283,0.527051,0.5330556,0.5417202,0.5012973,0.53452784,0.57181513,0.59391737,0.5857906,0.5666166,0.554013,0.5639807,0.5908035,0.49021786,0.5467402,0.50812334,0.5270083,0.5261872,0.56234443,0.43436053,0.48106536,0.43608573,0.47781608,0.54700834,0.49983793,0.55759925,0.5103245,0.5062031,0.5322223,0.50792646,0.5593709,0.59229714,0.51478225,0.5311442,0.5841193,0.52975166,0.64182657,0.64896756,0.5983411,0.43956882,0.54298383,0.58650887,0.50677764,0.49686915,0.48597506,0.46984637,0.5132741,0.49567586,0.47516584,0.47716314,0.4981902,0.52583116,0.56059575,0.5092231,0.5091531,0.49393857,0.4844153,0.508645,0.5608218,0.4747639,0.4622738,0.47988495,0.46836933,0.42384863,0.43109745,0.46217605,0.46931428,0.61553216,0.54379743,0.5114396,0.55467474,0.54519063,0.6632075,0.5321273,0.5322854,0.5198161,0.39868104,0.5007329,0.50077313,0.52319187,0.53251666,0.570287,0.534186,0.51499075,0.5377665,0.54175484,0.5182508,0.5542222,0.5626099,0.60152197,0.5206676,0.4818754,0.48067504,0.5399521,0.5524122,0.5295207,0.565362,0.51356214,0.5268206,0.5169999,0.5232191,0.54120487,0.5220861,0.5357551,0.46099752,0.56258494,0.5995493,0.514037,0.43587446,0.42823842,0.59096354,0.5487388,0.47370356,0.5446375,0.49404335,0.53845596,0.5680382,0.59111285,0.46535215,0.5462001,0.5977148,0.56595826,0.5261392,0.5569391,0.52273,0.5461252,0.6290129,0.5802788,0.6295055,0.5257711,0.54907024,0.46269384,0.56718457,0.5676279,0.5730819,0.5163827,0.53107464,0.48863328,0.61188686,0.56720835,0.64713615,0.6278844,0.5570953,0.57450676,0.56831723,0.5790056,0.61602116,0.608321,0.58209795,0.55964917,0.5983474,0.5402467,0.5477667,0.51085144,0.56273305,0.5129431,0.5194749,0.5603432,0.5520766,0.53344846,0.55074173,0.53986543,0.5394511,0.51748496,0.5222371,0.5176825,0.50110626,0.65213305,0.5462293,0.53241074,0.5400361,0.48733068,0.51076263,0.5288956,0.49575576,0.50750214,0.560971,0.534388,0.5243184,0.509144,0.5433621,0.46864894,0.51314694,0.52515936,0.5112348,0.5535412,0.5812249,0.6409853,0.6271532,0.5460566,0.5443935,0.56462383,0.6235997,0.5383583,0.60707337,0.50173163,0.51125056,0.49222988,0.56394684,0.4282657,0.462351,0.42986706,0.48177513,0.51588315,0.546963,0.58468467,0.5016978,0.48419285,0.5033773,0.5091022,0.5392316,0.59632796,0.5520123,0.60564053,0.6238038,0.52223307,0.6312232,0.6431761,0.6207297,0.50108093,0.5595466,0.5660605,0.5503069,0.47915056,0.4932391,0.5083853,0.5195807,0.50777483,0.50043404,0.5112771,0.5226391,0.5087613,0.5169312,0.5169996,0.5131574,0.5239268,0.52782214,0.52568674,0.5066224,0.5051286,0.50594664,0.50895447,0.5203623
218,0.47338828,0.4494258,0.47940186,0.47174117,0.4718536,0.46838957,0.47768718,0.5064356,0.5386053,0.49424064,0.5010342,0.50378066,0.44633883,0.4863308,0.5152855,0.43793386,0.45551047,0.48160487,0.44510883,0.40360966,0.4046599,0.4818699,0.42887238,0.6244025,0.53799754,0.5159256,0.5310373,0.5643491,0.5961799,0.5046921,0.4780279,0.49669155,0.41352427,0.46712643,0.47192127,0.50644773,0.52918804,0.5327083,0.51674896,0.51673985,0.54991305,0.53577197,0.50484717,0.5313344,0.54479545,0.5995801,0.50427425,0.4467174,0.45406494,0.54546165,0.5293473,0.50820506,0.5436815,0.4936271,0.51725817,0.5184382,0.50367224,0.52218914,0.5039025,0.5007935,0.47981304,0.48613155,0.58416384,0.4613182,0.41119578,0.41727534,0.53447455,0.50317335,0.46939936,0.52960783,0.510742,0.45322818,0.53569484,0.5795115,0.49616677,0.53300035,0.56091225,0.5581115,0.48809355,0.5320208,0.49139524,0.52325815,0.57770604,0.526736,0.573754,0.48895434,0.496068,0.47443077,0.5671486,0.5591384,0.53529096,0.52634645,0.5377965,0.5304375,0.55592334,0.54453975,0.5856582,0.5467231,0.5552865,0.566026,0.55870706,0.5660004,0.6072689,0.60687035,0.58255005,0.56753564,0.584457,0.5145079,0.5208203,0.5205259,0.5461573,0.49993545,0.5214349,0.54529065,0.5515218,0.54025084,0.541023,0.4990896,0.5337861,0.5054913,0.48869786,0.5243517,0.48954704,0.63783777,0.5561705,0.49067947,0.5334876,0.49382794,0.49838448,0.5327714,0.5021145,0.4633129,0.536837,0.53398657,0.52333677,0.500507,0.5295491,0.5176333,0.5194016,0.52691436,0.4847595,0.50223464,0.54228324,0.5882766,0.58223146,0.5385044,0.5589232,0.5604818,0.5875414,0.4921068,0.54260385,0.47155666,0.50192165,0.5023042,0.5465448,0.40968955,0.4651011,0.39975464,0.43868718,0.5158906,0.5055327,0.5417972,0.49807826,0.5055862,0.53264076,0.5114229,0.55880183,0.5746692,0.5163746,0.5278689,0.59559554,0.5205512,0.63765377,0.6385888,0.59353864,0.44322464,0.5479021,0.581294,0.5065871,0.5028541,0.4720526,0.44400492,0.48432916,0.47210643,0.45306763,0.45390135,0.47371972,0.51543266,0.54829866,0.48526752,0.49184725,0.4829252,0.4424629,0.49611548,0.54671717,0.438432,0.4398922,0.46730807,0.4298756,0.3893578,0.41488615,0.4348913,0.4434784,0.6128266,0.52418554,0.5135804,0.52757686,0.5220418,0.63410604,0.5341315,0.5123132,0.5284818,0.41292807,0.50717586,0.5028544,0.51723856,0.51867044,0.55283844,0.53080875,0.51336473,0.52923334,0.5385631,0.5049826,0.53516585,0.5393625,0.57002395,0.5217886,0.44969043,0.4619128,0.5211147,0.539121,0.5204181,0.5508506,0.51527894,0.5224716,0.5095192,0.52042353,0.5433218,0.5119727,0.5137145,0.46723405,0.56520927,0.6040602,0.5067756,0.44124457,0.44592524,0.58775103,0.5422559,0.48677617,0.55355793,0.5053161,0.54318315,0.5617824,0.5950865,0.47326005,0.5594386,0.60141444,0.559846,0.5192844,0.53967255,0.52338374,0.5425062,0.6196113,0.55231893,0.6225749,0.50809574,0.5490759,0.47789666,0.5516357,0.5716599,0.56759936,0.52536434,0.5346678,0.50804204,0.5885692,0.5514151,0.631018,0.620656,0.5447442,0.56159747,0.5725188,0.5757384,0.61195105,0.60101855,0.5842866,0.5501255,0.5960039,0.5223696,0.540748,0.5106129,0.5626542,0.51579255,0.5105519,0.54282975,0.5452591,0.53553283,0.54560864,0.5413691,0.53594273,0.51513374,0.5011125,0.51614136,0.49757212,0.6417162,0.5443887,0.50817966,0.5127299,0.48506582,0.50623316,0.53356564,0.497527,0.510282,0.5584277,0.5338735,0.5217787,0.4959852,0.53740156,0.4525044,0.5030468,0.5083625,0.48425713,0.52060044,0.54630655,0.634854,0.6171305,0.51126105,0.54670215,0.5552915,0.61519283,0.531523,0.59595877,0.47123086,0.4849687,0.46851787,0.5387314,0.40552855,0.44929022,0.39766937,0.44326895,0.4831713,0.5368155,0.55939704,0.48296615,0.49675605,0.5113548,0.5147792,0.53613174,0.58555096,0.5510516,0.5887194,0.62709665,0.52425563,0.6266168,0.6345313,0.614512,0.5018884,0.563572,0.5625579,0.5477841,0.4856956,0.49755335,0.5085432,0.51993704,0.5129608,0.50690114,0.5144365,0.51706976,0.5057681,0.5176351,0.5167716,0.5125673,0.5199054,0.5283694,0.5280484,0.51207095,0.51021284,0.50744385,0.50911975,0.5146285
219,0.47330245,0.4334714,0.45409355,0.4567931,0.45743373,0.45795673,0.46247998,0.49385855,0.51969683,0.4859996,0.49528474,0.51363194,0.41705436,0.49818438,0.51904297,0.41126433,0.44774604,0.47987074,0.4238176,0.3860769,0.3942751,0.47245097,0.4172295,0.6153668,0.53954303,0.5338766,0.51757383,0.55802745,0.5642588,0.517675,0.47608554,0.5151734,0.42919028,0.49660242,0.49420267,0.49764955,0.5166557,0.522907,0.5102078,0.5110293,0.5436099,0.53140754,0.49317762,0.52250236,0.52665794,0.5778239,0.50494885,0.43092453,0.4471616,0.54348284,0.50963014,0.4961305,0.52442956,0.4888947,0.51078075,0.5129284,0.52009237,0.54222375,0.50317925,0.49221814,0.5007383,0.50745285,0.59823465,0.4678574,0.43099672,0.45328468,0.5517628,0.5072499,0.49925956,0.56063855,0.5255868,0.48143697,0.54375505,0.6000408,0.52720153,0.5691858,0.58072996,0.564654,0.51864946,0.54039925,0.51414627,0.54757357,0.58330995,0.5147863,0.57058555,0.4848235,0.5272392,0.5039691,0.56891114,0.57376003,0.5406572,0.53977835,0.5433143,0.5562806,0.55448496,0.5375666,0.58137465,0.54026157,0.53142494,0.5459571,0.5483719,0.55404246,0.5982441,0.58821094,0.5759649,0.5605119,0.5723897,0.50041616,0.52142954,0.5214133,0.5497529,0.5137373,0.5094759,0.5275745,0.5498286,0.54088,0.5468994,0.50431067,0.5357491,0.5109645,0.47240898,0.5297078,0.49203834,0.6190005,0.5420882,0.4767324,0.5228187,0.49084032,0.50617844,0.55209166,0.5111312,0.48815286,0.5459612,0.5372032,0.5300004,0.51171434,0.54261667,0.51912236,0.50996315,0.5158306,0.4772014,0.47563463,0.51771605,0.59587115,0.58946735,0.52148855,0.55786693,0.55829996,0.59257454,0.5091108,0.54756767,0.44332752,0.4819524,0.48648614,0.5324962,0.3993948,0.46227232,0.38538992,0.41569307,0.49055982,0.5289872,0.532426,0.4921315,0.5071007,0.53606886,0.5177751,0.5597489,0.55319536,0.52594566,0.5404001,0.61450285,0.5161975,0.6248572,0.61950195,0.5808845,0.45724353,0.55690044,0.57310224,0.5128943,0.5139637,0.4699312,0.4296859,0.45918795,0.45751715,0.44191173,0.44424048,0.46199694,0.505001,0.53134215,0.47100794,0.48676634,0.48518398,0.4139489,0.4979653,0.5467756,0.4138031,0.43743834,0.4638552,0.40993166,0.37784323,0.41326302,0.42524824,0.42758295,0.6060268,0.50979394,0.5293403,0.5077867,0.5051652,0.6078993,0.54657197,0.49790567,0.5474784,0.43801567,0.5265314,0.5167831,0.5078126,0.5056947,0.5368306,0.5225871,0.50798833,0.5204084,0.5348686,0.49441525,0.5192349,0.51986825,0.5474616,0.52235013,0.43339652,0.45578077,0.5179493,0.52151036,0.5089422,0.5335624,0.51507044,0.51695335,0.50300294,0.5225761,0.55015624,0.5053496,0.49583137,0.47642124,0.57237184,0.6157561,0.50409913,0.4556225,0.4754415,0.58990604,0.54010636,0.50786746,0.569945,0.52716446,0.55468607,0.5651396,0.60997486,0.49881288,0.58380854,0.6107245,0.56100124,0.52004564,0.53381383,0.5380852,0.54965025,0.6177043,0.5275661,0.62009007,0.49864718,0.55785334,0.50195295,0.54026043,0.5787781,0.5688761,0.54216295,0.5405745,0.5372839,0.5791344,0.5397034,0.6198236,0.6151661,0.5287847,0.54373723,0.57042134,0.5703532,0.60126156,0.5852583,0.57562834,0.5417387,0.58718514,0.50896204,0.5392114,0.5133306,0.5682273,0.522915,0.5003217,0.5240922,0.53718734,0.53715914,0.54672307,0.54342943,0.53570044,0.51503515,0.48538476,0.518806,0.5033561,0.62031215,0.5422439,0.48630983,0.4927769,0.4899106,0.51241916,0.5475039,0.50357544,0.5161518,0.5647813,0.5366953,0.5217415,0.49420616,0.542338,0.45293656,0.5011146,0.49938455,0.4691196,0.49631396,0.51995933,0.63640314,0.61741304,0.4914417,0.54145515,0.5490935,0.61216575,0.535055,0.5912094,0.44978052,0.4662695,0.45761195,0.5141355,0.39755145,0.44778726,0.38808057,0.4205914,0.46241298,0.54270846,0.5403114,0.4742513,0.5091582,0.5213078,0.5195822,0.533442,0.57172644,0.56137794,0.5768304,0.63735247,0.5276375,0.6151453,0.61676496,0.59983623,0.5056009,0.57223713,0.5553903,0.5509327,0.4981833,0.5036391,0.51116174,0.520946,0.51850116,0.52184135,0.5248878,0.51836044,0.5100398,0.5215858,0.51963997,0.51458275,0.51746744,0.5295112,0.53108215,0.52255327,0.5204837,0.5151449,0.5141494,0.5130676
220,0.4849374,0.4351957,0.44213352,0.45600274,0.45722058,0.4636337,0.46284908,0.48778152,0.5075027,0.49284568,0.5013523,0.5369124,0.40835023,0.521414,0.5365777,0.4086136,0.4630508,0.4876475,0.42738932,0.39759326,0.40524304,0.47716868,0.42221934,0.6042471,0.5492431,0.56005925,0.51381886,0.5575295,0.5448182,0.540265,0.48087928,0.5417802,0.45082194,0.5377004,0.52557933,0.49824747,0.50948876,0.51946247,0.5087028,0.508447,0.5402162,0.5291639,0.48868048,0.5210319,0.51442426,0.5681397,0.5109041,0.4388204,0.45864642,0.556644,0.4955007,0.48880503,0.5119772,0.48997012,0.5075379,0.51166666,0.54218787,0.5676948,0.50778306,0.49045146,0.52335906,0.5319194,0.62085927,0.47559807,0.45516214,0.4936257,0.57758415,0.51860005,0.53416276,0.59677994,0.5463973,0.5135351,0.5601352,0.6331706,0.569634,0.6100598,0.6059209,0.57756865,0.56054646,0.55875117,0.55249864,0.582304,0.59930634,0.51043844,0.57770413,0.48921734,0.5655952,0.53618515,0.57987016,0.5929705,0.5499531,0.55597365,0.5500579,0.58468837,0.5713891,0.53795785,0.58836406,0.538004,0.5087419,0.5258751,0.53526926,0.54425234,0.58615685,0.56820095,0.5636789,0.5563032,0.5594519,0.49150464,0.5259092,0.5265895,0.55583745,0.5273849,0.49555779,0.51385593,0.5490543,0.5437327,0.56265837,0.5136106,0.5403906,0.52118325,0.46767652,0.5394691,0.5041237,0.5962638,0.53283125,0.46913102,0.51979446,0.4979507,0.52547264,0.5801395,0.5255685,0.51934373,0.56122327,0.54268414,0.53725183,0.52637357,0.56478524,0.53456724,0.50956404,0.5129319,0.48228863,0.4622147,0.5068649,0.61766165,0.6091515,0.5239758,0.5504602,0.55793965,0.6071226,0.53902465,0.56282634,0.4325254,0.47291127,0.4833075,0.52562004,0.4084185,0.47708946,0.39849877,0.41540188,0.47766352,0.56495523,0.5335213,0.49463978,0.5110635,0.54398805,0.5244152,0.5616862,0.5364975,0.5394002,0.5667074,0.6400394,0.51877123,0.60829973,0.5985481,0.5664006,0.4791126,0.5701154,0.56475204,0.5235314,0.52630574,0.4809547,0.43226612,0.44525743,0.45646426,0.44513598,0.45198894,0.4661752,0.5007451,0.51731724,0.47061446,0.4974968,0.5003479,0.40681127,0.5151333,0.5623473,0.40923652,0.46023998,0.47169542,0.4157893,0.39391667,0.42875728,0.43793583,0.42748564,0.5978748,0.50419396,0.5557488,0.5017613,0.49985412,0.5966212,0.5694889,0.49406976,0.57442427,0.46769044,0.5569468,0.54032737,0.5021005,0.49891528,0.5272471,0.5158344,0.5025104,0.51520944,0.5346447,0.48814616,0.510218,0.5113156,0.54435915,0.5252328,0.4401153,0.46656954,0.5364418,0.5078303,0.5008989,0.5215753,0.5151902,0.5142781,0.5005304,0.5308296,0.5624368,0.5025509,0.4853144,0.4858377,0.58403236,0.634226,0.5070026,0.47713432,0.51071835,0.6000217,0.5463132,0.5336326,0.5936216,0.5556501,0.5738363,0.57924974,0.6340613,0.5350384,0.6153755,0.6272075,0.5711515,0.5287417,0.5434308,0.565461,0.5676295,0.6273599,0.5130443,0.6260207,0.4986441,0.5760024,0.5306302,0.53575677,0.58935386,0.5780198,0.56403756,0.54821754,0.57006204,0.590234,0.53783274,0.6210978,0.6170853,0.513357,0.5271728,0.564368,0.5668256,0.5880711,0.56773514,0.5592233,0.5383472,0.5761973,0.50155425,0.54299474,0.51905465,0.5777236,0.53228223,0.48904577,0.50810236,0.53098553,0.5401606,0.55770206,0.54687,0.5408831,0.51876974,0.48059264,0.52580434,0.51737595,0.5960275,0.54248977,0.47325096,0.48725504,0.5013049,0.5286969,0.5687458,0.51288086,0.52443427,0.58229053,0.5433923,0.52495396,0.5070145,0.55985403,0.47357455,0.5084316,0.5027666,0.4726983,0.48852208,0.5131936,0.6489378,0.63243186,0.4964196,0.53008664,0.5485436,0.6182807,0.5513061,0.59847933,0.44434962,0.45972073,0.46269313,0.4984038,0.4080525,0.4605619,0.40586635,0.42114586,0.45946324,0.56506795,0.53517985,0.4792304,0.51801986,0.53268903,0.52101594,0.53192,0.5616378,0.5801714,0.5755644,0.6562157,0.5317004,0.60184276,0.5958464,0.58355564,0.51178473,0.5858698,0.54674315,0.55840284,0.512529,0.5098144,0.51605415,0.52357477,0.52382576,0.54212457,0.54082924,0.5273641,0.5215568,0.52794355,0.52532136,0.5200962,0.5189495,0.5308335,0.53412664,0.535623,0.5335971,0.5281091,0.5236893,0.51693344
221,0.5071311,0.45679325,0.4469127,0.47124815,0.47282758,0.4860798,0.47980362,0.49197784,0.5077399,0.5148389,0.5197558,0.5694829,0.42413288,0.5499862,0.5630655,0.4340702,0.5023304,0.50442654,0.4584487,0.43900952,0.4375575,0.49692777,0.44483063,0.59441537,0.5655551,0.5890571,0.5215743,0.5645878,0.545521,0.56751966,0.49207446,0.5701926,0.4720581,0.5812936,0.5574703,0.5120225,0.51034975,0.5244465,0.5157534,0.51115525,0.54149616,0.53175867,0.4923893,0.52817523,0.512423,0.5777075,0.5224511,0.47213086,0.48892036,0.58626163,0.4927556,0.48969153,0.51193994,0.4977562,0.5098514,0.51546776,0.5663388,0.5951511,0.5161713,0.49547163,0.54164654,0.55314463,0.64821506,0.48188967,0.4775095,0.5284462,0.60741514,0.5360871,0.56541425,0.6312344,0.56972545,0.54304737,0.5810975,0.67338824,0.6136905,0.64662313,0.6326867,0.596044,0.6058396,0.58645004,0.5988115,0.6215595,0.6252402,0.51516825,0.5951687,0.49974173,0.6020639,0.56367934,0.5981256,0.6123844,0.5602791,0.5726917,0.5568076,0.6085137,0.6067295,0.5479628,0.6080016,0.5422876,0.4924684,0.51152056,0.52321815,0.5406869,0.5740227,0.5532244,0.5490134,0.55733365,0.55020744,0.488999,0.5321732,0.5355347,0.56181306,0.5349201,0.4812049,0.5077257,0.5510183,0.5501371,0.5875728,0.5255979,0.5466582,0.5344647,0.4769167,0.55315405,0.5243017,0.5762347,0.5330165,0.47009444,0.52702016,0.514812,0.5533787,0.61103755,0.54221094,0.5506749,0.5810596,0.5497253,0.5437305,0.54213166,0.594477,0.5640867,0.5203034,0.521024,0.5010648,0.46617043,0.51567656,0.6505717,0.63961214,0.55029374,0.537838,0.56032026,0.6292813,0.57584983,0.5866984,0.44315428,0.4773706,0.49398685,0.52999824,0.4375013,0.5104737,0.43984908,0.43954042,0.48053285,0.6037525,0.5470302,0.50535405,0.5171327,0.55697286,0.5280265,0.5640982,0.5308277,0.55258214,0.6006483,0.6694478,0.52811855,0.59275454,0.5824155,0.5555436,0.5039458,0.5859893,0.5587493,0.53540564,0.53519857,0.5041932,0.45336533,0.4463851,0.47046748,0.46327344,0.47695747,0.4861527,0.50631756,0.51201606,0.4851217,0.5246597,0.5255648,0.42434672,0.5443103,0.5897715,0.42847648,0.5079229,0.48985797,0.4495467,0.43715212,0.45942107,0.47219864,0.44491735,0.59091216,0.5086229,0.58696026,0.5125316,0.5081993,0.60792404,0.59841764,0.50365907,0.60324067,0.49422666,0.593097,0.56741315,0.50518453,0.5019192,0.527761,0.5158999,0.5001038,0.5160096,0.5403009,0.48708335,0.5103285,0.51906127,0.5666193,0.5320162,0.47216618,0.49493608,0.5770208,0.50407624,0.5001959,0.52036095,0.51650923,0.5171599,0.50340664,0.5445636,0.5790284,0.5034885,0.48361266,0.49200797,0.5978581,0.65653974,0.5145446,0.50215554,0.54490006,0.6168515,0.5616641,0.55820733,0.6208523,0.5841726,0.5979842,0.6020178,0.6628749,0.57253575,0.64792126,0.6491385,0.5896612,0.544112,0.56933165,0.60071397,0.5944535,0.6482267,0.51306397,0.6407943,0.5067932,0.6010079,0.5581317,0.5373929,0.60132694,0.5933626,0.5871247,0.55638224,0.5987051,0.6231937,0.5490716,0.6380184,0.62850195,0.50188476,0.51656824,0.5565673,0.5680141,0.57636327,0.5546813,0.5389386,0.54224265,0.56722224,0.5006515,0.5505899,0.5269025,0.5880858,0.54060096,0.47760725,0.49794585,0.5289238,0.5455585,0.57911444,0.5519292,0.55170524,0.5262611,0.489556,0.53634834,0.53680044,0.57667917,0.54642874,0.47336963,0.49996394,0.51714253,0.5517202,0.5926666,0.52320737,0.53307635,0.60971415,0.5533668,0.5312091,0.53465277,0.58863723,0.5132764,0.5241117,0.52007836,0.49781293,0.50110394,0.5327484,0.6714899,0.6614143,0.5302465,0.5151976,0.55491656,0.63339007,0.57804716,0.61837524,0.45793906,0.4665605,0.48299077,0.49806997,0.43665177,0.4873439,0.4510212,0.4468184,0.47583762,0.59881365,0.54859185,0.498265,0.5206134,0.5447463,0.5172222,0.53231096,0.5597735,0.6030723,0.5861479,0.6815684,0.5353005,0.591573,0.5778339,0.5715692,0.51869684,0.60291845,0.538822,0.56718516,0.5237288,0.513622,0.5216347,0.5277609,0.5279883,0.5634241,0.5591009,0.54278785,0.53852886,0.5353243,0.5327906,0.52879125,0.5251936,0.5320484,0.5365457,0.5485609,0.547104,0.54453874,0.536439,0.5260151
222,0.53607917,0.49576655,0.46746963,0.5005096,0.5022556,0.52187556,0.51062125,0.50681627,0.52147794,0.5482205,0.5483853,0.60487455,0.46307135,0.5768306,0.5916528,0.48500052,0.56049806,0.5277927,0.5135885,0.504698,0.48579258,0.5285683,0.48220634,0.588451,0.5852627,0.6144725,0.53974444,0.5791185,0.5681451,0.5940359,0.5086887,0.5934753,0.48812667,0.6186662,0.58177406,0.5385065,0.5195425,0.5381026,0.5318714,0.5191705,0.54703975,0.53981936,0.5033911,0.5429952,0.52245677,0.6080363,0.5384588,0.5267391,0.5338717,0.62942666,0.50316167,0.4995934,0.5253945,0.5112474,0.5178486,0.52414703,0.58843607,0.6217708,0.5262345,0.5059127,0.5511833,0.56587404,0.67513734,0.4848589,0.49362686,0.5513494,0.6360101,0.55714804,0.58582306,0.65777755,0.5914097,0.56540304,0.6019315,0.71368605,0.65042895,0.6718077,0.6572532,0.6184994,0.6466295,0.62115216,0.64423686,0.6599358,0.6584859,0.52827424,0.62007743,0.51211023,0.6290034,0.58121306,0.619423,0.6271259,0.5685876,0.5885062,0.5622913,0.62230295,0.655644,0.5673961,0.6382304,0.55329597,0.48564836,0.50687957,0.5150506,0.5450004,0.56436443,0.54742956,0.5347691,0.565051,0.5479502,0.49231207,0.5385053,0.54687065,0.56540203,0.5323161,0.4683756,0.5109154,0.5577231,0.56166023,0.61905926,0.53864545,0.553695,0.548705,0.49925664,0.5698275,0.549587,0.5639083,0.5448582,0.47989753,0.5451145,0.5390191,0.58492106,0.63871723,0.55742276,0.57650036,0.6032296,0.55729055,0.54847574,0.55802506,0.62909913,0.6045181,0.54124683,0.5405408,0.5319267,0.48782003,0.5453434,0.6887999,0.6764076,0.5986911,0.5232047,0.5663444,0.6549929,0.61233413,0.6157741,0.4740377,0.49448863,0.51658624,0.5470099,0.48245293,0.55845976,0.5041775,0.48507008,0.4988273,0.6358118,0.57195467,0.5226112,0.52467227,0.57435715,0.52661365,0.5670293,0.5386804,0.5623743,0.6344792,0.6991617,0.5422444,0.5817376,0.5758662,0.5523826,0.5270095,0.6017935,0.557114,0.5450992,0.5366753,0.5356178,0.49033716,0.4628179,0.49731293,0.4934317,0.5145472,0.51856273,0.5218692,0.5177127,0.51184964,0.56486475,0.55618197,0.46480814,0.57879895,0.62207925,0.4695921,0.572996,0.51478827,0.50688374,0.50062275,0.49896,0.5212639,0.47745454,0.58666027,0.52173716,0.6158635,0.538934,0.52902734,0.64123315,0.6267733,0.52653694,0.6267363,0.5120384,0.6283244,0.591161,0.51839757,0.5150876,0.53921074,0.5251363,0.502301,0.5230235,0.55164045,0.49108616,0.5192423,0.54389745,0.6120747,0.54252756,0.5254517,0.5370023,0.63331866,0.51250505,0.50805193,0.53122145,0.51899964,0.5257841,0.51139086,0.56148344,0.5974598,0.5074225,0.48988765,0.49198166,0.6099965,0.6780228,0.52417785,0.5270578,0.57323146,0.63603526,0.58375114,0.5754881,0.6464386,0.6063496,0.6223727,0.62881136,0.69099075,0.60291845,0.67580163,0.67260724,0.6137841,0.56366265,0.6081256,0.6376149,0.62694716,0.67604274,0.52774566,0.66138196,0.5194987,0.628111,0.5798242,0.5415362,0.61115646,0.6108824,0.6084749,0.5638698,0.61723316,0.6725645,0.5726594,0.6679145,0.6472366,0.49643642,0.514368,0.54874027,0.5748845,0.5685869,0.5500165,0.51871413,0.55385786,0.5637135,0.50545347,0.5600927,0.535911,0.5958518,0.5448595,0.46732047,0.4953275,0.5323172,0.5540107,0.6085208,0.5579923,0.5663933,0.5362931,0.51179683,0.54940903,0.55836946,0.5675275,0.5548413,0.4877038,0.5303944,0.5348946,0.57664603,0.61400837,0.5322937,0.5397698,0.6429013,0.5651984,0.5397652,0.5738476,0.62483346,0.5658424,0.5457666,0.5492056,0.5419405,0.5330973,0.57809746,0.699634,0.69877136,0.5889986,0.50060105,0.5676823,0.653775,0.6098473,0.64684427,0.48937044,0.48520026,0.514345,0.51583135,0.47858432,0.52447015,0.51705635,0.4939484,0.508794,0.63585865,0.5801484,0.5284908,0.51625043,0.5567521,0.5079401,0.53536934,0.567332,0.62585026,0.6052603,0.70869225,0.53750193,0.58745867,0.5671727,0.5678566,0.52465796,0.6202644,0.53356385,0.57356966,0.527573,0.5129391,0.52580315,0.53283566,0.53024817,0.5813351,0.57588553,0.56151474,0.55778563,0.5423658,0.540734,0.5396917,0.53552586,0.53303146,0.5380263,0.55896723,0.5588228,0.5620534,0.5503825,0.5387365
223,0.5663897,0.5452908,0.50015813,0.5385424,0.5404782,0.56456524,0.55003834,0.5296442,0.5454967,0.58635575,0.5826639,0.6356002,0.51913553,0.59638685,0.6161027,0.55194336,0.62713325,0.5544826,0.5836013,0.5821114,0.5408632,0.5662816,0.52826554,0.58723253,0.60352474,0.63035905,0.5647129,0.5988051,0.60780424,0.6158183,0.52959967,0.6063357,0.4976464,0.6445791,0.59376943,0.57312137,0.5356319,0.5585413,0.5545185,0.53101224,0.5549052,0.5518929,0.5192848,0.5622769,0.54334325,0.6535445,0.5566823,0.59271944,0.5860961,0.67877007,0.5247661,0.517008,0.54934627,0.5282766,0.5299125,0.536607,0.6045097,0.64497006,0.535764,0.5191397,0.5505162,0.56753093,0.69664145,0.48434716,0.5024967,0.56134844,0.6589462,0.57877016,0.5917686,0.6724407,0.6076942,0.57969654,0.6181499,0.7475417,0.6740586,0.6814297,0.67670304,0.6422286,0.676399,0.6582681,0.6813449,0.69314384,0.69440603,0.547174,0.6469705,0.52164495,0.64190495,0.5870196,0.6388208,0.6332203,0.5724228,0.60291547,0.5655505,0.62322795,0.7086942,0.593495,0.6736484,0.56879044,0.48919082,0.5132888,0.5123641,0.55652785,0.5586862,0.5518517,0.52293,0.5791692,0.5537806,0.49928802,0.54362875,0.55879503,0.5648909,0.5188102,0.45943478,0.5230194,0.5702797,0.57888293,0.6527489,0.55121064,0.5611327,0.5621063,0.53160554,0.58824086,0.57582957,0.5615882,0.5667479,0.4976563,0.5729827,0.5664646,0.6136802,0.6582863,0.56846076,0.5933281,0.62540233,0.56419796,0.55127734,0.5741218,0.66459405,0.6498522,0.5685694,0.56886566,0.570885,0.5243519,0.5919438,0.7253967,0.7134443,0.660762,0.5105564,0.5758762,0.67912555,0.6423402,0.6461089,0.5201357,0.5215419,0.54746723,0.5750862,0.5351674,0.61255604,0.580249,0.5448558,0.53000855,0.6548061,0.60420316,0.544509,0.5331414,0.5939091,0.52079046,0.57069385,0.5586951,0.56700045,0.6617324,0.7253148,0.5580478,0.5767525,0.5801925,0.55809605,0.5453836,0.61394185,0.5604241,0.54964316,0.52845365,0.5692492,0.5370175,0.492433,0.53196156,0.5302241,0.55751365,0.55817723,0.5444835,0.5331909,0.5456901,0.6111225,0.5861047,0.5218297,0.61105955,0.6516521,0.5256008,0.6426322,0.5419801,0.5776001,0.57222724,0.53968406,0.574859,0.519656,0.5853754,0.54019845,0.6355893,0.57568777,0.55781037,0.68737125,0.64825714,0.55966556,0.63885117,0.5195614,0.6569034,0.6064626,0.5394111,0.53616613,0.5592604,0.54224503,0.50909257,0.53492975,0.5664645,0.49911323,0.53410864,0.58158296,0.67029566,0.555123,0.58989626,0.58562446,0.6937525,0.53160995,0.5232673,0.55161315,0.5224814,0.5382259,0.52314854,0.57806605,0.6144096,0.5133363,0.5018043,0.48465768,0.61588037,0.6929287,0.5323944,0.5497141,0.59400976,0.6517347,0.6077299,0.58083177,0.66549695,0.61701447,0.64182234,0.6530782,0.712699,0.62025356,0.694934,0.69241947,0.6389842,0.58306295,0.65224785,0.6702064,0.66058105,0.70380336,0.55288225,0.6813651,0.53166187,0.6516083,0.5935015,0.5429795,0.6146456,0.6249008,0.6263139,0.5695765,0.62226653,0.7268564,0.60401845,0.70295,0.66727513,0.49791068,0.52070546,0.5421914,0.58640736,0.56527203,0.554573,0.5021985,0.57148415,0.56709385,0.51366115,0.56925565,0.5453529,0.59745395,0.54301405,0.46005994,0.50073147,0.54147166,0.56543,0.6410872,0.5636757,0.58194155,0.5471515,0.54403955,0.56401026,0.57815915,0.5698195,0.5670355,0.51453185,0.5744226,0.5516033,0.59742475,0.62769806,0.5386496,0.5429256,0.6758754,0.57682586,0.5496458,0.6182043,0.66247267,0.62199926,0.56933355,0.58446616,0.59741676,0.57917184,0.64065593,0.72656924,0.73592997,0.6607235,0.49010724,0.58445877,0.67288995,0.6400023,0.6769987,0.5341329,0.51275474,0.55144936,0.55022854,0.5264097,0.5660735,0.5917159,0.5546858,0.5529549,0.6678752,0.62384886,0.5652446,0.50674915,0.56764454,0.49475753,0.5411711,0.58240193,0.64458406,0.6260778,0.73128456,0.5378301,0.59002125,0.56564057,0.5731261,0.5285176,0.63372934,0.532018,0.5735818,0.5219733,0.507262,0.52706176,0.5380731,0.530465,0.5923386,0.58749557,0.5794743,0.5756843,0.5482027,0.5479029,0.5514667,0.54817206,0.5337812,0.5385427,0.56500083,0.56682783,0.5781027,0.56319296,0.55281174
224,0.59282357,0.5950266,0.53906393,0.57783186,0.58014834,0.60606635,0.5911444,0.55514455,0.5732343,0.6218261,0.616844,0.6549566,0.5813145,0.6061042,0.6325245,0.62001956,0.6895709,0.5807681,0.65479726,0.65475863,0.5926947,0.60315204,0.57441306,0.59015846,0.6147457,0.63225806,0.5910719,0.61915267,0.65409696,0.6301128,0.5533608,0.60581535,0.50216746,0.6571648,0.59224164,0.6077117,0.5557389,0.58197224,0.57805455,0.5439752,0.56205004,0.56460536,0.53653437,0.5812819,0.5711505,0.7034841,0.5738177,0.6571316,0.63730377,0.7249011,0.55212516,0.5380286,0.57754046,0.54545295,0.54296154,0.5504578,0.61109805,0.6619717,0.5428654,0.5316862,0.5411356,0.55831695,0.7088643,0.4820264,0.50593007,0.56160766,0.67281926,0.59773463,0.58281,0.673107,0.6154958,0.58763933,0.62630916,0.77034473,0.6816869,0.67355436,0.6885166,0.66365105,0.69033873,0.6920879,0.7054117,0.717934,0.72710615,0.568014,0.6693259,0.5248502,0.63884944,0.58201563,0.6516637,0.62770146,0.57014894,0.615591,0.5660792,0.6108275,0.75528556,0.6215784,0.7068913,0.584821,0.5013859,0.52848625,0.5149171,0.5723485,0.55713385,0.5642316,0.51425374,0.5970875,0.56576747,0.50722015,0.54653484,0.56906873,0.55943453,0.4970406,0.45626634,0.5411794,0.58772767,0.6000219,0.6832554,0.5618499,0.5688325,0.5729168,0.56889534,0.60661924,0.5977425,0.56829166,0.5924488,0.5217056,0.6079894,0.5913495,0.63273287,0.6660222,0.57348645,0.5991886,0.6450375,0.56920666,0.55267066,0.5904325,0.6958533,0.6928906,0.5961831,0.6002255,0.61178833,0.5700026,0.64709526,0.7541959,0.7446121,0.72366905,0.5023539,0.5875641,0.69645035,0.6612635,0.67351854,0.572717,0.5547035,0.58201116,0.61020297,0.58548754,0.6624118,0.6534552,0.6082258,0.5700938,0.65761656,0.63747114,0.5689122,0.54211164,0.61206114,0.5133728,0.5749144,0.5857699,0.5661966,0.6786086,0.74404114,0.57178366,0.57746947,0.59297377,0.5699775,0.5576104,0.6184133,0.5672968,0.5473408,0.51081556,0.59909564,0.58480453,0.53045994,0.5676977,0.56684184,0.59801364,0.5989343,0.5687346,0.5540746,0.58077,0.6551761,0.6087672,0.58446056,0.6352952,0.6725531,0.58541125,0.70380265,0.5670795,0.64799905,0.6386677,0.5750831,0.62292516,0.56394166,0.58687156,0.5598008,0.6408518,0.6147373,0.58745843,0.7327392,0.65775317,0.5974454,0.63559663,0.51810896,0.67508346,0.61061704,0.56243587,0.5610058,0.5832001,0.5619401,0.5188703,0.5489865,0.58127004,0.5090766,0.5504947,0.6242818,0.727179,0.56696695,0.65251386,0.6326824,0.74645764,0.5562841,0.5422571,0.575937,0.52627707,0.55097723,0.5359644,0.590427,0.6265135,0.52030325,0.51636076,0.4716431,0.6114591,0.6959195,0.535993,0.5691331,0.60760903,0.65836805,0.6273512,0.57178736,0.67402744,0.6120609,0.6517678,0.6680024,0.72287893,0.6210803,0.7025131,0.7029091,0.66008055,0.5965865,0.69264984,0.69399846,0.69009566,0.7238447,0.5812565,0.69245243,0.5383713,0.666401,0.59860855,0.5370161,0.6078129,0.62968016,0.6393274,0.57225126,0.6126987,0.77363586,0.6363537,0.7332866,0.6806433,0.5055383,0.5329421,0.53749657,0.5995618,0.56580865,0.5661343,0.49170527,0.5912751,0.5759291,0.5221252,0.57557285,0.554339,0.5901198,0.5343674,0.45759812,0.5130964,0.5552655,0.5781717,0.6707874,0.5672953,0.59501183,0.5566236,0.58045846,0.57898486,0.5914894,0.58109707,0.57967013,0.5498395,0.62510383,0.5636718,0.60763806,0.62925035,0.54148525,0.5417647,0.7023209,0.5856775,0.55962265,0.660106,0.69486254,0.67247987,0.58946896,0.61800724,0.6535458,0.6306342,0.7062392,0.74530584,0.7645292,0.7296175,0.485445,0.6017807,0.6831715,0.6618837,0.70118207,0.58457834,0.54545665,0.5892739,0.59579474,0.5718776,0.6056554,0.6608165,0.6182951,0.6014617,0.6883282,0.66987085,0.6032185,0.49575776,0.575731,0.48077163,0.5486239,0.6005013,0.656032,0.64068854,0.7429004,0.53620404,0.59778225,0.57257146,0.5843078,0.529061,0.639025,0.5340806,0.56403387,0.50797325,0.49827605,0.52510655,0.54274887,0.52902865,0.5945326,0.59128594,0.592731,0.588929,0.552563,0.5531967,0.56211466,0.5604068,0.534272,0.5381695,0.5656769,0.5697156,0.59044206,0.57269967,0.56573284
225,0.611473,0.63411593,0.5757947,0.61028653,0.6132585,0.63875407,0.6267396,0.57648236,0.5965411,0.6487999,0.6457256,0.65904176,0.6355334,0.606373,0.6397047,0.6742852,0.7375564,0.60269,0.7132094,0.7089856,0.63265026,0.6326519,0.6115861,0.59551907,0.6149362,0.6182866,0.61258024,0.6348448,0.69499636,0.6344692,0.57698244,0.5911944,0.5037288,0.6561957,0.57823735,0.63263613,0.5750244,0.6033652,0.5945546,0.5542015,0.5646144,0.5728613,0.55122113,0.5952103,0.5995804,0.746879,0.5859299,0.70882314,0.68032104,0.7604695,0.5774253,0.5567767,0.6020002,0.5584606,0.5528009,0.5626361,0.6059528,0.67034227,0.5461192,0.5401723,0.5264979,0.54045355,0.70948386,0.4801818,0.5064859,0.55634457,0.67472994,0.61038023,0.56071514,0.6586538,0.6122228,0.59064966,0.6247256,0.77991587,0.67266476,0.64827454,0.690044,0.6795535,0.68593895,0.7182211,0.71451175,0.7323101,0.7510527,0.5864316,0.68212605,0.52056247,0.6199192,0.56830245,0.6543933,0.6089162,0.56140786,0.62552285,0.56380844,0.58699894,0.7883633,0.64623356,0.7311375,0.5969924,0.51745176,0.5468984,0.52016646,0.58754855,0.55842763,0.5795329,0.50783736,0.6143753,0.57934225,0.5139988,0.5467167,0.5753331,0.54978067,0.4723137,0.45894,0.5601307,0.6069596,0.6208981,0.7060089,0.56910926,0.57620025,0.57914895,0.60365427,0.622497,0.6102416,0.5798953,0.613391,0.5486824,0.6453757,0.6077402,0.6368196,0.6594527,0.5713445,0.59237134,0.6590842,0.571216,0.5534524,0.60603774,0.7182373,0.72746706,0.6175708,0.62727815,0.64710337,0.61601514,0.69980025,0.77152926,0.7654606,0.7755317,0.49817443,0.5993028,0.70268106,0.6655361,0.6933916,0.62021315,0.58833224,0.6147659,0.6463336,0.62396455,0.69964314,0.7108696,0.6630364,0.61287165,0.6433774,0.66479456,0.5928697,0.550724,0.6247812,0.50761515,0.57880557,0.61219907,0.5613497,0.6838423,0.75218564,0.5798943,0.58199537,0.60891825,0.5824537,0.5626227,0.61188483,0.57501537,0.5384931,0.48722842,0.62057376,0.6246742,0.5686946,0.5975733,0.5964393,0.62924176,0.63455063,0.5880273,0.5736488,0.6115114,0.6905254,0.6193981,0.63924795,0.6486043,0.6819666,0.63649374,0.7480259,0.5863762,0.70510006,0.68954414,0.60029805,0.65812886,0.60182804,0.5907728,0.5767455,0.6295509,0.6477814,0.61101246,0.76630735,0.6515934,0.6324797,0.6155553,0.50942886,0.6809694,0.6029518,0.579236,0.5835973,0.60524786,0.57563376,0.5281849,0.56086683,0.59141374,0.51817286,0.56402206,0.6627921,0.7717858,0.57440466,0.7021096,0.67076695,0.7841477,0.5789575,0.55940074,0.5970342,0.52870315,0.5595388,0.54616684,0.59540415,0.6315115,0.52721334,0.53043956,0.4566819,0.5950983,0.68434376,0.5335611,0.583847,0.6148162,0.6521456,0.6365167,0.54876554,0.66920274,0.5892501,0.649035,0.66911244,0.71866804,0.60520333,0.69703805,0.6994852,0.67337453,0.60003316,0.72301793,0.70680404,0.71133417,0.73068756,0.6054578,0.6882105,0.5370596,0.6694153,0.59510994,0.5220207,0.5886954,0.6218908,0.6463445,0.5707847,0.5898635,0.8055302,0.6629221,0.7515215,0.6806016,0.51620185,0.5461577,0.5338497,0.60964173,0.5689386,0.5799035,0.48691213,0.60826576,0.58646977,0.52853215,0.577353,0.56146437,0.5738374,0.5200971,0.46022928,0.52915543,0.57105416,0.5891324,0.69236577,0.56751657,0.602654,0.56215894,0.6131753,0.5925915,0.59472275,0.5964545,0.58798647,0.5870313,0.6733526,0.56809103,0.60324657,0.616081,0.5404858,0.5359077,0.71737295,0.58927494,0.56816614,0.6932639,0.71691185,0.7104314,0.60156155,0.6426722,0.70016104,0.67735213,0.7611236,0.75165385,0.77951485,0.78335214,0.48516175,0.6161242,0.6790108,0.6700192,0.7130102,0.63048,0.5779832,0.6229689,0.6434263,0.60713184,0.63716847,0.7131954,0.67307013,0.64644885,0.6936459,0.7084689,0.6369191,0.48693115,0.5788801,0.46968848,0.55569375,0.6158372,0.65895575,0.6434172,0.73901576,0.53295344,0.6079664,0.58516794,0.5959786,0.524918,0.63322395,0.5387446,0.5447437,0.48981255,0.48931873,0.5210165,0.54606175,0.52667737,0.58830965,0.586764,0.5985912,0.59519494,0.5554806,0.5557462,0.5689832,0.56899077,0.53431237,0.53700626,0.56147176,0.56738293,0.59747,0.5774068,0.57505065
226,0.6204045,0.65584254,0.60181,0.63008624,0.63412386,0.6581612,0.65187997,0.5878058,0.60855275,0.6646099,0.665977,0.64802504,0.67087924,0.599882,0.6390123,0.706426,0.76668084,0.6171451,0.75075996,0.73958135,0.65611136,0.650679,0.6336514,0.6002025,0.6037518,0.5904553,0.62412095,0.6415436,0.7223975,0.6274755,0.5961996,0.564628,0.5035932,0.64271146,0.5550615,0.6405032,0.5874011,0.6178759,0.5967091,0.5576281,0.5592404,0.57149,0.56064487,0.6011308,0.62184536,0.77726746,0.5900395,0.74234235,0.71072346,0.78258425,0.59331644,0.56757766,0.6158206,0.5637359,0.55546385,0.5711723,0.58909667,0.66883916,0.5448936,0.54285043,0.51080906,0.517681,0.6981531,0.48023278,0.50606054,0.54835427,0.6629307,0.61363006,0.5295897,0.6295478,0.59679365,0.58823645,0.61417705,0.7762824,0.649024,0.6088973,0.6792417,0.68833286,0.6641727,0.7348135,0.70925105,0.7356034,0.7626882,0.59893715,0.6839229,0.5106296,0.5880287,0.54849,0.6459172,0.57820004,0.5478383,0.6309103,0.55909157,0.5564621,0.8060932,0.6630705,0.7424525,0.60205555,0.5312047,0.56211317,0.5238405,0.5964301,0.55973285,0.5911777,0.5012516,0.62640905,0.5888709,0.5189439,0.5445202,0.5761152,0.53858715,0.45084205,0.46560076,0.5741176,0.62411046,0.6369703,0.71910197,0.5719732,0.58192354,0.5792305,0.62794924,0.6331153,0.6107592,0.5898694,0.6229011,0.5735749,0.6786515,0.61227,0.6247799,0.63865364,0.56209815,0.5722886,0.66444176,0.5696574,0.55394787,0.61890316,0.72895193,0.75014865,0.6281826,0.6441953,0.6702862,0.6531518,0.74049014,0.77668166,0.7739611,0.810295,0.49568734,0.60879755,0.69583195,0.6536369,0.7018624,0.6524442,0.6154543,0.64065427,0.67697585,0.64536107,0.72071326,0.746275,0.7003807,0.6506048,0.6143048,0.68092567,0.6128367,0.55744666,0.62917054,0.5053586,0.5806896,0.63055927,0.554933,0.678528,0.74801403,0.5803225,0.5866194,0.62115043,0.58939826,0.56002945,0.5937418,0.58052075,0.52563167,0.46352732,0.6313556,0.6505158,0.59769297,0.61662275,0.6144076,0.64733416,0.6601746,0.59702104,0.5849478,0.63370836,0.7142312,0.6171838,0.67605376,0.65122634,0.6808738,0.66990423,0.77302134,0.59772575,0.74159676,0.7203509,0.61273974,0.67734075,0.6266374,0.59527785,0.58863086,0.6042828,0.6691269,0.6246156,0.78389907,0.6292341,0.6582733,0.58132815,0.49521235,0.6745778,0.5853609,0.582106,0.5972204,0.62045,0.5746872,0.53246397,0.56581324,0.5922367,0.52429813,0.57225734,0.6897665,0.8000764,0.57445276,0.7331605,0.6950325,0.8053806,0.59240097,0.5689324,0.6086658,0.5275821,0.55992436,0.5512472,0.5915831,0.6289395,0.53264654,0.54167134,0.44391343,0.5694251,0.660147,0.526594,0.59184587,0.61592555,0.63271296,0.6319739,0.5161435,0.6504704,0.5509747,0.6331742,0.65645814,0.7010755,0.5771132,0.679117,0.6808017,0.6784198,0.5934258,0.7417806,0.70896494,0.7226625,0.72309834,0.621175,0.66773015,0.5291046,0.66058344,0.58370507,0.5012278,0.5595635,0.602811,0.6467539,0.5650208,0.55841744,0.82157135,0.67956746,0.75530887,0.66480196,0.52542955,0.5554221,0.5287635,0.61153686,0.5720762,0.5895726,0.4846803,0.61849254,0.5939308,0.5328592,0.5749667,0.56517917,0.55274594,0.5034987,0.4663934,0.54421175,0.5857031,0.59561396,0.70356005,0.56404275,0.60316503,0.56184673,0.6348368,0.60267836,0.5876093,0.609455,0.5884229,0.6184732,0.7107214,0.56428903,0.5853844,0.589693,0.5360522,0.52569824,0.7190709,0.5864517,0.5738239,0.7145287,0.7268199,0.7329766,0.6039357,0.6549519,0.7311493,0.71136546,0.79811543,0.7458792,0.78014636,0.81752473,0.48612025,0.6250506,0.6596369,0.6620583,0.70953196,0.6624581,0.6042213,0.64838934,0.6833785,0.6268503,0.6567131,0.7442675,0.7103772,0.6810247,0.68426263,0.7337133,0.6617436,0.48199034,0.57551455,0.46430677,0.56012136,0.62339455,0.65495497,0.6335081,0.71886015,0.528845,0.6162887,0.59812015,0.60249746,0.51591426,0.6165593,0.5442877,0.52018595,0.47331056,0.48365694,0.51679754,0.5472329,0.52407056,0.5765402,0.57618195,0.5966399,0.5938575,0.5569406,0.5551806,0.5698843,0.5714324,0.53366035,0.53521913,0.5544078,0.5614311,0.59850466,0.57696646,0.5789922
227,0.6196645,0.66015774,0.6123019,0.6355102,0.6412693,0.6642366,0.66553336,0.58663213,0.60615426,0.6701485,0.67708427,0.62637603,0.6843104,0.5905704,0.63346094,0.71662617,0.77845454,0.62343657,0.7673815,0.749529,0.6641488,0.6570604,0.63974047,0.6005149,0.58497864,0.55495155,0.62385005,0.6377205,0.73410434,0.61043423,0.60756576,0.53181857,0.5030013,0.62011564,0.5287538,0.6289706,0.58825666,0.6226988,0.581183,0.55178934,0.5447308,0.55798364,0.56450325,0.5990292,0.63354343,0.7932476,0.5860007,0.7586336,0.7280964,0.79225534,0.5958398,0.56774896,0.61569005,0.5604324,0.5488942,0.57651997,0.5637381,0.65813065,0.5399839,0.5405045,0.49807417,0.49481532,0.6768977,0.48239413,0.50605994,0.5394624,0.6385747,0.60683817,0.4962396,0.58954203,0.5713156,0.5794904,0.5978602,0.7614017,0.61638147,0.5631366,0.6563512,0.6904339,0.6304863,0.742018,0.69281286,0.72854304,0.7610409,0.60436314,0.6766633,0.4993152,0.54968274,0.5260309,0.62833273,0.5409529,0.532974,0.6303331,0.55266243,0.52623504,0.81019866,0.67013097,0.74034804,0.59870434,0.5381629,0.5701276,0.52186584,0.594763,0.5576778,0.59358555,0.4918793,0.6305051,0.590296,0.52291125,0.54146034,0.57189256,0.52951765,0.43769044,0.47381568,0.57999724,0.63656765,0.6460884,0.7238298,0.57073325,0.5845435,0.57319134,0.6370854,0.63653225,0.60089386,0.5918693,0.6191806,0.591848,0.702009,0.6059025,0.6007273,0.6076969,0.54776615,0.5420848,0.6593491,0.56489795,0.5537962,0.6269351,0.7277382,0.76069593,0.62744176,0.6492209,0.6784918,0.67566794,0.7644646,0.77116483,0.77006876,0.82786447,0.49304137,0.61445355,0.67709583,0.62805736,0.6974848,0.66508365,0.63085353,0.65691394,0.6972983,0.65063304,0.7274649,0.7611868,0.7181018,0.6772723,0.57712984,0.6841129,0.62611026,0.56086195,0.6250205,0.5063779,0.57899994,0.6366415,0.5497382,0.66593355,0.7315231,0.57355124,0.5869797,0.6237864,0.58696747,0.5514641,0.56757206,0.58185667,0.5126703,0.44571716,0.63149655,0.66176736,0.61125594,0.6233672,0.61999774,0.65264684,0.6742323,0.5937352,0.58342105,0.64616966,0.72716427,0.60592514,0.69226384,0.64608246,0.6732679,0.68368626,0.781824,0.6017705,0.7576494,0.73303837,0.6140184,0.6823783,0.6365537,0.5971654,0.5953672,0.5723961,0.67722416,0.62871873,0.78691775,0.5953666,0.67182404,0.5406442,0.47849387,0.6583778,0.5629202,0.5673862,0.5973513,0.62647563,0.5547064,0.52805305,0.5608556,0.5813999,0.5272162,0.5756232,0.70219934,0.8134743,0.56677693,0.7466125,0.7050466,0.812874,0.59273297,0.56773204,0.6077142,0.5215856,0.5503882,0.55186534,0.58003664,0.62021565,0.53567284,0.5492767,0.43654042,0.54125214,0.630137,0.51915425,0.59266835,0.6118096,0.60434437,0.6155607,0.48218173,0.6211874,0.50627595,0.60771644,0.63513935,0.67569464,0.5459436,0.6527047,0.65036005,0.67818254,0.5811755,0.7511639,0.7032108,0.725254,0.70442486,0.62859625,0.636747,0.51950485,0.64325,0.5670682,0.48138636,0.5270679,0.5786968,0.64146125,0.5562479,0.52630043,0.8247191,0.68598986,0.7468722,0.63671744,0.5298177,0.558261,0.51918954,0.60191596,0.5716509,0.58974797,0.48075393,0.62093073,0.59459037,0.53730214,0.5712132,0.5648941,0.53398424,0.4893261,0.47395194,0.5547766,0.59723556,0.59760904,0.7061256,0.55776113,0.5968188,0.55559605,0.6419292,0.60774356,0.5741385,0.6140338,0.5806466,0.63887554,0.73288316,0.5550239,0.56077737,0.5568119,0.5296552,0.5130552,0.70890224,0.57829255,0.57595634,0.7244038,0.7263386,0.7418222,0.598877,0.65624386,0.7458066,0.7296223,0.8171239,0.73227215,0.7690652,0.8341227,0.48642308,0.6283515,0.63027847,0.6406772,0.69233924,0.67635083,0.62002176,0.6638705,0.7093929,0.6309853,0.6646667,0.75630784,0.7280104,0.7020807,0.6650683,0.74431413,0.6758137,0.48047847,0.566103,0.46516082,0.5607517,0.6208976,0.6481218,0.61529726,0.6865573,0.52490723,0.6180665,0.6051106,0.60029984,0.5042314,0.59330106,0.5489141,0.49804017,0.46346965,0.4827877,0.51428044,0.5458007,0.52140766,0.5636248,0.56368554,0.58903235,0.5863938,0.55688107,0.5518811,0.56451344,0.567279,0.532247,0.5330996,0.5472776,0.5546314,0.594024,0.57229495,0.57721895
228,0.6109054,0.6526363,0.6078697,0.62866545,0.6369979,0.66042584,0.6699622,0.5746225,0.5907307,0.66918504,0.6815146,0.60143024,0.6797885,0.58231956,0.6262097,0.7108773,0.7783116,0.623702,0.768258,0.7464565,0.66264755,0.6551248,0.6340028,0.5943127,0.5648758,0.5198202,0.61401486,0.6256281,0.7321408,0.58770084,0.6100858,0.5006607,0.50363755,0.5944513,0.50649816,0.6014962,0.57699794,0.6183109,0.55033326,0.5372731,0.52265185,0.5341125,0.5645955,0.59139025,0.634302,0.79652315,0.57688826,0.76307136,0.7358769,0.79289657,0.5856688,0.5587928,0.6026723,0.55101585,0.53385735,0.5810923,0.53573376,0.6411596,0.5337404,0.5356996,0.49128577,0.47641972,0.6498988,0.48643288,0.50782865,0.5318285,0.6064792,0.5924749,0.46830884,0.5457573,0.54102546,0.56534165,0.5801756,0.73897606,0.5828271,0.52093714,0.62481785,0.68801695,0.5935471,0.74138105,0.67064387,0.71354437,0.7476539,0.6042038,0.66397184,0.4912228,0.5130527,0.50496143,0.60603464,0.50463414,0.5207489,0.6241313,0.5454818,0.5029557,0.80417365,0.6682811,0.7271461,0.58758295,0.5371673,0.5705912,0.51249933,0.5817242,0.55042315,0.5847625,0.47855812,0.6270873,0.58318883,0.5274258,0.53983194,0.5650545,0.5254854,0.43544176,0.48178592,0.57842433,0.6440314,0.64952326,0.7238778,0.5671294,0.5834,0.5631219,0.6313324,0.6327241,0.5857569,0.5830593,0.60533774,0.601614,0.7128916,0.593327,0.5725401,0.5739154,0.53191805,0.50899786,0.6447724,0.55826527,0.55244523,0.6295341,0.7170511,0.76158863,0.61904866,0.6451133,0.67351466,0.68298346,0.7720922,0.7580557,0.7553616,0.83147085,0.49010548,0.61634094,0.6506497,0.5955503,0.6818887,0.6602232,0.6337031,0.66390926,0.70546615,0.64587605,0.72564334,0.7621788,0.7200457,0.6910917,0.5416278,0.67637366,0.632321,0.5607812,0.6150273,0.5092207,0.57366776,0.63047826,0.5481303,0.6504728,0.7046549,0.56231654,0.5805583,0.6146754,0.5753265,0.540602,0.54014724,0.5793686,0.50314575,0.43774596,0.62303627,0.663108,0.6088889,0.6196513,0.6160193,0.64916414,0.67854416,0.58011293,0.5686763,0.65149343,0.7331356,0.59242046,0.6917534,0.637651,0.664178,0.68206173,0.780988,0.60185546,0.7586789,0.7340059,0.6102227,0.679155,0.6353481,0.59395134,0.5993787,0.54303724,0.67456526,0.62726015,0.7795375,0.5592584,0.673864,0.50400096,0.4636939,0.63740325,0.5424975,0.537347,0.58407295,0.62426025,0.517966,0.51428,0.5463784,0.5605009,0.5282356,0.5766701,0.701615,0.8160015,0.55420786,0.7480261,0.70489764,0.8116213,0.5807711,0.5569382,0.59498596,0.5113309,0.5322125,0.5513327,0.56422603,0.6083545,0.5366425,0.5541091,0.436483,0.5184973,0.6033185,0.5158241,0.5887807,0.6050578,0.5749602,0.59374696,0.45588726,0.58860856,0.46749172,0.5795588,0.61338294,0.6509807,0.5217247,0.6248746,0.6157253,0.6773696,0.56974286,0.75543594,0.69407624,0.7225389,0.68130636,0.6312328,0.60506487,0.5142792,0.6232922,0.54990846,0.4689548,0.4991105,0.55808866,0.6331413,0.546741,0.501841,0.8197515,0.6851188,0.7312894,0.6043435,0.528512,0.55515337,0.50354385,0.58091193,0.5652523,0.5785422,0.47220683,0.617655,0.5877856,0.54460603,0.56999946,0.56165826,0.5240883,0.48203054,0.4814757,0.5602565,0.60548455,0.59794986,0.70483285,0.5502111,0.58579564,0.54543537,0.63580716,0.6079837,0.5607804,0.6072804,0.5676734,0.6472364,0.740407,0.5451874,0.53851384,0.5269718,0.5234737,0.5012512,0.69142735,0.56770265,0.5751432,0.72640485,0.7199488,0.7423224,0.5915694,0.65180624,0.747819,0.733754,0.8219702,0.7173153,0.75118667,0.83804923,0.4864872,0.62825346,0.6002229,0.6133818,0.66706073,0.6742865,0.62516445,0.6709896,0.72019726,0.62510407,0.665726,0.7561594,0.72970825,0.7109385,0.6439897,0.7424892,0.6807554,0.48108402,0.55374175,0.4704829,0.55853003,0.6094449,0.6434739,0.5957895,0.6504266,0.521999,0.6108683,0.60219777,0.5895154,0.49356586,0.570144,0.5517159,0.4850489,0.46283293,0.48623118,0.51431525,0.5419591,0.51860154,0.5535598,0.55330294,0.5795275,0.575848,0.55551195,0.54695296,0.554792,0.55834657,0.5302191,0.5310126,0.54245305,0.54964334,0.58568525,0.56522226,0.5710629
229,0.5972772,0.6417382,0.5937658,0.6144331,0.6260347,0.6519839,0.6692166,0.5570839,0.56794745,0.6669288,0.6834457,0.5809607,0.6654615,0.5779743,0.6198261,0.6981128,0.7735221,0.62171143,0.760877,0.7396439,0.6595224,0.6499495,0.6236074,0.582628,0.5495884,0.49226287,0.600004,0.6103445,0.7207865,0.56531346,0.6051051,0.47853687,0.5067664,0.57265085,0.49395874,0.5669668,0.557706,0.60822767,0.5122141,0.5182259,0.49743202,0.5056816,0.5639843,0.58218354,0.6272446,0.79029524,0.5677197,0.7628013,0.7394976,0.7889367,0.567791,0.54564047,0.58196354,0.54041284,0.5142036,0.587787,0.51184154,0.6226404,0.52937305,0.53172463,0.4917577,0.46559995,0.6227962,0.49210513,0.51216686,0.52735436,0.5740895,0.5751258,0.45158634,0.5067079,0.5124941,0.54869026,0.5655263,0.71409047,0.556216,0.49045804,0.5907732,0.683918,0.5622099,0.7354111,0.6493205,0.69454896,0.72625417,0.6014602,0.6497462,0.4895691,0.48517472,0.488867,0.58434904,0.47586516,0.5138543,0.6143069,0.53861374,0.49055234,0.792493,0.66067445,0.7072578,0.5712385,0.5303096,0.5660764,0.49752524,0.5607469,0.53896093,0.56735337,0.46250477,0.61922795,0.57056826,0.5337784,0.5417998,0.5586991,0.52779675,0.44405785,0.48879126,0.57273895,0.64793044,0.65055126,0.7235654,0.5634509,0.57913834,0.5525235,0.61532736,0.62363535,0.5716331,0.5655035,0.5874174,0.603869,0.7123744,0.5807747,0.5487583,0.545344,0.51853275,0.48156908,0.62446445,0.55158365,0.5496387,0.6277001,0.7012579,0.7569155,0.6091851,0.63740474,0.6607713,0.67869186,0.7669571,0.74152905,0.73312366,0.8256446,0.48804596,0.6159303,0.6227094,0.56512755,0.65937924,0.64467126,0.6274767,0.6645219,0.70244545,0.6393606,0.7223585,0.7578964,0.7134552,0.69426876,0.5168369,0.66244495,0.6336268,0.55830395,0.60334945,0.51233315,0.56647176,0.61605936,0.55142814,0.6364223,0.6715872,0.55055743,0.56826174,0.5963978,0.55822796,0.53166705,0.518481,0.57528436,0.4992192,0.44081476,0.6097267,0.66167,0.5953157,0.6096992,0.607427,0.6426946,0.677106,0.5615006,0.54508495,0.6547136,0.7370852,0.5836502,0.68198735,0.6305984,0.6579517,0.6728399,0.77850616,0.60241616,0.75263774,0.73133194,0.6090582,0.6753433,0.6302669,0.5859238,0.6042859,0.52366906,0.66648,0.6255776,0.7672318,0.5310753,0.6676014,0.48016164,0.45482516,0.61791396,0.5301517,0.5001812,0.5624351,0.6172985,0.47344893,0.49440783,0.52660465,0.53497565,0.52941984,0.5786078,0.69268775,0.8125638,0.54161465,0.7450682,0.70143247,0.8074937,0.5616991,0.5415734,0.5752075,0.4995866,0.5098582,0.553559,0.5491073,0.5972025,0.5371392,0.5582005,0.444139,0.5068246,0.58707535,0.51948816,0.58416456,0.5989904,0.55306935,0.57469386,0.44352958,0.5614801,0.44434932,0.5563689,0.59925634,0.6347,0.5110831,0.6033965,0.5855501,0.6799688,0.56476086,0.75913835,0.6865045,0.71869355,0.6612577,0.6334486,0.5819398,0.51768804,0.607104,0.5372142,0.46769348,0.48165458,0.54783607,0.62499845,0.5388695,0.4903927,0.8121713,0.68150616,0.7147737,0.57693505,0.5232489,0.5487864,0.48333445,0.55289215,0.5535289,0.5587033,0.45912275,0.61257327,0.5760343,0.5564086,0.57437557,0.5575684,0.5263183,0.48406553,0.48866227,0.5624641,0.6115674,0.60029984,0.7050297,0.5429456,0.5735676,0.53485304,0.6216872,0.60514605,0.5534033,0.59088326,0.5541986,0.6461152,0.7372667,0.5394624,0.5258898,0.50846124,0.5195815,0.4936451,0.6728895,0.558034,0.572827,0.7253614,0.713067,0.74126416,0.5874495,0.64804727,0.7433223,0.7283955,0.8177931,0.7070842,0.7326474,0.8350853,0.48805934,0.6281106,0.5787347,0.58982605,0.64159673,0.662925,0.6229563,0.6735619,0.7181549,0.6177072,0.6663603,0.7525347,0.722676,0.7118723,0.62908584,0.7327127,0.6807412,0.48261583,0.54273236,0.47725523,0.55607617,0.5932442,0.6449496,0.58170456,0.6200153,0.52046347,0.59625477,0.5898831,0.5737695,0.48731515,0.55317414,0.5528178,0.48434278,0.47120446,0.49230805,0.51676166,0.53655416,0.5156213,0.5485562,0.5475177,0.5719407,0.56571543,0.55351555,0.5419638,0.54401773,0.5479437,0.5278623,0.5293361,0.5412245,0.54805315,0.57606506,0.5580455,0.5631486
230,0.58328456,0.6358525,0.5780825,0.5994049,0.61435443,0.6444773,0.66784686,0.54136103,0.5464338,0.66812015,0.6866874,0.5709732,0.65139,0.5786092,0.61599404,0.68806076,0.77083796,0.62105125,0.75315714,0.7374745,0.66158205,0.64655113,0.6162829,0.56945896,0.54348636,0.47727934,0.58806944,0.5975882,0.70527184,0.54863465,0.595058,0.46999657,0.51202714,0.55963284,0.49341968,0.5372555,0.5378579,0.5975101,0.47831416,0.5013908,0.47577488,0.48082823,0.566172,0.5756879,0.61735195,0.77840084,0.56345505,0.7641936,0.743728,0.78424686,0.549945,0.5347313,0.561672,0.53417915,0.4962413,0.5984721,0.49782982,0.6074569,0.5298168,0.5320072,0.4985303,0.4634593,0.60134476,0.49870872,0.5184699,0.5264959,0.5490131,0.55965596,0.44861946,0.4797021,0.49162194,0.532854,0.5574191,0.6921415,0.5420022,0.4759211,0.5613367,0.6803359,0.5431392,0.7268455,0.63489455,0.67602676,0.7020456,0.5992354,0.63758016,0.49578953,0.470569,0.4799741,0.5682222,0.459033,0.513143,0.6033364,0.53308827,0.48973247,0.77990896,0.65155125,0.68615973,0.5537145,0.5222238,0.5608086,0.48192477,0.53884065,0.526796,0.5478396,0.44735587,0.6111503,0.5573002,0.54287124,0.5487766,0.5553376,0.5362994,0.46115315,0.49535817,0.5675209,0.65002966,0.65208125,0.72570974,0.561446,0.57325894,0.54498297,0.59650695,0.61227554,0.56379455,0.54519,0.57217056,0.60116273,0.7037496,0.5737399,0.5360603,0.52810407,0.5109684,0.46628505,0.6035356,0.54653585,0.5455286,0.62292045,0.6850179,0.75077176,0.6038973,0.6317427,0.6472013,0.6687346,0.754172,0.72580624,0.7080239,0.81523716,0.4884951,0.61489964,0.5997648,0.5448407,0.6355445,0.6281105,0.61817104,0.6628391,0.6908684,0.63838416,0.72324294,0.75636804,0.7066321,0.6911957,0.507894,0.64780074,0.6334163,0.554891,0.5935969,0.5144738,0.56022483,0.6001629,0.55966145,0.6268843,0.6383895,0.5424901,0.55413073,0.5754003,0.5414076,0.52779996,0.50714064,0.5722437,0.5017537,0.4537708,0.5966406,0.6638965,0.5786554,0.59908664,0.5998677,0.63895476,0.6747158,0.5451189,0.5207913,0.6606239,0.74285597,0.58435655,0.6717919,0.62825894,0.657013,0.66493696,0.78084624,0.6070459,0.74783504,0.7320806,0.6161197,0.67745703,0.62881136,0.57621306,0.61300534,0.5184812,0.65908724,0.6281329,0.755542,0.51759773,0.65708375,0.4731559,0.45360893,0.6047278,0.5287981,0.46742535,0.54088485,0.610165,0.43400395,0.4748534,0.50864375,0.51248753,0.533128,0.58408976,0.68146,0.80778337,0.5340473,0.74489427,0.7013701,0.8053972,0.5433179,0.52853477,0.55593264,0.49033374,0.49019513,0.56124145,0.53974456,0.59008193,0.539275,0.56419104,0.45781583,0.5081603,0.58468103,0.5301,0.5815848,0.59577733,0.5443212,0.56460714,0.447126,0.54650855,0.44102976,0.54358673,0.5976241,0.6308955,0.5159137,0.59351176,0.56641716,0.68741274,0.56928915,0.76517993,0.6838561,0.71667796,0.64990515,0.6383945,0.57270014,0.5310193,0.5993877,0.53197944,0.47823057,0.47744977,0.5506905,0.6191713,0.53436774,0.49297357,0.80670434,0.6794382,0.70258373,0.5614672,0.5176511,0.5431669,0.46323687,0.5257684,0.5403151,0.5368151,0.44481114,0.6096874,0.563544,0.5727776,0.5853549,0.5545901,0.5401688,0.4950571,0.49630624,0.5644758,0.6170441,0.6068097,0.70992184,0.5370632,0.5638691,0.5275359,0.6068446,0.60140693,0.5550823,0.5705595,0.54465,0.6397371,0.7290056,0.5406542,0.5264694,0.505642,0.5192336,0.49226227,0.65887666,0.5518427,0.57052594,0.72530884,0.7097661,0.74406385,0.5900006,0.6497284,0.7387761,0.7194797,0.809768,0.7046142,0.7188115,0.8306976,0.49297532,0.6305905,0.5713898,0.5776613,0.6231238,0.6510334,0.61847067,0.6759491,0.70733,0.61661214,0.6716809,0.75316685,0.7151705,0.71013296,0.62538755,0.7203216,0.68056077,0.48399082,0.5361124,0.48240772,0.5562482,0.5784846,0.6538708,0.57727534,0.6023925,0.5201629,0.5793192,0.5727417,0.5585392,0.48715237,0.54560655,0.5528859,0.49545407,0.48606944,0.49880174,0.5208213,0.5308078,0.51264966,0.5489145,0.54705006,0.5689015,0.55892485,0.551812,0.5384522,0.53557944,0.53963435,0.5255628,0.5283731,0.54384613,0.5502588,0.56803054,0.5530396,0.55654734
231,0.5741328,0.6408796,0.56933343,0.5906361,0.60817415,0.6426189,0.66976345,0.53428775,0.53496474,0.67516553,0.6931972,0.57393974,0.647092,0.58312553,0.61494315,0.68872464,0.77412677,0.6240046,0.7515261,0.7449635,0.6722182,0.6486441,0.6182879,0.55990344,0.5483496,0.47655657,0.5830215,0.59191275,0.69085616,0.54035085,0.5826603,0.4757752,0.51728225,0.556598,0.50312364,0.5228903,0.5258962,0.5914204,0.45952445,0.49380878,0.46469277,0.4677427,0.57383335,0.57539207,0.61012584,0.7650746,0.56745994,0.7707469,0.7507046,0.7811102,0.5401834,0.531976,0.5501878,0.53656596,0.48688218,0.612997,0.49724627,0.59916174,0.5367681,0.5392522,0.5083796,0.4690282,0.58960974,0.5050838,0.5249997,0.5287342,0.53649026,0.5499625,0.4584999,0.46882483,0.4824965,0.5207659,0.5573921,0.67725796,0.5418747,0.4772271,0.54256463,0.67840385,0.5395754,0.7181366,0.63109154,0.66206694,0.68093187,0.60029733,0.6304355,0.5095234,0.47057366,0.47872996,0.5609533,0.45575473,0.51800704,0.59371287,0.5296892,0.4982252,0.77052706,0.6451059,0.668989,0.5396381,0.5186361,0.55936074,0.4721851,0.52419883,0.51858824,0.53413975,0.4383328,0.60691774,0.5485368,0.5551648,0.56105465,0.556435,0.54923177,0.4821798,0.5030484,0.5675824,0.6518554,0.65565056,0.73059994,0.56194,0.56730306,0.543026,0.5831319,0.60201573,0.5652693,0.52968925,0.5654009,0.5963534,0.6913687,0.57551795,0.53772384,0.5246952,0.5110811,0.46583596,0.5869108,0.5442562,0.54073906,0.6168162,0.67245203,0.74616545,0.6072317,0.63220316,0.6391896,0.6596907,0.73962134,0.7138811,0.6852394,0.8047762,0.49317732,0.6147786,0.5865303,0.5390183,0.61558694,0.62050205,0.6122866,0.6627333,0.6744449,0.6471824,0.7307476,0.7624455,0.7067506,0.6867348,0.514497,0.63706404,0.63464326,0.5518145,0.58805716,0.51474977,0.5579206,0.5901198,0.5713961,0.6230145,0.6118431,0.5415216,0.54362833,0.5598073,0.5308894,0.530228,0.5071848,0.5723115,0.5102977,0.4734137,0.5892671,0.6735617,0.5679985,0.59366083,0.5984951,0.6420755,0.67568123,0.5376385,0.5048965,0.6715041,0.7517298,0.59561294,0.66925335,0.6314499,0.6609382,0.6658432,0.79014826,0.6172434,0.7505059,0.7400783,0.63282204,0.68847555,0.6361859,0.56907064,0.6265628,0.5277922,0.65715605,0.6370949,0.7483586,0.5198829,0.6460591,0.4818827,0.45888415,0.59951895,0.5370582,0.4495653,0.528552,0.6072288,0.41163877,0.46297926,0.500015,0.50074583,0.5412425,0.594508,0.67378044,0.80484045,0.53527397,0.7516797,0.7085545,0.80745655,0.53346026,0.52419376,0.54494226,0.4874283,0.48042166,0.57477516,0.5400182,0.58871746,0.544684,0.5742997,0.47387484,0.5206728,0.59453213,0.5449182,0.58160937,0.59625643,0.54958177,0.56571555,0.4642885,0.54612964,0.45620975,0.5430494,0.6084778,0.638765,0.5337811,0.5960603,0.5612674,0.6983125,0.58313173,0.773756,0.68673277,0.71761864,0.6491381,0.64737636,0.57785183,0.5525457,0.6019453,0.53421086,0.49795148,0.48565388,0.56501687,0.61660016,0.5339394,0.5065306,0.8056589,0.68146574,0.697238,0.5605548,0.5159891,0.5424658,0.44957903,0.5084803,0.53114796,0.5209048,0.43459606,0.6117113,0.5547366,0.5923187,0.60161406,0.5540502,0.5616029,0.5118794,0.5057995,0.569673,0.6234168,0.61722434,0.71921444,0.53310573,0.55957544,0.5261822,0.5985455,0.59847486,0.56560075,0.5540667,0.5421679,0.6324744,0.7212201,0.5492216,0.53988576,0.517965,0.5224888,0.4969227,0.6525335,0.5503887,0.56935054,0.72833973,0.7115646,0.75271285,0.60007846,0.6587091,0.7390831,0.71269673,0.80233324,0.70869774,0.71212554,0.828734,0.50246716,0.63686734,0.5785373,0.57951945,0.6153889,0.64684826,0.61677665,0.68140143,0.6924963,0.62649935,0.68370867,0.7620355,0.7142193,0.71020347,0.6329252,0.710087,0.68373895,0.48422503,0.53459436,0.48374134,0.5610269,0.57126236,0.66837543,0.5831983,0.6000545,0.5207528,0.56656396,0.55755746,0.5493254,0.49250898,0.5472372,0.5529256,0.5149468,0.5033026,0.5034732,0.5254185,0.5261899,0.51018244,0.55357766,0.5511935,0.5713234,0.55728614,0.5511195,0.53741586,0.5320534,0.53621966,0.523827,0.5281774,0.54977447,0.555809,0.5640589,0.5519846,0.5538229
232,0.57418674,0.65862656,0.57382584,0.5936643,0.6123398,0.64911604,0.67697895,0.5400192,0.53955936,0.6873607,0.7028532,0.5880124,0.65847373,0.5884859,0.6148576,0.703495,0.7833145,0.6312707,0.7589729,0.76222825,0.6906051,0.65782905,0.63278604,0.5582698,0.5629454,0.48787734,0.5867974,0.5957192,0.681391,0.5398482,0.5707268,0.49286178,0.51967984,0.5613984,0.51793545,0.5298177,0.52882856,0.5942508,0.4631456,0.5005652,0.46935913,0.47272164,0.5875827,0.5830235,0.6103057,0.7542399,0.5806809,0.78223747,0.75962406,0.7799233,0.5443684,0.5411784,0.5533642,0.5492238,0.49142507,0.62916076,0.5109237,0.5992511,0.55027366,0.55432814,0.51694584,0.4795961,0.5886083,0.510178,0.53004956,0.5341456,0.5381278,0.5483398,0.47741318,0.474378,0.48682714,0.5151017,0.5642241,0.67107517,0.5534381,0.4904836,0.53795654,0.6784271,0.55071676,0.7111755,0.63807875,0.6557902,0.66827494,0.6066857,0.629638,0.52832365,0.48304674,0.484027,0.56317455,0.4645171,0.5268007,0.58807963,0.5287973,0.5114789,0.76662314,0.64444196,0.6590296,0.53268635,0.5246319,0.5654403,0.47427568,0.5234395,0.5188066,0.53292435,0.44090205,0.6096947,0.5487102,0.57025987,0.57759106,0.56248826,0.5629993,0.50125843,0.51387894,0.5770102,0.65481734,0.6617664,0.7363751,0.56504756,0.56240064,0.54760265,0.58199936,0.5961759,0.5764707,0.52578676,0.5706953,0.59205467,0.68000835,0.58662325,0.5528538,0.53357136,0.5187587,0.47930926,0.5783912,0.5452123,0.5364227,0.61156434,0.6669132,0.7446187,0.6203933,0.6406791,0.64092976,0.65698564,0.72895724,0.7066033,0.66902035,0.7975863,0.5037719,0.6171519,0.5844744,0.5472782,0.60296977,0.6285641,0.6150205,0.66673034,0.657614,0.6659618,0.74394846,0.7764755,0.7175808,0.6849423,0.53111887,0.63302565,0.6388943,0.5501086,0.5878736,0.51271486,0.5622187,0.5913309,0.5838819,0.62379223,0.5975296,0.5490984,0.54180646,0.55681926,0.5315638,0.5383537,0.51650006,0.57680047,0.5228259,0.49500442,0.59183455,0.6910818,0.57064205,0.59793705,0.6066876,0.653581,0.68249524,0.54308987,0.50448394,0.6865893,0.76236576,0.61448854,0.67919916,0.6381469,0.6662777,0.6791169,0.8038684,0.63208675,0.7626938,0.75494945,0.6566382,0.7070693,0.6540479,0.56823224,0.643907,0.5477879,0.6624627,0.65180904,0.74629223,0.5335809,0.63731986,0.50113875,0.46759158,0.6010698,0.5498419,0.45323253,0.5325722,0.6115427,0.41457546,0.46486095,0.5061252,0.5056884,0.5542256,0.6095497,0.6737864,0.8045143,0.54694957,0.76538575,0.7228296,0.81251293,0.5376396,0.5326453,0.547576,0.49352893,0.48581183,0.59215075,0.55165476,0.59291685,0.55394644,0.5892197,0.48795885,0.53944635,0.6108581,0.5596023,0.58360916,0.60118675,0.56516016,0.57632893,0.48898795,0.5586517,0.4838825,0.55329245,0.6270614,0.65343046,0.5586829,0.6079024,0.5693416,0.70941514,0.60283756,0.7826425,0.69323283,0.7213142,0.6566497,0.6597971,0.59333783,0.5778421,0.61359936,0.5416798,0.5210654,0.5018786,0.5856305,0.61783564,0.53723246,0.5252408,0.8081702,0.6877444,0.6978614,0.57210356,0.52196777,0.549743,0.4484566,0.5081963,0.53144413,0.51790965,0.4341374,0.61958313,0.553456,0.6122448,0.61989886,0.5568096,0.58385146,0.52967286,0.5185023,0.58099425,0.6319042,0.62958837,0.7297069,0.5311549,0.56197023,0.5319002,0.601987,0.59739715,0.58205515,0.54868835,0.5482651,0.62791294,0.71821094,0.5635157,0.56206,0.5403183,0.5283848,0.5055432,0.65412277,0.55368567,0.56992805,0.7345207,0.7175121,0.76558036,0.6160647,0.6739355,0.746187,0.7119446,0.79825044,0.7146412,0.71122813,0.830337,0.51698846,0.64675725,0.5956341,0.59274775,0.61781096,0.65544194,0.621574,0.6909678,0.6785826,0.6479717,0.70134336,0.7781847,0.72354037,0.71458507,0.6467983,0.7048492,0.6915103,0.48290285,0.5372684,0.48040098,0.5713095,0.5756203,0.6840617,0.59650356,0.61076653,0.52188057,0.563748,0.55129343,0.5503263,0.5011566,0.5551665,0.5542848,0.53692454,0.518288,0.50472647,0.5295477,0.5242818,0.5090085,0.5606176,0.55808306,0.5783449,0.5611946,0.5517005,0.5390671,0.53480715,0.5392333,0.5231923,0.5284559,0.5578894,0.56371045,0.56559986,0.55568683,0.5563422
233,0.58492696,0.6859483,0.5933509,0.60995585,0.62803507,0.66343904,0.68850726,0.5587826,0.5614505,0.7015475,0.7138763,0.60768217,0.68500894,0.59085745,0.61227024,0.72924274,0.79489833,0.64175826,0.7738955,0.784589,0.71243393,0.6729024,0.6583572,0.567046,0.58321947,0.5059313,0.5980805,0.6085751,0.6776301,0.54403454,0.56170696,0.5153845,0.517089,0.5699521,0.5313847,0.55797774,0.5502563,0.6076723,0.49150464,0.52313733,0.4917236,0.49841827,0.60560447,0.597804,0.62012285,0.74769455,0.6010198,0.7953484,0.7676013,0.7790535,0.56390995,0.56252253,0.57246214,0.5704206,0.5117649,0.64332217,0.53647006,0.6066632,0.5688293,0.57572854,0.52054274,0.49164644,0.59614563,0.5133606,0.5325825,0.5437017,0.5518872,0.55484235,0.49983102,0.49336952,0.50339234,0.51786274,0.5742492,0.67231333,0.57111275,0.50944597,0.54760677,0.67978406,0.571573,0.7065806,0.65228415,0.65823066,0.66676086,0.61866105,0.63373095,0.5479602,0.5028603,0.49374145,0.57255685,0.48080194,0.5370318,0.5885512,0.5303172,0.524119,0.7673913,0.65031755,0.65670985,0.53424454,0.5430679,0.58043236,0.49168822,0.53956157,0.5305771,0.5475905,0.4591333,0.62077516,0.5604609,0.5866184,0.59610087,0.5727837,0.573124,0.5132719,0.529527,0.5976317,0.6595942,0.6698025,0.73974127,0.57028633,0.5592017,0.5579325,0.5959488,0.5970265,0.5950102,0.5376429,0.5879862,0.59022814,0.6735886,0.60446906,0.5763511,0.54987967,0.53202724,0.5030206,0.5798513,0.5492035,0.5339977,0.6095016,0.669771,0.7456355,0.64121866,0.65626043,0.6530021,0.6629491,0.72549355,0.7023883,0.6610314,0.79460174,0.52110666,0.62318677,0.59153825,0.56508046,0.59856653,0.652709,0.6285875,0.6751698,0.64426166,0.69071037,0.7589765,0.7946849,0.73773223,0.68791735,0.5492545,0.63583314,0.6460534,0.55037344,0.59280187,0.508617,0.57465136,0.605221,0.59394807,0.6265301,0.5976838,0.56400037,0.55197376,0.57038325,0.54569876,0.5500261,0.5308289,0.58611214,0.5361565,0.51373035,0.6052644,0.71355444,0.5893492,0.61302406,0.6245748,0.671796,0.69474965,0.56157637,0.5225624,0.70302874,0.771545,0.63483495,0.7009744,0.6442862,0.667657,0.7027149,0.81677586,0.6485002,0.7815745,0.7727342,0.682729,0.7286562,0.68009335,0.5761865,0.66239274,0.5711943,0.6730541,0.66888034,0.7462196,0.5511199,0.63197213,0.52345353,0.4763336,0.6063865,0.5605101,0.48033863,0.5559194,0.6236303,0.4463725,0.48351717,0.5286394,0.529727,0.57070225,0.62700677,0.6823444,0.80487114,0.5677082,0.7821791,0.74054617,0.81693745,0.55708456,0.5542576,0.5649916,0.5089632,0.5080694,0.60958695,0.57334316,0.60072076,0.5667553,0.6077777,0.49669456,0.55798423,0.6258171,0.56956476,0.5866172,0.6111962,0.58463365,0.5918182,0.5134305,0.57946706,0.5147175,0.57026076,0.6455404,0.66779864,0.5824006,0.6235331,0.58655006,0.71668446,0.62236106,0.7880425,0.69970095,0.7261778,0.6667532,0.6730421,0.61145806,0.60085994,0.6305975,0.55110633,0.5402559,0.5193375,0.6054495,0.6227926,0.54298455,0.542434,0.8105438,0.69604397,0.7006514,0.5901621,0.537653,0.5655606,0.46390015,0.52820593,0.54492867,0.5318339,0.4478599,0.6323347,0.56214464,0.62876576,0.6360195,0.5631241,0.5995624,0.5436499,0.5352414,0.59991735,0.64265895,0.6409833,0.73669606,0.53083926,0.5703939,0.5439992,0.6182654,0.5984782,0.59972626,0.5589182,0.5622241,0.6280818,0.7215334,0.58004963,0.585879,0.56470543,0.53544545,0.5154156,0.6612261,0.5605362,0.57227224,0.74193645,0.72453773,0.7785555,0.6340158,0.69160706,0.7582565,0.71783996,0.79752016,0.71619904,0.7115758,0.83368444,0.53575504,0.65884995,0.6149577,0.6110864,0.62619966,0.6766835,0.6339648,0.7031937,0.66942656,0.6773959,0.7209765,0.7967147,0.7421277,0.723109,0.65912473,0.70438033,0.7026198,0.48064673,0.5425,0.47299403,0.58684146,0.5921194,0.6953963,0.6114136,0.62836665,0.523181,0.5744265,0.55927396,0.5632611,0.5102939,0.5650207,0.55820924,0.5545188,0.52751994,0.5023751,0.5325218,0.5262039,0.50986344,0.56752336,0.56497824,0.58753663,0.56945086,0.5533656,0.5428609,0.5436687,0.5486304,0.5239787,0.52871734,0.566654,0.57242316,0.5723652,0.5634061,0.56390387
234,0.6038874,0.7153817,0.6238641,0.6355091,0.6514665,0.68144786,0.70033586,0.58653563,0.5960923,0.713381,0.7232132,0.62577075,0.7191498,0.5872512,0.60360533,0.7573646,0.8034129,0.65241605,0.79060346,0.8045352,0.7316574,0.6897399,0.6886807,0.58612305,0.6034297,0.52438045,0.6129084,0.62691396,0.6769027,0.548791,0.5567476,0.53667015,0.5088838,0.5776348,0.5380869,0.6008629,0.5884039,0.6294318,0.54061246,0.5582754,0.52942383,0.5419591,0.6241894,0.6164254,0.63796467,0.74391466,0.62338936,0.8051253,0.7707539,0.775127,0.59450954,0.59158474,0.6031753,0.59510905,0.5452686,0.6513325,0.5681402,0.6178629,0.5896967,0.5998625,0.5177213,0.50226355,0.60784787,0.51452225,0.5320933,0.55753404,0.572667,0.56689405,0.52004564,0.52017367,0.52776456,0.52911955,0.58278394,0.6771708,0.5878266,0.5275298,0.5677478,0.6806522,0.59395456,0.7030045,0.66734916,0.6671672,0.6746305,0.63394195,0.6387688,0.56387687,0.52328867,0.5050973,0.5845645,0.4982854,0.5458195,0.5953305,0.5336638,0.5317328,0.76877755,0.6604114,0.659624,0.54324263,0.57282937,0.6019919,0.52353287,0.57057303,0.554306,0.57676876,0.49357632,0.6383791,0.5830787,0.6017937,0.61345357,0.58496857,0.57614577,0.51609796,0.55011564,0.6270636,0.6649541,0.6773223,0.7366628,0.57640654,0.55785495,0.57159615,0.6220574,0.6044052,0.6157024,0.5651935,0.6126575,0.5915321,0.673344,0.6235604,0.6001437,0.56701773,0.54749525,0.53101814,0.5903947,0.5553353,0.5345193,0.61165744,0.6788797,0.74634874,0.6642708,0.6749021,0.67165303,0.6756197,0.72839665,0.69781876,0.659537,0.79371303,0.54367936,0.63259,0.60313743,0.5850757,0.6004482,0.68623435,0.65088475,0.68572617,0.6360538,0.7142898,0.77002466,0.81080383,0.76082885,0.6948513,0.5607197,0.6428556,0.65417004,0.5525162,0.60080457,0.503666,0.5944244,0.6281886,0.5990636,0.6276685,0.61012596,0.58240867,0.5743835,0.5993309,0.5714499,0.56163853,0.54517955,0.5992779,0.547215,0.5265756,0.6262691,0.73544836,0.62052584,0.6355115,0.64836395,0.69205534,0.70891446,0.58892083,0.556758,0.71698415,0.775062,0.6493117,0.7281698,0.6453735,0.6597928,0.72948164,0.82317,0.6619104,0.8006962,0.787552,0.7055382,0.7473644,0.70844644,0.59341055,0.6785042,0.58961654,0.68407875,0.6832025,0.74269557,0.5645909,0.62890655,0.5416861,0.48227954,0.61180866,0.5634756,0.5271454,0.5955919,0.6408597,0.50419253,0.517421,0.56452274,0.5698406,0.5876857,0.64318,0.696404,0.8020342,0.59268445,0.79602545,0.75598335,0.8159126,0.58762723,0.5847352,0.59348327,0.5309271,0.5442462,0.62243116,0.60055196,0.60910577,0.5820303,0.627244,0.49905264,0.570531,0.632375,0.57151604,0.5891776,0.6248389,0.60135823,0.6060203,0.5307108,0.6022422,0.5388201,0.5882513,0.6557284,0.67481446,0.5967584,0.6367752,0.6062495,0.716045,0.63477707,0.78543,0.7015435,0.7289507,0.6724198,0.68297935,0.62337166,0.6159656,0.6475446,0.55884314,0.55002004,0.53139186,0.61783,0.6296118,0.54927045,0.5525193,0.8074665,0.702381,0.7003415,0.6070314,0.56213886,0.5869082,0.49587452,0.5661155,0.5719641,0.5621753,0.47718734,0.64698476,0.58058184,0.63803244,0.6460276,0.57205236,0.6035268,0.5508441,0.55547094,0.62485737,0.6536174,0.64770716,0.73515916,0.53145885,0.5822941,0.5600373,0.64319026,0.6009468,0.6131999,0.5846882,0.5806095,0.6327397,0.72898966,0.5940139,0.603205,0.5830195,0.5420351,0.52433705,0.6693662,0.56858563,0.5755466,0.7469109,0.7280482,0.78641725,0.6483135,0.7058888,0.77017987,0.7271601,0.7971565,0.7076585,0.70723915,0.8347466,0.5558924,0.6704253,0.62848437,0.627012,0.6344487,0.7047993,0.65153456,0.71440667,0.6660778,0.70767504,0.7371908,0.8110113,0.76429176,0.73278856,0.66187954,0.70545775,0.713588,0.4790653,0.54838175,0.46363872,0.6057421,0.61708844,0.69719476,0.6215798,0.644696,0.52421016,0.59860706,0.5830922,0.5863319,0.5173587,0.57236505,0.5650211,0.5624919,0.5300236,0.49805495,0.53414565,0.5319012,0.51299167,0.57169443,0.56901485,0.5955623,0.5794391,0.5555927,0.5477118,0.5567023,0.5625773,0.5260628,0.5286205,0.57425934,0.57979584,0.58207905,0.5727199,0.57469505
235,0.6254573,0.73818684,0.6564344,0.6622978,0.67525744,0.6969564,0.7071977,0.6161833,0.63423586,0.71865326,0.7272368,0.6360883,0.7498515,0.57653195,0.5867956,0.7781881,0.80325425,0.6590534,0.801921,0.81487435,0.74259156,0.70271474,0.7149707,0.61216736,0.61811996,0.5380837,0.6258037,0.64492697,0.674504,0.5501435,0.5549755,0.5513773,0.4957253,0.58022237,0.5350799,0.64709985,0.6349471,0.6536533,0.5994626,0.5983375,0.5753262,0.59404165,0.6390859,0.6339776,0.65855014,0.7389685,0.64131784,0.8066245,0.7652428,0.76418585,0.62743646,0.6204409,0.63684374,0.6165913,0.58498514,0.64996207,0.598352,0.6281308,0.6092743,0.6220697,0.50972104,0.5098427,0.6187372,0.5139981,0.52861214,0.5733823,0.593482,0.5798331,0.53344136,0.5475813,0.55310994,0.54618824,0.5857944,0.6806985,0.59728414,0.53957695,0.59139377,0.6784793,0.6095024,0.6978104,0.67642045,0.67774326,0.6861889,0.6482328,0.64033914,0.5727502,0.5380405,0.5151571,0.59392303,0.511026,0.5507031,0.6061564,0.5378585,0.5320688,0.76525056,0.67007333,0.6635359,0.5567292,0.6082109,0.6245327,0.563742,0.60943145,0.58658445,0.6140835,0.5394621,0.65772545,0.6119137,0.61317813,0.62656873,0.5954208,0.57112384,0.5111928,0.5734517,0.6585764,0.6678686,0.6803347,0.72338694,0.5814396,0.5578052,0.5850962,0.6522046,0.6153095,0.63204694,0.60331947,0.63715005,0.59480274,0.6770962,0.6373221,0.6161816,0.5786282,0.5611433,0.5559828,0.60619664,0.56199324,0.5380443,0.61672115,0.68891716,0.7424557,0.682736,0.69055045,0.68990237,0.68942314,0.73305184,0.6890738,0.66024077,0.7906472,0.56723267,0.64302623,0.6137973,0.59917164,0.6044568,0.7183141,0.67560375,0.69407314,0.6318723,0.7291865,0.77122897,0.8184217,0.77854246,0.7020952,0.5599545,0.6495024,0.6599812,0.555734,0.6086018,0.49977168,0.6178795,0.65287995,0.59804994,0.6236401,0.6292307,0.59910136,0.60531676,0.6369848,0.60285884,0.56886846,0.55524284,0.6138949,0.5541401,0.533008,0.648542,0.75050163,0.6550516,0.65867496,0.67157435,0.7082903,0.71971595,0.617997,0.5992368,0.7245293,0.76886106,0.6520556,0.7515815,0.6379969,0.6393981,0.75055766,0.81813365,0.6676045,0.8129213,0.79361993,0.7200129,0.7579042,0.7316801,0.6174387,0.68870234,0.59660655,0.68979996,0.6898034,0.73032176,0.56792384,0.6251802,0.551031,0.48328578,0.6137234,0.5557276,0.5836494,0.6422488,0.6581845,0.57627684,0.56002855,0.6062623,0.61703074,0.6015948,0.653975,0.7100997,0.7916893,0.61484265,0.8008841,0.7633106,0.80464226,0.62087977,0.6161408,0.62549925,0.5541058,0.58687377,0.6266548,0.6268276,0.6150176,0.59766716,0.64402807,0.49631035,0.5738687,0.62654126,0.5645428,0.58928394,0.6377019,0.6102782,0.61304915,0.5366779,0.6201978,0.5488806,0.601366,0.65163654,0.6695096,0.59615016,0.64230335,0.6211187,0.7043605,0.6350111,0.77067643,0.6945135,0.72563076,0.66785336,0.6853581,0.6225599,0.61966217,0.6590103,0.5615571,0.5488921,0.5340049,0.6185053,0.6347472,0.5540438,0.55230474,0.79358786,0.70237976,0.6922142,0.61608714,0.5910516,0.6080878,0.5389013,0.61326814,0.6083551,0.60308784,0.5189126,0.65929055,0.6052927,0.63749546,0.6473673,0.5812517,0.5943406,0.55068564,0.57680607,0.6508279,0.6609566,0.64605534,0.72091454,0.53224355,0.59389156,0.57634866,0.6685937,0.6029144,0.6179556,0.62085223,0.5983392,0.6392303,0.73543936,0.6007831,0.6078951,0.5895737,0.5464887,0.53074735,0.6734504,0.5748724,0.5781439,0.74509084,0.7233284,0.7841798,0.6536013,0.71082973,0.77570283,0.734169,0.79245526,0.6855415,0.69318914,0.8287659,0.5729536,0.67783296,0.6305304,0.6338544,0.6366294,0.7307629,0.6688256,0.71992606,0.666187,0.73074096,0.74415916,0.81510764,0.78206617,0.7388396,0.64917046,0.7033635,0.7198057,0.47998163,0.5530254,0.45558923,0.6244735,0.6436675,0.6860611,0.6225563,0.65254426,0.52447546,0.6318592,0.6189077,0.6144309,0.5204228,0.5739822,0.5738503,0.5591087,0.5274063,0.4945954,0.534722,0.53998333,0.5180315,0.5713331,0.5683206,0.5992048,0.5877962,0.557645,0.5522573,0.5705793,0.5777338,0.5288345,0.5282435,0.57910913,0.58366925,0.5912119,0.5803467,0.58569646
236,0.64301836,0.74793226,0.68074036,0.681749,0.69172513,0.7044219,0.70523274,0.63991165,0.6652869,0.7144705,0.7229885,0.63547856,0.7679022,0.55970055,0.5625092,0.78508323,0.79014945,0.6580933,0.8021626,0.8109686,0.74163026,0.70717996,0.7298132,0.6392638,0.62404794,0.54461414,0.63126403,0.6565886,0.6657588,0.5454132,0.5537292,0.5569463,0.47936285,0.57487816,0.52266437,0.68435055,0.6771646,0.672938,0.6527625,0.63368183,0.619159,0.6413298,0.6470271,0.645555,0.6747715,0.72831976,0.6493368,0.7962244,0.74833417,0.74315506,0.6529211,0.6406711,0.6637581,0.6289765,0.62159336,0.6382679,0.6205372,0.6332175,0.62396,0.63824105,0.49998087,0.5144546,0.6249092,0.51264876,0.5234233,0.58760047,0.60794854,0.5888941,0.53804344,0.56922144,0.5729571,0.56448907,0.5814297,0.67874134,0.59634846,0.54353493,0.6109071,0.67106557,0.61356956,0.6885584,0.67488736,0.6846749,0.6944173,0.65706074,0.635926,0.5737321,0.5438028,0.5220437,0.59666806,0.5160677,0.55087537,0.6171964,0.54180586,0.5259542,0.7521314,0.6742036,0.6638763,0.57091236,0.640943,0.641827,0.6026369,0.64618,0.62064976,0.6502293,0.5871655,0.672866,0.63994,0.61911184,0.6337657,0.6006182,0.5604568,0.5029026,0.5957105,0.68421113,0.6651715,0.674825,0.697844,0.58340156,0.5576978,0.594834,0.67643636,0.6249015,0.6389413,0.64298415,0.6544289,0.59729123,0.6802177,0.6408186,0.61973214,0.58083725,0.5695677,0.5718014,0.6215497,0.56712335,0.5433754,0.621367,0.6936405,0.73013264,0.6912719,0.69735295,0.7002621,0.6974405,0.7331907,0.6734304,0.65801704,0.7806797,0.5863412,0.65069616,0.6190029,0.6015223,0.6057511,0.7391296,0.6945697,0.69585806,0.6284969,0.7303073,0.75868183,0.8129482,0.7843439,0.7047138,0.54560995,0.65077496,0.6602344,0.55871016,0.6132546,0.49856535,0.6395718,0.6713329,0.59165084,0.6123037,0.64820045,0.60945076,0.6379257,0.67348564,0.63205504,0.5685775,0.558673,0.6268519,0.55707616,0.53475976,0.66529924,0.75404155,0.68209,0.675282,0.68767035,0.7155187,0.7227006,0.6411307,0.6387548,0.72262824,0.7503985,0.64074266,0.76342887,0.6209363,0.6067464,0.7593055,0.79824024,0.6626033,0.81318766,0.78699064,0.7229893,0.75704765,0.74359274,0.64317614,0.6904114,0.58987,0.6853809,0.68545926,0.7054898,0.55830526,0.6171599,0.550042,0.4782826,0.6090049,0.5375999,0.63551563,0.6832285,0.6700601,0.6438875,0.6012642,0.6440566,0.659016,0.60964376,0.6563179,0.71690047,0.77037877,0.6276831,0.7924925,0.7583956,0.7794505,0.64736235,0.6398107,0.6521364,0.5724983,0.6259974,0.62061393,0.6460704,0.616084,0.61077505,0.65480065,0.49119538,0.5683303,0.60855037,0.55072176,0.585171,0.6443671,0.60893536,0.60935634,0.53084505,0.6279504,0.5427846,0.60531056,0.631316,0.6506243,0.5795937,0.63703203,0.6258728,0.68090636,0.6221371,0.7416075,0.6762046,0.7132367,0.6506033,0.6775988,0.6075061,0.6117395,0.6613203,0.5574405,0.53956956,0.52699345,0.60694003,0.63472545,0.5559228,0.5421213,0.76488197,0.6929286,0.67372036,0.61416614,0.6179986,0.6233539,0.58297384,0.6573867,0.64623845,0.6447109,0.56492764,0.66535985,0.63053703,0.62738043,0.64001817,0.58759916,0.57518977,0.5448213,0.595924,0.6717594,0.6613281,0.6340039,0.6921949,0.53248805,0.6014077,0.5890337,0.6858333,0.60195607,0.6119058,0.6586534,0.6108282,0.6433602,0.7353033,0.59782255,0.59817535,0.5826697,0.5474267,0.5336249,0.66955286,0.57692707,0.5782401,0.7329485,0.70724756,0.76855105,0.64706624,0.702558,0.7696935,0.7330396,0.77873975,0.6499952,0.66707766,0.8115842,0.58319575,0.67771524,0.6192694,0.6275392,0.62890995,0.74631566,0.67950493,0.7162496,0.6650012,0.740658,0.7377331,0.8053007,0.78866035,0.7367706,0.61907774,0.6934733,0.71748257,0.48437136,0.55491906,0.45203286,0.6389157,0.6644628,0.66196007,0.61325926,0.6482099,0.52363694,0.6663904,0.65808237,0.64088166,0.51863676,0.56885624,0.583219,0.5468937,0.52302986,0.4944899,0.53478557,0.54806525,0.5240064,0.56657654,0.563041,0.59649736,0.5915622,0.5587531,0.55511504,0.5815576,0.59012026,0.53142697,0.5280491,0.5807015,0.58319867,0.59641844,0.58355397,0.5935424
237,0.65111625,0.741717,0.6887133,0.687529,0.6953482,0.70061857,0.6934721,0.6509294,0.6806073,0.6997377,0.709192,0.6239612,0.76810765,0.5398959,0.53465044,0.77495396,0.76229745,0.64795744,0.7881827,0.7910967,0.7280017,0.70105237,0.7290393,0.66085654,0.62055254,0.5444788,0.62549955,0.6574904,0.6478241,0.5345886,0.5499684,0.5545322,0.4630775,0.5616194,0.5052128,0.7027865,0.7032678,0.6810897,0.6867279,0.6556539,0.65087044,0.6717163,0.6459087,0.6476091,0.6801704,0.70815206,0.64449525,0.77236384,0.71953225,0.7111895,0.6631207,0.6460061,0.6759999,0.6286774,0.6460263,0.6176597,0.6311175,0.6305701,0.63127583,0.64578164,0.4932398,0.518641,0.62487537,0.51233876,0.5195198,0.59789425,0.6131472,0.5917869,0.53610957,0.58242095,0.584602,0.57994354,0.5709704,0.6693295,0.5859899,0.5417191,0.62134284,0.65742505,0.6069261,0.67373735,0.6617308,0.68412936,0.69382256,0.65765584,0.6259853,0.56905353,0.5419087,0.5260663,0.5921326,0.5149499,0.5482939,0.62477756,0.5446555,0.5178401,0.72691476,0.6689697,0.65718156,0.5827815,0.66305876,0.64898676,0.63029563,0.67123514,0.64853454,0.6761914,0.62555945,0.67875224,0.66018987,0.6192142,0.63513017,0.59854454,0.5494923,0.4972723,0.6123752,0.6980997,0.6550948,0.6585739,0.6612372,0.5813035,0.555941,0.598141,0.6867179,0.6283543,0.6340691,0.67426205,0.6599187,0.59579206,0.67752177,0.6319579,0.610305,0.5738419,0.5709915,0.57649636,0.6309156,0.5690421,0.5484991,0.6218231,0.68842155,0.70781964,0.6873169,0.69143796,0.6971676,0.6936914,0.72306347,0.6502427,0.64852554,0.7598841,0.5964141,0.65186256,0.6168738,0.59111166,0.60101086,0.7425673,0.7009553,0.6885243,0.62201375,0.71613485,0.73201096,0.79238683,0.7748292,0.69862914,0.52197367,0.6432541,0.6529589,0.5600911,0.61361384,0.5005462,0.6542873,0.67720187,0.5824399,0.59455776,0.6613266,0.6107133,0.6646545,0.6996101,0.65191257,0.56044495,0.556,0.63514405,0.55842775,0.53543687,0.6714207,0.7440138,0.6930533,0.679871,0.6920958,0.7114566,0.7160151,0.65175116,0.6643059,0.70968556,0.7197948,0.6169632,0.75916886,0.59586155,0.56645346,0.75247353,0.7628942,0.6469173,0.7992355,0.76660603,0.714332,0.7443657,0.7404834,0.6646319,0.682536,0.5717458,0.66779155,0.6692858,0.6671956,0.5373428,0.60176945,0.54122317,0.4681772,0.59598094,0.51325685,0.66879183,0.7076319,0.67225033,0.68965393,0.6306474,0.6688575,0.68496287,0.6100764,0.6488709,0.7113283,0.7363553,0.62729335,0.7691696,0.7397462,0.73935884,0.65925187,0.64898443,0.66540605,0.5811974,0.6520944,0.60527694,0.6541917,0.61103326,0.6184699,0.65713084,0.4874819,0.5581296,0.583072,0.5351634,0.5763707,0.641515,0.5982165,0.5952048,0.5168921,0.6234174,0.525073,0.5989715,0.5980676,0.6214343,0.5514062,0.62117714,0.61926985,0.6483469,0.5993077,0.6996536,0.6470528,0.6911425,0.6225479,0.65988463,0.58241236,0.5957858,0.65363103,0.5472918,0.52780956,0.51398253,0.58713055,0.62806237,0.55467606,0.5266311,0.7200676,0.6731398,0.6450949,0.6024259,0.6365006,0.62847215,0.61717665,0.6873753,0.6769659,0.6765364,0.6043158,0.6626162,0.6501315,0.61087334,0.62666154,0.58841974,0.5534835,0.5367831,0.60944533,0.6829009,0.6532392,0.6123926,0.65134656,0.5316588,0.6022471,0.59494424,0.6886466,0.59607106,0.5957815,0.6886514,0.6150184,0.64097005,0.7247696,0.5852108,0.5767882,0.56504124,0.5442994,0.5329715,0.6560674,0.5737922,0.5745936,0.7089257,0.67943364,0.73951906,0.62923187,0.6804322,0.7491208,0.71950406,0.75257915,0.6054501,0.6299725,0.78053373,0.58493036,0.66825914,0.59723264,0.6079246,0.6107445,0.74617153,0.67871344,0.7027602,0.65725166,0.7350496,0.7171612,0.78098017,0.7800808,0.7240769,0.57551,0.67218226,0.7052541,0.4919685,0.55340797,0.45475486,0.6455849,0.6735109,0.62911874,0.5960941,0.6325262,0.52180284,0.6939103,0.690521,0.65930563,0.5125925,0.55872405,0.5914945,0.5322992,0.5212984,0.49870542,0.5346893,0.55336416,0.5293109,0.55993867,0.5555303,0.5875339,0.58939487,0.5584112,0.5552058,0.5865956,0.5961895,0.5331325,0.5285157,0.57988185,0.5794738,0.5958571,0.58120215,0.5955135
238,0.6467109,0.7200753,0.67695147,0.6768727,0.68384874,0.68505234,0.6736684,0.64511806,0.67561483,0.6752191,0.6867605,0.60379547,0.7488578,0.5217048,0.509128,0.7475561,0.7220626,0.6298952,0.7594571,0.75682,0.7040445,0.6851031,0.7121046,0.6717885,0.6087622,0.53999764,0.6080319,0.6464469,0.6210998,0.5209803,0.54254186,0.5485196,0.45166764,0.5444222,0.48993877,0.6969554,0.7064998,0.67512137,0.6935801,0.6589961,0.6635229,0.67834646,0.6341629,0.6385075,0.67063135,0.67658174,0.62707037,0.7364129,0.68165106,0.6708438,0.6544865,0.63434494,0.66918164,0.6154185,0.65191036,0.5911243,0.6297627,0.6205908,0.6303143,0.6431516,0.493875,0.5268137,0.6199624,0.51585597,0.5205398,0.60496056,0.61051846,0.58999556,0.53319466,0.58869076,0.58997035,0.59140754,0.55819756,0.6532706,0.57016855,0.5394864,0.6223301,0.63837117,0.5942076,0.65334326,0.63942695,0.6751004,0.6826632,0.6495883,0.613282,0.56270033,0.5369714,0.5292318,0.5832867,0.51210445,0.546924,0.6272589,0.545985,0.5139551,0.69032747,0.6528965,0.6425316,0.59141433,0.66873807,0.64340496,0.6403102,0.67838293,0.66400737,0.68611217,0.64636314,0.67281514,0.6682284,0.61348903,0.6314167,0.5896316,0.54392517,0.4997895,0.61865044,0.6973133,0.63805056,0.6327229,0.6190648,0.5757339,0.55188143,0.5944691,0.6792853,0.62314624,0.61795586,0.69032335,0.6522607,0.5884856,0.6656548,0.61176175,0.590728,0.56151205,0.56554544,0.572748,0.63136184,0.5672784,0.55171555,0.61628044,0.6722814,0.67749345,0.6713547,0.67216706,0.67861384,0.675146,0.69924164,0.6217489,0.63028896,0.72641015,0.59504014,0.6443577,0.6088234,0.572088,0.5904281,0.7263092,0.69175303,0.6721114,0.60989827,0.6892878,0.69559807,0.758149,0.7496922,0.68238676,0.49782026,0.6269586,0.6383809,0.5593895,0.6107463,0.5051699,0.6588379,0.6670472,0.57359445,0.5745708,0.6658737,0.6023252,0.67989737,0.70990777,0.65853804,0.54715466,0.55029684,0.63671744,0.56139165,0.5389502,0.6642977,0.72122455,0.6840866,0.6699969,0.68303055,0.6965584,0.700432,0.64588046,0.66900355,0.68564475,0.6803674,0.5852296,0.7374366,0.5672033,0.52617687,0.7297846,0.71664697,0.6237277,0.7713699,0.73501635,0.6971556,0.72211534,0.7215742,0.6767516,0.6652463,0.5476802,0.63685524,0.6429354,0.6179781,0.5111756,0.57825375,0.53028506,0.45638594,0.5762599,0.48966488,0.6749349,0.7094808,0.6626435,0.70461774,0.641115,0.6746927,0.6887046,0.6014499,0.63160807,0.6897817,0.6903278,0.61327803,0.7325702,0.70882285,0.6881823,0.65267444,0.6407849,0.6602601,0.5782391,0.6586364,0.58309776,0.64966106,0.6004411,0.61839825,0.64920074,0.4893364,0.5495904,0.5573999,0.52420664,0.56468767,0.63006306,0.5821463,0.5747624,0.50144196,0.60872394,0.5049981,0.58519346,0.5597722,0.58864945,0.51937467,0.5985287,0.60432607,0.61190796,0.5716702,0.65053254,0.6107518,0.6617969,0.58943236,0.6347675,0.55524486,0.577467,0.637903,0.53450793,0.5198539,0.50054026,0.566193,0.616258,0.55111253,0.5132412,0.6626007,0.64418334,0.6094099,0.58523387,0.6414271,0.62123656,0.6342442,0.696838,0.6940738,0.6912216,0.6276397,0.65007216,0.6596527,0.5920028,0.6110839,0.5829989,0.5375636,0.53086853,0.6138062,0.6813372,0.6368396,0.5848912,0.60520434,0.52970016,0.5958574,0.5928758,0.6746297,0.58493537,0.5726406,0.7042408,0.6100321,0.6297882,0.7029179,0.56513685,0.5493111,0.54247946,0.5377587,0.53014624,0.6342495,0.5663032,0.5673614,0.67448366,0.6427494,0.7016183,0.6035834,0.6473615,0.71378165,0.6919659,0.7129244,0.5594911,0.5865544,0.7358118,0.5780743,0.64952826,0.57037795,0.5793145,0.58526695,0.72834694,0.66481215,0.68180805,0.6396297,0.7153134,0.6858939,0.7453885,0.75536984,0.7009767,0.528184,0.6383751,0.684718,0.50184476,0.54941726,0.4635516,0.6423936,0.6673847,0.5948061,0.57583624,0.6103018,0.519604,0.7085302,0.7088015,0.66563016,0.5041915,0.54732186,0.5970344,0.52272415,0.52613765,0.50657916,0.5344034,0.5539332,0.5323951,0.5548347,0.54887414,0.57425565,0.5819689,0.5565388,0.55212015,0.58462834,0.5942358,0.5336422,0.5296257,0.57768404,0.57425195,0.5897342,0.573873,0.59037954
239,0.62992907,0.68703234,0.6478769,0.651203,0.6585877,0.65983593,0.64902735,0.6227849,0.6508258,0.64397395,0.65879893,0.5795463,0.71215546,0.51027673,0.49209595,0.7062687,0.6767446,0.6076328,0.71853447,0.7138211,0.67478657,0.6621812,0.6824214,0.66964126,0.591611,0.53457195,0.5828465,0.6263665,0.5897609,0.5102945,0.5332152,0.54511505,0.45029604,0.5305168,0.48426226,0.6668988,0.6857529,0.656031,0.6722046,0.6431243,0.65458214,0.6602988,0.6115106,0.6190924,0.6453786,0.63483936,0.6006611,0.69350404,0.6409566,0.62777376,0.6290518,0.6087577,0.6435969,0.5927712,0.6372696,0.5626409,0.6190823,0.6068706,0.6219731,0.62990457,0.50428534,0.54271466,0.6133516,0.5257508,0.5287001,0.61104876,0.60413766,0.5872648,0.5351166,0.59136826,0.5931155,0.6002457,0.5478794,0.6336581,0.5543132,0.5420319,0.6167828,0.6161863,0.58097225,0.62904,0.61325055,0.6595537,0.6630688,0.6343832,0.6010344,0.5585862,0.5341505,0.53363234,0.5751308,0.5119214,0.55031115,0.6250597,0.54575276,0.51892364,0.64706016,0.62736344,0.62206197,0.597468,0.6551525,0.6251982,0.63142914,0.66600436,0.66433704,0.67833215,0.64616007,0.65547556,0.66314346,0.6021417,0.62330943,0.5766352,0.5469268,0.51334095,0.6106736,0.6812923,0.615978,0.60168207,0.5794415,0.5684224,0.54647404,0.5858194,0.6553042,0.6099348,0.59405977,0.6892092,0.6336557,0.5759871,0.6442668,0.58470833,0.56646544,0.5495475,0.555243,0.565766,0.62328243,0.5626278,0.5523807,0.60576034,0.6480486,0.64407164,0.64692336,0.64272565,0.64723366,0.64329857,0.66203064,0.5930708,0.60596204,0.68191123,0.58228815,0.6282917,0.5986308,0.5519509,0.57760835,0.69201607,0.6685233,0.64875996,0.5920445,0.65632594,0.6574833,0.7158854,0.7121818,0.65744656,0.48310032,0.6059502,0.6187257,0.5572946,0.6066943,0.5116162,0.6527493,0.64125365,0.567799,0.55827296,0.6618685,0.5860545,0.6812307,0.7033862,0.6521849,0.5332991,0.54555154,0.63114727,0.56804425,0.5479971,0.64435315,0.68944544,0.65690005,0.64692616,0.66164064,0.6733769,0.6782474,0.623747,0.6519187,0.65262866,0.6380317,0.5523787,0.7003819,0.5414619,0.49435622,0.69408256,0.6693094,0.5983242,0.73258257,0.69818974,0.6765706,0.6945297,0.6897345,0.6766177,0.6402434,0.5247044,0.5970624,0.61105096,0.56484145,0.4888873,0.54963064,0.52434736,0.44848093,0.5556236,0.47467378,0.6528375,0.68796957,0.64162344,0.68790466,0.631164,0.6597583,0.6691935,0.58319306,0.6059517,0.6517183,0.6363119,0.5887885,0.68831956,0.67012036,0.63464594,0.62910134,0.6172961,0.6363638,0.5655736,0.6436168,0.5573053,0.6339236,0.58720744,0.6094912,0.6302934,0.5001804,0.5482274,0.5385299,0.52285737,0.5539777,0.61434984,0.5666224,0.55458724,0.49183235,0.5895622,0.49246654,0.5699533,0.5263494,0.559872,0.49246886,0.57545066,0.5866011,0.5770961,0.5449242,0.60275674,0.5739033,0.6301794,0.5589612,0.6062619,0.53411436,0.56225175,0.61823255,0.5237563,0.5205392,0.4921701,0.5512345,0.60267377,0.5466231,0.5086662,0.60177046,0.60887134,0.5722314,0.56809586,0.6300848,0.60198826,0.6324039,0.68441206,0.69460094,0.6861049,0.62999773,0.6285686,0.6575615,0.573703,0.5963856,0.57309765,0.53290427,0.53090864,0.60585797,0.66564536,0.61319,0.5565019,0.5624303,0.5272457,0.584045,0.5843191,0.6458886,0.57029784,0.5478035,0.7031045,0.5977181,0.6103661,0.67161393,0.5419231,0.52291065,0.5220783,0.52972543,0.52742285,0.6080045,0.5565226,0.5581303,0.63463026,0.6029052,0.6627178,0.5760546,0.6096269,0.66763616,0.6527643,0.66245115,0.5204037,0.5446769,0.6819611,0.5632511,0.62326187,0.54626447,0.54974896,0.55867547,0.69464606,0.64006925,0.65720737,0.6121693,0.6864666,0.6505824,0.7053314,0.7172075,0.67017233,0.48973545,0.59575886,0.659422,0.5129548,0.54549134,0.47662833,0.6292966,0.6460083,0.56665766,0.55835927,0.5882661,0.5179345,0.70781446,0.7099312,0.65921825,0.49638754,0.5386155,0.5983483,0.5232622,0.5393526,0.5166434,0.533846,0.549667,0.5327126,0.5535183,0.5451637,0.55967516,0.57153577,0.5534734,0.5464785,0.5770807,0.5852376,0.5330475,0.5307948,0.57435584,0.568507,0.58000344,0.5634573,0.5789851
240,0.6046573,0.6495321,0.60922325,0.61604816,0.6244045,0.62935984,0.62286687,0.58937204,0.61216533,0.6115857,0.6298224,0.5581775,0.66424954,0.5107707,0.48903328,0.65888524,0.63569015,0.5854614,0.6712824,0.67090434,0.6462955,0.63593024,0.6468625,0.65533286,0.57416105,0.5326104,0.55739933,0.60290897,0.56007826,0.50824046,0.52540725,0.5507691,0.46277338,0.52764475,0.49398544,0.6197666,0.6455108,0.628354,0.6283332,0.6125158,0.6267626,0.6224797,0.5810734,0.5932597,0.607772,0.58730423,0.57112455,0.6516057,0.60516137,0.5882939,0.59352267,0.5763128,0.60475284,0.56704575,0.605619,0.5368091,0.6039897,0.59416467,0.60941416,0.6083136,0.5245052,0.56738275,0.6084497,0.54308385,0.54375035,0.6174557,0.59801376,0.58664525,0.54575104,0.5931901,0.5970724,0.60772973,0.5443774,0.6144836,0.5440996,0.5523209,0.6078145,0.59348947,0.5715623,0.60320675,0.589715,0.64078355,0.6388826,0.6149636,0.5913845,0.56006694,0.537568,0.5404366,0.5722718,0.51728123,0.55973864,0.6190279,0.5442298,0.53401065,0.6044269,0.5963331,0.59993964,0.6015685,0.62342346,0.59713346,0.6069169,0.637029,0.6504223,0.6549567,0.6262099,0.62954634,0.64653456,0.58679587,0.6121851,0.5632254,0.55871826,0.53797853,0.5879838,0.6519257,0.5909138,0.5708259,0.54906857,0.561304,0.54177594,0.5757612,0.620228,0.5913182,0.5682427,0.67256784,0.60873735,0.56061554,0.61521494,0.55769515,0.5446931,0.54342824,0.54365677,0.56053853,0.6089612,0.55652493,0.550651,0.5924601,0.6201749,0.61261827,0.6194918,0.6090237,0.6098234,0.6041313,0.6157536,0.57035077,0.58095306,0.6318893,0.56033885,0.6058751,0.5904215,0.53845555,0.567065,0.6459676,0.6363566,0.62161624,0.56987184,0.6251848,0.62514776,0.67410904,0.6689783,0.62698126,0.48600107,0.5865949,0.5969044,0.55490005,0.6025807,0.51933396,0.6378991,0.60416144,0.5671458,0.55114615,0.65022045,0.56586266,0.6691321,0.6823374,0.6357576,0.5235273,0.5449126,0.6195729,0.57913023,0.56423455,0.61576635,0.65466195,0.61799216,0.61557823,0.6322024,0.6461392,0.65238506,0.59047204,0.61782867,0.6158154,0.59948885,0.5266487,0.654169,0.5260828,0.47868347,0.65156657,0.6314279,0.57599145,0.68855846,0.66358894,0.6574812,0.6669653,0.65141803,0.6642387,0.61153746,0.5103909,0.5572948,0.580435,0.51759917,0.47933725,0.5219912,0.5301203,0.4506108,0.54222536,0.47549552,0.609192,0.64755625,0.6123902,0.64499074,0.60470474,0.6272,0.630499,0.5575524,0.5758276,0.6014134,0.58168626,0.559396,0.64469075,0.63035375,0.58876884,0.5946671,0.58480704,0.5989119,0.5478141,0.61058027,0.5320375,0.6116529,0.5756117,0.5932345,0.6026288,0.5217467,0.5572891,0.5313914,0.53361046,0.5483823,0.59903437,0.55759114,0.5410981,0.4942949,0.573027,0.4950515,0.5597594,0.5065576,0.5414454,0.47919437,0.5586761,0.57153636,0.5482177,0.5246382,0.564363,0.54410374,0.60160977,0.538179,0.5792222,0.5245694,0.55481684,0.59972554,0.5190771,0.5331907,0.49343103,0.5470734,0.5900323,0.542685,0.5166057,0.54981965,0.57170624,0.54035014,0.55591196,0.60341215,0.57376873,0.614342,0.65319264,0.67911625,0.6627322,0.6114704,0.60103893,0.64462817,0.5582136,0.5848867,0.5617205,0.54144776,0.5397578,0.585223,0.6364394,0.58409935,0.5315252,0.52967453,0.52541846,0.570485,0.5728956,0.60853964,0.55488163,0.5282086,0.686105,0.58167034,0.5855239,0.6344408,0.5215596,0.50527847,0.51101196,0.52299553,0.5271604,0.5826228,0.5468078,0.54889125,0.5963799,0.56690264,0.6301436,0.55336136,0.5750563,0.61873394,0.6083732,0.607691,0.49510503,0.5131544,0.62732047,0.541746,0.5928691,0.532013,0.5284053,0.53815126,0.6512491,0.6096563,0.6325866,0.5775451,0.65568006,0.6181088,0.66864187,0.6721517,0.63579565,0.4714588,0.5530389,0.63302803,0.52421016,0.54443055,0.49145454,0.6087971,0.6130946,0.5505292,0.5493645,0.5724026,0.51752853,0.6923561,0.69453365,0.6420542,0.4926573,0.5355337,0.59434086,0.53623205,0.5606755,0.5276769,0.5334747,0.5419362,0.5307644,0.55672383,0.54551053,0.5472575,0.5611822,0.5499842,0.54001373,0.5669747,0.572311,0.53179127,0.531443,0.57017976,0.5628481,0.56964815,0.5527614,0.56426483
241,0.5781876,0.6157547,0.57168466,0.57992643,0.5888953,0.59992933,0.5986316,0.5543213,0.5701062,0.58460844,0.60416573,0.5465447,0.61516386,0.5270487,0.50367695,0.61601365,0.6059028,0.5668245,0.62623096,0.63689095,0.6240531,0.6103902,0.6140179,0.63283634,0.56183755,0.53816235,0.5389993,0.5816475,0.53770536,0.51840806,0.5230748,0.5697932,0.49063095,0.54098964,0.5217694,0.569885,0.5957602,0.59858716,0.57518435,0.5761725,0.5886013,0.575373,0.549918,0.5671309,0.5646778,0.5402442,0.5448769,0.6185054,0.58002675,0.5572202,0.5570553,0.54551893,0.5625621,0.5453439,0.5661103,0.5182443,0.5901543,0.5859589,0.59746313,0.58414125,0.5526724,0.5993621,0.6078376,0.56725967,0.56430364,0.62410474,0.5946062,0.58965605,0.56624657,0.5956569,0.60304064,0.61444885,0.55042285,0.59926814,0.54334027,0.57031566,0.59721744,0.5726969,0.5681787,0.57844436,0.5740743,0.6217009,0.61394304,0.59480834,0.5853051,0.56940675,0.549176,0.5500957,0.5771802,0.52912486,0.57389474,0.60983485,0.5420246,0.5573793,0.5693247,0.5652792,0.58103764,0.6044324,0.5798341,0.5644898,0.57364607,0.5988993,0.6263325,0.6213909,0.59201115,0.5994464,0.6214357,0.5707087,0.6005709,0.5525056,0.5775499,0.57147115,0.5548208,0.6140591,0.56489414,0.54434395,0.53090304,0.5560995,0.54001737,0.5682624,0.58267224,0.57066756,0.5467737,0.64418226,0.5827463,0.5455948,0.5819641,0.5375463,0.53191215,0.5465492,0.5348573,0.5603625,0.5914146,0.5504296,0.5471127,0.57813007,0.59256303,0.5864856,0.59461296,0.5772069,0.5748289,0.56616056,0.56760544,0.55818677,0.5610892,0.58439916,0.5332073,0.5803171,0.5869838,0.536664,0.5623504,0.5983638,0.6020742,0.5946107,0.5459833,0.60213304,0.602518,0.6407921,0.6284671,0.5950208,0.51033545,0.57457,0.5759386,0.5532975,0.59877205,0.5280044,0.6176765,0.56355685,0.5726116,0.5563111,0.63233465,0.5466996,0.6464222,0.6512685,0.61307,0.521343,0.5498162,0.60410273,0.5946519,0.5882453,0.58628374,0.6231593,0.5768498,0.583482,0.6016276,0.6203575,0.6264721,0.5551144,0.57631737,0.5822737,0.56991374,0.5148027,0.60817575,0.52726555,0.4844146,0.61091363,0.60937506,0.5603569,0.6466833,0.63773024,0.643137,0.64494085,0.6147651,0.6426514,0.5844462,0.51043785,0.5267,0.55726075,0.48464456,0.4881903,0.5026263,0.5517622,0.46769953,0.5432514,0.4971166,0.5580661,0.59798944,0.5803813,0.5887252,0.5699941,0.58559245,0.581804,0.53005975,0.547015,0.5475247,0.5346146,0.53137034,0.6092643,0.5961576,0.5575407,0.5581845,0.55182713,0.5578036,0.53039277,0.56897974,0.51217955,0.58946913,0.56940305,0.57371205,0.5718747,0.5536326,0.57754856,0.5379233,0.55647,0.5512042,0.58711946,0.5590379,0.5388653,0.51229256,0.5649199,0.51620525,0.5590367,0.50507176,0.5367265,0.48475692,0.5525281,0.5624953,0.5280467,0.5147178,0.53976786,0.5269983,0.579498,0.5311858,0.55804306,0.52861935,0.5582077,0.58681506,0.52295214,0.55896044,0.50688356,0.55489296,0.5791802,0.5404812,0.5371387,0.51579314,0.538257,0.51973104,0.5519238,0.5669865,0.54200995,0.5860681,0.6112127,0.65130734,0.62674236,0.5769621,0.57234335,0.62325346,0.5475295,0.5784536,0.5515184,0.5622133,0.55860126,0.5558719,0.59743154,0.55243605,0.51281285,0.5100097,0.52553296,0.55968684,0.56329167,0.5711486,0.54119194,0.5198479,0.6563968,0.5657038,0.5596074,0.59603167,0.50977856,0.5021945,0.5145009,0.5204027,0.5312475,0.5631684,0.53909856,0.54116815,0.56560284,0.5404753,0.6079492,0.54014105,0.5496361,0.5761468,0.5673877,0.55668133,0.4876125,0.49857202,0.5808909,0.51627743,0.5626531,0.53182834,0.522242,0.52929586,0.607697,0.5797298,0.610927,0.5403048,0.6296643,0.59290105,0.64117503,0.6290235,0.6024653,0.47989374,0.52008796,0.60860807,0.53483385,0.5481294,0.505544,0.5853668,0.5759454,0.5486959,0.5525324,0.5660767,0.51866335,0.66543,0.6658526,0.6176189,0.49629205,0.53938997,0.58477813,0.561442,0.58862376,0.53915155,0.53448033,0.53260994,0.5275899,0.56436527,0.5507693,0.54000807,0.55384773,0.5471908,0.535097,0.5578939,0.55975056,0.53049284,0.5315994,0.566385,0.5583502,0.56190276,0.5449452,0.55032355
242,0.55897236,0.5929123,0.5452801,0.55198234,0.5605773,0.57836443,0.580081,0.52744067,0.5359212,0.56770253,0.5845966,0.5476764,0.5760139,0.559573,0.53642404,0.5874349,0.59058094,0.5542657,0.59239006,0.6179366,0.61208624,0.5898755,0.59176546,0.6071546,0.5572619,0.55237836,0.5321132,0.566013,0.52670026,0.5416819,0.5304177,0.60204196,0.5332554,0.5713849,0.56574756,0.5330555,0.54890764,0.57324445,0.52931136,0.5446204,0.5519511,0.5319226,0.52589434,0.54667926,0.5242464,0.50073314,0.52745014,0.5990438,0.56780076,0.5379106,0.5284912,0.52379274,0.5277044,0.5336824,0.53048545,0.51008624,0.582082,0.58375406,0.59059155,0.5643886,0.58564883,0.63580567,0.61248946,0.5968414,0.5896823,0.6307947,0.5948568,0.59752184,0.5949836,0.5991732,0.6114393,0.62151355,0.5662505,0.5898151,0.55181235,0.5927531,0.5858805,0.55596316,0.5708271,0.55770844,0.5684301,0.60425234,0.59180886,0.57704324,0.58304924,0.5866415,0.5679625,0.5626904,0.5897609,0.54634064,0.58979315,0.5985932,0.53989905,0.5850648,0.5461251,0.53973716,0.5696468,0.6080316,0.53439695,0.5337507,0.5401622,0.5614723,0.59768736,0.5846545,0.55175364,0.57017297,0.59162,0.5570792,0.59079456,0.54641944,0.6000482,0.60949624,0.51824147,0.5745444,0.54058105,0.52495706,0.52497613,0.5541992,0.54273987,0.56667715,0.5522405,0.5517689,0.533853,0.60866165,0.5600297,0.5347893,0.5495995,0.52870256,0.53117377,0.55914056,0.5317926,0.56671035,0.57411927,0.5454334,0.5426941,0.5641258,0.56839633,0.56785214,0.57632804,0.5520291,0.5494852,0.53760743,0.52583987,0.55818635,0.5510179,0.5475417,0.50586206,0.55478925,0.5891461,0.5478932,0.56590575,0.5601098,0.57224506,0.57209295,0.5247315,0.590921,0.59085345,0.62087446,0.5983313,0.5661036,0.5537769,0.5732927,0.55886775,0.55385244,0.5963289,0.5372518,0.59584683,0.5283366,0.5828256,0.5736207,0.61074775,0.5324357,0.6170525,0.61553925,0.5876811,0.52891904,0.5599841,0.58700377,0.6136938,0.6183208,0.564836,0.599693,0.54324925,0.5586684,0.5775928,0.60150146,0.60457194,0.52731025,0.5387245,0.55776536,0.55161035,0.5193613,0.57241476,0.5474803,0.51232153,0.58090085,0.6042213,0.5530717,0.61401296,0.62464017,0.63491637,0.6325115,0.58684677,0.61618984,0.5630049,0.5261381,0.5111063,0.54497534,0.47027925,0.5166928,0.49821556,0.5886061,0.50235146,0.56210756,0.54016906,0.5156892,0.5514508,0.5516735,0.5367127,0.5370624,0.5464584,0.53496027,0.5070258,0.5246004,0.4998546,0.50081885,0.5103785,0.5865757,0.5721542,0.5434504,0.52850276,0.52657527,0.5237896,0.51831263,0.5311333,0.50171363,0.5733246,0.57026345,0.5556772,0.5446792,0.5933717,0.6068549,0.5561845,0.5892881,0.56478703,0.58026963,0.57147115,0.5501032,0.5453042,0.56775796,0.5543437,0.5689525,0.5213525,0.544733,0.5086052,0.5568563,0.56002283,0.5174436,0.5161231,0.5289263,0.5244104,0.56491166,0.53791684,0.5452589,0.5445207,0.5725049,0.5817965,0.53628,0.595398,0.53174484,0.57177794,0.5698178,0.5405273,0.56701154,0.50221956,0.5134415,0.51355696,0.5570094,0.52948797,0.51292634,0.5552384,0.56974053,0.6165682,0.5866122,0.5348628,0.5477641,0.5967806,0.54248536,0.5776105,0.544236,0.59102285,0.5859472,0.5244289,0.55478626,0.52163213,0.5019529,0.503542,0.52876014,0.555498,0.5598557,0.5422738,0.5310404,0.5252431,0.61875254,0.5527723,0.5376947,0.5617792,0.50998676,0.5151455,0.53355217,0.5238123,0.5406415,0.55311316,0.5345564,0.5359405,0.5454783,0.5263095,0.59707654,0.5374899,0.53581977,0.5466904,0.53736466,0.5163004,0.4976916,0.50325894,0.54906017,0.49075174,0.5362393,0.54527736,0.53408825,0.5344293,0.57370305,0.55563986,0.5944086,0.50655085,0.6129595,0.5767291,0.6256021,0.5959685,0.5744943,0.5153641,0.50367945,0.5887771,0.54472303,0.5573114,0.5170674,0.56352514,0.5429589,0.55866826,0.56803846,0.5691942,0.5211583,0.6318767,0.6285743,0.58990836,0.50971544,0.5494635,0.57051456,0.59563476,0.6206792,0.5509133,0.5382394,0.52356035,0.52446675,0.5757231,0.56124854,0.5394977,0.55148697,0.5461515,0.5337799,0.5532023,0.55188656,0.5297111,0.53177387,0.5643223,0.55605775,0.55941874,0.54254794,0.5408518
243,0.5534725,0.585001,0.53615487,0.5391048,0.54607993,0.569334,0.5695877,0.51507974,0.51735234,0.5616287,0.57180923,0.5589346,0.5550615,0.6041755,0.5830871,0.578574,0.58937484,0.54902834,0.5757255,0.6157926,0.6116216,0.57761645,0.584595,0.58235234,0.55860966,0.57185745,0.53852975,0.5571007,0.52943766,0.57625693,0.55077505,0.64256287,0.58754873,0.6151047,0.61938596,0.51971513,0.5156765,0.5577005,0.5038432,0.52613634,0.5273869,0.5033787,0.51346684,0.53554744,0.49417925,0.4754746,0.52224034,0.59403765,0.56767786,0.53222114,0.51391244,0.51577324,0.5075561,0.5351911,0.5083273,0.5120218,0.5819528,0.5873071,0.59126073,0.55397385,0.6192622,0.67240626,0.6208412,0.6296963,0.61953866,0.63805443,0.59849215,0.611298,0.6277648,0.60291064,0.6223457,0.6306025,0.58906317,0.58524555,0.56503624,0.61383635,0.57456267,0.54450727,0.5773863,0.5432159,0.5713631,0.5894594,0.5754892,0.5640751,0.5837862,0.60880774,0.5902883,0.5777107,0.60748565,0.5662904,0.60399866,0.58724904,0.5383986,0.61175954,0.5362559,0.5239562,0.5677734,0.61437523,0.4969088,0.5102653,0.5140279,0.53326815,0.56994003,0.5511068,0.514157,0.5463146,0.561144,0.54726374,0.583372,0.5458718,0.62079555,0.6457763,0.48534715,0.5405525,0.5209086,0.5142555,0.529288,0.5563465,0.5502563,0.57249004,0.5364335,0.5382828,0.5302772,0.5705933,0.54304016,0.5317549,0.523984,0.5319212,0.5407009,0.57837,0.53512496,0.57935435,0.56054693,0.54206914,0.5385421,0.55211574,0.55075043,0.5581056,0.5660244,0.53668135,0.5382818,0.52411777,0.49786377,0.5687131,0.5530623,0.52674806,0.48295167,0.53256184,0.5958058,0.5701506,0.5788617,0.53884315,0.55143315,0.5569552,0.51151675,0.5924426,0.58979577,0.61529255,0.58330625,0.5441667,0.60819143,0.58421195,0.5476015,0.5579714,0.59686124,0.5465634,0.575956,0.505129,0.59369206,0.59967804,0.5885935,0.52436477,0.5850564,0.580259,0.56223786,0.5466061,0.5736033,0.57032955,0.6334868,0.6498049,0.5581209,0.586512,0.5242937,0.5470962,0.5658684,0.5929141,0.58953476,0.5134912,0.5139842,0.5447069,0.5439266,0.53755844,0.55420077,0.5842701,0.5574958,0.56728303,0.61236835,0.5536271,0.5950399,0.6246706,0.6322294,0.63037455,0.5715128,0.58875173,0.54863596,0.5534426,0.512772,0.5440371,0.47459033,0.56125844,0.5129715,0.6345125,0.5536507,0.59722507,0.5991174,0.49371865,0.51866794,0.53168374,0.50438994,0.5145785,0.51978487,0.5008998,0.49251917,0.51124924,0.46671528,0.48274463,0.50069463,0.57775927,0.5605963,0.5447965,0.51205367,0.5147813,0.50411177,0.515034,0.50711673,0.50143516,0.5668272,0.57721436,0.54285663,0.52575606,0.6364291,0.6395777,0.5800979,0.627576,0.5899628,0.57999593,0.591503,0.57404953,0.58825374,0.58025515,0.60279477,0.5874726,0.55013776,0.5601762,0.54432464,0.56738687,0.5622258,0.51483643,0.5264168,0.5284393,0.53428483,0.5575221,0.5541335,0.5411553,0.5669248,0.5943761,0.5843983,0.558248,0.63563246,0.56337696,0.591685,0.5619015,0.54246324,0.6004254,0.50644404,0.500005,0.5210702,0.56911296,0.4992653,0.49119014,0.5291372,0.53904814,0.58090675,0.55089384,0.49454704,0.5311452,0.568875,0.5417671,0.5804982,0.54100263,0.62029165,0.61733365,0.49736282,0.51545984,0.4948583,0.49900693,0.50781345,0.5356916,0.5597548,0.5647639,0.52789164,0.52543753,0.5426503,0.5787272,0.5440871,0.5242551,0.5368506,0.522161,0.54032,0.56421626,0.53331286,0.554745,0.55346113,0.53348005,0.53377974,0.5370191,0.5240599,0.5959003,0.5433879,0.5332942,0.5338244,0.52280384,0.4912739,0.5201048,0.52476716,0.5339697,0.4689477,0.5159956,0.56743735,0.5622414,0.5521939,0.5558718,0.5406166,0.58363515,0.48277915,0.6074642,0.5696349,0.6212912,0.577899,0.5547147,0.5715142,0.50635797,0.57502997,0.55420816,0.57137597,0.5251496,0.5465515,0.5201465,0.57395315,0.5920722,0.5782218,0.5244775,0.5966964,0.5881,0.5625022,0.5334809,0.5630847,0.55337274,0.63206875,0.6529161,0.5625035,0.5452355,0.5167157,0.52280235,0.58896375,0.57563406,0.5455353,0.5547278,0.54736936,0.536895,0.5550144,0.5515681,0.5298609,0.53225225,0.5641926,0.55615234,0.563534,0.5466679,0.5379942
244,0.5638451,0.5909951,0.544817,0.5435734,0.5477,0.573188,0.5661087,0.5185602,0.51671696,0.5629817,0.5643352,0.573067,0.55445385,0.6526829,0.6348727,0.58823454,0.5979094,0.5503652,0.5762894,0.62643194,0.6196032,0.5739232,0.59178865,0.561057,0.56056535,0.5895534,0.5577513,0.55433714,0.5457009,0.6179637,0.5849166,0.6835424,0.6474929,0.6651316,0.6733593,0.5325493,0.5028285,0.55516034,0.5052317,0.5246471,0.52102476,0.49669203,0.512181,0.53426266,0.48018384,0.46847442,0.5292829,0.5999309,0.5758687,0.5389519,0.51518863,0.5223669,0.5044999,0.54892313,0.5043672,0.51972294,0.58927387,0.595037,0.599263,0.55388236,0.6489603,0.70388085,0.62911737,0.66277164,0.65253425,0.6470827,0.6045497,0.6309822,0.65906453,0.6052484,0.6352576,0.64349484,0.6134168,0.58242136,0.5762878,0.6272705,0.5646755,0.5379397,0.583917,0.5350475,0.5787788,0.57770425,0.56700677,0.55729735,0.58520114,0.6303699,0.6113219,0.5941535,0.62610793,0.58572984,0.61330456,0.578335,0.53766835,0.6319006,0.53817505,0.51981103,0.5743669,0.62344897,0.47374803,0.49646744,0.4999956,0.519013,0.5474262,0.5252157,0.48671415,0.5310784,0.534006,0.5402302,0.5767373,0.5507742,0.6328495,0.67335904,0.461744,0.5178293,0.50790477,0.51234657,0.539628,0.5624019,0.56173205,0.58465445,0.5384289,0.532958,0.53365755,0.53447294,0.5319677,0.53834957,0.5100637,0.5442604,0.5545104,0.5994636,0.54330474,0.596741,0.5536594,0.54029876,0.5359204,0.5441953,0.5422497,0.55701154,0.56194526,0.5322512,0.54242736,0.52715427,0.48818865,0.5854195,0.5667499,0.5229976,0.46785983,0.5169874,0.60450953,0.5990982,0.6008517,0.5364038,0.54110503,0.5487966,0.5109976,0.6036924,0.59629047,0.62033117,0.5832235,0.5308695,0.66243523,0.60690945,0.5417637,0.566423,0.6013949,0.5554693,0.56097406,0.4962034,0.59967643,0.6287017,0.56872576,0.5209751,0.5542226,0.5498335,0.5385637,0.572576,0.5877122,0.5557337,0.64945203,0.6763128,0.56810164,0.58264995,0.52225995,0.55046624,0.5680827,0.5941735,0.5812638,0.51518077,0.5063659,0.54200625,0.54358894,0.56202954,0.55519426,0.63026965,0.6096233,0.5702975,0.6260018,0.55908096,0.58971846,0.6334682,0.63224787,0.6349509,0.5683439,0.56339103,0.54027635,0.5840078,0.5306124,0.55200493,0.49366775,0.61386997,0.5469642,0.68012685,0.6162249,0.6425525,0.66286683,0.49679828,0.50652313,0.5239075,0.50042313,0.50786775,0.51099664,0.48701522,0.48724264,0.5069626,0.45331654,0.47935396,0.50411814,0.5802404,0.5607113,0.5557648,0.51132244,0.51834875,0.5008456,0.52169806,0.5018157,0.50826925,0.57079345,0.5872171,0.5372554,0.51657575,0.6768134,0.667801,0.6010501,0.664661,0.6254686,0.58822507,0.61304677,0.6066859,0.63272107,0.59841955,0.65136826,0.61042786,0.58288497,0.57523394,0.5818197,0.5782431,0.5660626,0.5164071,0.5398249,0.532888,0.55190027,0.5561915,0.5727275,0.5437378,0.58805037,0.6174426,0.59224534,0.5865895,0.66957027,0.59434295,0.6072119,0.55630475,0.5452509,0.6306235,0.522702,0.49778304,0.5376138,0.5836275,0.48180452,0.47854584,0.51334476,0.5252641,0.55027497,0.5258629,0.46402857,0.52371657,0.54319566,0.5418433,0.5830148,0.5425072,0.6405458,0.646399,0.4793436,0.4856144,0.47455168,0.5020791,0.51776266,0.54614997,0.57181215,0.5771057,0.529754,0.5246481,0.5665756,0.5417664,0.5389426,0.52178425,0.5244235,0.5428843,0.5692957,0.5987119,0.5471818,0.5713882,0.5627392,0.535372,0.5348708,0.5393791,0.531006,0.5999875,0.553554,0.53963286,0.5374573,0.5241671,0.48339954,0.5456014,0.55640036,0.5329475,0.4534921,0.50309205,0.5905612,0.6009523,0.57833165,0.55570525,0.5349149,0.5768047,0.47404042,0.61186975,0.5697054,0.6239176,0.5748687,0.5430931,0.6358511,0.526908,0.5666551,0.5638292,0.5887782,0.5298784,0.5361495,0.509387,0.58651376,0.6174976,0.5873865,0.5278874,0.5642917,0.5503004,0.5380714,0.565524,0.5764237,0.53571916,0.6619685,0.68031263,0.57297355,0.55438834,0.51407075,0.5240583,0.6011182,0.59070307,0.556325,0.5628212,0.55061716,0.5438097,0.5634424,0.5591444,0.53125066,0.5327555,0.5649943,0.55799365,0.5738442,0.5566511,0.5420042
245,0.5871139,0.6050153,0.5659146,0.5619644,0.56241745,0.5858458,0.56551737,0.5345074,0.5308707,0.56588954,0.5593248,0.5817759,0.5691876,0.6960305,0.68129396,0.60867035,0.60868335,0.5560482,0.58824337,0.64102674,0.6296406,0.57604396,0.60793966,0.54431105,0.55712754,0.5981921,0.5864235,0.5559892,0.57204443,0.6615017,0.6298896,0.71769357,0.705573,0.7137142,0.719338,0.5667302,0.51186264,0.56535816,0.5326339,0.53900415,0.53321445,0.5129659,0.5180825,0.5408222,0.4841889,0.4794973,0.5452334,0.6097657,0.5863291,0.5536498,0.5294233,0.5403824,0.5159409,0.5701862,0.5181421,0.5272278,0.60113275,0.60484064,0.6118766,0.5613514,0.6715491,0.7262961,0.6333462,0.6929194,0.686246,0.6589076,0.61206704,0.65514046,0.6845245,0.6049965,0.64907813,0.66176337,0.6332659,0.57791924,0.57960415,0.6287894,0.55823815,0.5349362,0.5859275,0.5315555,0.58559775,0.56890535,0.5671735,0.55659276,0.58427477,0.6453575,0.6268549,0.61101663,0.64130265,0.6014939,0.6151925,0.5740866,0.5375398,0.64152235,0.54782665,0.52653563,0.58644617,0.6334353,0.46660396,0.49144047,0.4990357,0.5188628,0.5322871,0.50878817,0.47386342,0.5252761,0.5131617,0.5334433,0.5684181,0.5598188,0.630327,0.68719655,0.45066908,0.50865644,0.5021744,0.517826,0.55089873,0.5714383,0.57560766,0.6003132,0.5563459,0.53697646,0.5397869,0.50405693,0.52502644,0.5539777,0.51038575,0.560434,0.5650015,0.6175084,0.5536574,0.61677676,0.5553332,0.53970623,0.5360497,0.54216385,0.5439812,0.56255347,0.56002516,0.5369546,0.55991775,0.5433953,0.49718425,0.6028711,0.58916354,0.53300583,0.4621875,0.51037025,0.61249566,0.62947994,0.63015425,0.5483767,0.53947955,0.5442051,0.5254897,0.618317,0.6046131,0.62858284,0.59270793,0.5249237,0.7069802,0.63833123,0.5392712,0.5789947,0.60991937,0.5637532,0.5523046,0.4993298,0.5962613,0.6545068,0.5534177,0.5189065,0.52738565,0.52684164,0.51786995,0.6034676,0.59925616,0.5439269,0.6571925,0.69241345,0.5911843,0.58424944,0.53385395,0.5653046,0.58091694,0.60115796,0.5767314,0.5293226,0.51499313,0.5458587,0.54603565,0.5837278,0.5702192,0.6754391,0.65650964,0.58429664,0.63566697,0.5651456,0.5931236,0.64333266,0.6309238,0.63998395,0.57333964,0.5418948,0.5350849,0.60853046,0.5598862,0.56399435,0.52063876,0.6649674,0.5953031,0.7171859,0.6813718,0.6898143,0.719563,0.52278256,0.5165272,0.5285099,0.5253804,0.51777077,0.52004623,0.49546254,0.4892112,0.50959504,0.4605519,0.48649704,0.5192179,0.5880593,0.5683351,0.5682455,0.524214,0.534919,0.51134586,0.5370145,0.5146803,0.51723987,0.58323807,0.5968998,0.53869236,0.51550794,0.7093616,0.6847081,0.6113891,0.69397664,0.66791403,0.6061971,0.6300173,0.64207786,0.67073923,0.6176038,0.6904135,0.633313,0.61071295,0.5825994,0.6112293,0.58474624,0.5686742,0.5178237,0.5488077,0.5365672,0.5717721,0.5590162,0.58643425,0.5491551,0.60028213,0.6341448,0.60190105,0.61841303,0.68806684,0.6173072,0.61181325,0.5541062,0.5476529,0.65223485,0.5437634,0.5043088,0.5564806,0.5952668,0.4786697,0.47375032,0.51034945,0.52908266,0.5286784,0.51400834,0.4481208,0.523877,0.5226372,0.5382832,0.58052886,0.54868126,0.64392567,0.6673693,0.47237697,0.4686159,0.4620198,0.5081705,0.52760434,0.55928475,0.5890009,0.5936883,0.5449717,0.5283638,0.58974135,0.5116528,0.5355,0.53014016,0.5244589,0.5666078,0.59222585,0.6284209,0.562738,0.5878821,0.57783794,0.5390837,0.53904057,0.5499041,0.5431476,0.6034666,0.56258154,0.5506429,0.55417424,0.53762865,0.49108684,0.56480455,0.5894806,0.53983414,0.445633,0.4974162,0.6068902,0.6423262,0.60727745,0.56914175,0.53573805,0.5701601,0.4824423,0.62178034,0.5732096,0.626467,0.5821689,0.536528,0.6941668,0.56056917,0.5610605,0.5743828,0.60800195,0.5320996,0.5320906,0.5086604,0.58977836,0.6365054,0.5909659,0.53068733,0.53754234,0.5198492,0.5180739,0.60156476,0.5857688,0.5195603,0.67801565,0.69852,0.58144003,0.5635937,0.51706207,0.52936316,0.6092156,0.6026931,0.5690494,0.5738604,0.5551586,0.5529259,0.5767712,0.5726239,0.5340811,0.5328561,0.5654251,0.5606746,0.5882698,0.5702872,0.5513336
246,0.61564577,0.6188686,0.59023476,0.5859652,0.582692,0.60041124,0.5627891,0.5565399,0.55266887,0.5645162,0.5538699,0.5788638,0.5890735,0.7280911,0.71498984,0.62868035,0.61415577,0.56330746,0.602663,0.6496192,0.6348963,0.57976353,0.62523675,0.5319429,0.5441369,0.5932233,0.61827457,0.5594972,0.602695,0.7017495,0.67896897,0.7407319,0.755174,0.7547474,0.7528047,0.6116738,0.5385024,0.58405787,0.5781576,0.563635,0.5590099,0.5472703,0.5261587,0.5515333,0.50355434,0.50456625,0.5650651,0.61589503,0.5929519,0.5707778,0.5500771,0.5635863,0.5356664,0.59249365,0.54492867,0.5304753,0.61276525,0.6143597,0.62464327,0.5713298,0.6860355,0.73822093,0.63103354,0.7175123,0.7173784,0.6725191,0.6199402,0.68066216,0.70179933,0.6018632,0.6619466,0.6853262,0.6439888,0.56960315,0.5713883,0.6170497,0.55652785,0.5341864,0.5794256,0.53047884,0.58694994,0.5619167,0.57507825,0.55983025,0.57856596,0.6493754,0.6339483,0.62691754,0.6501516,0.61086094,0.6083149,0.57515186,0.5377478,0.6392658,0.55991906,0.5412124,0.6006302,0.6421402,0.4733574,0.49238265,0.5088165,0.52923936,0.5243724,0.5013027,0.47640198,0.527306,0.49978653,0.52425003,0.5564651,0.5704488,0.61097634,0.68563396,0.4526132,0.5112049,0.50350434,0.5285682,0.55969757,0.5818313,0.58984673,0.6160024,0.5836258,0.54935306,0.5441201,0.48202297,0.5196463,0.5755509,0.5243079,0.5746637,0.56597435,0.62883925,0.5633291,0.6370193,0.5653639,0.5397726,0.53954136,0.54622597,0.5543176,0.5716749,0.55584127,0.5464688,0.58586895,0.56610364,0.5210867,0.616578,0.6157598,0.551004,0.46598542,0.51258475,0.61759764,0.6561089,0.6635255,0.5659353,0.5424242,0.5387881,0.55370563,0.6290962,0.60877836,0.63193077,0.6033769,0.5231495,0.73685396,0.67262375,0.53775895,0.59434587,0.62137175,0.5714703,0.5490287,0.50974274,0.5814844,0.67234915,0.54395795,0.51461124,0.5062223,0.51163656,0.5012182,0.6347724,0.6062839,0.53460246,0.6542391,0.69527084,0.6190154,0.58625233,0.5515398,0.5839515,0.5971288,0.6076291,0.5714432,0.5499961,0.53473353,0.5509604,0.5471335,0.5948468,0.5892116,0.7114388,0.68973213,0.600049,0.6344892,0.56788695,0.59761846,0.64666194,0.6247574,0.63945955,0.58082986,0.52473867,0.52943766,0.6194841,0.5927758,0.57389104,0.5483544,0.70703024,0.64893794,0.7414249,0.7397763,0.7315027,0.76195925,0.56373876,0.54425675,0.54214823,0.57192874,0.54058504,0.542215,0.52294594,0.49508107,0.51552564,0.48479593,0.49913633,0.54217345,0.59397095,0.5776324,0.5756989,0.54504204,0.5589309,0.5299335,0.5577383,0.54092085,0.5244059,0.5997353,0.6037528,0.544688,0.51882297,0.7314219,0.68689954,0.60694677,0.7113937,0.71167,0.6317052,0.6383752,0.67426914,0.697335,0.6336447,0.7138358,0.6525373,0.62689936,0.57768,0.6251131,0.5842942,0.5680466,0.51617634,0.5464369,0.5349211,0.5884569,0.5630682,0.5904565,0.5527989,0.598889,0.63812804,0.6094902,0.6501301,0.686531,0.62777114,0.60165256,0.5549375,0.5487092,0.662258,0.5626263,0.5163525,0.57169044,0.60009223,0.4879574,0.47402206,0.518998,0.54623157,0.51703554,0.5143109,0.44838676,0.5283246,0.508944,0.5276033,0.56989026,0.55809534,0.6268894,0.6770015,0.47570065,0.46404508,0.4575364,0.5151375,0.53407127,0.57365113,0.6075218,0.6104707,0.56679475,0.53565544,0.6053706,0.4901671,0.5319235,0.5467315,0.5340877,0.5871477,0.60135883,0.64680433,0.5770403,0.60198647,0.59489703,0.5430072,0.5456035,0.5642387,0.5562507,0.60178876,0.5650527,0.5611059,0.5778787,0.55655,0.51006424,0.5725511,0.61678267,0.54810053,0.446001,0.4976218,0.61116225,0.67873055,0.6339438,0.588197,0.5383218,0.5597843,0.50640434,0.6311222,0.5762084,0.622108,0.59241605,0.53055865,0.73686576,0.59972167,0.55538136,0.5864691,0.62776285,0.53297424,0.5322841,0.51393855,0.5802107,0.64375645,0.58524334,0.53220195,0.5176527,0.49889204,0.50318515,0.63609076,0.5887447,0.50603324,0.6764281,0.705294,0.58733517,0.570713,0.5255577,0.5385976,0.61107016,0.6086446,0.58043694,0.58496016,0.55996597,0.56222695,0.592147,0.5885905,0.5382441,0.53248566,0.56429213,0.56299037,0.60343677,0.58427095,0.56299204
247,0.6393273,0.62502545,0.6081139,0.6051742,0.5989021,0.60938424,0.55420893,0.57731247,0.5732405,0.5545263,0.5457657,0.5613774,0.6025033,0.7464707,0.73335254,0.63764364,0.6093633,0.5691872,0.6106492,0.6443856,0.63018143,0.5807887,0.63587993,0.5231184,0.5204982,0.57365227,0.64545685,0.5615294,0.6307113,0.73394793,0.7231467,0.75121975,0.7921551,0.78405356,0.77260876,0.654168,0.57304615,0.6041038,0.62801826,0.590168,0.5894047,0.58939743,0.53189,0.56176364,0.5315244,0.53667057,0.5839611,0.6124214,0.5918397,0.5854834,0.5692953,0.58485794,0.5557514,0.60988957,0.57678,0.52905446,0.61868364,0.6204746,0.6325349,0.57816994,0.6930228,0.739868,0.6207459,0.7345926,0.74226093,0.68414474,0.6258604,0.702646,0.70979774,0.5954411,0.670955,0.71049875,0.6431991,0.5558739,0.5505561,0.59322935,0.5580434,0.5342191,0.561448,0.5290081,0.5784621,0.5536586,0.58674014,0.5631404,0.5664629,0.6404784,0.63096726,0.6394886,0.6510913,0.61188537,0.5929648,0.57947606,0.5379178,0.62612665,0.5684353,0.5593241,0.6127939,0.64751184,0.48923334,0.49641922,0.5247622,0.54412675,0.5219666,0.50059456,0.49160787,0.53360736,0.49311042,0.51106805,0.540181,0.5791802,0.577246,0.6705022,0.4652724,0.52027833,0.5111252,0.5424709,0.56531787,0.5911798,0.60191476,0.6281475,0.61034334,0.56632334,0.542915,0.46963188,0.5135552,0.597953,0.5474167,0.5821753,0.5543297,0.6312198,0.56973034,0.65434873,0.580156,0.53990644,0.54565644,0.5541345,0.56822807,0.58076936,0.54623723,0.5553694,0.61294794,0.5873524,0.5523447,0.6230158,0.6400709,0.5698533,0.47810617,0.5208412,0.61790144,0.6741575,0.6953836,0.57894886,0.5446729,0.5292497,0.58965117,0.6301777,0.60496473,0.62415653,0.6067753,0.5219685,0.75074285,0.7021008,0.535453,0.6098181,0.63335294,0.57852864,0.5482431,0.52208996,0.55614763,0.6790882,0.53885996,0.5058861,0.4914668,0.50274324,0.4894451,0.6612851,0.6080422,0.5269753,0.64032733,0.68476397,0.6411011,0.5840424,0.5663902,0.59728956,0.60815424,0.60736215,0.56134176,0.57020843,0.55761963,0.5518614,0.5441208,0.5905902,0.60114944,0.7337734,0.70650554,0.6081617,0.6202345,0.564903,0.5956148,0.6382274,0.61174196,0.6293579,0.5850862,0.5115388,0.52032816,0.6123488,0.62035996,0.57643837,0.57100165,0.7357856,0.697166,0.7519537,0.7846397,0.7620582,0.7881642,0.607391,0.5796445,0.5589213,0.6255988,0.5687698,0.5693875,0.5608514,0.5011177,0.5206035,0.518139,0.5128475,0.56809694,0.59180313,0.583548,0.57507235,0.56642,0.5833624,0.5495285,0.5793595,0.5726051,0.5284135,0.61438483,0.6057611,0.5509915,0.52196676,0.7427697,0.6743173,0.5872524,0.7157796,0.749674,0.6580362,0.63638705,0.6984778,0.7107597,0.64295375,0.7198001,0.6652529,0.62811255,0.5592032,0.6194209,0.57581884,0.56276774,0.51053196,0.5291188,0.5255441,0.59683305,0.5644849,0.58292884,0.550968,0.5827914,0.62617314,0.6110198,0.67734134,0.6657554,0.62495023,0.5767001,0.55615,0.5479391,0.6598237,0.573302,0.5307394,0.57892424,0.5962417,0.50510204,0.47663882,0.53471977,0.5685327,0.51353717,0.5231033,0.46339992,0.53337747,0.5026077,0.50887924,0.5505028,0.5677179,0.5912694,0.6749423,0.4863532,0.4681494,0.46042135,0.5227936,0.5374681,0.5870897,0.6229515,0.6233802,0.58627343,0.54459476,0.60915846,0.47746515,0.5271168,0.56669563,0.54834795,0.59942734,0.5930733,0.65091544,0.5874897,0.6122286,0.6093082,0.54534423,0.5530723,0.5769134,0.56628925,0.5931911,0.5571299,0.5661549,0.6007228,0.57350075,0.53400123,0.5683978,0.63351816,0.55259216,0.4551199,0.50139415,0.60153025,0.70444524,0.6541573,0.6036874,0.53767055,0.543522,0.53993356,0.6336729,0.57598686,0.6065039,0.59783995,0.5214676,0.7607129,0.63522726,0.5476231,0.5996745,0.6463191,0.53359264,0.5336919,0.5208459,0.5576054,0.63741297,0.5687408,0.5318568,0.5044419,0.48699197,0.49367416,0.66400397,0.5846072,0.49561512,0.657092,0.7006419,0.5902986,0.5742143,0.53729755,0.5498388,0.60538995,0.6068083,0.58723235,0.5925755,0.56374866,0.5695315,0.60597104,0.60286945,0.5430662,0.5319235,0.5605649,0.5633101,0.6151427,0.5947742,0.5731024
248,0.6493234,0.6187891,0.6127572,0.6111431,0.60301954,0.6070075,0.53887653,0.59049773,0.5847344,0.5338436,0.53383756,0.5299059,0.6004146,0.7507508,0.73660463,0.6283626,0.5926422,0.57101166,0.60547984,0.62106067,0.6126768,0.5755632,0.63423574,0.5165884,0.48854995,0.54152757,0.66100633,0.5586595,0.6490472,0.753693,0.7541443,0.748963,0.81493837,0.7986695,0.7789089,0.68263245,0.60318905,0.61800903,0.6671271,0.61013705,0.6139433,0.62687415,0.53219914,0.56715566,0.5593106,0.56690234,0.5985212,0.5962016,0.58228135,0.5940826,0.5806492,0.598701,0.5688527,0.61871845,0.60444206,0.52568364,0.6145482,0.6194741,0.6314049,0.5773096,0.6935038,0.7317076,0.6008809,0.7429271,0.7577684,0.68910265,0.62587863,0.71546304,0.70811087,0.58415526,0.67251855,0.7302544,0.6308084,0.534332,0.51859206,0.56051797,0.5580448,0.5330999,0.5311891,0.5238044,0.5570346,0.5397671,0.59491885,0.5625384,0.5469776,0.6194008,0.6178287,0.64587355,0.6428931,0.604042,0.5713462,0.5825487,0.53749347,0.60476565,0.56712437,0.57566,0.6173431,0.6471837,0.50776386,0.5015963,0.54131836,0.5566181,0.522621,0.5033013,0.5137408,0.5394985,0.49095786,0.49418193,0.52030164,0.5827153,0.5354834,0.64664996,0.48424074,0.52918345,0.52333724,0.5578715,0.5689058,0.59659594,0.60905266,0.6334513,0.6262305,0.5819211,0.5343952,0.46602988,0.505342,0.6152339,0.5717991,0.5804641,0.5305883,0.62353694,0.57108086,0.66520274,0.5928989,0.53937536,0.552219,0.5618495,0.5784327,0.58610934,0.53039134,0.5593078,0.6329757,0.600012,0.5809472,0.6186385,0.6539962,0.58179057,0.49655563,0.5311065,0.61088127,0.67961913,0.7182308,0.5793162,0.54138654,0.5147337,0.6233126,0.6182679,0.5924789,0.60199594,0.5967011,0.51847535,0.7487258,0.7192432,0.5315315,0.62174505,0.64212364,0.58406734,0.5464728,0.5315318,0.52335024,0.6724924,0.53264004,0.49279293,0.4829201,0.49742708,0.4824849,0.6785424,0.6042108,0.52052796,0.6168173,0.6630898,0.64872605,0.5744683,0.57149976,0.5983279,0.6074453,0.5962735,0.5446368,0.5835784,0.57496643,0.54473704,0.5361188,0.57051605,0.5978717,0.74072325,0.70762616,0.6019901,0.59447765,0.5560307,0.5814418,0.61545753,0.59141695,0.6079866,0.58161026,0.5014843,0.50705665,0.5866651,0.63533586,0.5697123,0.5841172,0.7496247,0.7311348,0.7492719,0.8133671,0.7777055,0.7991744,0.64068455,0.609765,0.57223815,0.6693927,0.59304667,0.5922526,0.5969853,0.5042079,0.5218002,0.54996383,0.52349436,0.592145,0.5778934,0.5830679,0.5659869,0.5815,0.60172373,0.563242,0.59735394,0.6004174,0.53039265,0.6215994,0.60082155,0.5529978,0.5211731,0.74460304,0.64952546,0.5552585,0.7084277,0.7758179,0.6771556,0.6243751,0.7118027,0.71207565,0.6430874,0.710646,0.6690531,0.6152803,0.5295104,0.5950485,0.5597662,0.5520887,0.5018718,0.49936256,0.5093458,0.5937405,0.5599264,0.5645237,0.5426859,0.55450016,0.59963554,0.60342246,0.69610023,0.6314148,0.6114584,0.54148227,0.55428153,0.5454263,0.6461667,0.57156396,0.544482,0.5754512,0.5839684,0.5239739,0.47986382,0.55078316,0.58606946,0.5146854,0.53486514,0.48848215,0.5359588,0.5027054,0.4847564,0.5246918,0.57385087,0.5443356,0.6631969,0.50044197,0.4756619,0.46910432,0.5325228,0.540112,0.59701794,0.6308446,0.6290149,0.5951049,0.5523176,0.60082054,0.47201017,0.5210788,0.58337635,0.5606613,0.60145307,0.5688794,0.6417754,0.59276855,0.6179335,0.616063,0.5446852,0.5592984,0.58299863,0.57012933,0.57819974,0.53876984,0.5631902,0.6151014,0.5818785,0.55511713,0.55471563,0.6365748,0.5493193,0.4729934,0.50624794,0.579794,0.7165078,0.664464,0.60784084,0.53045917,0.52206445,0.5730182,0.62430745,0.5713719,0.5783703,0.59201545,0.5074746,0.7663624,0.6586307,0.53682965,0.6123044,0.66102594,0.534677,0.53384054,0.5254823,0.5252552,0.6185062,0.54223186,0.5297094,0.49638167,0.48165393,0.48928583,0.68247575,0.5739485,0.48855993,0.6236262,0.6862086,0.59020454,0.5735745,0.54868525,0.56014246,0.59202796,0.5968221,0.58701575,0.5934432,0.5650824,0.5728731,0.61449033,0.6113152,0.5473307,0.5313632,0.5538786,0.56027627,0.6192648,0.5984117,0.5779225
249,0.6409173,0.59939593,0.6021512,0.60033464,0.5915883,0.5910354,0.51872927,0.5925106,0.58304137,0.503444,0.5180185,0.4888915,0.5791213,0.74114984,0.7258878,0.59849936,0.56505287,0.5672972,0.5838853,0.5796,0.58213764,0.562229,0.6183299,0.5112307,0.4536784,0.5015815,0.66095465,0.54940635,0.6524514,0.7579467,0.7671122,0.73428917,0.8234183,0.7969206,0.7720766,0.69056743,0.6191636,0.62070036,0.6855686,0.6181649,0.62494475,0.6502439,0.5261266,0.56488293,0.5790805,0.58701277,0.6071815,0.56681,0.5653754,0.594257,0.5815743,0.60316956,0.57074654,0.6184143,0.62058157,0.5241526,0.5991317,0.6089946,0.6192892,0.5665225,0.68797827,0.71409214,0.5709262,0.741784,0.7617422,0.68426675,0.616434,0.7151118,0.6970751,0.5667367,0.6641731,0.73782027,0.60889,0.5037172,0.479964,0.5240298,0.5520283,0.5292084,0.49182588,0.5124492,0.5228863,0.5177283,0.5926427,0.5556623,0.52080643,0.58919346,0.5963764,0.6441112,0.6250894,0.5892098,0.5473272,0.580019,0.5361068,0.5790437,0.5519369,0.58565545,0.60939384,0.6388867,0.5229208,0.5073665,0.55427116,0.56148607,0.5244454,0.5062737,0.536354,0.5412408,0.49154946,0.47549134,0.4988481,0.5796413,0.49341166,0.62035036,0.5044976,0.53274804,0.53769696,0.57350445,0.571874,0.5957897,0.6092468,0.6301071,0.62467325,0.59064746,0.5195929,0.46909603,0.49539274,0.62247986,0.58873326,0.5701118,0.4990469,0.606403,0.567078,0.6669277,0.5969846,0.53761333,0.55665094,0.565563,0.57886285,0.5846124,0.5104928,0.5567063,0.6396092,0.5993984,0.59745413,0.6012079,0.65132993,0.5804051,0.51921165,0.5398147,0.59464693,0.67048997,0.7258171,0.5634618,0.5301801,0.4969246,0.6447725,0.59326404,0.5731113,0.5652864,0.5707524,0.51110196,0.73159754,0.71914166,0.52607286,0.62670815,0.64405435,0.5865216,0.5415467,0.5351639,0.48761395,0.6518587,0.519451,0.47762096,0.47999963,0.49338183,0.4799278,0.68413115,0.5951612,0.51565695,0.58615434,0.63410085,0.6375429,0.55641216,0.5644563,0.58462876,0.5925402,0.57357985,0.5223315,0.58625376,0.5806412,0.5286073,0.52369046,0.53882796,0.57626754,0.73194975,0.69545627,0.5792032,0.5605232,0.5429898,0.5524295,0.57813835,0.5645235,0.57567203,0.56829655,0.4938347,0.49140513,0.54689693,0.6338388,0.5556437,0.58524024,0.7490638,0.7461713,0.734749,0.8264315,0.7766792,0.7968291,0.655068,0.62429166,0.57721996,0.6917632,0.6063402,0.60372794,0.6207214,0.5028935,0.51829,0.570447,0.5268674,0.6107518,0.55157274,0.5748103,0.54945594,0.58656406,0.61035365,0.5666373,0.6091105,0.61684054,0.53264296,0.61805624,0.58773154,0.5475757,0.5146175,0.7383128,0.6175291,0.5176087,0.6920403,0.78677475,0.6839652,0.60509026,0.7136186,0.70419455,0.63417584,0.6920468,0.6631315,0.5933702,0.49478474,0.55821735,0.53897786,0.5375401,0.4926581,0.46566513,0.49003607,0.5797176,0.54855365,0.53914005,0.52985674,0.5207512,0.5641953,0.5862914,0.7043767,0.5922695,0.5924833,0.5044126,0.54787505,0.5419807,0.6247627,0.5564206,0.5547792,0.5615313,0.5662107,0.53905493,0.48352626,0.561732,0.59153587,0.5170149,0.5443359,0.5170687,0.5345859,0.5076123,0.46038193,0.49722233,0.57402843,0.49672085,0.64513403,0.51439023,0.48248956,0.48167384,0.54583496,0.5440421,0.6015762,0.62832624,0.62589073,0.5889901,0.55614173,0.58400285,0.4715573,0.5152288,0.59039634,0.564344,0.5947002,0.5351912,0.62365335,0.5931714,0.61916435,0.6119108,0.5407923,0.5622728,0.579561,0.56641287,0.5580462,0.5143522,0.55276257,0.6158013,0.57745206,0.56576544,0.53592974,0.6254964,0.53535104,0.498475,0.51032585,0.5516708,0.7148164,0.6633013,0.5962335,0.51635295,0.49828428,0.59526986,0.60041094,0.56214887,0.53889465,0.57138294,0.488799,0.7560891,0.66474223,0.5227898,0.6220106,0.66915005,0.53629315,0.531908,0.525642,0.4893222,0.5906946,0.51035637,0.5267983,0.491464,0.47992286,0.48980808,0.6912298,0.5589822,0.48522082,0.5830535,0.6643667,0.5870888,0.5692907,0.5566886,0.56712186,0.5723775,0.5799035,0.5790535,0.58579814,0.5628322,0.5711454,0.61529386,0.611417,0.5497308,0.53062356,0.54490566,0.5536584,0.61325425,0.5935067,0.57520074
250,0.6139368,0.57020277,0.5790226,0.574425,0.56628877,0.5632269,0.4971415,0.5835235,0.56930435,0.4678109,0.4993757,0.44621557,0.5414591,0.71826166,0.70246893,0.5515336,0.52995837,0.5585475,0.5468004,0.5249068,0.5414749,0.5415588,0.59040767,0.50697905,0.42291722,0.461135,0.6452709,0.53590924,0.6391487,0.74594957,0.76078314,0.7087431,0.8178108,0.77852654,0.7530045,0.67702305,0.6170222,0.61081207,0.68057233,0.6135904,0.6199867,0.65587896,0.51502115,0.55454373,0.5860212,0.5918838,0.6101851,0.52663577,0.5423317,0.58526134,0.57436526,0.6003308,0.5618737,0.61151373,0.6220272,0.5277915,0.5753837,0.5902334,0.5972835,0.5465977,0.6768122,0.68849176,0.5342883,0.7310361,0.7530285,0.66896105,0.5972606,0.7009491,0.67853826,0.5449509,0.64650065,0.7297806,0.5815802,0.46713102,0.44181913,0.49054122,0.53965896,0.5223551,0.45074016,0.4949434,0.48110542,0.48931357,0.5771933,0.5422641,0.49123403,0.5546643,0.5706646,0.6342772,0.5997619,0.5718156,0.52530795,0.5703431,0.5338795,0.5536954,0.5233942,0.5867002,0.5879769,0.62224823,0.53169596,0.5147585,0.5628468,0.5575611,0.5270775,0.50851727,0.55508786,0.53813803,0.4951533,0.45769173,0.47885114,0.5711429,0.4578921,0.5971635,0.52200204,0.5294119,0.55221635,0.58854717,0.57492495,0.588162,0.602147,0.6188766,0.6049543,0.5900228,0.5020558,0.4775852,0.48648438,0.6176475,0.5925707,0.55457735,0.46697468,0.5830968,0.5591093,0.6593487,0.5896137,0.53462374,0.55724275,0.5633496,0.56753826,0.57469904,0.49119186,0.54892576,0.6303348,0.5844146,0.59614444,0.5719545,0.6306992,0.5628495,0.5445457,0.5447592,0.5703967,0.6480564,0.71565676,0.5332142,0.51240236,0.4789186,0.6485659,0.5587576,0.5499564,0.5171822,0.5312447,0.49995244,0.70195687,0.7005995,0.51990867,0.62303656,0.63758105,0.5844605,0.5336291,0.5334903,0.454236,0.61955017,0.49824026,0.46379846,0.48270902,0.49066052,0.48250788,0.67808384,0.583069,0.51367927,0.5520329,0.6028115,0.6078134,0.5313281,0.54755634,0.55840254,0.5650245,0.54163444,0.49710193,0.57832026,0.5737395,0.50552183,0.5078628,0.5032334,0.53879267,0.70802844,0.67283005,0.5423165,0.5221434,0.5284487,0.5099164,0.5287713,0.5331988,0.53482205,0.5464116,0.48854625,0.4763296,0.5023318,0.61617947,0.5384225,0.5750879,0.7367434,0.7414824,0.7113191,0.825352,0.7591814,0.7830978,0.6489499,0.61906636,0.57209444,0.6895932,0.6066645,0.60125005,0.6271661,0.49781424,0.51133764,0.5738218,0.5196648,0.62259024,0.5154121,0.55854326,0.52728504,0.5827211,0.6098588,0.5596916,0.6153001,0.6185635,0.5375826,0.6038985,0.5680319,0.5344034,0.50274104,0.7250806,0.585547,0.48375425,0.6700412,0.7818042,0.6775159,0.5839847,0.70567167,0.6911762,0.6198469,0.6715468,0.6495711,0.5698082,0.46383375,0.51879555,0.518828,0.5237323,0.48571923,0.43851244,0.47173983,0.55891967,0.53230345,0.51359344,0.51558214,0.49111938,0.5277471,0.56293654,0.7025936,0.55712336,0.5745418,0.47464284,0.5384503,0.5390241,0.6010547,0.53076535,0.55941534,0.5414048,0.5487347,0.54761636,0.48921347,0.566443,0.58363193,0.51868844,0.5490222,0.54347306,0.5299629,0.51617634,0.4408813,0.47378823,0.568343,0.4586764,0.6246567,0.5255346,0.4872126,0.49667892,0.5632139,0.5498613,0.60050374,0.6156762,0.61535,0.56941813,0.5549294,0.5646153,0.47509488,0.5123596,0.5845701,0.5554017,0.58291155,0.5014471,0.6029447,0.5900942,0.6168326,0.59733313,0.5347997,0.561054,0.5662841,0.55584276,0.5338683,0.49079362,0.53801215,0.6012429,0.5595215,0.56073236,0.5179155,0.6036254,0.5099187,0.52948093,0.5126367,0.5257579,0.7019384,0.6522445,0.5688678,0.4978867,0.47539175,0.60067785,0.56361413,0.548782,0.49137312,0.5365546,0.4671534,0.73320776,0.6527365,0.5061246,0.6268616,0.66940784,0.5378342,0.528773,0.5221586,0.45713493,0.5603456,0.48165813,0.52464116,0.48880896,0.48037818,0.49600968,0.6917266,0.5436986,0.48595276,0.5442289,0.6378057,0.58109254,0.562495,0.560045,0.56990296,0.5494178,0.55878276,0.5646197,0.57011163,0.5566684,0.56460965,0.6085541,0.6035558,0.5494643,0.52942586,0.5351173,0.54452753,0.5972949,0.5808093,0.5650031
251,0.572579,0.5379078,0.5496058,0.539091,0.5327914,0.52877545,0.47750297,0.5675373,0.54952204,0.43403327,0.4801304,0.41089022,0.49623662,0.68346226,0.66787714,0.49710548,0.49279663,0.54724133,0.49996215,0.46648616,0.49708238,0.5169403,0.5565671,0.50506014,0.402803,0.42848173,0.6180878,0.52329504,0.6113687,0.7196554,0.7365022,0.6759557,0.79852116,0.74491346,0.72397405,0.64602035,0.59884316,0.5905642,0.6551468,0.60014915,0.60183764,0.6453472,0.50246286,0.5386599,0.5790981,0.580529,0.6093801,0.48119992,0.51480556,0.5677933,0.564966,0.5951144,0.5470832,0.603002,0.61030465,0.5391295,0.5496427,0.5678791,0.5695979,0.5215965,0.66107434,0.6586075,0.49834824,0.71174604,0.7318796,0.6445576,0.57224596,0.6759196,0.65655977,0.5237792,0.62323606,0.7064447,0.55457085,0.4315305,0.4119514,0.4667264,0.52486783,0.51389235,0.41681138,0.47362942,0.440476,0.45935768,0.5508312,0.5238556,0.46307155,0.52164924,0.5464503,0.6188213,0.5719692,0.557308,0.5085303,0.55487,0.53115535,0.53334045,0.48653686,0.5790509,0.5569671,0.59996796,0.5351772,0.5256772,0.56957585,0.5480717,0.53120327,0.5116554,0.56872416,0.5324921,0.5035988,0.44374904,0.4637433,0.5600958,0.43374234,0.5804376,0.5350489,0.5210126,0.56605965,0.602539,0.5779241,0.5750196,0.5892409,0.6028627,0.5723083,0.5809335,0.48671225,0.49173686,0.48273364,0.60244507,0.5827439,0.5391825,0.4422605,0.55914754,0.54989386,0.6452895,0.5724009,0.5309233,0.5536773,0.5552182,0.5466233,0.5568106,0.47760335,0.53919077,0.6072457,0.5580676,0.5767394,0.5355293,0.5955183,0.530943,0.5715347,0.5452128,0.5428725,0.61752594,0.689317,0.4955196,0.49256277,0.4638628,0.63486886,0.5216709,0.5265218,0.46437258,0.48531705,0.48676917,0.66535646,0.6661999,0.51448053,0.61150825,0.6237831,0.57750577,0.5246335,0.5302284,0.42852744,0.5811862,0.47328696,0.45445597,0.49157768,0.49154225,0.49211752,0.6630709,0.57165515,0.5159034,0.5193484,0.57463264,0.5642876,0.503438,0.52626836,0.5251711,0.5295841,0.5051518,0.47195998,0.5638801,0.55884105,0.4801349,0.49018538,0.47270417,0.49295318,0.67096305,0.6426043,0.4985975,0.48359182,0.5154514,0.4600377,0.473254,0.5013893,0.49021018,0.5207066,0.4864287,0.46500313,0.46466756,0.5872869,0.5229442,0.5576708,0.717546,0.7192556,0.68361586,0.81208634,0.7273092,0.7603792,0.6269045,0.59633255,0.5581182,0.6662857,0.5971087,0.5871255,0.61742014,0.49163288,0.5038006,0.5597814,0.50121033,0.6285907,0.47523814,0.5358014,0.50180835,0.5752371,0.6045764,0.5469881,0.619434,0.607198,0.54756385,0.5828725,0.54612184,0.5161729,0.48828536,0.706388,0.56107104,0.46260828,0.64625156,0.76206535,0.6600265,0.567724,0.69190687,0.67806375,0.6061505,0.656513,0.6328182,0.552261,0.44489184,0.48751986,0.50534993,0.5161846,0.48318225,0.4258553,0.45733052,0.53745073,0.5141815,0.4947088,0.5026575,0.473603,0.49766326,0.53936124,0.69350976,0.5318921,0.5636999,0.4582167,0.52868706,0.53794026,0.5810488,0.50040066,0.5577912,0.5215859,0.5382099,0.5504986,0.49949685,0.567917,0.5670172,0.5198088,0.549936,0.56472427,0.52442735,0.52784646,0.42982975,0.459053,0.5591615,0.4369046,0.6055402,0.532772,0.49073347,0.51344395,0.5838328,0.55694574,0.5949896,0.5965362,0.60115826,0.5429748,0.54949933,0.5488711,0.48343563,0.5156608,0.56748265,0.5347319,0.5710644,0.47705045,0.5868994,0.58552516,0.6126617,0.5763345,0.5285603,0.5561692,0.5456254,0.5408322,0.50727606,0.47479674,0.52352774,0.57433254,0.5313331,0.5393384,0.5057565,0.57700825,0.47581565,0.56363726,0.5130319,0.51026374,0.6830023,0.63563216,0.5307667,0.47911412,0.45577133,0.5896111,0.52060103,0.5327659,0.44141656,0.4930897,0.44535658,0.70250183,0.6260201,0.48867217,0.6261189,0.6626523,0.5385175,0.5262552,0.5187446,0.4352363,0.53484905,0.46460316,0.5243139,0.48923042,0.48359203,0.5092999,0.68673164,0.5323751,0.49066404,0.51504475,0.6094825,0.5726429,0.5545819,0.55914587,0.5691126,0.52705777,0.53722835,0.5467463,0.54912055,0.5473617,0.5549445,0.59681284,0.5907105,0.54667497,0.5278852,0.5264558,0.5350439,0.57437986,0.56324404,0.54965264
252,0.52493066,0.51041925,0.5217006,0.50220233,0.49881876,0.4949044,0.4628317,0.55129933,0.5323191,0.40913907,0.4629765,0.38980383,0.45530903,0.6397273,0.6247279,0.4485452,0.45956394,0.5368273,0.45314062,0.4156349,0.45745897,0.49325794,0.5249702,0.5069397,0.39749148,0.40996936,0.58607674,0.51671886,0.5743214,0.68371654,0.6978286,0.64138526,0.7665908,0.70018417,0.6888002,0.60663754,0.5713725,0.56439567,0.6177854,0.58451784,0.5776435,0.62406933,0.49357376,0.52171457,0.56030655,0.5550587,0.6072602,0.43806845,0.48539984,0.54308623,0.560137,0.59289694,0.53374535,0.5984674,0.5914088,0.5591301,0.528787,0.54729843,0.54189026,0.49780372,0.6422177,0.629117,0.4708821,0.68578887,0.7002004,0.6135418,0.5475085,0.64523804,0.6361023,0.5087491,0.59936625,0.6711767,0.5331608,0.40393096,0.39611772,0.45659578,0.5131642,0.50557023,0.39683712,0.45188573,0.4095541,0.43268377,0.5189954,0.50297844,0.4408553,0.4953299,0.5291945,0.60165447,0.54766214,0.5498368,0.49803418,0.53637195,0.528199,0.5209214,0.44858074,0.56525517,0.5232465,0.57641745,0.537733,0.5416229,0.5782415,0.5389013,0.5373418,0.5185775,0.57871485,0.5274864,0.51823556,0.43629122,0.45627725,0.5494915,0.4229919,0.5706305,0.5447295,0.51138854,0.5786746,0.61419845,0.5794912,0.5589191,0.5731622,0.5862493,0.5360932,0.5663596,0.4784639,0.51203567,0.48775944,0.5812955,0.56274885,0.52952266,0.4309534,0.54021424,0.5426562,0.62936795,0.5497732,0.52714854,0.54679275,0.54209596,0.52028996,0.5330756,0.47336644,0.53061634,0.57618093,0.5265431,0.54371357,0.49798796,0.5526075,0.49044326,0.5988556,0.54096293,0.51815295,0.5865233,0.65178406,0.46063027,0.4761773,0.45426115,0.6079994,0.49024135,0.5057713,0.41596237,0.4429483,0.47422007,0.6290847,0.621673,0.511391,0.59473425,0.6053365,0.5667067,0.51668,0.53030986,0.41431493,0.54357195,0.4510815,0.45172855,0.50660026,0.49849713,0.5102468,0.64372134,0.5642762,0.52243555,0.49266523,0.5535244,0.51561284,0.4785775,0.50705737,0.49189374,0.4928231,0.4702122,0.44984013,0.54975855,0.5440021,0.45808458,0.4730602,0.45430183,0.4492344,0.6251546,0.6080448,0.4584051,0.44958666,0.50685376,0.412578,0.42036703,0.4742866,0.44845447,0.49778777,0.4883573,0.45994866,0.44324544,0.5550744,0.5132446,0.53852826,0.6975627,0.6843515,0.6570633,0.789288,0.6856155,0.73203045,0.59832394,0.56350774,0.5384747,0.630871,0.5841342,0.56784284,0.59714496,0.48834792,0.49893323,0.53247154,0.47364554,0.6308542,0.4385139,0.50995487,0.4753659,0.57083446,0.60030115,0.53593266,0.6256606,0.58910376,0.5642509,0.56082207,0.5270008,0.49721277,0.4755155,0.6839412,0.5488027,0.45912656,0.62387645,0.73048913,0.6353801,0.5613534,0.67734736,0.66939676,0.59871113,0.65124816,0.6178866,0.5459569,0.4426559,0.4723651,0.5027284,0.5186758,0.48584515,0.43068737,0.4480259,0.5207151,0.49636886,0.4866484,0.49280635,0.4719068,0.47836447,0.52158314,0.68107516,0.51854163,0.5636642,0.4565706,0.5203539,0.5393911,0.56895655,0.47167227,0.5511517,0.5078987,0.5393663,0.5514889,0.5165885,0.5708613,0.54986674,0.5214134,0.5504686,0.58096766,0.52063614,0.5418925,0.4289013,0.45531565,0.54954386,0.43340042,0.5903373,0.53717065,0.4953518,0.53169173,0.6053796,0.56380856,0.5869645,0.5764293,0.58793694,0.51836866,0.54189765,0.5412057,0.49798942,0.5271849,0.544514,0.5077273,0.56411797,0.46838266,0.58131146,0.5814427,0.60848725,0.5546433,0.5238154,0.54918694,0.5217144,0.5243556,0.48088896,0.47048494,0.51339865,0.5417683,0.49910635,0.50557625,0.5018333,0.5520379,0.43895906,0.59838164,0.5117505,0.5097339,0.6644798,0.6190215,0.49112365,0.4639954,0.4411639,0.56726074,0.48119175,0.5164247,0.3964745,0.45032802,0.4268896,0.67003965,0.5911779,0.47329944,0.6201628,0.65111566,0.5379067,0.52584416,0.52026683,0.42763814,0.5196669,0.46400145,0.52585936,0.49419376,0.49076852,0.53024316,0.6795046,0.52761483,0.49850565,0.49955502,0.5819454,0.562345,0.5468583,0.55544406,0.56626076,0.5087025,0.51893234,0.5292435,0.526912,0.5365319,0.544603,0.5837316,0.57704586,0.5424149,0.52654403,0.52079344,0.52772695,0.54908717,0.5447727,0.53288984
253,0.48072153,0.4942473,0.50230205,0.47159424,0.4718305,0.4688216,0.4559163,0.54197896,0.5256105,0.39728528,0.45030117,0.38594833,0.4288657,0.59167016,0.5767716,0.41749507,0.4346884,0.5304787,0.4166345,0.3815978,0.43051204,0.47559702,0.5033272,0.51337314,0.40784523,0.40792683,0.5548805,0.5185558,0.5335831,0.64393175,0.6501447,0.6105134,0.7238093,0.6509953,0.6512478,0.57119983,0.543178,0.53718233,0.58102745,0.57378054,0.5565104,0.5993631,0.49262896,0.5075899,0.5330598,0.5188441,0.60524887,0.4043147,0.45708877,0.5122363,0.564549,0.5967484,0.52890563,0.60117996,0.57379943,0.58545697,0.5174273,0.53203577,0.51865053,0.48081747,0.6212689,0.6033128,0.4562842,0.65497655,0.6615452,0.579491,0.52824056,0.6141381,0.6203392,0.50322586,0.57905513,0.62999654,0.51976633,0.38846722,0.3963078,0.46012777,0.5087104,0.49829268,0.39371964,0.43324316,0.39309382,0.41286308,0.48815727,0.48237637,0.42752978,0.47816712,0.52157307,0.58642787,0.53064615,0.5503479,0.4929935,0.518348,0.5252844,0.5166795,0.41584396,0.5482231,0.49327925,0.55504966,0.5443014,0.562783,0.5913114,0.53596646,0.5455648,0.53187937,0.5877634,0.52536505,0.53868383,0.4365788,0.45750967,0.5415,0.42456216,0.5657051,0.55317414,0.5047311,0.5885917,0.6204472,0.57674843,0.5427842,0.5565679,0.5729748,0.50608456,0.5500865,0.4805703,0.53831553,0.50350916,0.5589931,0.5378641,0.5294938,0.43577284,0.5294167,0.5398513,0.615692,0.5270123,0.5238121,0.53818595,0.525577,0.49284804,0.5066929,0.48017108,0.5247124,0.54431164,0.49657902,0.50378984,0.4643606,0.50981885,0.44869098,0.6238691,0.53146017,0.50049114,0.5611922,0.60969585,0.43832153,0.46755594,0.45184815,0.5740974,0.47136766,0.4895618,0.38061312,0.41321206,0.4647899,0.59800947,0.5738746,0.511868,0.575999,0.58549935,0.55399984,0.5112188,0.53757375,0.41248044,0.5116606,0.4374269,0.45673525,0.5268678,0.5127618,0.5368264,0.62460506,0.56209666,0.5321603,0.47442874,0.54052496,0.471763,0.46214458,0.49559888,0.46515504,0.46186137,0.44303915,0.43385604,0.5430532,0.5374911,0.44356054,0.45935374,0.45074877,0.41740757,0.57698023,0.5726101,0.4315313,0.42457116,0.504585,0.3772063,0.37930968,0.45700946,0.41667005,0.48376372,0.4947077,0.46191534,0.44125292,0.5262788,0.5111385,0.5215058,0.6812947,0.6432236,0.6361753,0.7600029,0.6408988,0.7017007,0.5747674,0.53050596,0.5168635,0.59655625,0.5749245,0.5516358,0.57426274,0.4911605,0.49833235,0.49765623,0.44030476,0.6308964,0.4115166,0.48485455,0.44987112,0.57460314,0.60130465,0.53370166,0.6358339,0.5731691,0.58683634,0.5430588,0.5141321,0.48117033,0.4680327,0.6590503,0.5491594,0.47307172,0.6043929,0.69185334,0.6082275,0.5661104,0.66594285,0.6667651,0.6002864,0.6551645,0.60869354,0.551498,0.45718032,0.47543913,0.5119726,0.5322562,0.4927051,0.45087788,0.4437723,0.51135653,0.48030773,0.4901922,0.48629752,0.48574442,0.4701404,0.5135273,0.6685293,0.5158296,0.57429063,0.4674013,0.51447374,0.54314196,0.56572145,0.44873926,0.5412212,0.50309175,0.553148,0.5551417,0.5411357,0.57900864,0.54030395,0.52463615,0.5547204,0.59433657,0.52060163,0.557316,0.43747175,0.4623084,0.5418174,0.44579366,0.5795923,0.54092026,0.503476,0.5506152,0.6240105,0.568062,0.5783546,0.5602997,0.5794447,0.5026495,0.5343405,0.54265046,0.5195029,0.5469292,0.52188075,0.48144847,0.5650943,0.47696486,0.58754206,0.57903266,0.6053425,0.53753024,0.52175456,0.5419839,0.4987028,0.50862485,0.45822436,0.47833538,0.50934345,0.5111598,0.46953127,0.4659562,0.505369,0.53292954,0.4058449,0.63029855,0.50869286,0.5236168,0.6511463,0.6068326,0.4599196,0.45546812,0.43320483,0.54023075,0.45434892,0.5020355,0.36390695,0.41784406,0.41509128,0.64082867,0.55529624,0.463114,0.61007404,0.6373013,0.53601956,0.52792114,0.53052104,0.4346327,0.5164156,0.4806103,0.5284018,0.5048577,0.5027092,0.55782765,0.6721985,0.52963775,0.5082195,0.49698806,0.5568057,0.5509141,0.5403372,0.5510181,0.56306905,0.49607456,0.50621927,0.51522,0.5073571,0.5260789,0.5357713,0.5728272,0.5664162,0.53790927,0.52593863,0.51906765,0.52412885,0.52580076,0.52895194,0.5185109
254,0.44870868,0.49292594,0.49595192,0.45347613,0.45737776,0.45595008,0.45865074,0.5445277,0.5337358,0.39898324,0.4444676,0.39902735,0.42212367,0.5445828,0.5281497,0.40989137,0.4200822,0.5303648,0.3972997,0.3693275,0.42122194,0.4681586,0.49711424,0.5247075,0.43158072,0.42063156,0.5277741,0.5281304,0.49403143,0.605754,0.6012543,0.5868921,0.67395127,0.60473514,0.6138099,0.550768,0.52168053,0.5138743,0.55673254,0.57255167,0.5456504,0.57774425,0.50041854,0.4982535,0.501835,0.4766302,0.6025856,0.3845356,0.43268296,0.47702366,0.5789158,0.6058254,0.5367262,0.6099719,0.56457645,0.6118969,0.51742345,0.5241319,0.50244343,0.47329038,0.5996212,0.5830956,0.45487574,0.6224041,0.6220257,0.5487214,0.5171445,0.58743423,0.610034,0.5075241,0.56535494,0.59152526,0.51384354,0.38632753,0.41065645,0.4737045,0.5125867,0.49225593,0.4067287,0.42149583,0.39168668,0.40302682,0.46481255,0.4649291,0.4239576,0.46976027,0.5228608,0.5757961,0.521496,0.556251,0.49180293,0.5051927,0.52288544,0.5184797,0.3920954,0.53043,0.471305,0.53835434,0.55713767,0.58763677,0.6081435,0.5430771,0.5560601,0.55283237,0.5977674,0.52723384,0.56315386,0.44406754,0.46660194,0.5375495,0.4348275,0.562749,0.5609195,0.5041493,0.59345216,0.61756366,0.56635,0.5295255,0.5419235,0.5660455,0.4897311,0.53626174,0.49362394,0.56932557,0.5295584,0.53995806,0.51404196,0.53992367,0.45543075,0.5263236,0.54225576,0.60663295,0.5089396,0.5213119,0.53005844,0.50884765,0.46878085,0.48168102,0.49781954,0.5217045,0.5183542,0.47353843,0.46439385,0.43758348,0.47363007,0.4125348,0.64237046,0.5169234,0.49098063,0.5440526,0.5698488,0.43432686,0.46890357,0.45730844,0.54035914,0.46868593,0.4787623,0.36359146,0.4014943,0.46018958,0.5722275,0.52965224,0.5163488,0.55892575,0.56823903,0.5412783,0.5094697,0.55318993,0.42105862,0.48775083,0.43592393,0.46939695,0.5510583,0.53425777,0.56978095,0.60924494,0.56380224,0.54386353,0.46523657,0.5345394,0.44129813,0.4574469,0.4958704,0.45021755,0.44303674,0.42870185,0.4271411,0.54838645,0.544677,0.43814185,0.45172465,0.46089596,0.40353593,0.53278536,0.53861827,0.42371106,0.41114452,0.50908756,0.35978717,0.3565657,0.4530523,0.40063745,0.48251194,0.5056779,0.46956316,0.45588458,0.5043104,0.5163702,0.5071717,0.6699648,0.6032017,0.6229261,0.7278852,0.6004702,0.67210764,0.5657189,0.5062857,0.49692807,0.5759117,0.57443863,0.5447321,0.55571806,0.5001174,0.5010478,0.46087384,0.40475237,0.62821394,0.39752242,0.46337068,0.42673537,0.58786714,0.608152,0.5443051,0.64773715,0.56653386,0.6108562,0.5329383,0.5092804,0.4699633,0.466911,0.6333508,0.55925405,0.49945426,0.5883371,0.65333354,0.58452547,0.57925785,0.6596453,0.66870713,0.61047685,0.66432446,0.6071652,0.5651939,0.48409012,0.49311626,0.5309347,0.55491227,0.50096977,0.48065084,0.4440925,0.509644,0.46823636,0.5029933,0.48249778,0.51090753,0.4702392,0.51673675,0.65788925,0.52039725,0.59108377,0.48573977,0.5126939,0.5482411,0.5695528,0.43259692,0.5290201,0.5062546,0.5764942,0.56399417,0.5711958,0.59315395,0.54333425,0.5306643,0.5658801,0.6063696,0.5252598,0.57340366,0.4524313,0.47756973,0.5373916,0.46823052,0.57255244,0.5451492,0.5159487,0.5678121,0.63502073,0.5663582,0.57083726,0.5510596,0.5778218,0.49955967,0.52871484,0.55144125,0.5471797,0.57275,0.5045689,0.46192542,0.57426304,0.49934325,0.6017133,0.5786456,0.6034876,0.5283122,0.5229115,0.53643817,0.48035815,0.49491417,0.44271734,0.49589187,0.5107197,0.48855627,0.44777095,0.42742068,0.5126364,0.5202542,0.3811189,0.6545843,0.5033766,0.54669154,0.64432544,0.6006629,0.44420543,0.4553666,0.43308258,0.5146203,0.445197,0.49100396,0.3483613,0.4020457,0.4122491,0.61655474,0.5240441,0.46040133,0.59772444,0.62391627,0.5332176,0.5322456,0.55025154,0.45277643,0.5230568,0.5112516,0.530816,0.52184856,0.519929,0.5895937,0.66569567,0.5366295,0.518674,0.5033757,0.5356192,0.5397241,0.5358753,0.5481812,0.5611323,0.4896318,0.4998763,0.506319,0.4932703,0.5178535,0.52987665,0.56688607,0.56159073,0.5338701,0.5263243,0.521063,0.5242291,0.50802255,0.5182474,0.50935835
255,0.43481204,0.5060082,0.50387836,0.45138183,0.45820218,0.45871097,0.47074363,0.559494,0.5558181,0.41177288,0.44692057,0.42587554,0.4348631,0.50438505,0.48416495,0.42498636,0.4153264,0.53678316,0.39697564,0.3788831,0.43024558,0.47274977,0.5074774,0.5404459,0.46337554,0.4439005,0.5067986,0.54201263,0.46048343,0.57441986,0.5614022,0.57212836,0.6249686,0.56834036,0.57946897,0.55069536,0.51155734,0.49897608,0.55147535,0.58150905,0.5481918,0.5635514,0.51432323,0.4944807,0.47238654,0.43492013,0.59745854,0.37982154,0.41429585,0.44104996,0.59983325,0.6165429,0.55667186,0.62060046,0.56672645,0.63118607,0.52817166,0.52456725,0.49479476,0.4751906,0.58034194,0.5704446,0.46465355,0.59363884,0.58974767,0.5294465,0.5149743,0.5698483,0.6049224,0.5198948,0.5604987,0.56499404,0.51355135,0.3968099,0.43473268,0.49230388,0.5233488,0.48764718,0.432253,0.4193079,0.4030848,0.40541065,0.45389962,0.4534326,0.4290849,0.46856987,0.53052056,0.57143867,0.51911205,0.56370974,0.49307546,0.5010022,0.52167964,0.52363265,0.3784731,0.51436263,0.4597049,0.52892613,0.5748209,0.61275166,0.6255298,0.5602997,0.5686026,0.57961124,0.6085461,0.53289425,0.5883599,0.45674103,0.48115996,0.5382572,0.4493222,0.5600318,0.566894,0.51068383,0.5913693,0.60389614,0.5467176,0.5217804,0.53190076,0.5670018,0.4909759,0.52852756,0.5148798,0.6012115,0.5615143,0.5282192,0.49660254,0.55776143,0.48459902,0.52865106,0.5490341,0.60316736,0.49896443,0.5199673,0.52462935,0.49621478,0.45221138,0.4618187,0.5229185,0.5209672,0.50277585,0.46081918,0.43215254,0.41925105,0.4483722,0.38694006,0.6507143,0.49944782,0.48890132,0.5353939,0.5388316,0.4486373,0.47995833,0.46972615,0.51408064,0.48130506,0.47315523,0.36550862,0.4081667,0.4611727,0.5503634,0.49572775,0.52403617,0.5469253,0.5572543,0.5302473,0.5123981,0.57468784,0.43649197,0.473412,0.44713536,0.48779416,0.5766584,0.5605947,0.60393745,0.59994066,0.5671922,0.55607545,0.46515185,0.5341537,0.42961705,0.46434546,0.5089335,0.45015338,0.44034058,0.4297464,0.43163657,0.56566447,0.565639,0.44100693,0.4509501,0.4807897,0.4090138,0.49783674,0.50787634,0.43507752,0.4087898,0.5188661,0.36122623,0.35419276,0.46251506,0.4026147,0.49375355,0.52058893,0.4798428,0.4808409,0.48983204,0.5263689,0.49423808,0.66281366,0.5720127,0.61710954,0.698196,0.57063043,0.6456527,0.57496196,0.49617174,0.48198846,0.57567847,0.5837513,0.54916066,0.54536736,0.51244706,0.5048915,0.42745036,0.37087414,0.6211594,0.39629695,0.44707587,0.40702197,0.6076197,0.618057,0.5665864,0.6568825,0.57165146,0.6301379,0.5314684,0.51249045,0.46440327,0.47100002,0.6098392,0.57483995,0.5303012,0.5764955,0.623574,0.57051516,0.59598905,0.65873444,0.67258215,0.626605,0.67439955,0.61303574,0.5810788,0.5160007,0.5184223,0.5552477,0.58191466,0.5071764,0.5121931,0.44750175,0.5144598,0.46250966,0.5205435,0.48049217,0.53974754,0.47509468,0.5301244,0.6505293,0.5280926,0.60721254,0.50541055,0.51678365,0.5534701,0.5775397,0.42199996,0.5151925,0.5143845,0.6035321,0.57746,0.60190296,0.6110446,0.55933285,0.5397845,0.5840387,0.61672056,0.5338186,0.58892775,0.4689363,0.49681047,0.5368436,0.49328655,0.5684328,0.5496368,0.5313066,0.57984537,0.63492453,0.5558129,0.56590325,0.5495655,0.5833638,0.50965464,0.5262413,0.56425,0.5770332,0.59983486,0.4957355,0.4525085,0.5888813,0.5281403,0.61749685,0.5801588,0.60307467,0.5277485,0.5270355,0.53389955,0.46918324,0.4838614,0.43590045,0.51821274,0.51508564,0.4765721,0.4366433,0.39558935,0.51868325,0.51234823,0.36638987,0.66688037,0.4956256,0.571495,0.6430172,0.59992135,0.44594243,0.4640835,0.44059417,0.49533802,0.45390582,0.48345274,0.35020834,0.4042853,0.41869906,0.59681845,0.5013973,0.46539602,0.5857902,0.6136614,0.5300065,0.5382646,0.5760382,0.4759232,0.53547245,0.54884535,0.53236246,0.5438111,0.5413241,0.6207208,0.6606326,0.54596424,0.528385,0.5141076,0.52058166,0.5307666,0.5340463,0.5484053,0.56127936,0.48936227,0.4996756,0.5027889,0.48623258,0.5132567,0.5275833,0.5674793,0.56378776,0.5305852,0.5276032,0.5258672,0.52698225,0.49836823,0.5140032,0.50687265
256,0.44050866,0.5283438,0.52287817,0.46461043,0.4731325,0.47554845,0.4891352,0.5820268,0.5855034,0.4306871,0.4559121,0.45932552,0.46176848,0.4773621,0.45150095,0.45544815,0.41805866,0.5473022,0.41276962,0.40519297,0.4533474,0.48750377,0.52943236,0.5583799,0.4950307,0.4722145,0.492905,0.55468655,0.43652454,0.554776,0.53932256,0.56717074,0.58765066,0.5479874,0.5534062,0.5681704,0.51376116,0.49449107,0.56446326,0.59775007,0.5630992,0.5588376,0.5300874,0.49586242,0.4499157,0.39965004,0.5891052,0.38739726,0.40248513,0.40902618,0.62126213,0.625127,0.5829596,0.62906104,0.5786517,0.63872814,0.54629594,0.5323906,0.49615055,0.4845814,0.56761926,0.5674931,0.48289654,0.57441926,0.5713409,0.5273829,0.5215567,0.56459045,0.6047492,0.5381893,0.56537735,0.5566713,0.51670855,0.4176555,0.4629072,0.5119938,0.53920007,0.4844804,0.4642066,0.4258849,0.42293856,0.41962704,0.4567252,0.4490167,0.44011354,0.47259519,0.5419541,0.5739742,0.52245927,0.5705677,0.49604195,0.50752926,0.52236485,0.5307243,0.37389487,0.50207275,0.45918438,0.5285127,0.5937055,0.6334419,0.64011025,0.5835502,0.58180624,0.6067435,0.61858505,0.5405811,0.60974205,0.47109443,0.49759984,0.5428301,0.46420944,0.55785173,0.57024264,0.52280515,0.58238566,0.5813921,0.51968616,0.52108175,0.528791,0.57524174,0.5087603,0.52848357,0.5380952,0.62784904,0.5909441,0.5257049,0.48822376,0.57642794,0.5147943,0.5344764,0.55824125,0.6055249,0.49862158,0.52005684,0.52317834,0.49078676,0.44506377,0.44902858,0.5482651,0.5206493,0.49788126,0.45882633,0.4105109,0.4102879,0.43651098,0.37383288,0.64831907,0.4820871,0.49350315,0.5348377,0.52211666,0.47519436,0.49747652,0.48634958,0.49986127,0.50342274,0.4711415,0.38265315,0.4283122,0.4671186,0.5336845,0.47705102,0.5328599,0.5419131,0.5541686,0.5228753,0.5197885,0.59642303,0.45440602,0.47025952,0.46892872,0.50768715,0.5995453,0.58667934,0.63184595,0.597032,0.57118404,0.56642485,0.47356483,0.5382334,0.4374802,0.4785456,0.53114575,0.46407825,0.45343843,0.44488692,0.44654045,0.5893712,0.5943974,0.4491334,0.4543595,0.50332355,0.43021944,0.4761772,0.48339295,0.46004027,0.41415513,0.53032357,0.37805262,0.36963326,0.48132515,0.4199096,0.5119353,0.5371745,0.48859447,0.50817263,0.48127997,0.53574246,0.48118213,0.6590676,0.5551038,0.6183595,0.67706466,0.5561492,0.6258677,0.5986783,0.50055856,0.47400886,0.5942511,0.6002023,0.5628543,0.5439605,0.52447706,0.50759274,0.40171987,0.34202078,0.60935754,0.40427315,0.43655127,0.39133164,0.6277779,0.6271124,0.5940074,0.6602139,0.58612245,0.6400846,0.5369931,0.52165765,0.46456277,0.4779507,0.59227496,0.591798,0.55766034,0.5694573,0.6091583,0.56960213,0.6118405,0.66199744,0.6759854,0.6448695,0.68215334,0.62439686,0.59295774,0.54502654,0.5431071,0.5799547,0.60782415,0.5085325,0.5369415,0.45024663,0.5232936,0.46320263,0.53767747,0.4785773,0.5640298,0.48109835,0.54968506,0.6473984,0.53505844,0.6172247,0.5211429,0.526825,0.55798113,0.58713347,0.41458327,0.50056535,0.52415365,0.6277747,0.5926656,0.62685627,0.6292859,0.58431494,0.5507029,0.6054681,0.624462,0.54353064,0.60157704,0.4815975,0.5147334,0.53973013,0.51443857,0.56675315,0.5539236,0.54659474,0.5843442,0.62338614,0.53615296,0.56459963,0.55485946,0.59429646,0.52983403,0.52702695,0.5763671,0.60251164,0.6213873,0.4960124,0.45314243,0.6033785,0.55383486,0.62970996,0.582976,0.6043496,0.5343329,0.53306836,0.53442913,0.46459386,0.47521472,0.4362954,0.53801554,0.51832575,0.47328654,0.43591896,0.37305462,0.5198375,0.50787014,0.36024398,0.66589475,0.4859496,0.5913942,0.6455232,0.60347855,0.46141827,0.4794892,0.4536813,0.48480242,0.47544548,0.4782707,0.36578298,0.42053127,0.43222308,0.5817924,0.48902628,0.47584626,0.5772197,0.6083829,0.52695215,0.54474753,0.60130954,0.49703377,0.5488832,0.5846871,0.5328162,0.5667687,0.56321806,0.64460963,0.65750027,0.555733,0.5352933,0.52517986,0.51376677,0.5256984,0.5346906,0.55132014,0.56299746,0.49468458,0.50458354,0.50368416,0.48628032,0.5128238,0.5287726,0.57420236,0.57210946,0.5283842,0.52942556,0.53238344,0.53123367,0.4980249,0.5163145,0.5107751
257,0.46208057,0.55192053,0.54592633,0.48763922,0.49664286,0.5008754,0.5088142,0.6041001,0.61344105,0.44945478,0.46678987,0.48979557,0.4937886,0.46754453,0.43529335,0.48999223,0.42477372,0.55780506,0.43829808,0.43924716,0.48272946,0.507333,0.5541458,0.5751167,0.51828164,0.49962464,0.48586935,0.5616276,0.42345154,0.55018276,0.53811824,0.572318,0.5702559,0.54739046,0.54109377,0.5940106,0.5250651,0.4987353,0.5884791,0.616041,0.5856102,0.5626442,0.5430619,0.50016695,0.43640688,0.3740011,0.5781935,0.40190536,0.39619812,0.3847179,0.6369807,0.6287929,0.6070576,0.6328614,0.59523433,0.6334578,0.56654215,0.54487574,0.5048574,0.497773,0.5645516,0.5753087,0.50675625,0.5677375,0.5693379,0.5425341,0.53628474,0.5721991,0.6094389,0.56060356,0.5791917,0.5680986,0.5216783,0.44510335,0.48972538,0.5308014,0.55906105,0.48230404,0.49571687,0.437541,0.44598407,0.4423889,0.47117007,0.4502335,0.4536415,0.47930685,0.55541426,0.5830138,0.5309666,0.5770007,0.500351,0.52340376,0.5252414,0.5396665,0.37612116,0.4941973,0.46882936,0.537042,0.6094896,0.645483,0.6496226,0.60649014,0.5933652,0.6279678,0.62618136,0.5476399,0.62347895,0.48270556,0.5119515,0.5491489,0.4767973,0.5574032,0.5705204,0.5367518,0.5683783,0.5543752,0.48986587,0.5270092,0.53311795,0.5880125,0.5368475,0.53513473,0.55620825,0.6443247,0.60992455,0.53126633,0.48853692,0.58920294,0.53784466,0.54297966,0.56757367,0.61355484,0.50771505,0.5216895,0.52565897,0.49278072,0.44664672,0.44316727,0.5662056,0.5184255,0.5007231,0.46468928,0.39952517,0.41085526,0.4388627,0.37208492,0.6371898,0.467234,0.50449115,0.541837,0.5228284,0.50439954,0.5161188,0.503169,0.49841586,0.526817,0.47051233,0.4084153,0.4538802,0.47583583,0.5257384,0.47512105,0.5402741,0.5438711,0.5585543,0.5207879,0.5297244,0.61226934,0.47046545,0.47862536,0.4978888,0.52387697,0.61575687,0.60707057,0.6479196,0.59934074,0.5761271,0.57250035,0.4883627,0.5452918,0.46039993,0.49356204,0.5550435,0.48646277,0.47692895,0.46880388,0.46788922,0.61129767,0.6217514,0.4580831,0.45728865,0.5201985,0.45923093,0.469487,0.46823636,0.48939943,0.42291722,0.5391122,0.40384576,0.39664078,0.5029984,0.44571936,0.5290513,0.5523715,0.4918903,0.5302983,0.47601178,0.5387845,0.46732593,0.6586728,0.5532821,0.62644106,0.6686833,0.55890006,0.61634886,0.6273895,0.5152938,0.47260055,0.6230509,0.61871517,0.5808001,0.5495081,0.53269315,0.50682414,0.38538685,0.3200425,0.5942733,0.41618896,0.43137252,0.37971413,0.6420737,0.6320141,0.6177538,0.6572235,0.6042092,0.63891137,0.54592377,0.533301,0.46929517,0.48460966,0.58342576,0.60677594,0.5762316,0.5668259,0.6116941,0.58044237,0.62385863,0.6674106,0.6774215,0.6614862,0.68569326,0.63853943,0.5966377,0.5651215,0.5599355,0.60075307,0.62853616,0.5036269,0.54830986,0.44793636,0.5325561,0.46777546,0.55029505,0.47440195,0.578356,0.48475626,0.56987983,0.64878196,0.5385117,0.6191497,0.52973765,0.5404911,0.5614228,0.5965801,0.40813765,0.48603678,0.53262603,0.6445391,0.6057912,0.6408061,0.64478916,0.61169547,0.5612126,0.62488914,0.62903345,0.5508831,0.60924023,0.4861966,0.52667964,0.54465634,0.52762765,0.56693316,0.55711037,0.55848444,0.5808408,0.60288596,0.5101902,0.5670109,0.5645991,0.6073388,0.55371773,0.5300967,0.58303803,0.61847204,0.6321519,0.5035225,0.46113026,0.6119822,0.568489,0.6357569,0.5860465,0.6072933,0.5453016,0.53946596,0.5369733,0.4634116,0.467934,0.44060606,0.5485246,0.51645404,0.47427595,0.44249865,0.35964504,0.51484627,0.50652194,0.3597328,0.6533887,0.47521225,0.6025115,0.6501823,0.6103818,0.4832133,0.4969572,0.46896115,0.4827195,0.50154674,0.4739402,0.38902554,0.443499,0.44857013,0.5725477,0.48603076,0.48813263,0.57418865,0.60868806,0.52461874,0.5497771,0.619512,0.5104749,0.5591811,0.6120619,0.53218985,0.5861614,0.5812565,0.6565506,0.656151,0.56497836,0.53793323,0.53353953,0.515718,0.52499354,0.53677136,0.5552377,0.56499505,0.5042191,0.5128794,0.50729775,0.4919655,0.516165,0.5325969,0.58468455,0.5837215,0.5276802,0.53149664,0.53943616,0.53605545,0.5060507,0.52374375,0.5191312
258,0.49121544,0.5694513,0.5653416,0.51195,0.5204992,0.5266811,0.5248542,0.618666,0.63163215,0.46294272,0.47488898,0.5101086,0.5213747,0.47413483,0.43633842,0.5182763,0.43238115,0.5648548,0.465698,0.47126406,0.509997,0.52613026,0.573388,0.5872994,0.52870995,0.5217446,0.48474997,0.5617239,0.4209932,0.5608177,0.5542278,0.58576375,0.57382894,0.5650615,0.5447425,0.61751556,0.53904736,0.5071981,0.61311877,0.6305605,0.60843146,0.57065934,0.5494778,0.5041653,0.43031797,0.35899416,0.56628877,0.4175585,0.3938946,0.37020183,0.6429741,0.62614846,0.62195,0.630914,0.6100071,0.61743987,0.5837535,0.55876124,0.5168927,0.5100839,0.57111156,0.5926063,0.5333332,0.572526,0.5813137,0.5687595,0.5576566,0.5901846,0.61858195,0.58539987,0.5994599,0.59524083,0.5280728,0.47466746,0.51155275,0.5484194,0.58179086,0.4807416,0.52184063,0.45033258,0.4679586,0.46856925,0.49308613,0.45407143,0.46739644,0.4863709,0.57002866,0.59689444,0.5440979,0.5843971,0.50587684,0.5444058,0.52985644,0.5507841,0.38305,0.49011716,0.48629814,0.5527071,0.61836755,0.64676464,0.652748,0.6232011,0.60063314,0.6392688,0.6297759,0.55169237,0.628014,0.48811546,0.52107346,0.5547393,0.48617977,0.5593417,0.5670595,0.5478139,0.55233145,0.52792925,0.4632914,0.5371859,0.54291487,0.6013174,0.5661767,0.5455426,0.56492937,0.64921135,0.61530745,0.5416119,0.49517342,0.5928497,0.54984426,0.55408007,0.5751304,0.62635547,0.5241857,0.5246033,0.5308703,0.49962667,0.45457152,0.4431947,0.5727327,0.51308155,0.5073749,0.47384447,0.39753377,0.4201507,0.45419455,0.37876642,0.62044823,0.45595703,0.5213014,0.555446,0.54031146,0.52756447,0.5308021,0.5163828,0.5074047,0.54469264,0.46998858,0.4353519,0.47711742,0.4845252,0.52928305,0.48743024,0.54453975,0.5510292,0.5686774,0.5238554,0.5389994,0.6185871,0.48177662,0.49643973,0.5301115,0.5327408,0.6231509,0.6183446,0.651009,0.6051469,0.5827781,0.57286364,0.5060947,0.5531464,0.48954293,0.50401163,0.57313055,0.50910336,0.5020218,0.49377945,0.48989555,0.62483656,0.6399585,0.4637628,0.4564273,0.52613837,0.48654518,0.47585073,0.46336868,0.51419634,0.43202916,0.5424921,0.43117595,0.42717448,0.5216085,0.47185442,0.53906476,0.56337684,0.4876821,0.5427807,0.47195205,0.5329187,0.45412952,0.66178435,0.5628169,0.6395841,0.6724707,0.5757856,0.6178213,0.6508622,0.5332474,0.47523883,0.6506595,0.6336259,0.5968246,0.557802,0.5346884,0.5009486,0.37748176,0.3059535,0.57850254,0.42753825,0.43041396,0.37253475,0.6468315,0.6310002,0.6312144,0.6491779,0.6192887,0.627743,0.55419713,0.5441011,0.47601098,0.4878998,0.583299,0.6176294,0.5846427,0.56723326,0.6268825,0.5972481,0.63083285,0.6729348,0.67649716,0.6735474,0.6846204,0.6524512,0.5916004,0.5738724,0.56513554,0.6147692,0.6421212,0.49325666,0.5445333,0.43914658,0.5388291,0.47280326,0.5568869,0.46660635,0.581939,0.48385847,0.58579487,0.6536642,0.5377465,0.6145425,0.53061426,0.5538572,0.5637178,0.60475606,0.4021378,0.47289607,0.5379459,0.6522899,0.6133726,0.6418167,0.6550231,0.63451517,0.568791,0.63793564,0.6300071,0.55335796,0.6110921,0.4816204,0.53032315,0.5496258,0.53218883,0.5680853,0.5574607,0.5640369,0.5707034,0.5780643,0.4835529,0.5719897,0.5757419,0.6188479,0.5742267,0.53395885,0.58163416,0.623578,0.6310273,0.5148876,0.472849,0.6116448,0.5693031,0.6353973,0.58809257,0.6112202,0.5575366,0.54472625,0.54017156,0.4624611,0.46125674,0.4462071,0.54698473,0.5082272,0.47574213,0.4519914,0.3542199,0.5052722,0.5084987,0.3625237,0.633278,0.46448126,0.6044126,0.65542483,0.6195024,0.5035015,0.5113541,0.48300108,0.48717183,0.5241709,0.46987623,0.4135856,0.46581092,0.46326458,0.56960195,0.48954418,0.49908584,0.5768312,0.61365974,0.5232061,0.5512642,0.6270389,0.5140123,0.5643552,0.62831694,0.53058285,0.5987148,0.5923619,0.65595585,0.65560603,0.57312167,0.5362501,0.53783756,0.52447224,0.52755535,0.53873664,0.5583129,0.56607616,0.51584977,0.52238816,0.5117679,0.50086594,0.5220005,0.5376188,0.59553623,0.5949188,0.5285298,0.53364444,0.54555374,0.54040456,0.5192521,0.5334047,0.52891093
259,0.5175789,0.5767359,0.5759689,0.5294533,0.53701806,0.545501,0.5343743,0.6220912,0.636168,0.46899784,0.477869,0.5183189,0.5377205,0.49184296,0.4513523,0.53414243,0.43932256,0.56697744,0.48794448,0.49396265,0.52873397,0.5391531,0.5821673,0.5926996,0.5268727,0.5371198,0.48789993,0.5566719,0.42816383,0.582659,0.57923657,0.6029654,0.59202725,0.5938281,0.56155074,0.6303328,0.548405,0.5145118,0.6284055,0.6365312,0.6239787,0.5765087,0.54764175,0.5054475,0.42826766,0.35493478,0.55532426,0.429877,0.39461213,0.36645004,0.63842165,0.6174406,0.62458664,0.62345254,0.61739224,0.5955762,0.59407043,0.5713124,0.52702844,0.5172712,0.58390445,0.61553735,0.56009436,0.5840599,0.60040647,0.5964826,0.58281434,0.6135081,0.6304861,0.610525,0.62238616,0.6291375,0.5362175,0.5029978,0.5274347,0.5654743,0.60561675,0.48042452,0.54080033,0.46201885,0.48675862,0.49319547,0.51783824,0.45763856,0.48103237,0.4922971,0.5849834,0.612397,0.56097895,0.593759,0.5127074,0.5649583,0.53519595,0.5640012,0.39350238,0.48894247,0.5084709,0.572666,0.61809266,0.63804233,0.64888054,0.6299283,0.6015501,0.63965017,0.6279237,0.5516277,0.6240841,0.48635048,0.52350575,0.5577799,0.49349606,0.5632271,0.55906594,0.5520462,0.5379047,0.5071224,0.4462031,0.5482181,0.55466527,0.61140156,0.5884659,0.55611247,0.5637373,0.6441832,0.60877275,0.5527508,0.50499964,0.5879831,0.55175877,0.5676658,0.5796355,0.6415592,0.5442951,0.5282156,0.53696424,0.5075794,0.4658776,0.44818133,0.5682947,0.5049245,0.51421076,0.4821488,0.40230805,0.4368495,0.47924596,0.39066407,0.6017145,0.44833142,0.54252046,0.57368636,0.5696766,0.53955394,0.5386526,0.5240204,0.52262086,0.5535181,0.46982947,0.45726407,0.4927043,0.49133894,0.54406774,0.50816095,0.545364,0.560261,0.5818443,0.52984434,0.5443384,0.61538625,0.48771837,0.51990324,0.5618178,0.53349054,0.62175924,0.61974365,0.64367193,0.6122214,0.5914021,0.56734884,0.52311265,0.5591988,0.51462054,0.507335,0.58101845,0.52460223,0.52002096,0.5126023,0.5073201,0.62706316,0.64522344,0.46381325,0.45174682,0.5208464,0.5044852,0.49031872,0.4675675,0.5285206,0.44071102,0.5403181,0.45349866,0.4539193,0.53343546,0.49152648,0.53968406,0.5683819,0.4763434,0.5451635,0.46799532,0.5192857,0.445262,0.66769016,0.5774028,0.65393955,0.6827883,0.5991271,0.6269058,0.6616946,0.54647624,0.4785095,0.66687644,0.64026827,0.60542554,0.5635314,0.52998513,0.4901184,0.37554646,0.30087182,0.56486917,0.43594107,0.43245304,0.37131724,0.64167225,0.62404186,0.63207453,0.63823134,0.62602377,0.6104919,0.55826217,0.5519036,0.48124883,0.485946,0.58856,0.62371486,0.5851232,0.5687649,0.64604235,0.61247796,0.6331201,0.6767507,0.67319447,0.6794197,0.67970437,0.6633255,0.5805348,0.57302606,0.558916,0.6210509,0.6487953,0.48096237,0.52885264,0.42668724,0.5401956,0.4759344,0.55901116,0.45601583,0.5782104,0.47821334,0.59438056,0.65934575,0.5341387,0.6069456,0.5259088,0.5633223,0.5649177,0.610854,0.39818236,0.46310613,0.5403131,0.6524052,0.6133469,0.6317605,0.6581342,0.6473384,0.5711623,0.6420711,0.6267689,0.5504211,0.6077484,0.47027218,0.52630585,0.55262595,0.5307426,0.5690619,0.5530228,0.56152093,0.55709475,0.5552893,0.46364242,0.5776343,0.5853172,0.6258382,0.58639383,0.5372923,0.5722604,0.6196001,0.6206384,0.5263819,0.4851383,0.6023467,0.5586326,0.6297411,0.5878591,0.61467147,0.5682182,0.5478633,0.5428964,0.46022877,0.45554957,0.45239976,0.5351008,0.4954763,0.47566018,0.46066782,0.3558032,0.49552628,0.5142199,0.3679459,0.61099154,0.4551045,0.5996366,0.6596057,0.6293419,0.5164319,0.5193584,0.49357748,0.49561155,0.5376818,0.46676266,0.43448505,0.48202568,0.47356418,0.5719837,0.49590188,0.5070602,0.58294386,0.62074596,0.52227455,0.5476338,0.6239834,0.50931334,0.5649664,0.6346591,0.5282946,0.60303956,0.59526205,0.64561284,0.6541075,0.5798019,0.53130835,0.5387379,0.5358541,0.53109205,0.5391661,0.5591621,0.56535846,0.5271924,0.5309578,0.51545966,0.5101974,0.5283947,0.5420658,0.60358536,0.60244,0.53032243,0.5355971,0.54916275,0.54300463,0.53318936,0.5418732,0.53687376
260,0.53251797,0.57328147,0.5766192,0.5354197,0.5418818,0.55302846,0.5372957,0.6142765,0.6274064,0.46875057,0.4762532,0.5173996,0.54015213,0.51341736,0.47496438,0.53584087,0.4454011,0.5646673,0.50050795,0.5039674,0.53565896,0.5443076,0.57934,0.5910789,0.51746255,0.54710937,0.49288732,0.54953724,0.44323045,0.60835993,0.60340697,0.6179282,0.61454344,0.62347835,0.58470863,0.627814,0.5475523,0.51643,0.62742496,0.6313483,0.6268004,0.57443595,0.538554,0.5036167,0.4269119,0.36162686,0.5472662,0.43655244,0.39796874,0.37354162,0.6255822,0.6047158,0.6158568,0.6122035,0.6141612,0.5748968,0.5954748,0.580804,0.5308839,0.51694405,0.5976615,0.6388067,0.58538795,0.5959965,0.61763966,0.6170157,0.60787135,0.6361222,0.64198947,0.63367736,0.6437137,0.65919185,0.5462694,0.5292467,0.5389101,0.58276904,0.62833184,0.48314282,0.55362064,0.472436,0.5025227,0.51336277,0.54162556,0.45931858,0.49567017,0.49663857,0.59893155,0.62532014,0.580182,0.60461855,0.5209866,0.58015376,0.5402224,0.57838815,0.40725428,0.49014154,0.5323543,0.5938084,0.6087751,0.623016,0.63865143,0.6259068,0.5959537,0.6309065,0.6199317,0.5481337,0.61454123,0.47925547,0.5199043,0.55766094,0.5012645,0.5678657,0.5464541,0.54780465,0.52898014,0.49640828,0.44360211,0.55685335,0.5649297,0.6160442,0.59887916,0.56386423,0.5553278,0.6330774,0.5953148,0.5612244,0.51503766,0.57782114,0.5480005,0.5830126,0.580541,0.65552175,0.5635087,0.53183705,0.5420972,0.5135629,0.477905,0.457354,0.5567634,0.49539298,0.5185466,0.48732117,0.41127166,0.45966285,0.50944066,0.40508652,0.5851251,0.44412377,0.5659709,0.5934273,0.6031145,0.5389147,0.5397586,0.5268063,0.5390569,0.552902,0.47129595,0.4704125,0.4982776,0.49635208,0.56660384,0.5299162,0.5438345,0.5678503,0.5946965,0.53549707,0.54393774,0.6059123,0.48988754,0.54516464,0.5900463,0.528137,0.6137476,0.6130975,0.63086385,0.617929,0.6014093,0.55735177,0.53686476,0.561314,0.5275566,0.50386465,0.5784087,0.529055,0.5255785,0.52106977,0.51742804,0.6184914,0.6375237,0.45814294,0.4459283,0.5082739,0.50928754,0.50690246,0.47871658,0.5302114,0.44966272,0.5345934,0.46640643,0.47213146,0.53715795,0.50095785,0.53195333,0.56726766,0.46045113,0.53989404,0.46356815,0.5014645,0.44486567,0.6742825,0.5906824,0.6648814,0.69157654,0.619816,0.63769233,0.6562406,0.54864,0.47957343,0.6650009,0.6360694,0.60320437,0.5620869,0.52019376,0.4766103,0.37679765,0.30587316,0.555693,0.44094777,0.43643346,0.37825808,0.6288685,0.61267513,0.62187636,0.626869,0.62156254,0.5932249,0.55583465,0.55586225,0.4820064,0.47872925,0.59373385,0.6257107,0.5820699,0.56950444,0.6595888,0.6200691,0.63210315,0.67727923,0.6670589,0.67870504,0.6722109,0.6689849,0.5675231,0.5675407,0.54456466,0.62053263,0.650341,0.47224292,0.5082423,0.41564536,0.5369576,0.47675592,0.5604902,0.44541952,0.5730175,0.46946064,0.59454423,0.6620521,0.5300278,0.59978807,0.5196995,0.5671317,0.5651797,0.6140554,0.39890566,0.45876732,0.5421555,0.64812475,0.60573804,0.61580366,0.65362006,0.64755785,0.567431,0.6369805,0.6190658,0.5436583,0.6013308,0.4569976,0.5178156,0.5523481,0.5279169,0.5686542,0.5429519,0.5514322,0.54463255,0.54145104,0.45734254,0.5820695,0.5911993,0.62674725,0.5886497,0.53937155,0.55741096,0.6102394,0.60604185,0.53488904,0.4958567,0.5862281,0.54221815,0.6204974,0.5845195,0.6157411,0.5752642,0.54859215,0.5443884,0.45679823,0.45219198,0.45978943,0.5176413,0.48162726,0.473363,0.46674794,0.36340845,0.49173272,0.5241619,0.37636715,0.5926508,0.44868848,0.5924931,0.6610384,0.6383205,0.51908284,0.5207135,0.50036246,0.5053651,0.5394846,0.46587062,0.4487094,0.4893371,0.47939306,0.5775345,0.50186825,0.5120232,0.5889578,0.62634647,0.5209785,0.5387734,0.6135553,0.5008498,0.5635122,0.6347259,0.5260117,0.59996706,0.5907025,0.63046026,0.6495597,0.58495796,0.52493525,0.5382911,0.54502624,0.53318805,0.53737456,0.55699086,0.562216,0.53640485,0.5371618,0.5171459,0.5174166,0.53328717,0.5443206,0.6068629,0.6044805,0.5319477,0.5369286,0.5493888,0.5429173,0.54379326,0.54641336,0.54053336
261,0.53191966,0.56184065,0.5696139,0.5296418,0.53526044,0.5490381,0.535763,0.5980231,0.60917556,0.46586993,0.47255898,0.5136583,0.5301784,0.5320097,0.501072,0.5250295,0.45077685,0.55995375,0.5019367,0.50152063,0.53083557,0.5422826,0.56721604,0.5842605,0.5080331,0.5550404,0.4972623,0.54394394,0.46332887,0.62982917,0.61879414,0.6252488,0.6309848,0.6445101,0.6060475,0.6095219,0.5349874,0.51126075,0.6083636,0.61555827,0.6157057,0.56261885,0.5262585,0.5004483,0.42466182,0.37782356,0.54412466,0.43729302,0.40328395,0.3901846,0.60917574,0.5917648,0.59965366,0.6004833,0.6005478,0.5629688,0.5884555,0.5863839,0.52684665,0.50988775,0.60703456,0.6569033,0.60813946,0.6024537,0.62491363,0.6248464,0.62881166,0.65251005,0.6495213,0.65278,0.65960246,0.67675835,0.55778337,0.5542241,0.5491373,0.6006452,0.64763635,0.4907961,0.5632397,0.4825765,0.51692814,0.5283305,0.5617682,0.45910186,0.5125169,0.4999,0.6103977,0.6318889,0.599397,0.61530364,0.53028464,0.58684057,0.5442586,0.59216005,0.42447436,0.49357453,0.5554641,0.6127269,0.5936581,0.60761386,0.6249605,0.61362946,0.58619964,0.6171254,0.6073775,0.5435908,0.603899,0.47100344,0.5131936,0.5549252,0.5119508,0.5717027,0.5315192,0.5369366,0.5288613,0.49874693,0.45772895,0.5607654,0.57113993,0.614899,0.59678876,0.56712216,0.5449358,0.620962,0.5818049,0.56482786,0.5229411,0.5671542,0.54491204,0.59879297,0.57840085,0.66471475,0.5777022,0.5348689,0.5449199,0.5159347,0.4887222,0.46944854,0.5442033,0.48696065,0.51925033,0.48921576,0.42169404,0.4869668,0.53964907,0.4199688,0.5755324,0.44337168,0.5889662,0.6112006,0.63226944,0.52739084,0.53671414,0.5274416,0.5519681,0.5449414,0.4755272,0.4735197,0.49432826,0.5011073,0.5913537,0.54569364,0.5419549,0.57042325,0.60371387,0.537966,0.53841376,0.59540683,0.491312,0.56905323,0.6128796,0.5208843,0.60289913,0.6022344,0.6187655,0.6200935,0.61148125,0.54588145,0.54631454,0.55867773,0.5249925,0.4962193,0.5683824,0.5228062,0.51812994,0.5187787,0.520244,0.6023479,0.6198944,0.44900694,0.4422595,0.49490336,0.5015509,0.520311,0.49435574,0.52048683,0.45922017,0.5285658,0.46819234,0.47987646,0.53363883,0.49971458,0.5194802,0.56169426,0.4445165,0.5313306,0.45880997,0.48421252,0.45566472,0.67875654,0.5979835,0.6685214,0.69166946,0.6305254,0.6442038,0.6350062,0.5375408,0.47747722,0.643334,0.62150556,0.5903301,0.55220014,0.509137,0.4645918,0.37960964,0.32135713,0.55284834,0.4431106,0.44139612,0.39457765,0.612655,0.60000205,0.60496426,0.61782235,0.6065485,0.58273077,0.54700065,0.55611724,0.47757822,0.46869618,0.59315085,0.62477744,0.58024186,0.56772524,0.6601389,0.6167731,0.62944156,0.6733604,0.6573741,0.67203945,0.66331524,0.6680046,0.5565355,0.56354964,0.5274519,0.61549264,0.64933395,0.4724638,0.4915785,0.41047335,0.531338,0.47613406,0.5655545,0.43836632,0.57229066,0.46052548,0.5869279,0.6584454,0.5274932,0.59531194,0.5163997,0.5653344,0.56484014,0.6134738,0.40642348,0.46148288,0.54692036,0.64327663,0.5932872,0.60118896,0.64333034,0.6362955,0.55897915,0.6249141,0.60859823,0.536386,0.5950215,0.44756812,0.5094745,0.5486644,0.5283475,0.5657538,0.5292166,0.5373977,0.53847617,0.5419747,0.46867335,0.58390224,0.5925781,0.6217626,0.5827427,0.5401093,0.54152864,0.6002001,0.5934678,0.5386116,0.50384426,0.56725776,0.52759445,0.6100407,0.5781255,0.61281264,0.57768345,0.5472788,0.5442711,0.45313084,0.45294043,0.46878675,0.5009324,0.47044826,0.46914136,0.47045073,0.37554887,0.4993785,0.5383863,0.38794944,0.58418995,0.4470918,0.5875781,0.6584136,0.6451082,0.5115969,0.5178979,0.504386,0.5141031,0.53038865,0.4683259,0.45490804,0.48764184,0.48265392,0.58363694,0.5053504,0.51495266,0.59125173,0.6269643,0.51859814,0.5268066,0.6012211,0.49388978,0.56322825,0.632886,0.5246834,0.5923186,0.58135366,0.6164909,0.6405055,0.5887742,0.519471,0.5386467,0.5480187,0.5322606,0.53367084,0.5516975,0.55649805,0.54265106,0.54068214,0.516354,0.5208529,0.5351199,0.5435576,0.6049938,0.60106635,0.5324134,0.53737336,0.54676825,0.54032457,0.54852796,0.54579145,0.5389689
262,0.5174804,0.5473126,0.5590987,0.51607996,0.52144104,0.53699005,0.5329609,0.5781888,0.58762735,0.46512234,0.46970773,0.5141456,0.51327574,0.5425215,0.5235414,0.5063016,0.4553943,0.55554754,0.49419242,0.49015278,0.5176919,0.536013,0.5504992,0.57503396,0.5064503,0.5648088,0.49996114,0.5430964,0.48491183,0.64131063,0.62069505,0.6217205,0.6336087,0.65088964,0.6189868,0.57989526,0.51469296,0.5004607,0.57624686,0.5934012,0.5951131,0.54516786,0.5172951,0.4991853,0.42272195,0.40094462,0.54762954,0.4333342,0.40908098,0.41328877,0.5948282,0.5830998,0.5816125,0.592443,0.5809119,0.5652347,0.57623154,0.58755654,0.51688796,0.5006444,0.6078326,0.6650102,0.6270685,0.59904724,0.61713666,0.6173885,0.6427174,0.65878946,0.65057665,0.66657007,0.6674223,0.6767257,0.5696614,0.5781448,0.5613815,0.61851025,0.6616846,0.5038156,0.57318103,0.49307385,0.53189117,0.5380383,0.5762826,0.45833838,0.5315117,0.50326765,0.61872023,0.630201,0.6156225,0.6242669,0.5391143,0.5837131,0.54703254,0.6031737,0.44493562,0.49927935,0.57581556,0.6257352,0.5791741,0.5978039,0.6128904,0.5981192,0.5760457,0.6032203,0.594813,0.5410302,0.5965891,0.46676806,0.50784695,0.5506752,0.5263415,0.5728689,0.5199817,0.5248492,0.5388961,0.51424843,0.48660398,0.5589886,0.5716059,0.60893077,0.58525413,0.565512,0.538665,0.6123287,0.57459813,0.56278753,0.52714765,0.5608589,0.5485567,0.6135287,0.5749635,0.66728854,0.58440113,0.5369338,0.54474455,0.51410323,0.49715066,0.48233655,0.5367708,0.48283193,0.517033,0.48912823,0.43141925,0.51583636,0.56507814,0.43389174,0.5775814,0.44638842,0.6087749,0.6245363,0.65080357,0.50977683,0.53313464,0.5287579,0.55800873,0.5336179,0.48266935,0.4677929,0.48414165,0.50715816,0.6128341,0.5507542,0.54178464,0.56587124,0.6060077,0.53581244,0.5304204,0.5890368,0.49503118,0.588816,0.6292965,0.51664203,0.59300256,0.59137017,0.61251783,0.61784047,0.6200749,0.53646517,0.5514923,0.5518548,0.5092476,0.4884253,0.55559653,0.50976044,0.5016664,0.50864697,0.51763207,0.5837021,0.59777683,0.44051856,0.4426834,0.4873552,0.48598102,0.52698195,0.5114027,0.50366604,0.4682907,0.5255313,0.46055683,0.47789448,0.5257061,0.49045128,0.5073544,0.5541061,0.43406305,0.5248965,0.45527086,0.47224092,0.4779925,0.6791169,0.59699935,0.6626715,0.67893314,0.6273539,0.6422725,0.6033752,0.5168678,0.47380984,0.60698366,0.60056484,0.5715271,0.5378669,0.5025687,0.45920458,0.3848938,0.34651196,0.55792856,0.44352433,0.44665486,0.41883418,0.5981443,0.5901812,0.587207,0.6138234,0.58585745,0.5841396,0.53482604,0.5533187,0.47074533,0.46091688,0.58260876,0.62152493,0.5829181,0.5618523,0.6440207,0.6018628,0.6265132,0.6647495,0.6440306,0.66091,0.6538073,0.65988237,0.5506534,0.565662,0.51366824,0.6086132,0.6483647,0.48431966,0.4864037,0.41310737,0.5260422,0.47478184,0.57656705,0.43773672,0.5797794,0.4547938,0.5737972,0.64718723,0.52771586,0.5947289,0.5189696,0.5587518,0.564402,0.60842365,0.42131078,0.47205445,0.5570962,0.64096206,0.58140934,0.594664,0.63150984,0.61855304,0.5490135,0.6101598,0.5998217,0.5324465,0.59140474,0.4470004,0.5056265,0.54253066,0.53451365,0.5594075,0.51730853,0.5258657,0.54259473,0.5584159,0.4970415,0.582369,0.5898963,0.6124912,0.572766,0.5398131,0.52962714,0.59357667,0.58803964,0.53753763,0.5089078,0.55057794,0.52188754,0.6014636,0.5696857,0.6053914,0.5758695,0.5447824,0.54256463,0.45046327,0.459063,0.47869888,0.4909371,0.4653174,0.46434715,0.4730999,0.3904362,0.5203943,0.5560116,0.40208375,0.5898714,0.45212686,0.5881928,0.6515958,0.6489512,0.49710056,0.51448154,0.5068614,0.5205154,0.51487094,0.47483015,0.45359322,0.47955152,0.48566985,0.58796245,0.50555575,0.51708305,0.58711386,0.6203553,0.5149166,0.51554406,0.59302646,0.4923686,0.56673104,0.6325501,0.5249248,0.583489,0.57070786,0.6086325,0.6271078,0.5914891,0.51697034,0.54073876,0.5424716,0.52783966,0.5290935,0.54399914,0.548838,0.5459187,0.5420786,0.51384366,0.5203543,0.5333786,0.54015326,0.5989272,0.593725,0.53157127,0.5371302,0.5431421,0.53677034,0.546794,0.54050297,0.53321344
263,0.4961474,0.53534317,0.5495653,0.50151235,0.50736576,0.5228357,0.5319868,0.56058747,0.56969684,0.47049564,0.46990022,0.52367026,0.49784952,0.5424768,0.5375176,0.4869499,0.45957366,0.5537297,0.4825907,0.4761512,0.5023841,0.5296259,0.5348077,0.5658282,0.5175304,0.57895964,0.502015,0.5485622,0.5048679,0.6406395,0.60779625,0.60718167,0.61858886,0.6408289,0.6201774,0.5478736,0.49510083,0.48831278,0.5425104,0.5720636,0.5740193,0.53068,0.51816034,0.50313425,0.42460364,0.42753047,0.5584244,0.4272043,0.41403,0.4386116,0.5872917,0.5823739,0.56763554,0.59171027,0.56274194,0.5823019,0.563953,0.58419687,0.5057205,0.49585682,0.59781957,0.6599953,0.6402963,0.58365816,0.5932944,0.5948792,0.6484433,0.6532515,0.64449424,0.6746252,0.6662241,0.6576437,0.5804546,0.5992528,0.5772554,0.63465995,0.6694127,0.5204378,0.585872,0.5035092,0.54829204,0.5424623,0.58378625,0.45937398,0.55089253,0.50822693,0.6243033,0.62070036,0.6259957,0.6307797,0.5455034,0.57137257,0.5484804,0.609484,0.4675894,0.50731945,0.591627,0.6298895,0.5726216,0.59700525,0.6078446,0.5851016,0.5687191,0.5930886,0.5882045,0.5426701,0.59492934,0.47073105,0.5080419,0.5461411,0.54275215,0.5696069,0.51880497,0.5182897,0.55732274,0.53937864,0.52360576,0.5520949,0.56553686,0.59967744,0.56964815,0.5597983,0.540927,0.60925037,0.57694215,0.5555807,0.5271669,0.562086,0.5620752,0.6257641,0.5724325,0.66335535,0.58344704,0.53791714,0.5415971,0.5084232,0.50305545,0.49381924,0.5383654,0.4861143,0.51418144,0.48910737,0.4398799,0.54192096,0.58238727,0.4463071,0.5932777,0.4535585,0.62303615,0.63250035,0.6555618,0.49339476,0.53200775,0.53241104,0.5559113,0.5239043,0.49209455,0.45726615,0.47329167,0.51502484,0.6271645,0.54405075,0.5446708,0.55408555,0.6002254,0.52936065,0.52352417,0.5897925,0.5026875,0.6019428,0.6387596,0.51904774,0.5862409,0.5834732,0.61388093,0.6116252,0.62558436,0.53153896,0.5529837,0.54240906,0.48763174,0.48481363,0.5447201,0.49605256,0.48342305,0.49596944,0.5125339,0.5682164,0.57791215,0.43741515,0.4474875,0.4901112,0.47033715,0.5257444,0.5263674,0.48678613,0.47514698,0.5277149,0.44893426,0.4696014,0.51743764,0.47820827,0.5006207,0.5466486,0.4339972,0.5255787,0.45585102,0.46924898,0.5091948,0.6747629,0.5876895,0.6472267,0.65291953,0.61015797,0.63037544,0.5710437,0.49538243,0.47205573,0.5680402,0.58001727,0.5548778,0.52718145,0.5061982,0.46473387,0.3958158,0.37885684,0.5716283,0.44406405,0.45245892,0.44662333,0.5899352,0.5871319,0.57436544,0.6169103,0.56752837,0.59853053,0.52436626,0.5483219,0.46674168,0.461448,0.5608141,0.6156285,0.5903731,0.550926,0.61189127,0.57706624,0.62401533,0.65224135,0.62803644,0.6473073,0.6440892,0.64520943,0.5515278,0.5748236,0.5083213,0.60190415,0.6488405,0.5062606,0.49603638,0.42317218,0.52284926,0.4728748,0.59237295,0.44491872,0.5951853,0.45511794,0.55870813,0.62938845,0.5309489,0.5982915,0.5277642,0.54842925,0.56428134,0.5987838,0.44243205,0.49002805,0.5723658,0.64226353,0.5762164,0.5995473,0.6232031,0.60171247,0.5412981,0.59755343,0.59822994,0.53446996,0.591007,0.45795065,0.50859493,0.5356391,0.5454554,0.54920745,0.51413053,0.52351904,0.5578519,0.58687705,0.53637975,0.57729626,0.5843338,0.6012594,0.5635152,0.5389135,0.52534163,0.5923385,0.5914533,0.5331457,0.51189005,0.54088414,0.5291869,0.5975748,0.5607635,0.5941908,0.5713186,0.54213953,0.53964424,0.45026016,0.47059965,0.48813593,0.49154496,0.46872175,0.46155334,0.4763193,0.4067686,0.55094874,0.5747777,0.4177957,0.6100458,0.4647662,0.59488213,0.6417988,0.6493975,0.48132864,0.513418,0.50873995,0.52446514,0.50001323,0.48571995,0.44779107,0.469994,0.4900974,0.589063,0.50294185,0.51954526,0.57539445,0.60614586,0.5102799,0.5088242,0.59321785,0.49764815,0.5745637,0.63473314,0.5265625,0.57597595,0.56178325,0.60862386,0.61111623,0.5928721,0.51834893,0.543913,0.5281133,0.52050227,0.5248948,0.53542376,0.5407436,0.54660165,0.54219604,0.5114655,0.51748204,0.52877283,0.5354868,0.5903267,0.5847284,0.530274,0.53666013,0.54072505,0.53449535,0.5398858,0.53252584,0.5258528
264,0.47719213,0.530932,0.54529965,0.49333933,0.5002806,0.5129981,0.5349204,0.55059546,0.56129616,0.48363084,0.47449303,0.5431205,0.4924278,0.53250045,0.5409535,0.47516733,0.46437308,0.5555815,0.47389197,0.46653223,0.491618,0.52688646,0.52538663,0.5581412,0.54109985,0.5972248,0.505629,0.5597559,0.52121526,0.6282295,0.58189213,0.58467716,0.58622426,0.6162896,0.60923046,0.5240625,0.4853714,0.4805868,0.5202893,0.5591495,0.56178427,0.527611,0.53186816,0.5143136,0.4342559,0.4541515,0.5753302,0.42214453,0.4180826,0.4623092,0.589396,0.59109735,0.5624093,0.5999435,0.5535624,0.60912776,0.5570039,0.577306,0.49861363,0.50074863,0.5772318,0.64143014,0.6460377,0.5572539,0.5566608,0.5614727,0.64647084,0.6364601,0.632135,0.67693454,0.65686864,0.62221843,0.5888312,0.6148115,0.59583277,0.6466503,0.67054254,0.5377238,0.60160387,0.51314175,0.5654601,0.542974,0.58429885,0.46519953,0.5681174,0.51604044,0.62780505,0.6054625,0.6288078,0.6343939,0.5484416,0.5527766,0.5486081,0.60956764,0.4906948,0.5176459,0.60126406,0.62443775,0.57831466,0.6051002,0.6129747,0.5788708,0.5659193,0.5887126,0.5919483,0.5491092,0.5986713,0.4845735,0.51582426,0.54266095,0.5578079,0.56106436,0.5318049,0.5218988,0.5795894,0.56801033,0.5594803,0.54200315,0.5533442,0.58893013,0.55569434,0.55185217,0.5526608,0.6111167,0.5882314,0.5445711,0.5238063,0.57124585,0.58439714,0.63401353,0.57226914,0.6539646,0.57685906,0.5380238,0.5362995,0.5008439,0.50800264,0.5026797,0.5497431,0.49882224,0.5137817,0.4914918,0.44827253,0.5610887,0.59063864,0.45742485,0.6200174,0.46553576,0.6301534,0.63497895,0.6461559,0.48597124,0.53502893,0.5388099,0.5462955,0.5203107,0.503062,0.4478057,0.46785718,0.52421325,0.63201374,0.5286304,0.55077374,0.5370708,0.58713436,0.52029914,0.5212769,0.59764504,0.5139558,0.606711,0.6413235,0.5292097,0.58294415,0.57984674,0.6210429,0.6023919,0.6263962,0.5317689,0.55171096,0.5324531,0.46952817,0.48888102,0.5399716,0.48834655,0.47156683,0.48693848,0.5085022,0.56068045,0.56655616,0.44344544,0.45618114,0.50450474,0.46288267,0.5178669,0.53627586,0.47764707,0.47865745,0.53565043,0.44059828,0.46019047,0.51272255,0.46878606,0.5030053,0.5407225,0.44712868,0.53591186,0.46326542,0.47733995,0.54345345,0.6655139,0.5715922,0.6241352,0.61640024,0.5822455,0.6093183,0.54879844,0.48301464,0.47583503,0.5409681,0.5671421,0.5481388,0.5280654,0.52268213,0.4827738,0.41549483,0.41399238,0.5925465,0.44711858,0.46006727,0.47215372,0.59097886,0.5930413,0.57052124,0.6274292,0.559369,0.62216735,0.52036995,0.5422425,0.4701631,0.47432032,0.5301978,0.6064719,0.5997817,0.53531915,0.56870043,0.5469031,0.62185276,0.6369561,0.6109701,0.6332079,0.63422495,0.62576437,0.558683,0.5882535,0.5139332,0.5960794,0.6501082,0.5331215,0.519121,0.43930048,0.5223775,0.4712457,0.6087849,0.45990217,0.61405265,0.46310428,0.54582924,0.60748875,0.5367812,0.6047211,0.54065657,0.53615534,0.5645158,0.5851414,0.46726596,0.5130329,0.5893505,0.6458259,0.58134496,0.6146084,0.62189454,0.5923985,0.53900325,0.59078956,0.6071285,0.5427068,0.59260786,0.47977343,0.51795113,0.5300423,0.5574429,0.5359258,0.5240153,0.5337095,0.5812095,0.61896557,0.5764923,0.56898904,0.57719505,0.5905113,0.55876756,0.53776056,0.5297648,0.5960667,0.6016956,0.5272078,0.5140289,0.5405129,0.54901683,0.59915453,0.5527834,0.5802844,0.5658134,0.54024297,0.5360726,0.45423487,0.48626155,0.49576733,0.50390404,0.48183087,0.46385756,0.48161212,0.42395416,0.58241004,0.5912462,0.43412143,0.63988256,0.4844716,0.6052251,0.63048166,0.64564186,0.47112474,0.5164477,0.51094896,0.5260974,0.49277705,0.5006979,0.44223902,0.464673,0.49665135,0.5862481,0.4990646,0.5231035,0.55690444,0.5857398,0.5053226,0.50913936,0.60258615,0.50850236,0.58470374,0.6380695,0.528873,0.57095057,0.5564498,0.61484164,0.5944762,0.59195,0.5232973,0.54676306,0.5070698,0.51168543,0.5221153,0.52804977,0.53416467,0.54528844,0.5416429,0.51113915,0.5148291,0.5228316,0.5311844,0.5810716,0.5763528,0.5297076,0.5361451,0.54095495,0.53514755,0.53060496,0.52465916,0.5199029
265,0.46895704,0.5370023,0.5495753,0.49719557,0.50534165,0.51235414,0.5422522,0.55128765,0.5653117,0.50340307,0.4841423,0.56946003,0.5021637,0.5164128,0.5351986,0.47669327,0.47027662,0.56061417,0.47340778,0.4664981,0.48998088,0.5298949,0.5260097,0.55309016,0.5722531,0.6164533,0.5124073,0.5740544,0.5327956,0.6064192,0.5481466,0.55998427,0.5417275,0.582968,0.5882863,0.5167238,0.49208555,0.48251832,0.51878357,0.5595608,0.56436646,0.54038507,0.5566031,0.53292376,0.45417154,0.4776704,0.5947939,0.42110515,0.421903,0.48143998,0.6005791,0.6072158,0.56784564,0.6151236,0.5579541,0.63670903,0.5589892,0.56900257,0.4996023,0.5171087,0.5490904,0.61218715,0.6439333,0.5240989,0.51444006,0.5260016,0.6387429,0.611465,0.61536133,0.67386377,0.64204425,0.57838094,0.59376395,0.6232107,0.61428064,0.6522223,0.6657858,0.5530596,0.6186893,0.52146816,0.5815702,0.5431391,0.5800554,0.47865877,0.5811251,0.5270961,0.62946254,0.5876484,0.6241505,0.634683,0.5486565,0.53332555,0.5476884,0.60265386,0.5118922,0.5297869,0.6039827,0.6112149,0.59603137,0.6189049,0.62729204,0.58100593,0.568129,0.5900649,0.60689825,0.5593335,0.60568714,0.50733256,0.5307074,0.54139376,0.56791556,0.5475977,0.5579004,0.53689456,0.59970903,0.59318554,0.5853053,0.53161526,0.5372668,0.57871705,0.5480935,0.5443702,0.5711819,0.61545146,0.60449773,0.5318409,0.5187313,0.58567166,0.610706,0.6372188,0.57468486,0.64065194,0.5682285,0.53797466,0.5304276,0.4947538,0.5146972,0.5083405,0.56849235,0.52045786,0.5184668,0.4979861,0.45825216,0.57138526,0.59130055,0.46747527,0.6509843,0.48321375,0.6299006,0.6322406,0.6248393,0.49237555,0.54279786,0.5473886,0.5312306,0.5251394,0.5142976,0.4447387,0.47210798,0.53362274,0.6265401,0.5106425,0.55861586,0.51838654,0.5695304,0.5108586,0.5264889,0.60974646,0.5270294,0.60331243,0.63831735,0.5456343,0.58246136,0.58047146,0.62982094,0.59097517,0.62171537,0.5363854,0.5488363,0.5241116,0.46317875,0.5021329,0.54437375,0.49195293,0.47272098,0.48695776,0.509151,0.5633279,0.567265,0.46029168,0.46799952,0.52853465,0.46939433,0.50674933,0.53969264,0.48144072,0.47835106,0.5478234,0.44151214,0.4551119,0.5140676,0.46698767,0.5159169,0.537306,0.47322544,0.55461353,0.4779438,0.4958941,0.57288337,0.65121925,0.5515587,0.597614,0.57524735,0.55016696,0.5820656,0.54427034,0.48698518,0.48736867,0.53626823,0.56671286,0.55556285,0.54441696,0.5501974,0.51159304,0.44457483,0.44604036,0.6161932,0.45431405,0.47045422,0.49025372,0.6009161,0.6067567,0.5767196,0.64260393,0.5657813,0.6477097,0.5254328,0.53638434,0.48286006,0.49980482,0.49639988,0.59424907,0.6070508,0.5168496,0.52297866,0.51852405,0.6196402,0.6200037,0.5942992,0.620518,0.6242022,0.6047746,0.569284,0.60142255,0.52952725,0.5911608,0.650321,0.55849946,0.55017596,0.4593138,0.52469265,0.47210363,0.6210746,0.48152894,0.630093,0.47884163,0.5392114,0.58429766,0.5440248,0.6110561,0.5543016,0.5250711,0.5647595,0.56896275,0.49216062,0.5369027,0.6035089,0.64888185,0.59664375,0.6348363,0.6280065,0.59404397,0.54401296,0.59129834,0.6256511,0.5550643,0.5943737,0.5085884,0.5312211,0.527461,0.5661003,0.5216797,0.5468641,0.5553162,0.6065905,0.64482975,0.6064802,0.5584184,0.56976455,0.58230317,0.5603199,0.53651977,0.54132897,0.60226923,0.6140669,0.5210656,0.5159138,0.5483886,0.5762147,0.60432345,0.5466877,0.56489277,0.5610916,0.53983176,0.5324253,0.46349907,0.5038931,0.5004503,0.52585256,0.5036179,0.47325554,0.48989904,0.44128886,0.6056877,0.6020092,0.44973826,0.6706441,0.50930244,0.61540025,0.6186549,0.63702214,0.47192836,0.52427965,0.51447093,0.52504814,0.4973938,0.518085,0.44123018,0.46806216,0.50529236,0.57943106,0.49616295,0.5276862,0.5345755,0.56203634,0.5005108,0.51730365,0.6182224,0.5218774,0.5937113,0.64052844,0.5310709,0.56865126,0.5553059,0.6232675,0.5784355,0.58796346,0.53049743,0.5481144,0.4836956,0.50324786,0.52132756,0.52389115,0.5305064,0.54294777,0.5408522,0.5140548,0.515014,0.51739186,0.52853423,0.5729725,0.5703845,0.5306501,0.5353654,0.5441769,0.53913033,0.52254903,0.5197247,0.51788783
266,0.47764546,0.552915,0.56272596,0.5151756,0.5239598,0.5229406,0.55246425,0.56187755,0.5801149,0.52648896,0.49853766,0.59654117,0.5264365,0.50050837,0.5242348,0.4921775,0.47565565,0.56658083,0.4831539,0.47763163,0.49833283,0.53848946,0.5376131,0.5523477,0.6030273,0.6316026,0.5225039,0.5870708,0.53864926,0.5799345,0.51507276,0.5401725,0.4958707,0.5500394,0.56224465,0.52946514,0.5185822,0.49734354,0.54144514,0.5738572,0.5838288,0.5690611,0.58707327,0.55756605,0.4849795,0.49559772,0.6112213,0.42609122,0.42584845,0.4936716,0.6153458,0.6243179,0.5819333,0.6307942,0.5766762,0.6550193,0.5705304,0.5612513,0.51119083,0.54401773,0.5190845,0.57788175,0.63506186,0.49106148,0.47653615,0.5000622,0.6281798,0.583511,0.59696245,0.66611147,0.6254854,0.53818846,0.5942667,0.6243507,0.62889236,0.6498146,0.65651935,0.56450814,0.63390267,0.5276941,0.59411484,0.54666597,0.5746204,0.50119615,0.58812535,0.5402856,0.62916136,0.5715042,0.6132685,0.63143593,0.54752886,0.5194729,0.54643434,0.5892202,0.5283248,0.542814,0.6002989,0.59332454,0.6223148,0.63286334,0.64559615,0.5904182,0.57520884,0.59516144,0.63042635,0.57113457,0.6123339,0.53600454,0.5504738,0.5425582,0.56977206,0.53049785,0.5930747,0.5622401,0.61167574,0.608393,0.5941712,0.52423334,0.52156085,0.5709362,0.549788,0.5401196,0.5911458,0.61846364,0.6188186,0.520004,0.51375306,0.5997317,0.6335811,0.6350825,0.57899827,0.62593913,0.56155115,0.5389579,0.52598155,0.49355322,0.52511925,0.5099974,0.588785,0.54713005,0.529324,0.50856346,0.4707076,0.57308036,0.5868579,0.476254,0.6777144,0.5072434,0.6233149,0.62517965,0.59669864,0.5122996,0.55450857,0.5562635,0.51410294,0.5369759,0.52303696,0.4506632,0.48679447,0.5414172,0.61201864,0.49731553,0.5649404,0.50227934,0.55127656,0.5032109,0.5405028,0.6209546,0.5393858,0.59407485,0.63174534,0.5647403,0.58392787,0.5841384,0.6344349,0.578424,0.61206,0.54372776,0.545409,0.5191002,0.4744705,0.5229848,0.5577932,0.5090935,0.4902578,0.49915147,0.5170496,0.574596,0.5793164,0.4873863,0.48179296,0.55699205,0.49112073,0.4972439,0.5370787,0.49825191,0.47369117,0.5605235,0.4542917,0.45833257,0.5219178,0.47546607,0.5373508,0.5376871,0.508873,0.5770143,0.4975008,0.5206153,0.58983684,0.63262415,0.5319658,0.57385737,0.53874785,0.5228843,0.55396634,0.55965555,0.51080465,0.5073141,0.5580485,0.5792029,0.5774019,0.57541305,0.5834517,0.54694456,0.481242,0.46969798,0.63565403,0.4653473,0.4831936,0.49751687,0.61461145,0.6229596,0.5902305,0.6559554,0.58698004,0.6663236,0.5399163,0.5317868,0.50456655,0.5350061,0.4667161,0.5801144,0.60863435,0.4982851,0.48531052,0.5003525,0.6169703,0.60286754,0.5795693,0.6111142,0.6142892,0.5865193,0.5791205,0.6099988,0.5512371,0.5874062,0.64763063,0.57693005,0.580321,0.4795703,0.5297215,0.4780836,0.6255378,0.50742906,0.6374018,0.50090474,0.5418657,0.56333846,0.550086,0.61339945,0.56516486,0.518981,0.5643242,0.55273694,0.5128537,0.5572123,0.6109562,0.6483413,0.61920345,0.6527613,0.6389574,0.6067453,0.5568043,0.59809846,0.64926505,0.56809485,0.5943382,0.5383695,0.54517585,0.5285675,0.5678236,0.50940645,0.5795322,0.58446753,0.62679315,0.65585095,0.61771876,0.54746026,0.5633774,0.577606,0.56764823,0.53523904,0.5564493,0.6067382,0.6221144,0.5158083,0.5171673,0.5605926,0.60214996,0.6098001,0.54320025,0.5501863,0.5588891,0.5414979,0.52924967,0.4776845,0.5212701,0.50102496,0.5514749,0.53013104,0.48958698,0.50100696,0.4576669,0.6146875,0.6045685,0.46261567,0.69276565,0.536757,0.62170774,0.6073876,0.62395245,0.48578694,0.5361948,0.5197029,0.52085465,0.5140395,0.5345322,0.44679445,0.4818962,0.515097,0.56942123,0.49673146,0.5320128,0.5131547,0.5391892,0.49608508,0.532853,0.6343655,0.53394145,0.5979198,0.6403052,0.5325132,0.5689691,0.557962,0.6282846,0.5643329,0.58128035,0.5377305,0.5471291,0.4638904,0.4971023,0.52261096,0.5241766,0.52996457,0.5410362,0.54048383,0.52075136,0.52001846,0.51442975,0.52849376,0.56735075,0.56763554,0.5333876,0.53415245,0.5503262,0.54622024,0.5192492,0.51999027,0.52155215
267,0.50664383,0.5740477,0.58076406,0.5448929,0.5529736,0.5430512,0.56170344,0.5777823,0.5995711,0.54820406,0.5160021,0.61693764,0.5587008,0.49157134,0.5129511,0.51709557,0.4772658,0.569845,0.5013533,0.49721986,0.5135801,0.5500061,0.5573412,0.5577876,0.62518317,0.63723433,0.5352814,0.5939187,0.5384226,0.5553979,0.49211842,0.5318372,0.46178687,0.5274547,0.53831047,0.5614873,0.56469023,0.52583176,0.58694214,0.5985509,0.61886525,0.6108526,0.6165555,0.5855359,0.5258522,0.5073229,0.6187961,0.43787697,0.43009868,0.4979941,0.6242883,0.6333597,0.59885377,0.63796026,0.607034,0.6552277,0.5896919,0.5551191,0.53459847,0.5788342,0.4946259,0.54526335,0.6205522,0.46663305,0.4531467,0.49311233,0.6172313,0.55858344,0.5806046,0.6540093,0.6102427,0.5132519,0.5893347,0.6180145,0.6353634,0.6382688,0.6431801,0.57036895,0.6429013,0.5304452,0.6000355,0.55447304,0.57068783,0.53198326,0.5871143,0.55331534,0.6264703,0.56136763,0.597217,0.624399,0.5456301,0.5162868,0.54559153,0.57131153,0.53746855,0.55560577,0.59143263,0.57356066,0.65137845,0.6397451,0.6604422,0.6040013,0.58636516,0.60047215,0.6575811,0.58173096,0.6138544,0.5661586,0.57227635,0.5450235,0.5609354,0.5122452,0.63220376,0.5953181,0.61064035,0.6085752,0.58171487,0.52241296,0.5111059,0.56663007,0.56097645,0.5408424,0.60635126,0.6156229,0.6230603,0.51149315,0.5103363,0.60652536,0.6449465,0.62758917,0.583955,0.61287934,0.5596192,0.54192245,0.5246835,0.4992689,0.53934866,0.5069154,0.6025814,0.5732037,0.54572093,0.5212843,0.48593655,0.56739557,0.57912064,0.4834259,0.6927362,0.53753906,0.61179566,0.61499953,0.568449,0.54062915,0.5672673,0.5617466,0.49927294,0.5506425,0.5255661,0.46446255,0.5089101,0.54462045,0.5918715,0.4951055,0.5655136,0.4928429,0.536044,0.49937457,0.56267613,0.6246634,0.5483791,0.58166367,0.62252563,0.58164775,0.5861986,0.58844167,0.6285666,0.5662513,0.59861076,0.5519366,0.54219097,0.51918876,0.5062628,0.54668903,0.57572323,0.5376671,0.5231026,0.5229329,0.5319617,0.5896004,0.59775573,0.5219424,0.49573743,0.58277607,0.5240339,0.494096,0.53017706,0.5230572,0.46382442,0.568542,0.47754684,0.47038305,0.5341454,0.49390134,0.5617759,0.54327357,0.54858243,0.59733105,0.51852643,0.54510283,0.5891052,0.61159277,0.5177238,0.5592505,0.5172773,0.5091969,0.53179747,0.59220874,0.5544585,0.5353861,0.6048023,0.60108984,0.61076427,0.61695284,0.61555403,0.5835186,0.5230731,0.48285833,0.6441571,0.47787717,0.49672186,0.49272698,0.6234428,0.63376015,0.60512537,0.6590856,0.6196408,0.66933686,0.5630522,0.52921396,0.5341686,0.57504416,0.44883463,0.56575495,0.60228425,0.48348868,0.4654656,0.49886277,0.6130527,0.5874047,0.56882,0.60605705,0.604916,0.5747455,0.58441293,0.61064595,0.5739828,0.5849459,0.6400884,0.5847691,0.6000695,0.49551147,0.5369779,0.49099797,0.61951035,0.5344627,0.6317482,0.5271541,0.55474883,0.548625,0.55183864,0.6083199,0.5701924,0.5205021,0.56207025,0.5396452,0.5257682,0.57094073,0.60890627,0.6414236,0.6441561,0.6598012,0.6502409,0.6280367,0.5763725,0.60850257,0.67188096,0.5783462,0.59053946,0.56311625,0.5570786,0.5328262,0.5606387,0.5025359,0.6173427,0.61604714,0.6350504,0.64550847,0.60476834,0.538432,0.5591548,0.57590115,0.57784414,0.5337826,0.5710068,0.6047485,0.61930394,0.5122874,0.5166683,0.57222867,0.6179043,0.61278737,0.54283696,0.5393126,0.56055486,0.5453489,0.5270493,0.49518907,0.5369733,0.49641335,0.5727568,0.55550987,0.51081485,0.5134661,0.47248295,0.60681343,0.59736097,0.47047758,0.6981395,0.5645288,0.6214025,0.59784657,0.6077191,0.51114106,0.54928875,0.5252826,0.51368666,0.538891,0.54584545,0.45795515,0.5045446,0.5235774,0.5577053,0.50313294,0.533694,0.49797264,0.5219305,0.4927307,0.5545194,0.64402187,0.5411819,0.5944485,0.63540566,0.53266764,0.57165164,0.5633183,0.6241282,0.5542558,0.57289726,0.5425841,0.54358184,0.45433524,0.49513707,0.52577615,0.5289497,0.5317942,0.5410169,0.54148924,0.53141534,0.53072435,0.5157885,0.5318334,0.5645704,0.5675945,0.5379775,0.53284997,0.5592364,0.5561241,0.5231319,0.52662736,0.53166234
268,0.55362123,0.59364194,0.5966949,0.57950467,0.58503723,0.5670826,0.56509775,0.5924905,0.6150819,0.5639345,0.533723,0.6253365,0.5895341,0.49465764,0.5058198,0.54425174,0.4733812,0.5672697,0.5236156,0.5199067,0.53035897,0.56024396,0.57913464,0.56942487,0.63370645,0.63035244,0.55039394,0.5921304,0.53392303,0.53975594,0.48576242,0.53970957,0.44902414,0.5222572,0.5246236,0.6079529,0.6242944,0.5652975,0.6487718,0.6273811,0.66414547,0.66057384,0.63887024,0.6128142,0.5733444,0.5145045,0.61455256,0.45568988,0.43514758,0.49609852,0.61854345,0.62717456,0.6108678,0.6296367,0.6431745,0.63181454,0.6132059,0.5513906,0.5689048,0.6171011,0.48301342,0.52132034,0.60179895,0.4595296,0.45223913,0.5076625,0.607172,0.5421159,0.57095283,0.63812196,0.5982925,0.5102963,0.57921445,0.60361475,0.6301393,0.6180078,0.62489873,0.5692204,0.64229697,0.5288534,0.5972462,0.56387407,0.56900066,0.5673482,0.5776313,0.5645176,0.621323,0.5599689,0.5772735,0.6136976,0.54302347,0.5252679,0.5453006,0.5532842,0.5387911,0.566865,0.5795153,0.5546812,0.6756483,0.6326017,0.6655418,0.61748374,0.5996303,0.60231334,0.6828142,0.5885644,0.6063711,0.5926956,0.5936249,0.547088,0.5428737,0.49780986,0.6691768,0.63130397,0.59469557,0.5917934,0.5480296,0.5267481,0.5089038,0.56573135,0.5786997,0.5462332,0.6125729,0.60372186,0.61217874,0.50796753,0.50953513,0.60186183,0.63988686,0.61556786,0.5881196,0.60430753,0.5631246,0.5466568,0.5271319,0.5115602,0.5556738,0.5000148,0.6037368,0.5944635,0.5660637,0.5335225,0.5043132,0.55632997,0.5692976,0.4893809,0.6914712,0.5718984,0.59737766,0.60344,0.5465567,0.5704107,0.5769718,0.5596456,0.49108237,0.5598743,0.5200943,0.48260504,0.53384525,0.54043096,0.5717105,0.5079879,0.5576154,0.4931335,0.5271244,0.501247,0.58991355,0.614951,0.5524752,0.56741464,0.6106928,0.5917988,0.58758616,0.59041846,0.6084775,0.5567322,0.58324444,0.5596363,0.5406407,0.52707934,0.5554961,0.5672922,0.59087414,0.5709356,0.56469584,0.55317146,0.54992175,0.602335,0.6152155,0.5586437,0.5071431,0.599484,0.559983,0.5003132,0.52157545,0.5483251,0.44934976,0.5676262,0.5066833,0.488089,0.54710805,0.5191058,0.5824056,0.55410933,0.5861463,0.61140734,0.5387334,0.56415987,0.56998384,0.59089136,0.51215893,0.558068,0.5171466,0.5145172,0.5217086,0.63526267,0.6127526,0.56987333,0.6689398,0.62638235,0.65015,0.6630701,0.639869,0.61574394,0.5673552,0.4874471,0.63857484,0.4888628,0.509461,0.4777486,0.6198441,0.632916,0.6143839,0.64587253,0.65752715,0.6503325,0.5933085,0.52976656,0.5693646,0.6136994,0.4496642,0.55390745,0.5881075,0.47798637,0.4691646,0.51445234,0.6068624,0.57558155,0.5643558,0.60468453,0.5965286,0.5710038,0.583323,0.60188836,0.59272707,0.58282703,0.62608373,0.5804854,0.6036446,0.50333065,0.544795,0.51038796,0.60232484,0.5593373,0.6128203,0.5555644,0.57567173,0.5429787,0.54866993,0.59509206,0.5682463,0.5291627,0.55694234,0.53288084,0.52948433,0.57726675,0.5963289,0.62707967,0.6651748,0.64866585,0.65747267,0.6533559,0.59980136,0.6193315,0.68854517,0.5837502,0.5819796,0.5791959,0.5656792,0.53876823,0.54631174,0.50474143,0.6542755,0.64410603,0.62666214,0.61099523,0.56713253,0.5330103,0.55790025,0.5757783,0.5867305,0.5317112,0.5820753,0.59376746,0.6024359,0.5112203,0.5137045,0.579663,0.6186501,0.61247176,0.5452141,0.53506845,0.5664097,0.5506179,0.52624094,0.5136935,0.5505371,0.4872684,0.58325297,0.5744487,0.533844,0.5251909,0.4862726,0.58323723,0.58066875,0.47251266,0.6817025,0.5901674,0.61387646,0.59074926,0.590223,0.5439114,0.5592853,0.5282514,0.50484794,0.56606656,0.5494368,0.47200304,0.5318902,0.5273496,0.5460898,0.51621073,0.5308229,0.49295434,0.5145771,0.49209368,0.5799402,0.64165044,0.5415714,0.58316064,0.62430304,0.5309832,0.5760904,0.5698112,0.6078797,0.55026513,0.5637746,0.5439424,0.53909004,0.46125686,0.4987073,0.53050715,0.53683037,0.5349003,0.54367167,0.5447319,0.54561293,0.54635185,0.52230144,0.5388302,0.5641669,0.5688486,0.54419297,0.5323959,0.5698285,0.56786203,0.5342622,0.53878695,0.5473984
269,0.60824645,0.60505635,0.6027452,0.6094516,0.6111208,0.58767,0.55982274,0.5994081,0.61907244,0.57072604,0.5482534,0.6198983,0.6104822,0.51135916,0.5059919,0.56569666,0.46661675,0.5581021,0.54504544,0.5403415,0.5439732,0.5660975,0.5948947,0.58398205,0.6275159,0.61307174,0.56752366,0.5827006,0.52835023,0.5380085,0.49615714,0.5649524,0.46007705,0.536837,0.52794945,0.65788895,0.6843815,0.60849583,0.71312296,0.65302575,0.7101076,0.71017635,0.6497923,0.6345016,0.6201826,0.51911914,0.600794,0.47636476,0.44191787,0.49233463,0.5947338,0.60504836,0.6111804,0.60568374,0.6767041,0.5862723,0.63695145,0.5507095,0.60945934,0.6527766,0.48877507,0.5130562,0.5827953,0.47454327,0.47651508,0.53887254,0.59958124,0.53763187,0.5731968,0.62212354,0.59222245,0.5291889,0.56674945,0.5826514,0.61373353,0.5945957,0.60300416,0.5608933,0.63251704,0.52301246,0.5868595,0.5702873,0.5686345,0.60063034,0.5621957,0.57399714,0.6161703,0.56816214,0.5570101,0.60200804,0.54082584,0.5435397,0.5452928,0.5422283,0.53417456,0.57532626,0.56769353,0.5401036,0.6881644,0.6079004,0.6587593,0.6263792,0.6117675,0.5978311,0.7017201,0.5901231,0.58902425,0.610542,0.61214113,0.5476859,0.5230712,0.49422318,0.69750077,0.6632221,0.56728345,0.561985,0.50132805,0.53570855,0.51458365,0.567119,0.5969513,0.55377305,0.6082032,0.5829213,0.5860142,0.50926507,0.51174754,0.5857605,0.61867213,0.60246634,0.59032875,0.60297996,0.57098126,0.5518942,0.5325608,0.52732164,0.5713189,0.4928794,0.59066004,0.6086312,0.5873914,0.54245096,0.5250427,0.5428418,0.55897623,0.49526966,0.6741735,0.60484314,0.5838642,0.59383154,0.5355271,0.59430933,0.5797786,0.5480619,0.4915271,0.56047595,0.5093197,0.50158507,0.5568727,0.52862865,0.55942345,0.53469414,0.5424702,0.5036051,0.5271276,0.51028067,0.6168951,0.5894771,0.55260515,0.5525536,0.5978394,0.592112,0.5863079,0.5876209,0.57531863,0.5521281,0.5695783,0.56555086,0.5436265,0.5452945,0.6110875,0.57988954,0.595327,0.5992264,0.60417086,0.58192724,0.56500465,0.6071682,0.6245147,0.5897056,0.5127517,0.60243106,0.5892082,0.5162002,0.51448506,0.56664276,0.4343605,0.5570814,0.536072,0.50706285,0.5583774,0.54634154,0.5934795,0.5680959,0.6149109,0.61787033,0.5565509,0.5742145,0.53723454,0.57442003,0.5147116,0.5712879,0.53716,0.5386464,0.5271404,0.6775256,0.6736269,0.60603034,0.73487544,0.6481671,0.68772954,0.7067191,0.6515932,0.6380863,0.6096658,0.48743364,0.62215704,0.49623087,0.52111214,0.45805496,0.60138446,0.6195216,0.61226755,0.617409,0.6922383,0.60883987,0.62697244,0.5344788,0.60569125,0.64445955,0.47237366,0.5486274,0.5698279,0.48662895,0.49568745,0.5409733,0.5984688,0.5690114,0.5679105,0.6055537,0.59065896,0.5740735,0.5764152,0.58553684,0.60346925,0.58025736,0.6067466,0.564646,0.58986866,0.50096864,0.5501243,0.5316195,0.5763136,0.5778954,0.58523285,0.58310807,0.5990377,0.5472314,0.5439194,0.5778902,0.5615143,0.54138803,0.54952365,0.5353496,0.52462256,0.5774568,0.5746843,0.6071127,0.67614645,0.6164802,0.65870625,0.6766662,0.6226781,0.6272135,0.697056,0.58371574,0.5691454,0.58509177,0.5705671,0.5444867,0.5311642,0.5179129,0.6835733,0.66274506,0.6016025,0.5576658,0.51324016,0.5315087,0.559886,0.57542384,0.59012556,0.5285715,0.5874423,0.57499343,0.57299167,0.5128223,0.5096007,0.5808283,0.60471374,0.6104,0.5487118,0.5384654,0.5751341,0.5557654,0.526912,0.5299236,0.5612435,0.4776338,0.57982224,0.58362526,0.55461454,0.53378725,0.4995455,0.5488195,0.55765754,0.47053364,0.64432395,0.61033565,0.6008695,0.5865314,0.57391584,0.5771248,0.5619645,0.5263851,0.49626738,0.59003675,0.54693645,0.48711672,0.55823725,0.5243244,0.5371494,0.53245467,0.5241558,0.4990226,0.5193555,0.495998,0.6044826,0.62568617,0.53592885,0.567161,0.60764194,0.5270998,0.5808939,0.5756335,0.5807212,0.5529034,0.5555796,0.5423521,0.53726447,0.4876306,0.50771695,0.5361543,0.54483634,0.53807205,0.5491491,0.5505756,0.5616592,0.5644026,0.53305155,0.54856235,0.56497556,0.5696058,0.5513869,0.5337147,0.5799385,0.5794946,0.5501438,0.553502,0.5657174
270,0.65705955,0.60308707,0.5926942,0.6264478,0.6243914,0.59934604,0.5467339,0.593557,0.6079452,0.5681989,0.5570044,0.60174865,0.6158177,0.53799033,0.51364577,0.5740833,0.4619601,0.54328996,0.5615852,0.5545623,0.5519089,0.566956,0.5962422,0.5975891,0.6081829,0.5916486,0.5844279,0.5674678,0.52188194,0.5491496,0.5158556,0.6020285,0.48926142,0.5666253,0.5486841,0.6961366,0.73171127,0.6458017,0.7634324,0.6690429,0.74660176,0.75035197,0.64767337,0.64655924,0.6582978,0.521056,0.5825749,0.49524802,0.4516464,0.49051344,0.55535334,0.5716389,0.59666854,0.5717757,0.6993566,0.5282759,0.6562315,0.55166596,0.6483597,0.6802765,0.5103007,0.52295953,0.568551,0.5064949,0.519257,0.5780568,0.5960733,0.543138,0.589147,0.61184967,0.59362006,0.5613135,0.55598956,0.5594496,0.59239465,0.57793427,0.5821709,0.54710984,0.6179788,0.512807,0.5727685,0.5701405,0.5668639,0.62485504,0.5439997,0.58218217,0.6156046,0.5849304,0.5409827,0.5945601,0.5409703,0.56487954,0.54557765,0.54423153,0.5255703,0.5800672,0.55695707,0.5307411,0.6857247,0.56760585,0.64135617,0.6269795,0.6196199,0.58545315,0.711695,0.58580744,0.5633718,0.6166314,0.62513644,0.5462209,0.51001865,0.505103,0.71284246,0.6846267,0.5353867,0.52774006,0.45531648,0.54648083,0.52506095,0.56795394,0.60784334,0.55976206,0.5928372,0.5559229,0.54649013,0.51232296,0.51552796,0.5596394,0.5851135,0.59274673,0.58984876,0.6095426,0.5800509,0.5564635,0.53932244,0.5420014,0.5831932,0.48920467,0.5650528,0.6136123,0.6039651,0.54460174,0.54420763,0.5288464,0.5482961,0.5009851,0.6455239,0.6303634,0.5742592,0.5891432,0.5343974,0.60513467,0.5728613,0.52900106,0.4975008,0.5507876,0.49833533,0.5190443,0.5727529,0.51199657,0.56075615,0.56659406,0.5240356,0.52044725,0.53476,0.5258361,0.6383052,0.5505514,0.5517258,0.5396324,0.5860642,0.58202904,0.58199257,0.5792377,0.53304,0.5518194,0.5608333,0.5679416,0.55282974,0.5727761,0.6593854,0.581324,0.5828718,0.6144753,0.6318062,0.60290396,0.57335806,0.59955424,0.6208242,0.6085797,0.5112877,0.590087,0.6039833,0.5383934,0.51122785,0.5723384,0.42461735,0.53964794,0.56137425,0.5243861,0.5675368,0.57113254,0.59060335,0.5831224,0.6303282,0.6183766,0.569249,0.5729651,0.49794722,0.56519777,0.52003634,0.59517235,0.56901956,0.57382977,0.54620755,0.7055738,0.722897,0.63669723,0.7849481,0.6598586,0.7153592,0.74082685,0.64912844,0.64696777,0.6442532,0.4860035,0.60151935,0.49969864,0.53281087,0.4403587,0.5697049,0.59598315,0.5959884,0.58066934,0.71560866,0.55217737,0.6574098,0.54175895,0.6378089,0.66301316,0.5119618,0.55206,0.5532377,0.50798434,0.53586364,0.57029027,0.58930075,0.56698006,0.5792881,0.6079433,0.5903596,0.5799683,0.5665754,0.5669126,0.6065525,0.5790628,0.58624667,0.54012376,0.56104165,0.48969424,0.5508471,0.5477552,0.5453608,0.58583707,0.55468553,0.60572076,0.61858857,0.5600788,0.54116017,0.5636657,0.5542989,0.55319816,0.5421705,0.548654,0.51294935,0.57355195,0.546693,0.5842939,0.67370415,0.56656885,0.6537948,0.6921442,0.6413108,0.6285658,0.6968338,0.5777083,0.5526841,0.58061796,0.5712627,0.5480917,0.5218662,0.53937984,0.70057243,0.6684415,0.56513757,0.49868506,0.45826426,0.532583,0.5634963,0.57201046,0.5842272,0.52428854,0.5850334,0.5513473,0.534094,0.51527494,0.5067971,0.574715,0.5795343,0.6089352,0.5516611,0.5479179,0.5833616,0.5593443,0.5283153,0.54055905,0.56763124,0.47265238,0.56305116,0.5822644,0.568609,0.53659904,0.5111576,0.509382,0.5320707,0.4673174,0.59377337,0.62226516,0.58450663,0.5851277,0.55972224,0.6015604,0.5544447,0.52081835,0.48841247,0.60621464,0.54281956,0.50329137,0.5772843,0.51549876,0.53356105,0.5439527,0.5166224,0.5133838,0.5332127,0.50461966,0.6223746,0.59850067,0.5285455,0.5491038,0.5881632,0.52167845,0.58435166,0.5794404,0.54532915,0.5601525,0.55056983,0.53863144,0.5407992,0.529469,0.520271,0.54140246,0.5495239,0.53996164,0.55731404,0.55855685,0.576872,0.5816742,0.54587847,0.55877614,0.56435186,0.5673031,0.55864954,0.53676754,0.5879571,0.58942664,0.5669565,0.56720793,0.58215064
271,0.69136816,0.586488,0.5668536,0.6276674,0.62298197,0.6004154,0.5296723,0.57424194,0.5829545,0.55924463,0.56047344,0.57798296,0.60402405,0.5667571,0.5263363,0.5664534,0.4624041,0.52495474,0.57039106,0.5606435,0.5534456,0.563272,0.57976145,0.6085878,0.5823603,0.57410794,0.597645,0.5490649,0.51233435,0.56574935,0.53511626,0.63902116,0.525382,0.5995307,0.578912,0.7121935,0.7595906,0.6702242,0.7900487,0.6713457,0.76700026,0.7739166,0.6339097,0.648155,0.6829568,0.5194684,0.56339765,0.5095644,0.46521607,0.49143615,0.5065034,0.53244454,0.56927335,0.5342344,0.7059938,0.47094887,0.6679609,0.5515012,0.6782995,0.6966618,0.5400421,0.5455061,0.5605526,0.54330724,0.56648797,0.61637616,0.59591717,0.5515878,0.614537,0.60955644,0.59981304,0.59273374,0.55068684,0.53910494,0.57580405,0.57518166,0.56519365,0.5310518,0.6052661,0.4995122,0.5605721,0.5637565,0.56069267,0.63718975,0.52574414,0.5894854,0.622389,0.60650384,0.5306323,0.594124,0.54427385,0.58206886,0.54608405,0.5593473,0.51451105,0.5806341,0.54509246,0.5240331,0.668737,0.5190396,0.61518013,0.6177193,0.62139344,0.56616086,0.71102476,0.5754457,0.5325863,0.612744,0.63137144,0.54235655,0.5078652,0.52732974,0.71415555,0.69217896,0.5044843,0.49666733,0.4205504,0.5559911,0.53655565,0.56481683,0.60648584,0.56123847,0.56994003,0.52603924,0.49896514,0.5141386,0.5183189,0.52789056,0.547535,0.5885037,0.5869859,0.620568,0.5854019,0.5596471,0.5455646,0.5522257,0.58928823,0.4898249,0.5322044,0.6089369,0.6109603,0.5388308,0.5575259,0.51486963,0.53515327,0.5046901,0.6111018,0.6460124,0.56768006,0.5898257,0.53674805,0.5998278,0.55685115,0.50805664,0.50318027,0.5320006,0.4905901,0.5332554,0.57811356,0.4954041,0.5744374,0.5923992,0.5065884,0.5371882,0.54430145,0.54376113,0.6512327,0.5045183,0.55357397,0.53120327,0.574306,0.56565875,0.5758248,0.56637996,0.48727384,0.55389404,0.556185,0.56567895,0.5670657,0.60430795,0.6922973,0.57117635,0.5543287,0.6146758,0.64395446,0.6140417,0.5755015,0.57840157,0.6029804,0.6146817,0.50616527,0.56908464,0.6022795,0.56059307,0.51207334,0.5640352,0.42330584,0.52034295,0.5797423,0.53826165,0.5742507,0.5903629,0.57294184,0.5982507,0.6337316,0.6181695,0.57482517,0.56317943,0.45848283,0.5622247,0.5223698,0.62038666,0.601695,0.60633385,0.5711462,0.7106543,0.75190556,0.65592223,0.8098536,0.6570147,0.727606,0.7595469,0.6346978,0.64316016,0.6666392,0.48525068,0.5802674,0.50074893,0.54505247,0.4293499,0.5281846,0.5642663,0.5668862,0.5417253,0.7224559,0.49268416,0.67827225,0.54739475,0.6619005,0.6689686,0.5563003,0.56135917,0.54217774,0.5343656,0.5750813,0.59607553,0.58015555,0.5656117,0.5960213,0.6104521,0.5977109,0.5827833,0.55849075,0.55229485,0.6092192,0.5815487,0.5672643,0.51290286,0.5263727,0.47602284,0.5488445,0.55542636,0.51364386,0.5828282,0.5244205,0.6218698,0.63053715,0.57713175,0.5405471,0.5558587,0.5496413,0.56185234,0.5365538,0.5706633,0.49801853,0.56707823,0.5150683,0.5602221,0.65801674,0.5084211,0.64191604,0.6957455,0.6535839,0.6210279,0.6867792,0.56548196,0.5334514,0.5695186,0.56865895,0.54836506,0.52134657,0.5632294,0.70453405,0.66139114,0.52486455,0.44678319,0.41452953,0.5337188,0.5654484,0.5630184,0.5682147,0.51934344,0.5766727,0.5255811,0.49109858,0.5155175,0.5063072,0.5639344,0.55119205,0.60963535,0.55382353,0.5594457,0.5865043,0.5605993,0.5292237,0.5448726,0.56936693,0.47467917,0.5398211,0.5732975,0.57382923,0.5331913,0.5193368,0.47009897,0.50555575,0.46464685,0.5404938,0.62584877,0.56637394,0.5850315,0.5453347,0.61125594,0.53833544,0.5157958,0.4803545,0.6114329,0.5400504,0.5201737,0.5851138,0.50507677,0.53595495,0.544785,0.51096284,0.5304711,0.54840004,0.5159523,0.630627,0.5645692,0.52507687,0.5293585,0.5679485,0.5168221,0.58543307,0.58069444,0.5055045,0.5684641,0.5488104,0.53359634,0.54975426,0.5763498,0.53359824,0.54477054,0.5490525,0.53965056,0.5677672,0.56768304,0.5887712,0.595518,0.5583272,0.5669956,0.5592673,0.55949664,0.56479436,0.5405343,0.59387434,0.5971431,0.58107907,0.57720244,0.59299994
272,0.70868003,0.5594426,0.5334948,0.6158921,0.60975826,0.592561,0.5144298,0.5457844,0.54984206,0.5494357,0.5610359,0.5603676,0.57852614,0.58912045,0.539539,0.545594,0.46800205,0.50717634,0.5698931,0.5587166,0.54971445,0.556088,0.55059505,0.61620563,0.5609605,0.5680893,0.604572,0.5314268,0.49877787,0.5783174,0.547613,0.6643298,0.55707496,0.62204176,0.6074198,0.70247877,0.7665817,0.67917514,0.790102,0.6590969,0.7681175,0.7770915,0.6127505,0.6420674,0.69277805,0.51482683,0.54566324,0.51910853,0.4827943,0.4939894,0.45781448,0.49388692,0.5353247,0.49979088,0.69500667,0.4267944,0.6721602,0.5493247,0.6954394,0.7015902,0.56948256,0.57221675,0.5575382,0.5750598,0.6052002,0.6476501,0.59659916,0.5563893,0.6426336,0.6132347,0.60599697,0.6120765,0.5534341,0.52594596,0.5725498,0.58782005,0.551332,0.51649624,0.60053784,0.48731986,0.55622643,0.55470824,0.54866177,0.6388371,0.50987136,0.5968995,0.6359745,0.62741196,0.524041,0.59857464,0.5496529,0.5895154,0.5461839,0.58273107,0.50303304,0.57753855,0.530004,0.51783127,0.6396026,0.47285998,0.5832539,0.5999352,0.61627316,0.54326856,0.6983243,0.56006,0.5013765,0.6045032,0.63185984,0.5364247,0.5171133,0.5545357,0.7025778,0.68528897,0.4784369,0.47402954,0.4021993,0.5618355,0.54598105,0.5565527,0.59396887,0.55723643,0.5472388,0.4965374,0.45306006,0.51460534,0.51895255,0.4990014,0.51761985,0.5891892,0.5831236,0.6310183,0.58276075,0.56071055,0.5497294,0.5567762,0.5891366,0.49356407,0.50044906,0.5969767,0.60805047,0.52788854,0.563181,0.50107944,0.5171988,0.5045433,0.57634276,0.65243274,0.5610957,0.59452426,0.5354499,0.58068925,0.5371034,0.49237207,0.5048567,0.50927234,0.48746115,0.5425382,0.5731048,0.48444042,0.59386593,0.60428774,0.49430016,0.54831827,0.54991245,0.5581337,0.6548241,0.460581,0.5613266,0.5281299,0.5595191,0.5500232,0.56884074,0.5508925,0.4455015,0.5582769,0.5524382,0.5587207,0.58408874,0.63375854,0.70819473,0.55293745,0.5188638,0.60361516,0.6422234,0.61654484,0.57496303,0.54767853,0.57407486,0.61235803,0.50338066,0.5524588,0.5871905,0.5758081,0.5147958,0.5452621,0.43011934,0.50559866,0.58898807,0.5471241,0.5782289,0.6025573,0.5459311,0.61183804,0.6303588,0.6239799,0.57397187,0.5521214,0.4249174,0.56149995,0.5195668,0.6362936,0.6264435,0.62335795,0.59161615,0.69021565,0.758264,0.6609325,0.807289,0.63916975,0.7224263,0.75910896,0.6135156,0.6315203,0.6751849,0.48704585,0.5595203,0.5017676,0.5568979,0.42726073,0.4834377,0.52790487,0.5308331,0.50587404,0.7112038,0.44404793,0.68668705,0.5484426,0.67588115,0.66502386,0.59332955,0.5715411,0.5380463,0.5579507,0.6014752,0.6149124,0.5711975,0.56094414,0.61556965,0.61081135,0.61235017,0.5776709,0.5568489,0.5464723,0.6209141,0.58794624,0.54954267,0.49108157,0.50078416,0.46904933,0.5491343,0.5559895,0.4853221,0.57314074,0.4961494,0.6331557,0.63396174,0.5927445,0.5403222,0.55348325,0.5482582,0.56553876,0.532659,0.59641397,0.48433033,0.559712,0.4832033,0.5364904,0.63168806,0.4554529,0.6226983,0.68564695,0.65778786,0.6042863,0.66565883,0.5486533,0.5133357,0.5592221,0.5654857,0.54538757,0.529744,0.5840625,0.69721836,0.6444732,0.4890375,0.41070354,0.38844067,0.5328629,0.5633999,0.54869425,0.5463658,0.5146374,0.5684298,0.5000865,0.45279554,0.5119242,0.5077824,0.5545344,0.5313926,0.6132149,0.5561741,0.5686953,0.5809434,0.55923694,0.5289355,0.54507524,0.56790626,0.48308575,0.5210628,0.56232524,0.5720576,0.52604383,0.52323973,0.43616962,0.47843906,0.4632303,0.4946176,0.62306184,0.5483746,0.58394337,0.5273466,0.60561967,0.52025276,0.51577866,0.47194296,0.60559237,0.5391385,0.53569525,0.5815205,0.49837583,0.5416159,0.5346902,0.5090694,0.54465795,0.5579255,0.5270077,0.6298224,0.5298284,0.52975345,0.5090344,0.54757774,0.5150693,0.58349204,0.5785171,0.4672418,0.5750129,0.5479927,0.5281851,0.5633091,0.6169756,0.54534847,0.5456332,0.5434781,0.5372497,0.57994145,0.5770994,0.5957412,0.6041445,0.5680983,0.5716677,0.548794,0.5458863,0.5684108,0.5437293,0.5986417,0.60284865,0.590133,0.58221465,0.59644836
273,0.70964825,0.5293163,0.503383,0.5962967,0.58963513,0.5790667,0.507132,0.51485807,0.51652163,0.54487133,0.5605727,0.55914694,0.54631466,0.5978346,0.5470075,0.5177521,0.47799623,0.49472076,0.5604539,0.5511668,0.54380673,0.5473033,0.51894265,0.61967534,0.5538054,0.579589,0.60370964,0.5174119,0.48147798,0.57896924,0.54947114,0.6713377,0.5752849,0.62426347,0.62533617,0.6660854,0.75253993,0.6723734,0.76089036,0.6339608,0.74805045,0.75740427,0.59023994,0.63295805,0.6880148,0.5085056,0.5319669,0.52510446,0.5044855,0.49690318,0.41944617,0.4629775,0.5026412,0.4753073,0.6670537,0.40543604,0.67087656,0.5456488,0.6989349,0.6965981,0.59272295,0.5968974,0.55829674,0.59601337,0.6272257,0.6680154,0.5962835,0.5533865,0.66854763,0.62062526,0.60870105,0.612838,0.56500286,0.52247685,0.587675,0.61454636,0.5390882,0.50650245,0.60797566,0.4804021,0.56408226,0.54588777,0.5297562,0.63196635,0.49775007,0.6060245,0.6550244,0.64301157,0.5187592,0.6046268,0.55510736,0.5836876,0.5450653,0.60931623,0.49283856,0.57217604,0.5109926,0.5115559,0.6025982,0.4388098,0.5504283,0.57677275,0.6037025,0.5204311,0.67283636,0.5416582,0.47414005,0.598434,0.62899953,0.52859217,0.5369683,0.58097816,0.68086565,0.6650504,0.46066135,0.4635516,0.40245968,0.56260383,0.5508889,0.54389626,0.5748776,0.5478132,0.5322572,0.47027224,0.41734684,0.5150733,0.51758873,0.48079813,0.5052745,0.5935619,0.58002687,0.63755536,0.56972754,0.558848,0.5504962,0.5549811,0.5823794,0.4990184,0.47718567,0.58100224,0.59720385,0.5157672,0.56113446,0.48672116,0.4921102,0.49950388,0.5468679,0.6507548,0.55212814,0.60166276,0.5251291,0.5529475,0.52101254,0.48786798,0.50126266,0.49010488,0.4898439,0.5465538,0.5604128,0.48372567,0.61212206,0.59786224,0.4906813,0.5504386,0.5476039,0.5637653,0.64873177,0.42731583,0.57678425,0.5296547,0.5392562,0.54143625,0.561445,0.53435165,0.4140864,0.5655724,0.547476,0.54713297,0.6021586,0.65687823,0.7084096,0.5329369,0.48794279,0.58723384,0.63011324,0.6131379,0.5760313,0.5143338,0.5400329,0.607265,0.5076266,0.55155915,0.5642954,0.5779082,0.51508546,0.5224084,0.44404516,0.5013405,0.58892715,0.5512137,0.58079845,0.60832566,0.5192286,0.6214816,0.6254231,0.64099234,0.56858706,0.5458657,0.40241683,0.5589963,0.5111922,0.63547343,0.6376469,0.6161629,0.59839886,0.6451415,0.74180406,0.65126204,0.77411884,0.6090768,0.69982696,0.73697567,0.5922887,0.6186747,0.67085344,0.49394897,0.54095113,0.50563127,0.56785786,0.43550244,0.44414377,0.4929446,0.49591425,0.47900355,0.682739,0.41714537,0.6826549,0.5442978,0.67909884,0.6556107,0.6154418,0.579091,0.54150844,0.57383907,0.6083226,0.6244522,0.56326586,0.55088943,0.636687,0.60737395,0.6327803,0.5622657,0.56489545,0.5519624,0.6471705,0.5971483,0.53235525,0.4816231,0.4965254,0.47556445,0.5556991,0.5514911,0.4632479,0.56227833,0.4711205,0.6424916,0.629588,0.60259837,0.5400599,0.5552294,0.550282,0.56248116,0.529789,0.62143856,0.4750044,0.55421036,0.45430022,0.5155217,0.5987616,0.4193117,0.5976912,0.66184294,0.6523889,0.57935494,0.6334294,0.53017575,0.49399117,0.5571943,0.56464887,0.53965926,0.5467851,0.59841657,0.6814148,0.6217317,0.46510708,0.3958915,0.38338155,0.52888566,0.55684334,0.5310802,0.5255739,0.51079905,0.565932,0.47690076,0.42689687,0.5049904,0.51113945,0.551654,0.52981937,0.6203334,0.5596135,0.5730124,0.56495404,0.5551557,0.52720934,0.54389834,0.5650903,0.49696144,0.5153173,0.55463254,0.56642646,0.51828146,0.52317697,0.41181892,0.45059422,0.4638037,0.46466684,0.616487,0.53293514,0.57997906,0.50349796,0.58693874,0.5080613,0.52404004,0.46403486,0.59213996,0.54055756,0.54862666,0.56905955,0.49991336,0.5453574,0.5159102,0.5126619,0.5517757,0.55779856,0.5347682,0.6218945,0.50060475,0.54443127,0.49129313,0.5273261,0.51790094,0.57803196,0.571543,0.43621722,0.57820535,0.54586345,0.52267164,0.5811197,0.64365023,0.55349827,0.5438766,0.5332414,0.5330727,0.59313476,0.5861325,0.5971757,0.6066203,0.5734026,0.5722973,0.5336722,0.52781683,0.5683443,0.5454655,0.603271,0.6071004,0.59291416,0.5819932,0.592161
274,0.69624007,0.5024378,0.48297375,0.5734733,0.56695104,0.5628064,0.51111054,0.48762363,0.48977834,0.54977524,0.56026417,0.57928365,0.5149623,0.5882615,0.54269755,0.48942515,0.49176326,0.490546,0.5446262,0.54155797,0.5391945,0.5387821,0.49318007,0.61908525,0.5664522,0.6116189,0.59504014,0.5078119,0.4607586,0.5635323,0.5376347,0.6577298,0.5741622,0.6006542,0.6281533,0.6050523,0.718211,0.65073854,0.69938105,0.59946245,0.7066188,0.71364385,0.573046,0.6253229,0.67065984,0.50226855,0.52488106,0.52898115,0.52995646,0.49964905,0.39723453,0.44452882,0.47729492,0.4649852,0.6256757,0.41198874,0.66677076,0.5401801,0.6901033,0.6853288,0.60659814,0.6156195,0.5613497,0.60270745,0.6288475,0.67455566,0.5944035,0.53966355,0.6897038,0.6306675,0.60619724,0.59178,0.5839669,0.5282963,0.62178034,0.65224427,0.52729446,0.50262934,0.62905073,0.4801271,0.58537513,0.5371169,0.5025766,0.6183218,0.48890445,0.6184659,0.67862296,0.6511465,0.5126869,0.61066765,0.5583839,0.56264776,0.5422584,0.635568,0.48470506,0.56625843,0.48795283,0.50421053,0.5645282,0.4222728,0.52231824,0.5522997,0.5841686,0.5006302,0.6364596,0.5225325,0.4536002,0.5999144,0.6259483,0.5183386,0.56571317,0.6026237,0.6544047,0.6348346,0.453574,0.4671253,0.42144626,0.5578368,0.5492588,0.52754396,0.5539335,0.5330833,0.52966475,0.4497125,0.39600408,0.51625514,0.5143482,0.47690663,0.5158214,0.600825,0.57929724,0.63967127,0.54570735,0.55367845,0.5469909,0.5458708,0.56863236,0.50514513,0.466418,0.5640331,0.5805665,0.5053966,0.55268323,0.47008872,0.45793444,0.48978937,0.52830255,0.64210546,0.5395894,0.610205,0.50255364,0.5225778,0.51371527,0.49642056,0.492059,0.48010024,0.49821362,0.5466514,0.5438116,0.49476582,0.6249739,0.57077944,0.49714306,0.54208714,0.5348735,0.55776745,0.6333279,0.4094083,0.60025233,0.5334224,0.5124884,0.54389644,0.55431616,0.5183448,0.39612213,0.5755418,0.540663,0.53110766,0.6200841,0.6718644,0.6952348,0.5172675,0.46810195,0.57018405,0.6110384,0.60649514,0.581115,0.48501953,0.50725406,0.6039054,0.5202988,0.5706113,0.53942555,0.56290483,0.5082202,0.50188166,0.464527,0.5104703,0.58228344,0.5527686,0.58460075,0.60977817,0.5012624,0.62586707,0.62234247,0.6703001,0.5604966,0.5460292,0.39325872,0.55207556,0.49631917,0.6141281,0.6321952,0.5794459,0.58559906,0.5807697,0.70368904,0.6281989,0.7059297,0.5714935,0.6622923,0.69267166,0.57768655,0.6102742,0.6573107,0.509328,0.5273213,0.51473856,0.57868403,0.45503595,0.4167649,0.46509042,0.46880326,0.4650518,0.6407831,0.41714728,0.6679259,0.5351914,0.6730794,0.6460808,0.61941946,0.58167815,0.5517475,0.57930624,0.5924653,0.62191135,0.556728,0.53444666,0.65795094,0.5989314,0.65636647,0.5357176,0.58293086,0.56776667,0.686638,0.6072096,0.5152047,0.48745653,0.5177333,0.49700928,0.56824034,0.54168373,0.44730186,0.55368286,0.44913042,0.6522977,0.6182305,0.6045992,0.5407058,0.56102574,0.5555519,0.5504456,0.52730405,0.64253896,0.47057503,0.5539264,0.4293369,0.49854797,0.5647566,0.4054579,0.57011896,0.62669545,0.6375733,0.54870826,0.59317344,0.51292926,0.4761322,0.5679265,0.567379,0.53116935,0.5715022,0.6041252,0.6612603,0.59782505,0.45738235,0.40442565,0.40108055,0.52104664,0.5463758,0.51180285,0.5111728,0.5078503,0.5713814,0.45822963,0.41654912,0.4963815,0.51668316,0.5572205,0.5502873,0.6313659,0.563993,0.5718913,0.5385868,0.54842025,0.5238011,0.5427485,0.5621672,0.5162758,0.5253109,0.55303466,0.55923444,0.5118677,0.5205563,0.3984683,0.42160034,0.46778873,0.45614356,0.6086631,0.5213417,0.5717129,0.47279644,0.5587776,0.506284,0.54142576,0.45755848,0.57643247,0.5460031,0.5601411,0.5514018,0.51151854,0.54172355,0.4901053,0.5227722,0.54956657,0.54655653,0.5369681,0.60902596,0.4817322,0.5680952,0.47876596,0.5067766,0.52484936,0.56954455,0.5596893,0.41535404,0.5771924,0.5413329,0.5166936,0.6021465,0.65310436,0.55629253,0.5393177,0.5184659,0.52704346,0.6063915,0.5940171,0.59357655,0.60323215,0.57344645,0.56922853,0.51489586,0.50686884,0.56440014,0.5457326,0.60855764,0.6106789,0.5891987,0.5768056,0.5809976
275,0.6715992,0.4827928,0.47219902,0.5507261,0.54500574,0.54567915,0.5243643,0.4689568,0.47359595,0.56414557,0.56035763,0.6181323,0.49101532,0.55915266,0.52224636,0.46622342,0.5080487,0.49519598,0.5265412,0.5331169,0.53830534,0.5314935,0.47727564,0.61336654,0.5979119,0.66042143,0.57991,0.5020389,0.43691245,0.5330097,0.5108374,0.62449104,0.5518324,0.5513927,0.6148468,0.53052235,0.6681409,0.6173489,0.61230624,0.5615627,0.6491481,0.65118045,0.5668628,0.621753,0.6449311,0.49735096,0.5268209,0.5308535,0.5565031,0.50229406,0.3925129,0.44079682,0.46230087,0.46965483,0.57946336,0.4464961,0.66244096,0.53237396,0.6718924,0.6728333,0.60955006,0.6249708,0.5633923,0.5935853,0.6104329,0.66522455,0.5905545,0.51429397,0.704198,0.6423281,0.59793293,0.5505456,0.60542744,0.53943825,0.6685863,0.69362915,0.51552045,0.50508285,0.6609345,0.48509225,0.61626256,0.5264949,0.46749318,0.5997583,0.48168135,0.634042,0.70432997,0.6519875,0.50392073,0.615818,0.55721813,0.52795094,0.53786725,0.65779245,0.47863716,0.56089497,0.46146932,0.49434653,0.53389513,0.42383182,0.50404894,0.5304332,0.55927217,0.48512906,0.5959734,0.50501925,0.44075465,0.61092466,0.6253308,0.5056253,0.5984595,0.61596745,0.6313275,0.6008422,0.45820308,0.48435456,0.4559509,0.5480826,0.5394231,0.50856525,0.5345515,0.514067,0.5407236,0.4361804,0.39008856,0.517078,0.50832856,0.48675194,0.5486463,0.6096929,0.5817064,0.6388763,0.5133692,0.54568213,0.53939474,0.529634,0.54951036,0.5111023,0.46923426,0.5494644,0.5606954,0.49762985,0.53987557,0.44997448,0.4158825,0.4768408,0.52588034,0.62794733,0.52307606,0.61878896,0.46788123,0.49565622,0.51527935,0.51380706,0.47707385,0.48144186,0.51195437,0.5445762,0.52733594,0.5134951,0.62985045,0.5240556,0.5118617,0.52431715,0.51174265,0.54095274,0.6103939,0.40705767,0.6289829,0.5350918,0.48150507,0.55776864,0.54682606,0.5032855,0.39191726,0.58674586,0.5321002,0.511548,0.6359244,0.6778235,0.6716521,0.5099621,0.4591019,0.55465335,0.5882145,0.5979216,0.58804524,0.46495807,0.48140028,0.6037973,0.5381406,0.6053059,0.517564,0.52995133,0.49011588,0.488672,0.48978862,0.53141063,0.5730508,0.5539591,0.5916328,0.60842925,0.49615583,0.6229839,0.62184846,0.70696044,0.55104125,0.5500486,0.39539978,0.5396099,0.47381252,0.5722474,0.60983247,0.5141803,0.5515871,0.511406,0.64988774,0.5952128,0.6095614,0.5336097,0.61690974,0.6328801,0.5747387,0.60872793,0.6402557,0.53336525,0.52241296,0.5289873,0.5897226,0.4838135,0.4045935,0.44862917,0.4531634,0.46541426,0.59386694,0.44369334,0.64604104,0.52207667,0.6611519,0.64075196,0.6053626,0.57686585,0.56464607,0.5728652,0.55505925,0.605074,0.54991466,0.5114687,0.6758618,0.5845944,0.6779729,0.49959978,0.606083,0.5880263,0.7304424,0.6147192,0.49770394,0.5061164,0.55931896,0.5275919,0.5816403,0.5249171,0.4344512,0.5471771,0.42914677,0.66233075,0.600547,0.5989848,0.54233164,0.57047856,0.5622171,0.5286508,0.52486914,0.65641284,0.4687559,0.56043607,0.40734303,0.48447952,0.5364311,0.4134737,0.5441991,0.58581054,0.6148361,0.5162548,0.5529252,0.4990527,0.45983136,0.5904844,0.5721058,0.52019715,0.5993457,0.59926045,0.6422424,0.5773474,0.46583894,0.43465343,0.43993554,0.50922436,0.5329689,0.4924337,0.5049281,0.505512,0.58332795,0.44552422,0.4212562,0.48747993,0.5229804,0.57006353,0.58903456,0.6446412,0.5678281,0.56614476,0.5047213,0.5395361,0.5187128,0.54176325,0.5597489,0.54005325,0.5479461,0.55758774,0.5514745,0.5061264,0.516652,0.39440897,0.39190224,0.47582746,0.47124815,0.6012572,0.5123779,0.55791855,0.43598002,0.52638704,0.51348287,0.5636463,0.4524921,0.5642496,0.55745256,0.5719023,0.5322004,0.52967167,0.5263502,0.45821095,0.53774023,0.53834265,0.5258521,0.53339726,0.59317625,0.47504163,0.59540236,0.4712271,0.48497677,0.5334853,0.55791587,0.54318935,0.40496913,0.5715527,0.534096,0.50971985,0.6223646,0.6449768,0.55336773,0.53239787,0.5005291,0.5197894,0.61790544,0.5994699,0.5863802,0.5956155,0.5685403,0.56344455,0.49447668,0.48545757,0.5578019,0.5452165,0.6144237,0.6139132,0.579799,0.5675308,0.56511456
276,0.63966256,0.47426018,0.46806344,0.53103554,0.527018,0.52965,0.5417698,0.46115375,0.4679195,0.5831056,0.5604983,0.6646936,0.47937378,0.5128885,0.48470572,0.45289773,0.5258504,0.5080523,0.5108868,0.5287158,0.542531,0.5258015,0.47341335,0.597923,0.63906443,0.7129962,0.56097925,0.49950257,0.41182265,0.49331406,0.47193104,0.57589656,0.5121298,0.483855,0.58694875,0.46022695,0.6111843,0.57829785,0.5211521,0.52664983,0.5858441,0.5846682,0.5730823,0.6223763,0.61690724,0.49448192,0.5402466,0.530109,0.5806602,0.5056523,0.4043123,0.4528988,0.4569764,0.48834598,0.5388103,0.50350785,0.6590969,0.5233321,0.64758515,0.66237986,0.60149914,0.62276995,0.5593066,0.57151234,0.5772553,0.64037335,0.5837352,0.48136514,0.71105146,0.65323424,0.58515763,0.4979899,0.6227025,0.54841036,0.7151809,0.7283716,0.5041187,0.51292455,0.69604075,0.49226627,0.6478084,0.5127539,0.4288363,0.5797416,0.4751459,0.6502322,0.7274162,0.6467084,0.49163553,0.6184969,0.5508126,0.4857503,0.53223634,0.67102164,0.47351757,0.5568876,0.43312413,0.4830934,0.5158347,0.43998915,0.49795276,0.51207197,0.5299905,0.47213045,0.56025237,0.49056962,0.43519914,0.62860423,0.6267563,0.49211633,0.6266213,0.61754227,0.618061,0.5691113,0.4743811,0.51382416,0.50020003,0.5347278,0.5204411,0.48926368,0.5182397,0.4933825,0.56287295,0.42808542,0.3989809,0.5158623,0.4987047,0.5071616,0.59550685,0.6173166,0.58649284,0.63726574,0.4790067,0.53623366,0.5288711,0.5091074,0.5296889,0.51696974,0.48467177,0.54210144,0.54199916,0.4920455,0.5257777,0.42605305,0.3709481,0.46292242,0.54201895,0.6108421,0.50272316,0.6254267,0.42577696,0.47737375,0.52211916,0.53267133,0.45709622,0.49496475,0.531159,0.54235375,0.5153532,0.5329152,0.6243761,0.46453446,0.5312086,0.50106037,0.48269224,0.51771533,0.5825296,0.41628715,0.6559807,0.52948505,0.4510031,0.578703,0.53485996,0.48653495,0.39964363,0.5977015,0.52226526,0.49045625,0.6464266,0.6735742,0.6410806,0.5136717,0.4581669,0.5417062,0.5654519,0.58797526,0.592078,0.4565622,0.46501622,0.60566485,0.5556517,0.6459902,0.5026149,0.4819981,0.4584361,0.48592,0.5165558,0.5597767,0.5644567,0.55574423,0.60213053,0.6042546,0.50492907,0.60797894,0.62324804,0.741765,0.5417643,0.5557092,0.40330866,0.5219372,0.4445321,0.51407987,0.5743205,0.431055,0.49957502,0.45395386,0.59155554,0.55782545,0.5097896,0.50241596,0.5729356,0.5723848,0.5842607,0.6132876,0.6251482,0.56052,0.5302491,0.5461688,0.6010385,0.515564,0.40839547,0.44653603,0.44856718,0.4804963,0.55202717,0.4919681,0.62164104,0.506551,0.64596146,0.640273,0.5769731,0.56269836,0.57324666,0.55547833,0.5032297,0.5752041,0.53992385,0.48429033,0.6868776,0.56483364,0.69271255,0.45887682,0.62650365,0.60369307,0.7675338,0.6151758,0.47946668,0.5311279,0.61013365,0.55771023,0.5894151,0.50165975,0.42092612,0.5417343,0.41092893,0.6701132,0.5777931,0.5880403,0.5430767,0.58138496,0.56681466,0.5001223,0.5224179,0.65936774,0.4659699,0.5724806,0.38677514,0.4715585,0.5184439,0.43866566,0.5225334,0.54455125,0.58464223,0.4849984,0.5219615,0.48915118,0.44513315,0.61894566,0.57509243,0.5084616,0.6216681,0.58237165,0.6285348,0.5626172,0.48671496,0.48210523,0.49372354,0.49432498,0.5171187,0.47524917,0.5055087,0.5035519,0.59876543,0.43737155,0.43896678,0.47890148,0.5270324,0.5873164,0.6356983,0.6561904,0.5696139,0.5568155,0.468532,0.529526,0.5128565,0.54165345,0.5585312,0.5656927,0.57731915,0.56807745,0.5450772,0.49846727,0.51285547,0.39468113,0.36236238,0.48693594,0.5085803,0.5950994,0.50310993,0.53877455,0.39590833,0.49625447,0.52453566,0.5831738,0.44833606,0.560288,0.5765774,0.58440566,0.51544434,0.54753107,0.4974089,0.42209432,0.55368555,0.5211342,0.500703,0.5262529,0.57563895,0.47786763,0.6177898,0.46587974,0.46104506,0.54101086,0.5400491,0.51988775,0.40399176,0.561932,0.5235007,0.5017628,0.63565093,0.6206818,0.54664874,0.5247666,0.4832455,0.5135791,0.6251777,0.6010252,0.5775215,0.58621264,0.55974966,0.55613256,0.47590673,0.4669679,0.5506142,0.54435796,0.6195541,0.6161981,0.5661563,0.55563504,0.54736924
277,0.6038913,0.4802194,0.46857706,0.5167843,0.5154391,0.5170804,0.55941963,0.46209702,0.46847054,0.5991648,0.560478,0.70466495,0.48120567,0.4572646,0.4370512,0.45137113,0.54529566,0.52743036,0.5015321,0.531007,0.55203164,0.5220434,0.48268902,0.568615,0.67657155,0.7539984,0.54322296,0.50054497,0.39153197,0.4544323,0.42934537,0.52037245,0.46645218,0.41209918,0.5504403,0.40555114,0.5562426,0.54101336,0.4460431,0.49763352,0.5252952,0.52936345,0.586577,0.6254431,0.5929688,0.4953829,0.5656172,0.52734935,0.6007867,0.5114268,0.42939115,0.4797559,0.4573357,0.5183901,0.5087435,0.5716189,0.6546689,0.5143203,0.6194536,0.65313274,0.584423,0.6103718,0.545628,0.5445713,0.5384799,0.6031547,0.5743889,0.4505487,0.7113434,0.6604796,0.5721669,0.4470173,0.63239115,0.54751617,0.74912745,0.74913,0.4941961,0.52353305,0.7248854,0.49720666,0.67025656,0.49507096,0.39399466,0.5629009,0.4701334,0.6641339,0.74358404,0.6365521,0.4783389,0.618118,0.5412444,0.44336048,0.5257473,0.67103845,0.46739832,0.5556414,0.4061945,0.47561672,0.5087949,0.46443376,0.501988,0.49477154,0.4971744,0.45870817,0.5345607,0.47892636,0.43595666,0.64636713,0.6257948,0.48021397,0.641987,0.60586923,0.6143209,0.5422222,0.50021297,0.5535404,0.54851574,0.5196419,0.49377558,0.47188553,0.5044105,0.4741056,0.589954,0.42242506,0.4201189,0.5130228,0.4868945,0.5337401,0.6428941,0.62150836,0.5918737,0.6372397,0.44972593,0.5274298,0.5168851,0.48834354,0.5141813,0.5240153,0.50913584,0.54608256,0.5301107,0.48879546,0.51523143,0.39969686,0.32997674,0.45100814,0.573081,0.5944311,0.4810817,0.6298797,0.38590083,0.46938846,0.5307066,0.54804844,0.43595466,0.52031785,0.5572815,0.54260164,0.5114603,0.5492366,0.60953754,0.40517434,0.5518456,0.47778627,0.45557094,0.4936623,0.5522809,0.43073353,0.6725104,0.5149409,0.42408764,0.5996525,0.51450443,0.46533784,0.4159564,0.6083438,0.51288325,0.47116414,0.6483306,0.65816134,0.60648036,0.5294126,0.46337867,0.5321403,0.54649925,0.5779672,0.59088975,0.45752323,0.4559627,0.60691464,0.56903857,0.68246275,0.49662483,0.42756116,0.41693264,0.49338955,0.54205215,0.5907412,0.55859196,0.559026,0.6151142,0.5973344,0.5263008,0.57745093,0.6259622,0.76591176,0.5353162,0.56395715,0.41277108,0.502844,0.41374832,0.44915456,0.53437006,0.34817234,0.4400741,0.4146685,0.5385346,0.5222114,0.42912203,0.4797394,0.5356673,0.5245277,0.60092866,0.6213583,0.61506903,0.5842251,0.55215913,0.56389564,0.6131376,0.54337853,0.42572492,0.4589131,0.45047453,0.5089384,0.51974666,0.552546,0.59810466,0.48922318,0.62764806,0.641237,0.54188716,0.53981876,0.5712887,0.5320037,0.4485007,0.53724194,0.52621245,0.45946226,0.6906241,0.54247826,0.7002447,0.4206523,0.6393562,0.60739225,0.79090524,0.6052725,0.4611995,0.55485046,0.65756786,0.57997537,0.5876933,0.4749819,0.40589148,0.5388743,0.3955378,0.6736901,0.552016,0.57515186,0.54164535,0.591139,0.56669337,0.46965325,0.5200959,0.6488938,0.46039906,0.5876717,0.36741906,0.46061915,0.5104215,0.47308186,0.50432533,0.50437355,0.54752535,0.4561216,0.5043595,0.48186773,0.4334087,0.64537376,0.57170767,0.4980144,0.6302373,0.55429745,0.6200507,0.5522311,0.5140174,0.54021454,0.5531807,0.478356,0.49911144,0.46179745,0.50947016,0.501725,0.6148182,0.431212,0.46633196,0.47200006,0.5278767,0.6054671,0.6779843,0.6629568,0.56946415,0.54563755,0.4353559,0.5196465,0.5078085,0.54373133,0.5590807,0.5906454,0.60720813,0.5847233,0.54379237,0.48782167,0.5123624,0.39339358,0.3345313,0.4999329,0.56147003,0.5908464,0.49239323,0.5186171,0.35889047,0.47305337,0.5351852,0.5953838,0.44628698,0.5661406,0.6038139,0.5972274,0.50551605,0.5608857,0.46004114,0.38681373,0.5675239,0.5023583,0.4776114,0.5183284,0.55708766,0.4842114,0.627498,0.46080714,0.43489644,0.545837,0.51319224,0.48815626,0.41116935,0.5511866,0.5094553,0.49416006,0.6376352,0.5836429,0.5388109,0.5180521,0.4707132,0.51064146,0.62608755,0.59777385,0.5689868,0.5773649,0.5485076,0.5482428,0.46218044,0.4537445,0.54462415,0.54304063,0.6217506,0.6161,0.5496458,0.5424046,0.5302736
278,0.56834984,0.49883464,0.47287458,0.508862,0.51022136,0.5090386,0.57321656,0.46750715,0.47040614,0.60544986,0.55878896,0.7277683,0.49293053,0.40775254,0.39588588,0.4597611,0.5651901,0.5479742,0.49980095,0.5403028,0.564353,0.5195008,0.50140196,0.5282664,0.6995177,0.7751685,0.53229636,0.5046182,0.38340396,0.4278244,0.39409527,0.47265723,0.42995086,0.35499457,0.5172813,0.37220204,0.512151,0.5122464,0.39825785,0.4762198,0.47537294,0.49571294,0.5977648,0.6274496,0.5779877,0.5019262,0.59757614,0.52464104,0.6160398,0.5205857,0.46088415,0.5148303,0.45937464,0.5524504,0.4900982,0.63193065,0.6460964,0.50525296,0.5897929,0.6415764,0.56261885,0.5919441,0.52435374,0.5212434,0.5035421,0.55979383,0.565653,0.43123788,0.7069749,0.6627795,0.5639438,0.4090896,0.6342935,0.53426635,0.76445305,0.7542513,0.48772144,0.5315158,0.7404034,0.4952165,0.6777156,0.47406948,0.37019134,0.5519188,0.46743235,0.6725861,0.7509692,0.62307394,0.46918714,0.61654913,0.5321436,0.40791363,0.51935667,0.6576952,0.460056,0.5574698,0.38561186,0.47578633,0.5069512,0.48822007,0.5108427,0.47707748,0.46469042,0.44456097,0.5198136,0.46879572,0.44037452,0.65609634,0.61663693,0.471817,0.6400616,0.58327925,0.6134678,0.520355,0.5282913,0.595461,0.5926301,0.5052499,0.46511492,0.45803916,0.49189535,0.4589392,0.613124,0.41758227,0.44720414,0.509892,0.4756533,0.56010705,0.6783631,0.6228598,0.59606224,0.64025724,0.43118733,0.521494,0.5054072,0.47093692,0.5057232,0.53200245,0.53500664,0.5600302,0.52789414,0.48848987,0.5123196,0.3762234,0.30112243,0.44392112,0.607269,0.5812517,0.46411267,0.6338902,0.35940582,0.47020686,0.5379289,0.5569301,0.419185,0.55212796,0.5877546,0.5472156,0.5157703,0.56086713,0.59229064,0.3611136,0.5687744,0.45965964,0.43714482,0.47463486,0.5229134,0.44399148,0.67195696,0.49614632,0.40287897,0.61457807,0.48710102,0.44151637,0.43541473,0.61777705,0.50733054,0.45683792,0.63967603,0.63279206,0.5715586,0.5531121,0.47280583,0.5258654,0.5333541,0.5690408,0.5843228,0.46329683,0.45130888,0.6044207,0.57543534,0.7058848,0.49901104,0.38194856,0.37884942,0.5069459,0.5640582,0.61742455,0.5563065,0.56441796,0.62746054,0.5885836,0.55382097,0.53541046,0.6283341,0.7744663,0.53391886,0.57446957,0.423117,0.4890532,0.38924,0.39376965,0.50151795,0.2856175,0.39075732,0.3939971,0.4986153,0.49462953,0.37873656,0.46511188,0.50769836,0.49710822,0.6150409,0.62812525,0.61117893,0.6013919,0.58350664,0.57940644,0.6258875,0.562988,0.45075852,0.48143184,0.45403358,0.5439212,0.4981284,0.6086238,0.57756674,0.4707044,0.60574114,0.63815254,0.5097519,0.5123904,0.557012,0.50917155,0.4030454,0.49807563,0.5120433,0.4440113,0.6884536,0.522291,0.702299,0.39286634,0.6431126,0.596957,0.79803145,0.5854985,0.44620836,0.56940585,0.6896993,0.58936864,0.57611233,0.4491613,0.39264396,0.53968674,0.3853058,0.67178696,0.52687776,0.56289977,0.5387459,0.59804106,0.56174195,0.44206852,0.5182198,0.6263767,0.45354417,0.6022649,0.351742,0.45451123,0.5078216,0.5054769,0.48870376,0.4676903,0.5082726,0.43192384,0.4989072,0.4750721,0.42630985,0.6612124,0.55823755,0.49012768,0.6212212,0.5203745,0.6127989,0.54245853,0.53877836,0.5959935,0.60565484,0.4647773,0.48091918,0.45225498,0.5121864,0.49959335,0.62722015,0.42600268,0.4961001,0.4683108,0.52673787,0.6194651,0.7060293,0.6644747,0.5682629,0.5353267,0.4106013,0.5114871,0.5045778,0.5472902,0.56078017,0.6115724,0.6302523,0.6040628,0.5488847,0.47652104,0.5182858,0.38829806,0.31324533,0.513111,0.61447537,0.5881687,0.48268667,0.5043667,0.33404112,0.45927298,0.54253227,0.5990381,0.44790497,0.5790487,0.6345344,0.60903084,0.5050102,0.56821746,0.42740384,0.3608505,0.5766127,0.48630434,0.4617577,0.5120707,0.5384532,0.48838657,0.6201721,0.45681098,0.4096765,0.54760164,0.4802685,0.45210698,0.42376345,0.5425668,0.494595,0.48858765,0.62696934,0.5410795,0.5315096,0.5127404,0.4655271,0.51136446,0.6192755,0.58945566,0.56219137,0.5705989,0.5369095,0.54080456,0.45453653,0.44632286,0.54103845,0.54108757,0.61821634,0.61151415,0.53253144,0.52944905,0.5162768
279,0.5368489,0.52238256,0.47935078,0.50567055,0.5081659,0.5037081,0.5778905,0.47354075,0.47084054,0.59783536,0.55213094,0.7287179,0.5073572,0.37872222,0.37570423,0.47302952,0.5815181,0.56196755,0.5025472,0.55237156,0.57449377,0.5157853,0.52213293,0.48592314,0.70172626,0.7741971,0.5305151,0.5092064,0.39082208,0.42067388,0.37379265,0.44704872,0.41321132,0.32629558,0.49893916,0.3627409,0.48569953,0.4958666,0.38079038,0.46401194,0.4420935,0.48741415,0.5974765,0.62445754,0.5735512,0.51447546,0.626634,0.52343684,0.62580025,0.53210187,0.4896955,0.5472412,0.4608727,0.5797892,0.48196077,0.6674278,0.6318321,0.4959104,0.56110656,0.62372786,0.54172856,0.57216215,0.5010179,0.5062486,0.47897893,0.5193414,0.5610778,0.427621,0.699246,0.66021556,0.5626306,0.39101365,0.6283829,0.5112445,0.75946045,0.7449792,0.4865476,0.53166634,0.7387796,0.48399615,0.6679828,0.45265207,0.36129656,0.546243,0.46605605,0.6717902,0.7490558,0.60801494,0.46791083,0.61559653,0.52613705,0.38566434,0.51437074,0.634762,0.45276713,0.56072146,0.37543383,0.48263636,0.5042312,0.5027261,0.51791006,0.45993236,0.43836597,0.43194142,0.51364434,0.45959112,0.44454634,0.65129864,0.5956537,0.46778214,0.61958903,0.5549204,0.6076691,0.5029168,0.54850364,0.6278635,0.62365615,0.49400982,0.44198954,0.44919616,0.47974834,0.44982547,0.6236423,0.41403332,0.47142404,0.50641054,0.46684286,0.5785188,0.6939905,0.62235385,0.5972568,0.6453533,0.42620245,0.51969635,0.4966452,0.45926276,0.50415593,0.5382109,0.5530731,0.57682896,0.5334091,0.49013272,0.517055,0.36172178,0.29007158,0.44212326,0.63041836,0.57191336,0.45707262,0.63800025,0.35297182,0.47616994,0.54069716,0.5563861,0.41058215,0.58119684,0.61495316,0.55465174,0.5236092,0.5654312,0.5804638,0.34181896,0.57559353,0.4501664,0.4305797,0.4651759,0.49771416,0.4517735,0.65120023,0.48010206,0.38973993,0.6194887,0.4585468,0.42021006,0.45200568,0.6230516,0.50864244,0.44887215,0.6197491,0.60084826,0.540115,0.5766866,0.48342583,0.52124727,0.52508473,0.5605303,0.57216936,0.47006786,0.44950542,0.59572464,0.57298195,0.7101543,0.50586593,0.35828865,0.3577214,0.5201839,0.58037174,0.6322945,0.55580336,0.57031,0.63470924,0.57854545,0.5780109,0.49150902,0.6274411,0.76533675,0.5372264,0.5837189,0.4353179,0.48595455,0.3764416,0.3628778,0.48463392,0.2548573,0.36578408,0.39189368,0.477216,0.47948733,0.3611862,0.45846915,0.49025053,0.49200648,0.6175407,0.6282935,0.6131186,0.61226994,0.61516327,0.5896982,0.6380174,0.57335913,0.47588584,0.50641644,0.45664078,0.5745742,0.4875328,0.6434689,0.56154466,0.45338205,0.5807494,0.6262826,0.4883436,0.48617312,0.5335212,0.49222127,0.3754312,0.4653406,0.50220186,0.44154018,0.6818388,0.5090678,0.69985265,0.3819198,0.6377828,0.5744902,0.7880085,0.55998474,0.4389014,0.5698335,0.698318,0.58373594,0.556967,0.42935678,0.3855484,0.5427712,0.38277733,0.66293466,0.5071202,0.5528188,0.5357109,0.6012309,0.55384064,0.42226252,0.517005,0.5975586,0.4482184,0.61218756,0.34326303,0.45519438,0.50502163,0.52527136,0.47583807,0.43898848,0.4745436,0.41555107,0.5013957,0.46780002,0.42445228,0.6598807,0.53463674,0.48566544,0.5952639,0.4891603,0.6018044,0.5303075,0.55225545,0.63484585,0.64021736,0.4576427,0.46593645,0.44645742,0.5093802,0.49691024,0.63070875,0.42202953,0.5192017,0.46786854,0.5242833,0.6236727,0.7138784,0.66095436,0.56641454,0.5287261,0.39860728,0.5065903,0.5033419,0.5497117,0.562349,0.6244049,0.63954544,0.6193492,0.5575834,0.46759763,0.5307616,0.38184676,0.3040098,0.52351016,0.65078175,0.58598995,0.47751004,0.5007658,0.32830653,0.45511475,0.54410547,0.5939009,0.45287728,0.593142,0.6601511,0.6170237,0.5121684,0.5680707,0.41121644,0.35134113,0.57800084,0.47639063,0.45584983,0.5092484,0.5213537,0.486987,0.59543896,0.45601854,0.39111727,0.54690766,0.44855577,0.41942817,0.4378885,0.5375575,0.48325738,0.48573515,0.6046445,0.5023366,0.5256389,0.50852746,0.46872163,0.5148041,0.60435784,0.5763392,0.5574459,0.5660252,0.52724695,0.5346798,0.45287377,0.44422242,0.5402685,0.5384014,0.6068315,0.6007007,0.5178967,0.51886684,0.5071937
280,0.5093122,0.5423315,0.48469114,0.50281405,0.50419956,0.49764633,0.5702815,0.4774098,0.4682395,0.57564527,0.53839785,0.70467323,0.5167937,0.37410316,0.3798185,0.4852225,0.5903056,0.56487864,0.50461215,0.56123215,0.57754254,0.50891846,0.5385799,0.45098323,0.6809506,0.749489,0.53605866,0.51282924,0.41367134,0.43501762,0.3713472,0.44749898,0.4194157,0.3290958,0.4991719,0.37422118,0.47614118,0.49077243,0.38778117,0.4591914,0.42489618,0.49862915,0.58087116,0.613424,0.57619363,0.5316577,0.644624,0.52341247,0.62924814,0.54375625,0.50866354,0.56751305,0.46088088,0.59184873,0.4805202,0.6730374,0.61035424,0.4867922,0.53404063,0.596451,0.52601254,0.554616,0.48098084,0.5006014,0.46740046,0.4889607,0.5628551,0.44060603,0.6878936,0.65305084,0.56781095,0.39512724,0.6147495,0.48374876,0.7328305,0.7222916,0.4924596,0.52351224,0.7178675,0.4655663,0.6408905,0.43458617,0.3687726,0.5431179,0.4655585,0.658495,0.73678315,0.59259963,0.4759858,0.6147795,0.5237727,0.3798382,0.51176035,0.60665077,0.44708303,0.563121,0.37861186,0.49463367,0.49789846,0.50520194,0.5178719,0.4452484,0.4226775,0.42429993,0.5117764,0.4526275,0.44801816,0.629017,0.5627786,0.46797007,0.58199126,0.5259806,0.59230494,0.4891708,0.55630416,0.6442035,0.6382166,0.4873949,0.42952695,0.44656143,0.4672912,0.44787818,0.61721545,0.4154503,0.4881883,0.50239915,0.4615324,0.5840686,0.68658674,0.61949784,0.5937717,0.65028673,0.4349973,0.52197635,0.49208647,0.45407614,0.50743103,0.5406161,0.5583892,0.5886243,0.54215443,0.49127918,0.5262145,0.35990116,0.2988641,0.44473857,0.6348137,0.5651433,0.46228954,0.6409415,0.3694769,0.48236555,0.53729635,0.54514676,0.4122765,0.6002175,0.6322517,0.56064594,0.5288844,0.5612607,0.5771482,0.34895122,0.5690908,0.45078918,0.43676955,0.4662384,0.4781403,0.4541822,0.61067307,0.47169018,0.38758415,0.6121586,0.43632522,0.4070528,0.46482018,0.6218295,0.51769716,0.44801548,0.5888897,0.564852,0.5123226,0.5933933,0.49146065,0.51489294,0.517761,0.5500851,0.5542064,0.47523335,0.44927344,0.5792357,0.56205267,0.69200146,0.51111335,0.35958675,0.35797486,0.5272357,0.5901381,0.63140005,0.55349404,0.57383764,0.6338326,0.566801,0.59193337,0.45499384,0.619908,0.73592174,0.54243666,0.58788294,0.45087817,0.49599555,0.37752068,0.36158133,0.48629442,0.25674847,0.36903197,0.4047059,0.4728094,0.4765472,0.37060562,0.4576258,0.48090264,0.5031265,0.6034637,0.6179789,0.61723274,0.61755854,0.638059,0.59264684,0.6464228,0.57576346,0.49480072,0.5260266,0.4575517,0.59184414,0.4848652,0.6509129,0.5492204,0.44019377,0.5531953,0.6027977,0.48021814,0.46555436,0.5060074,0.4834362,0.36876386,0.4439537,0.50011104,0.45342544,0.67106897,0.50560987,0.6926681,0.3907084,0.6243921,0.54378384,0.75830144,0.5337447,0.4427636,0.55667055,0.6803031,0.5645926,0.5331248,0.41937882,0.3879442,0.5456529,0.39004073,0.64494216,0.49532646,0.5463406,0.5329303,0.6003906,0.54479265,0.41353512,0.5166085,0.5682095,0.44634226,0.61497647,0.3453528,0.4638508,0.49906525,0.5288903,0.46501452,0.4206297,0.45181432,0.40929186,0.5066465,0.4611238,0.42965084,0.6387763,0.5045637,0.484971,0.5559384,0.466953,0.5833879,0.5154942,0.5513003,0.65069896,0.65396667,0.45956367,0.4568124,0.4447437,0.4990138,0.4944673,0.6220646,0.42226958,0.53221303,0.4705836,0.52062005,0.6149748,0.6987396,0.6514704,0.5636992,0.5279574,0.40140072,0.50559545,0.5042328,0.54860866,0.5624744,0.6271774,0.6316949,0.6250366,0.56587136,0.46203765,0.54717153,0.37900388,0.3100977,0.5291422,0.66314626,0.5827642,0.4790617,0.5090869,0.34518278,0.45790213,0.538301,0.5805764,0.46108094,0.6023143,0.6739808,0.61814916,0.52228177,0.5596345,0.4151185,0.3605632,0.5704419,0.47457024,0.46099237,0.51001704,0.5067942,0.4798809,0.556548,0.46026552,0.3842794,0.54445344,0.42567596,0.3974893,0.45327932,0.5364439,0.47884238,0.48606887,0.5728206,0.47307464,0.52153045,0.5048068,0.47970128,0.5198253,0.5821214,0.5589603,0.553873,0.5623356,0.52068716,0.5297423,0.45674735,0.44701356,0.5416829,0.5351058,0.5872182,0.58309054,0.5073098,0.51132554,0.5029003
281,0.48349035,0.5524516,0.48603767,0.49562478,0.49414912,0.48825952,0.55086863,0.47898445,0.46347728,0.5419975,0.5186536,0.65574074,0.5162516,0.3909401,0.4047902,0.4925865,0.59042215,0.5567606,0.503145,0.5628929,0.57080024,0.49890953,0.54650086,0.43090102,0.63881224,0.70012933,0.54509366,0.516322,0.4486115,0.46889707,0.3871789,0.4687932,0.44656456,0.3609602,0.5148792,0.40119165,0.4774215,0.4922872,0.41024786,0.45842975,0.4198869,0.5178149,0.5482581,0.5921091,0.5787292,0.5500929,0.64654475,0.52408284,0.6257133,0.55299515,0.51541054,0.5710757,0.4606729,0.58489877,0.4811702,0.65099156,0.5809082,0.47889426,0.5079583,0.5588392,0.51742285,0.54063755,0.46768597,0.5028097,0.46860945,0.47154626,0.570435,0.46808627,0.67134607,0.64098275,0.5766817,0.41960832,0.5944228,0.45868695,0.68448544,0.68685824,0.50556386,0.5100036,0.677515,0.44561788,0.59948075,0.42318738,0.39187813,0.5383742,0.4661275,0.63079363,0.71269614,0.578009,0.49215513,0.61236703,0.5234141,0.39038974,0.5119623,0.577397,0.4452052,0.56214535,0.39632532,0.5099247,0.48879832,0.498944,0.5090287,0.436087,0.4203171,0.4260231,0.5104021,0.4501331,0.45401844,0.5897528,0.52153814,0.4719802,0.53245497,0.5006654,0.5661496,0.47856024,0.55221397,0.6425669,0.636966,0.48582578,0.4300183,0.4506452,0.45534322,0.4535001,0.59520507,0.42739195,0.4986281,0.49897867,0.46097708,0.57680655,0.6570313,0.6131553,0.5849271,0.65229684,0.45542902,0.52700585,0.49237168,0.45517462,0.51266825,0.5394476,0.5517512,0.5897819,0.54959667,0.49069616,0.5358783,0.37240025,0.3276758,0.45205495,0.61877966,0.55761886,0.47871274,0.64076185,0.40870714,0.48572794,0.52802753,0.5251191,0.4253896,0.6051777,0.6362513,0.5618939,0.5280455,0.5490792,0.58108175,0.37951788,0.5508637,0.4613812,0.45469466,0.47566074,0.46425906,0.45540434,0.555501,0.473023,0.39839497,0.59302473,0.42760763,0.40741614,0.47788697,0.61400807,0.5324781,0.45500818,0.54924697,0.52680224,0.48618102,0.5989455,0.49425682,0.5034595,0.5068329,0.5353688,0.531143,0.4784682,0.4506032,0.5549164,0.54516125,0.65126,0.5098595,0.3827727,0.37838432,0.52524126,0.59457976,0.6148172,0.54692525,0.57279444,0.6234641,0.552952,0.5921042,0.43301702,0.6028791,0.68448603,0.54637337,0.58490485,0.47076714,0.5192138,0.39338848,0.3879182,0.50450945,0.28965053,0.3987004,0.4271208,0.47901464,0.48176047,0.3979683,0.45952427,0.47567254,0.519757,0.57219064,0.59465206,0.61724955,0.6171159,0.6455782,0.5878694,0.6470263,0.5729737,0.50491256,0.53495747,0.45829841,0.5908453,0.48515975,0.63265693,0.5379565,0.43341684,0.5239952,0.56719035,0.4836846,0.45271638,0.48027402,0.4829774,0.3833321,0.43543553,0.50641376,0.47907692,0.65553117,0.51240206,0.68018043,0.4182958,0.6051289,0.5106622,0.70658565,0.51178753,0.4590769,0.53426516,0.6375035,0.5368635,0.50848114,0.42037457,0.40154555,0.5451308,0.40776277,0.61586523,0.49149716,0.5452707,0.5289922,0.59578615,0.5354135,0.4170191,0.5173835,0.5426039,0.44953322,0.6092625,0.3606894,0.4804199,0.49033082,0.51959217,0.45582318,0.41343966,0.44267276,0.4152796,0.51037306,0.45738304,0.44446442,0.5990565,0.47371554,0.48777494,0.5096069,0.4562906,0.5560688,0.49965346,0.5374721,0.64411914,0.6491371,0.47087377,0.4551819,0.44786996,0.48271495,0.494075,0.60183305,0.4319875,0.5377022,0.47699848,0.51679087,0.59482443,0.6612542,0.6354743,0.55995923,0.53367025,0.41897398,0.50818783,0.50745374,0.54324853,0.56009066,0.62068677,0.60779446,0.6183111,0.5706498,0.460429,0.5635738,0.38478416,0.3333648,0.5307014,0.65139604,0.57587606,0.48756808,0.52800375,0.38537773,0.46435204,0.52524805,0.5613315,0.47358188,0.601873,0.67245334,0.61109895,0.5306634,0.5441839,0.43813407,0.3872176,0.55545336,0.48127478,0.47674063,0.5130815,0.49502626,0.47056416,0.5108643,0.46957752,0.39212766,0.54074305,0.4179272,0.3927006,0.47299975,0.53967613,0.48291808,0.49011207,0.5348515,0.45462525,0.51889604,0.50097406,0.49651587,0.52560985,0.55462474,0.53829676,0.5499616,0.55755657,0.5172962,0.5253199,0.4655679,0.45454964,0.54369783,0.53150314,0.5608305,0.559448,0.50046575,0.50594956,0.5020064
282,0.46015513,0.5509292,0.48411605,0.48341057,0.47848752,0.47651666,0.5246919,0.48112828,0.46062654,0.50448227,0.49742788,0.58996254,0.5061234,0.42476237,0.4452534,0.49567598,0.58385473,0.5413585,0.49948,0.55754036,0.5556224,0.48823372,0.5448344,0.43012974,0.58328086,0.6316215,0.5537728,0.5211437,0.48784313,0.5148458,0.41936916,0.5016989,0.4885065,0.41590366,0.53949815,0.43774167,0.4827998,0.4955503,0.4398589,0.4604759,0.42389065,0.53327304,0.5060842,0.560713,0.5738133,0.56404227,0.6309076,0.5260582,0.615332,0.5575045,0.5131523,0.55959916,0.4636517,0.5618891,0.48145545,0.607753,0.5465601,0.47405726,0.48410743,0.51497096,0.51638675,0.5304937,0.46250865,0.51038265,0.48080888,0.46719095,0.5797254,0.5031627,0.64862525,0.6231102,0.58464515,0.45783627,0.5705238,0.4426636,0.6203725,0.64129424,0.5222978,0.49472618,0.62255144,0.43107396,0.5518857,0.42085034,0.42594004,0.52864325,0.46763474,0.5910514,0.6769424,0.56590307,0.5122365,0.607263,0.5230007,0.4141621,0.5147335,0.55091524,0.44953427,0.55535877,0.42570898,0.5245601,0.4796036,0.49007946,0.49469388,0.43591255,0.43182623,0.4401939,0.50770026,0.45340326,0.4654403,0.53934216,0.47952792,0.47954106,0.4815728,0.48299462,0.5314419,0.4709633,0.53852594,0.6230766,0.6218501,0.48908165,0.44345883,0.46113154,0.4471543,0.46580428,0.5637782,0.45257968,0.50587785,0.49798772,0.466141,0.56108826,0.61148244,0.6029039,0.57162654,0.6481538,0.48272502,0.5326059,0.4973087,0.4621109,0.5170754,0.53649163,0.53813815,0.57853353,0.55288494,0.48985437,0.54268676,0.39887342,0.37414542,0.4652521,0.58485436,0.5457954,0.5015547,0.63538766,0.46392056,0.48693892,0.5155904,0.50183374,0.4485333,0.595923,0.6266324,0.5584209,0.522216,0.53251135,0.5890611,0.42667526,0.52678114,0.4799174,0.48071614,0.48996508,0.45641887,0.46048853,0.49726194,0.48385346,0.4207892,0.5661273,0.43651506,0.42436963,0.49469277,0.60140985,0.54834706,0.469434,0.50717086,0.4918649,0.46262082,0.59183335,0.4924056,0.48742163,0.49147263,0.5170955,0.5062867,0.4818952,0.45541087,0.526275,0.52659625,0.5946144,0.50194573,0.42301214,0.41634056,0.5160362,0.59590775,0.5865307,0.5368089,0.5672383,0.6043532,0.5384369,0.57912797,0.43004546,0.57631916,0.6164418,0.54736865,0.57532644,0.4934004,0.5519718,0.42337465,0.43574014,0.53420866,0.35065725,0.4497549,0.45446053,0.4887962,0.48975495,0.43389863,0.46300653,0.47219694,0.5315546,0.52874774,0.5590417,0.60681796,0.6098184,0.634527,0.57708323,0.6367228,0.56822485,0.5079816,0.532533,0.4621232,0.5724888,0.4850922,0.5949669,0.5258718,0.43478978,0.49586266,0.52358675,0.49601632,0.44924104,0.46240565,0.49048278,0.41768137,0.43957323,0.5190871,0.51404333,0.63575214,0.527294,0.663192,0.45935133,0.5839579,0.48306048,0.6376009,0.49853054,0.4851445,0.5086305,0.5794803,0.5086653,0.48886052,0.43134856,0.42548987,0.5386442,0.43417138,0.57774615,0.4945474,0.55073667,0.52330625,0.58888423,0.5267743,0.43178067,0.51971763,0.52451164,0.4594454,0.59428555,0.389482,0.5020598,0.48112854,0.50397754,0.44999906,0.41776526,0.4474496,0.4343947,0.5100645,0.45838457,0.46850383,0.5474181,0.44861495,0.49327633,0.4663075,0.45778,0.52191585,0.4848177,0.5147272,0.61843723,0.62932277,0.48939872,0.46189824,0.4565133,0.46609563,0.49726218,0.57473916,0.45441303,0.5396045,0.48698506,0.514337,0.569183,0.60862875,0.6149308,0.55547893,0.5440809,0.44883123,0.51331526,0.51269835,0.5350325,0.55462295,0.6074404,0.5740441,0.5997734,0.57066625,0.46438664,0.5753036,0.40218803,0.3738954,0.5308351,0.61845726,0.56248724,0.5012753,0.5533519,0.44361258,0.47262353,0.5081036,0.540451,0.4899668,0.59048766,0.65457815,0.5976103,0.53483313,0.5257536,0.47736526,0.42696345,0.53707933,0.49527282,0.50029653,0.5167868,0.4863956,0.46431673,0.4696322,0.48234102,0.41478005,0.5363672,0.42834204,0.4085257,0.49826375,0.54725605,0.49512145,0.4974436,0.4975845,0.44771367,0.5173617,0.49722186,0.5158176,0.53141254,0.5261019,0.51701015,0.54475015,0.5504573,0.5166985,0.5212433,0.4782383,0.46644756,0.5442389,0.52778023,0.5317144,0.53282535,0.49695793,0.5022453,0.5032099
283,0.44469607,0.5416379,0.48289442,0.47112533,0.46379504,0.468096,0.5011305,0.48696256,0.4645057,0.47321764,0.48174044,0.5251948,0.49245727,0.469057,0.49313018,0.49857548,0.57413733,0.5251871,0.49819416,0.54948276,0.53758246,0.48146814,0.5369151,0.4489256,0.52883166,0.5597015,0.55870014,0.528191,0.52184397,0.56024605,0.46268955,0.53565824,0.53452927,0.48181903,0.5642375,0.47641507,0.4868796,0.49801928,0.46907264,0.46594793,0.43482223,0.53695434,0.46571395,0.52398103,0.55700237,0.56759,0.6002868,0.5302358,0.59852797,0.5560458,0.50884056,0.54028744,0.47269085,0.5326216,0.4813584,0.5554914,0.5144835,0.4758488,0.46638274,0.4738901,0.52171093,0.52519155,0.46678457,0.521032,0.5007226,0.47473472,0.5854921,0.53691036,0.62064594,0.5997919,0.5879866,0.5003938,0.5484878,0.4412822,0.55487055,0.59227353,0.5383062,0.48174796,0.5645873,0.42860892,0.5101857,0.4300672,0.46491933,0.51400054,0.47145987,0.54740787,0.6329227,0.5574988,0.5319945,0.5991164,0.5221786,0.44647765,0.51915056,0.5302888,0.4618217,0.5421558,0.46116045,0.5356439,0.4729949,0.48471668,0.48210636,0.44668686,0.45509,0.46631294,0.5040994,0.46232492,0.48316333,0.48921433,0.4465528,0.49028164,0.44299555,0.47581202,0.4936142,0.46685857,0.5195323,0.588948,0.59606165,0.49657837,0.46742177,0.4770802,0.44739664,0.4830142,0.5321058,0.48826888,0.51317334,0.50110024,0.47756812,0.543732,0.56177336,0.5896891,0.55602586,0.63526505,0.51164687,0.5368182,0.5059577,0.4747558,0.51995283,0.534478,0.5245418,0.5582079,0.55161136,0.491502,0.5448672,0.43697798,0.43251425,0.48481128,0.540398,0.5286994,0.5250653,0.6232109,0.5221695,0.48899457,0.50474364,0.4834847,0.47816047,0.57679087,0.6064815,0.5530835,0.51643264,0.51746976,0.5961988,0.48002088,0.5055128,0.5025273,0.51001227,0.5057455,0.45623353,0.47209474,0.45106658,0.50200665,0.4518905,0.5381236,0.46231186,0.45693806,0.51556236,0.5866784,0.5602837,0.48956752,0.47307092,0.46774378,0.4469186,0.57439584,0.48959386,0.47244188,0.47647104,0.50029457,0.48624313,0.48795584,0.4658894,0.4997049,0.5113987,0.53685033,0.49235618,0.47254983,0.4658937,0.50541925,0.59528685,0.5540467,0.5266045,0.5593403,0.579839,0.5264225,0.55798787,0.44682902,0.5444313,0.5472034,0.54532176,0.5620919,0.514708,0.58564967,0.46361658,0.49351656,0.56634384,0.42980757,0.51098275,0.481726,0.49629933,0.49600828,0.46873453,0.46865827,0.47018605,0.5321372,0.4834961,0.5171594,0.58189815,0.5935188,0.6057754,0.5632259,0.61438143,0.56317043,0.5086938,0.522942,0.47147343,0.54452837,0.48386958,0.5487068,0.51330125,0.44594428,0.47256723,0.4807686,0.5139305,0.45715022,0.45800686,0.504835,0.4666144,0.45576024,0.5349107,0.5504932,0.6135675,0.5461037,0.64309716,0.5051692,0.5657272,0.46902156,0.5664163,0.4970024,0.5154559,0.486168,0.5232504,0.48898533,0.4806442,0.45060885,0.45711586,0.5264181,0.46577212,0.53762794,0.5035083,0.56129014,0.51782006,0.5812554,0.52072793,0.45576626,0.5236769,0.51615465,0.4769728,0.5706234,0.42916304,0.5248399,0.47409284,0.48926705,0.45120555,0.4329715,0.46425265,0.46446913,0.5056171,0.46432927,0.49785158,0.49607968,0.43484756,0.50043404,0.43737885,0.46997783,0.486433,0.4727938,0.4891593,0.58003837,0.5987118,0.5110056,0.47646984,0.47080386,0.45681396,0.50435096,0.54816717,0.48805696,0.54101753,0.49938896,0.5145478,0.5458636,0.55491763,0.5936305,0.5506122,0.5549672,0.48621836,0.51966184,0.51917523,0.5269965,0.5463346,0.5904005,0.54046875,0.5736331,0.5663944,0.47507665,0.57845944,0.43123317,0.42830065,0.5321523,0.5709955,0.54167616,0.5176028,0.5786038,0.5072476,0.4823251,0.49285507,0.5231189,0.5076395,0.5709185,0.62234,0.581529,0.5353994,0.51043797,0.5256928,0.47256312,0.5209557,0.51331604,0.5271317,0.52000165,0.48164287,0.46550062,0.44431967,0.49715725,0.4498643,0.53191525,0.45567116,0.44354036,0.5266367,0.5572275,0.51313996,0.5068433,0.47055182,0.45329815,0.5168655,0.4949495,0.533314,0.5363417,0.5029735,0.4999138,0.5384813,0.5415313,0.51839495,0.5182434,0.49339923,0.4819093,0.5418049,0.5242305,0.5064907,0.5089371,0.4974178,0.5011071,0.5059337
284,0.4427579,0.5312924,0.48618805,0.46561068,0.45851085,0.46984807,0.4894464,0.49709538,0.4775108,0.4567348,0.47798297,0.47912353,0.48319605,0.5134587,0.53679585,0.5054254,0.5640517,0.51466936,0.5035567,0.54349446,0.52282923,0.48306304,0.52824,0.4844253,0.48975202,0.50160116,0.5570936,0.5382065,0.54437476,0.5921177,0.5090217,0.56045336,0.5719189,0.54156214,0.5792348,0.50857085,0.48710722,0.50007576,0.49122846,0.4753644,0.45093197,0.5263445,0.43804783,0.4896841,0.5287957,0.5584671,0.56045634,0.53680784,0.5759664,0.54880893,0.50903666,0.5217756,0.48814347,0.5085287,0.48183176,0.5090723,0.4918804,0.48759735,0.4589384,0.4448048,0.5301254,0.5249886,0.4820023,0.5324852,0.5235049,0.49212995,0.58391464,0.5626492,0.588825,0.57281363,0.58421266,0.5386686,0.5332387,0.4581125,0.50367504,0.5480844,0.55139416,0.47570324,0.51661366,0.44355154,0.48496184,0.45330557,0.5051437,0.49797252,0.4806522,0.50896037,0.5858477,0.55184805,0.54872906,0.5863519,0.52157,0.4835509,0.5238679,0.5166847,0.48248112,0.52498317,0.49775344,0.54321605,0.47152632,0.48779044,0.47854486,0.46841297,0.48714247,0.5013455,0.501668,0.47681662,0.5078319,0.4514749,0.43078095,0.5033552,0.42694798,0.4792512,0.46002382,0.4680319,0.50206673,0.54743034,0.56397325,0.507011,0.49751735,0.49675915,0.45911637,0.50348425,0.5089545,0.52930707,0.5239263,0.5091788,0.49579468,0.53120095,0.5201101,0.5743433,0.54041713,0.61211485,0.53834504,0.5386834,0.51686317,0.4929938,0.52287656,0.5356134,0.51720244,0.53576195,0.54679227,0.4973886,0.5429901,0.4822333,0.49427897,0.5093951,0.49617004,0.5092784,0.54511714,0.602849,0.5703921,0.49454963,0.50015223,0.47752672,0.5106838,0.5541106,0.58070713,0.5487023,0.5158037,0.5096686,0.59566194,0.5283853,0.49487522,0.5246992,0.5383123,0.5202924,0.46628267,0.49040076,0.42863306,0.5235337,0.4895658,0.51557344,0.50136095,0.5016573,0.5395566,0.5716483,0.5648571,0.5142498,0.4555995,0.4595291,0.4443852,0.55177426,0.490277,0.46550867,0.46858495,0.49091297,0.4782663,0.49720666,0.4826959,0.48152706,0.5038928,0.49295783,0.48750558,0.51984626,0.51600546,0.4995949,0.59158003,0.5253208,0.5199116,0.55052185,0.5541649,0.51923907,0.53525597,0.48124984,0.51465917,0.49330238,0.54103994,0.54937947,0.53103423,0.6089288,0.5073541,0.5456854,0.5896341,0.508873,0.56574905,0.5030781,0.49833596,0.49879348,0.49394304,0.4770474,0.47041765,0.5204533,0.44748837,0.4785431,0.54331136,0.5668971,0.5638909,0.5490591,0.5812917,0.5568518,0.51183474,0.51249796,0.48645583,0.5178188,0.48211506,0.50652695,0.5023649,0.46760285,0.45765907,0.44829807,0.53263927,0.47701216,0.47014663,0.5229624,0.5206224,0.4832019,0.5504977,0.5803144,0.5900364,0.5640354,0.61883754,0.54641134,0.5535462,0.47369388,0.51008165,0.50801367,0.5445711,0.47267964,0.48497576,0.48432916,0.48820716,0.47716194,0.49325973,0.51187706,0.49829417,0.50318664,0.5175865,0.5726214,0.5144372,0.5722103,0.5184733,0.48684996,0.52871513,0.51651174,0.5015353,0.54109746,0.47565436,0.54578716,0.4716448,0.48193374,0.46308404,0.45755982,0.4907112,0.50124913,0.49939615,0.47504765,0.52883035,0.4576657,0.43609944,0.50870264,0.43048245,0.48903972,0.45674783,0.46647972,0.4690816,0.53821236,0.5620515,0.53105694,0.49655068,0.4897542,0.4605627,0.51459265,0.52903956,0.5289269,0.5446055,0.5129708,0.5185737,0.5311639,0.513704,0.57434267,0.5455242,0.56157076,0.5252227,0.5260297,0.52602625,0.5223546,0.5366546,0.5716133,0.5166911,0.5459501,0.559041,0.49184573,0.5719757,0.46919227,0.48893598,0.5356055,0.5195401,0.5161796,0.53408086,0.59681654,0.5619486,0.49393594,0.48550814,0.51350796,0.5242619,0.5475311,0.58043236,0.56575423,0.53477544,0.50391245,0.5709887,0.51630473,0.51215905,0.53096527,0.55248094,0.52229935,0.48259714,0.47642833,0.44240263,0.51339686,0.49286324,0.52775896,0.4962985,0.49316573,0.55528295,0.5661591,0.5327086,0.51813054,0.46046078,0.4704912,0.5176732,0.49609715,0.54535353,0.5396488,0.49082616,0.4915581,0.53178984,0.53209525,0.52177787,0.5172384,0.5095738,0.4996719,0.53631186,0.52159196,0.49159974,0.49390176,0.50237507,0.5035081,0.50999683
285,0.45609376,0.52573544,0.4962057,0.47126338,0.46780947,0.485239,0.49415427,0.51021975,0.49891078,0.46096146,0.48996904,0.46087587,0.4845131,0.5477412,0.5659067,0.5188301,0.5551808,0.51326907,0.5169478,0.5426116,0.51532865,0.4950113,0.52386963,0.53210497,0.4750383,0.4656837,0.5477974,0.5524042,0.55305773,0.6013428,0.5497208,0.56841993,0.5918155,0.5803058,0.57668513,0.5281292,0.48498625,0.5038268,0.5023804,0.4885371,0.47063592,0.5040034,0.43028578,0.4647454,0.49465764,0.53810644,0.51785845,0.5462298,0.55024964,0.536569,0.5166217,0.5096024,0.5084613,0.4962183,0.4838844,0.47957757,0.4825221,0.50872654,0.46461278,0.4339686,0.537353,0.5267112,0.50618273,0.5423574,0.5440276,0.51680547,0.57149,0.57566047,0.55321527,0.5421553,0.56978315,0.56596065,0.5261038,0.49179015,0.4755062,0.5132752,0.55847853,0.48019034,0.48643547,0.47790527,0.48121047,0.49062786,0.54293376,0.48551905,0.4965886,0.48139808,0.53969455,0.5456782,0.5586756,0.5646608,0.52077633,0.5220343,0.5274101,0.5090793,0.5098533,0.5078257,0.5309698,0.54621303,0.47828564,0.50243086,0.48767188,0.49953574,0.52564764,0.54159814,0.5028213,0.49740204,0.5403804,0.4352912,0.43773228,0.5174725,0.43751928,0.4920559,0.43891832,0.47799703,0.4925828,0.50725913,0.52962756,0.5179746,0.52811396,0.51750535,0.48158115,0.52522784,0.5008413,0.5714045,0.5411875,0.5217875,0.51987964,0.5279949,0.49442673,0.55562896,0.52639306,0.57736814,0.5585121,0.53787684,0.52809066,0.51572055,0.5271532,0.5395008,0.5206524,0.5185352,0.5398267,0.5081258,0.5387435,0.5276381,0.5490375,0.53559875,0.461795,0.49312288,0.557293,0.57243806,0.59875846,0.50539786,0.50472057,0.48765227,0.5418327,0.5336117,0.55374044,0.5471321,0.52335167,0.5121587,0.5807422,0.56273574,0.4984299,0.5423681,0.56080866,0.5316756,0.48868224,0.5143688,0.4363427,0.5431812,0.52879417,0.5033022,0.5493357,0.5542099,0.5661465,0.5566719,0.5592671,0.54366404,0.45753393,0.4682532,0.45676342,0.53036594,0.4979967,0.4709871,0.4725195,0.49240133,0.48673007,0.50865245,0.5046591,0.47735658,0.50751907,0.4717834,0.4923122,0.55453205,0.55545586,0.50302565,0.5829464,0.50608027,0.5192421,0.54129094,0.5316482,0.5177061,0.5169964,0.5293042,0.49596682,0.46318176,0.5361104,0.54190826,0.5399651,0.6117488,0.54712754,0.5787501,0.5959502,0.5701717,0.59999055,0.51424533,0.49573416,0.4994386,0.50503093,0.48804095,0.47422287,0.49956384,0.42914557,0.4523536,0.497608,0.53174055,0.51509243,0.5373724,0.54182214,0.54721457,0.5197786,0.5059273,0.505566,0.4996124,0.4810174,0.47809485,0.49601096,0.497726,0.45496973,0.43394652,0.54757994,0.5053757,0.49690163,0.54080504,0.5688271,0.51991373,0.5612084,0.5966911,0.5644123,0.57539785,0.5862352,0.57468075,0.5471764,0.49677733,0.479109,0.5285769,0.5666376,0.47243208,0.47438362,0.4976227,0.51202184,0.51016665,0.52921313,0.5001499,0.5265199,0.47992867,0.5347073,0.57897013,0.5127863,0.55848366,0.5193536,0.52193254,0.5333973,0.52174777,0.53056175,0.51019746,0.52277637,0.56084687,0.47631726,0.4866072,0.486545,0.48931667,0.5254838,0.5402931,0.494617,0.49127033,0.5596885,0.44170877,0.45525417,0.51825446,0.44808322,0.5109008,0.4404979,0.4709577,0.46254158,0.501502,0.5237898,0.5452696,0.5182322,0.51114625,0.47847825,0.52643514,0.522404,0.5728685,0.5526847,0.5265572,0.5266306,0.52919143,0.49275383,0.5572121,0.5404063,0.560232,0.55883455,0.53101444,0.5321892,0.5231489,0.52788615,0.5522583,0.5096816,0.52291036,0.55012953,0.51303196,0.557235,0.510717,0.54477835,0.5405443,0.47461686,0.49181977,0.5473055,0.601649,0.5968045,0.5091839,0.48987812,0.5141863,0.53817487,0.5250309,0.5357647,0.55194896,0.5360491,0.5093336,0.60146886,0.5522358,0.51324326,0.5441209,0.57127434,0.5239981,0.49249545,0.4973124,0.46695226,0.5293903,0.5359283,0.5239745,0.5456243,0.5520238,0.5828692,0.57069373,0.54787123,0.5328294,0.46833414,0.49643,0.52057403,0.50230235,0.55013466,0.5409997,0.4915816,0.49353474,0.5248389,0.52291644,0.5260965,0.5184472,0.52483165,0.5178334,0.5288827,0.52062684,0.49058837,0.4915752,0.51064134,0.5089292,0.5150368
286,0.4824988,0.5281587,0.51387054,0.48908716,0.49232814,0.5132212,0.5141461,0.5250273,0.5256358,0.48926425,0.51846987,0.4728151,0.49947566,0.56655884,0.575795,0.5400436,0.5489943,0.52115804,0.5371367,0.5487319,0.5170177,0.5161911,0.5272055,0.5850184,0.48878264,0.4521113,0.53281355,0.57203245,0.5486934,0.5841576,0.5793039,0.5556264,0.59238505,0.59066653,0.5534223,0.5343431,0.4848598,0.511575,0.50287956,0.5044041,0.49214202,0.4758472,0.4459912,0.45372483,0.46327484,0.51077557,0.47823396,0.55945545,0.52677065,0.5205866,0.5301122,0.5049265,0.5313582,0.4960088,0.4882759,0.47155908,0.48638365,0.5340397,0.4844415,0.4447159,0.54011667,0.5245539,0.5321447,0.54920274,0.55882186,0.54583055,0.5446211,0.5727881,0.51339567,0.50495213,0.540917,0.5774192,0.5251494,0.5348566,0.47137943,0.48700905,0.55341417,0.49653175,0.476172,0.5283584,0.4983198,0.5373762,0.572387,0.48144653,0.5171401,0.46769118,0.49601465,0.5352919,0.5561698,0.5289675,0.5181949,0.5571441,0.5287188,0.5048309,0.5400855,0.49457964,0.55604726,0.5414418,0.49558654,0.528522,0.50777644,0.536437,0.5671879,0.5823756,0.5084832,0.5236617,0.5794958,0.44639266,0.46968028,0.53134394,0.47324604,0.51260424,0.437182,0.4995153,0.49384424,0.47548407,0.49626255,0.526742,0.55356675,0.5364093,0.5111938,0.54550594,0.5117129,0.6103795,0.566012,0.5379673,0.5463043,0.53632855,0.48834497,0.53091073,0.51489824,0.5306607,0.5664549,0.5342887,0.537511,0.5403911,0.532636,0.5435289,0.5374208,0.5116899,0.5329214,0.52432245,0.5341349,0.56480926,0.58684075,0.5592712,0.44255665,0.4858874,0.5558154,0.531179,0.60126436,0.5226564,0.5193281,0.5133659,0.566619,0.51977736,0.52921325,0.5500351,0.53983074,0.52494705,0.54803216,0.5784165,0.5150721,0.5527661,0.5721114,0.538792,0.5228535,0.5417616,0.4761294,0.5559822,0.5594955,0.5038361,0.6001128,0.60829157,0.5942151,0.5417902,0.54087514,0.57748246,0.47664624,0.49207065,0.48250455,0.51652503,0.5145054,0.48997143,0.49006125,0.5055254,0.5115557,0.5211633,0.52908045,0.49189556,0.52477586,0.47769272,0.50938684,0.57201725,0.57800454,0.5181587,0.5691545,0.49971744,0.52621096,0.5335868,0.51676714,0.5222401,0.5084208,0.58382463,0.49643254,0.45843711,0.5334906,0.54492974,0.5404678,0.58891726,0.5781932,0.5856613,0.58393145,0.60458773,0.6077101,0.5147,0.4924552,0.5008899,0.50277454,0.5006843,0.48268485,0.4746776,0.433719,0.44513842,0.45538783,0.49387848,0.46557575,0.5313864,0.50325036,0.5333142,0.5315537,0.5044755,0.5267041,0.4905948,0.481742,0.46806073,0.49693644,0.5309221,0.46832672,0.44281793,0.556786,0.5348419,0.5311086,0.55577105,0.60321224,0.5613221,0.5617112,0.5956583,0.5360278,0.57432497,0.54205376,0.58363396,0.5449634,0.53224254,0.4780143,0.5521211,0.574982,0.48733136,0.49602017,0.52833486,0.548393,0.5470598,0.5586097,0.49660394,0.5448222,0.47185,0.5510585,0.57548946,0.5107995,0.53662837,0.5211513,0.55569655,0.53575104,0.52710867,0.5598336,0.48304984,0.56297857,0.5647332,0.49001616,0.504586,0.5173682,0.52449447,0.5660484,0.5771376,0.49292085,0.51356053,0.5888341,0.4542452,0.4937376,0.5295342,0.4876806,0.53291273,0.44393578,0.49077162,0.4731636,0.47454405,0.48767012,0.5505112,0.53740406,0.5323386,0.5077046,0.5381563,0.5317348,0.6149196,0.5664666,0.53934246,0.5374487,0.54269755,0.49540907,0.540999,0.53597766,0.54927146,0.5801158,0.53314716,0.5366549,0.53007156,0.5225698,0.5337714,0.5239649,0.5101453,0.5423667,0.53723544,0.5374571,0.5483779,0.584802,0.5460301,0.44274753,0.47506154,0.553108,0.5891327,0.6056471,0.5304439,0.50710917,0.52600825,0.5483191,0.5086991,0.49643356,0.54226786,0.54225206,0.526872,0.61141264,0.57729125,0.52379185,0.5500328,0.57857084,0.52605224,0.5139539,0.52579755,0.5167848,0.5416756,0.56899756,0.5206798,0.59681076,0.61302686,0.60816425,0.56928456,0.5529465,0.5524346,0.49088144,0.5269775,0.5267949,0.5142378,0.54792136,0.5406495,0.50376815,0.5044544,0.5178974,0.51447445,0.53051144,0.5213895,0.5371561,0.5343355,0.52129304,0.5215513,0.5034284,0.5024865,0.51966375,0.5156122,0.5204982
287,0.51759964,0.5385368,0.5383461,0.5173114,0.5289528,0.5495883,0.5444382,0.5406865,0.55346507,0.5397276,0.5602044,0.5119993,0.52742076,0.57004493,0.5676597,0.5683975,0.54712045,0.5360078,0.5618808,0.56263006,0.528192,0.543604,0.5389345,0.6348185,0.52974164,0.45726883,0.5179021,0.5969748,0.5368271,0.5432462,0.59683937,0.52295876,0.57662594,0.57231665,0.5122,0.5311162,0.4916246,0.52562517,0.49733788,0.5211742,0.5137201,0.4495629,0.484006,0.45951712,0.44431046,0.48473105,0.4467796,0.57674974,0.5118229,0.5042393,0.54524875,0.5058919,0.55434,0.504106,0.495358,0.48280537,0.5008962,0.55703187,0.5174106,0.47735423,0.5373361,0.5147197,0.5517142,0.5533424,0.5666299,0.5753043,0.5037811,0.5548775,0.4709119,0.46001828,0.49878964,0.5715148,0.52804977,0.5771174,0.4865011,0.46589845,0.5315503,0.5233797,0.48418623,0.58625776,0.5310434,0.5854499,0.58928156,0.49015844,0.5388678,0.4699632,0.45536518,0.5191627,0.5382388,0.47914368,0.5135016,0.58370316,0.5280111,0.5008831,0.56921166,0.4889288,0.570621,0.5289781,0.5228542,0.5619199,0.53281045,0.5740016,0.6069055,0.61864686,0.5180086,0.5535286,0.6204161,0.48560208,0.5231013,0.54428756,0.52700865,0.5381522,0.4571888,0.5317776,0.5044035,0.45590568,0.46712774,0.53183955,0.57018334,0.5511253,0.5440233,0.5619045,0.5407709,0.64239055,0.59626216,0.55711985,0.5711717,0.5550596,0.50114316,0.49942714,0.5065113,0.47573614,0.5590762,0.5288533,0.5438728,0.5639983,0.5393025,0.5459409,0.56639403,0.5171372,0.529465,0.54681236,0.5326578,0.5878802,0.602919,0.5784147,0.43913713,0.49169707,0.53801775,0.48263225,0.57760894,0.54633677,0.5430544,0.5509685,0.58237106,0.5149388,0.5105108,0.5588999,0.56387883,0.54642546,0.5001467,0.57777953,0.54069006,0.5557049,0.57019466,0.5415553,0.5648316,0.56934124,0.5423157,0.55965275,0.5730368,0.5166933,0.64621824,0.65669626,0.62130594,0.5273612,0.5101308,0.61335474,0.50834996,0.5267384,0.51813674,0.51458436,0.5387444,0.52061266,0.52025735,0.5293932,0.54866564,0.53383356,0.5524706,0.52629197,0.5550833,0.51078683,0.5381374,0.5734136,0.58259165,0.54464227,0.5522297,0.5069762,0.54167587,0.5312576,0.5129655,0.5337171,0.5129569,0.6357928,0.520133,0.47640765,0.53704804,0.56246406,0.5341865,0.5423037,0.5996941,0.5661201,0.5566326,0.6110872,0.5894907,0.5074564,0.49353504,0.506903,0.4924633,0.5135683,0.49601653,0.45204493,0.46189138,0.45974618,0.42778286,0.46262234,0.42120594,0.53392005,0.4740687,0.5170067,0.5437376,0.50643814,0.54751515,0.48677278,0.48501444,0.4756247,0.50659984,0.56093544,0.4994907,0.47602236,0.5607514,0.55766886,0.56289464,0.56774044,0.62017673,0.59960496,0.549369,0.57769567,0.5054796,0.55758643,0.4889476,0.57061213,0.5459727,0.57009816,0.5051055,0.57066095,0.564907,0.5154693,0.5481177,0.57180774,0.58959544,0.58320904,0.576088,0.50588554,0.5491287,0.48166853,0.5630417,0.55985224,0.5077873,0.50599533,0.52217007,0.58192134,0.5345505,0.5283771,0.585168,0.4647662,0.5908508,0.55469614,0.5126435,0.53276,0.54729,0.5582665,0.6078146,0.6082409,0.4941511,0.5408353,0.61466324,0.49598393,0.54808116,0.54266787,0.5410211,0.5534832,0.4688649,0.52600807,0.49774513,0.4576846,0.45677924,0.54580104,0.55164635,0.551151,0.5433689,0.5486773,0.55720407,0.65054303,0.58517545,0.55181444,0.5500135,0.57080334,0.5209235,0.524773,0.53294945,0.52970123,0.58540606,0.5320583,0.5393996,0.54289675,0.52252597,0.5187006,0.55955017,0.5113241,0.5397166,0.563886,0.5186119,0.57479525,0.6025179,0.55251867,0.42551383,0.4707932,0.5491206,0.55976385,0.5874727,0.5583696,0.535582,0.5477235,0.55554485,0.503004,0.46933728,0.5396514,0.5552865,0.554389,0.60126597,0.5919123,0.54154366,0.5479423,0.5719,0.52907085,0.54629457,0.5571602,0.5832542,0.5470992,0.5844667,0.51844555,0.6426105,0.66829854,0.62953115,0.5624193,0.54547065,0.5768699,0.52265394,0.55757886,0.53692305,0.53086346,0.54052454,0.53927976,0.5241488,0.5215413,0.51231736,0.5083106,0.53443533,0.5253803,0.54531103,0.54779834,0.5154271,0.5240033,0.52684367,0.5236538,0.527445,0.52183205,0.5261418
288,0.55696154,0.5546888,0.56584823,0.5521639,0.5719778,0.5889805,0.5791466,0.5562044,0.5784792,0.60263216,0.6083411,0.5681733,0.5638548,0.5623019,0.547006,0.60044837,0.5513977,0.5544732,0.589427,0.58368367,0.54765326,0.5742461,0.5571149,0.6749071,0.5882186,0.47620013,0.50988996,0.6239819,0.5261564,0.48840627,0.6029417,0.47828168,0.5483324,0.5317057,0.46186095,0.5246727,0.50888425,0.54797006,0.4927865,0.53742033,0.5346946,0.43288392,0.53687245,0.4831425,0.44573864,0.47132668,0.42806026,0.5981998,0.5106781,0.49497285,0.5577654,0.5098182,0.57492435,0.5152703,0.5053414,0.50579226,0.52303046,0.57484716,0.5600087,0.52790594,0.5302256,0.4993709,0.5618433,0.55592364,0.5677772,0.6007686,0.45772466,0.52784365,0.43139115,0.4135825,0.45305076,0.5518929,0.53385586,0.6110634,0.5124874,0.4486255,0.4964818,0.55712116,0.5065452,0.6418745,0.5714119,0.6286443,0.59526086,0.5145902,0.5600513,0.4889117,0.4208056,0.49974543,0.5096652,0.42450374,0.5095509,0.59959614,0.526614,0.49585423,0.5967396,0.49410474,0.57661563,0.51429003,0.55577964,0.5955755,0.5559331,0.6073041,0.6403749,0.6466353,0.53076684,0.5843734,0.65600896,0.54569286,0.58733964,0.5562724,0.5867208,0.56424195,0.49541086,0.5706363,0.5209507,0.4497609,0.4469672,0.5341309,0.57734764,0.560352,0.5768174,0.57371795,0.57997376,0.66485083,0.62621206,0.5775616,0.59324527,0.5788338,0.527114,0.46530098,0.5016132,0.4220673,0.5407383,0.52401406,0.5475904,0.58534473,0.54939586,0.54923946,0.6017524,0.53425914,0.53314745,0.574785,0.5394586,0.5972717,0.6007403,0.5956076,0.44895825,0.5127599,0.50935113,0.43576857,0.535087,0.5745818,0.57296574,0.5942859,0.5902411,0.51873964,0.5011648,0.5748635,0.59305745,0.5742981,0.44633198,0.56934875,0.5703514,0.5536431,0.55919296,0.5406388,0.6088607,0.59358543,0.61829877,0.5557421,0.57020444,0.5379263,0.681498,0.6939929,0.64334816,0.5137062,0.47317013,0.6464684,0.5475326,0.5665209,0.5595074,0.52577996,0.5663098,0.558439,0.5594568,0.56187546,0.59188586,0.545718,0.5718209,0.5754468,0.5935302,0.5629493,0.57411337,0.56358534,0.5719669,0.5781585,0.5368795,0.5251566,0.56573373,0.5384477,0.5212156,0.553709,0.53085905,0.6783317,0.56424576,0.51007664,0.54877007,0.59321994,0.5251789,0.48086503,0.6115388,0.5261031,0.51700324,0.59374326,0.54989696,0.49765548,0.5033539,0.5211341,0.48173755,0.5256812,0.5141454,0.4382624,0.5079304,0.49412525,0.4230174,0.44860604,0.3876395,0.54682577,0.46175963,0.50479084,0.5525171,0.50911415,0.5656828,0.48341492,0.4915452,0.49482068,0.52512485,0.58445764,0.5452874,0.52906615,0.56021404,0.570218,0.5845324,0.57720745,0.6194159,0.62726027,0.52664936,0.5469678,0.4746307,0.5277092,0.43633354,0.5387449,0.54943013,0.600744,0.5495077,0.57862926,0.53773874,0.5511197,0.6175223,0.6206198,0.6267113,0.61520183,0.579843,0.5296058,0.5394379,0.5092269,0.57018274,0.53336537,0.50641584,0.47072777,0.5235064,0.5976593,0.5303879,0.5237691,0.605394,0.45975202,0.6050962,0.5326229,0.54119146,0.56405544,0.5689342,0.58689576,0.6462206,0.63168436,0.49806103,0.5703728,0.63539684,0.55858475,0.6081733,0.5568524,0.59557366,0.5711857,0.51071155,0.5712656,0.5284588,0.44909382,0.43450367,0.53285044,0.56088567,0.5660123,0.5799713,0.5577414,0.5922792,0.6768732,0.6048155,0.5646536,0.56512165,0.60537815,0.5616119,0.50848496,0.53074956,0.5050681,0.5769248,0.5291931,0.5415921,0.5616961,0.52910876,0.51165956,0.60815924,0.52679724,0.54580134,0.5922987,0.50910765,0.586304,0.5987752,0.5631811,0.42095983,0.48164728,0.5366464,0.51873714,0.547084,0.5898587,0.570689,0.5759569,0.5620426,0.50951815,0.45859006,0.5471443,0.575187,0.58814406,0.5745112,0.5987097,0.56427795,0.53903747,0.5533321,0.5322265,0.5845994,0.5860312,0.6500249,0.54521465,0.58140945,0.5179526,0.6787518,0.7116544,0.64471817,0.55055004,0.527528,0.6031631,0.55759454,0.58499384,0.5495925,0.5492658,0.5306583,0.53763974,0.54893506,0.5419042,0.51053125,0.5073797,0.5380503,0.52992153,0.5491129,0.5575803,0.5125081,0.527277,0.5555772,0.54976493,0.5342156,0.52718645,0.53250515
289,0.5967576,0.57513404,0.5914955,0.58907104,0.61510026,0.6264365,0.6128484,0.5707191,0.5987867,0.6642731,0.6558928,0.624832,0.6030168,0.55115485,0.5227639,0.632279,0.56274915,0.5738747,0.618447,0.6100171,0.57278734,0.60504436,0.57987446,0.7015359,0.64724237,0.5001531,0.51193166,0.6479537,0.5226009,0.43228036,0.598098,0.43504018,0.51256454,0.4823788,0.41359255,0.5217629,0.53728676,0.57871836,0.49576572,0.5531989,0.5552974,0.43093428,0.59352684,0.52100784,0.4699533,0.47773564,0.42406285,0.6247029,0.5253537,0.50056404,0.56642926,0.5155474,0.5915294,0.52595276,0.5186009,0.53238684,0.5491637,0.58855265,0.60643584,0.5871405,0.520823,0.48265097,0.5631441,0.5579877,0.563886,0.61859375,0.41561615,0.49817443,0.39991763,0.37200168,0.4128997,0.52519476,0.5403261,0.63220596,0.537825,0.43316114,0.45648026,0.5926727,0.5338533,0.68858117,0.60948986,0.6640941,0.59540623,0.5532926,0.57985175,0.5205578,0.39418074,0.47973096,0.47949994,0.37596226,0.5093808,0.60715646,0.5250258,0.48879433,0.6248442,0.510245,0.577361,0.50124997,0.5884825,0.62331045,0.57300204,0.63247615,0.6649883,0.6641354,0.5460007,0.6138902,0.67981464,0.61211747,0.64899546,0.56777906,0.63910437,0.5861407,0.54384404,0.6112047,0.5405117,0.4562835,0.43995824,0.53562516,0.5771971,0.5645956,0.60609007,0.5816079,0.6171257,0.67597437,0.6493538,0.5950292,0.61271244,0.6007986,0.55617416,0.43351513,0.49921677,0.3769646,0.520248,0.5216162,0.54973894,0.60544384,0.56537,0.55790126,0.6361901,0.5616749,0.5459136,0.6048037,0.5574459,0.598958,0.5892941,0.61532676,0.4676265,0.5481456,0.47908622,0.39730936,0.48505667,0.60440874,0.60372764,0.6352218,0.59232026,0.52968055,0.50323206,0.59780073,0.625438,0.6041231,0.39672092,0.5621887,0.59916,0.5498422,0.54579717,0.5381195,0.6496185,0.6115699,0.6843318,0.54676294,0.5577237,0.5612559,0.7024101,0.71746355,0.6556149,0.49999863,0.4376784,0.6720696,0.58760375,0.6058971,0.6021658,0.54871106,0.5919279,0.59775805,0.6020944,0.5985953,0.6339627,0.5563166,0.58581054,0.6301104,0.63387024,0.61914164,0.6116428,0.5512571,0.5545207,0.6125623,0.52854764,0.54892474,0.59625363,0.5559928,0.5387823,0.58207387,0.55957156,0.7075327,0.61945295,0.5486069,0.56787485,0.63070536,0.5181331,0.41705734,0.61378646,0.47820386,0.46943098,0.563415,0.49951524,0.49092373,0.5240411,0.545081,0.47753167,0.5368182,0.5366228,0.4379971,0.5612039,0.5414819,0.4429773,0.4574684,0.36834604,0.5698594,0.46871284,0.5042654,0.55658716,0.511471,0.5798692,0.478448,0.50228935,0.5175454,0.55111194,0.60247755,0.5970448,0.5920934,0.55680424,0.5744216,0.5944281,0.5849701,0.60526705,0.6428646,0.49982077,0.5096171,0.44598007,0.49205807,0.3928735,0.4979069,0.55372643,0.6196689,0.5947608,0.5753566,0.50095105,0.5880624,0.6838385,0.6686474,0.6552255,0.6443335,0.57302505,0.56508356,0.52190846,0.55003476,0.57533914,0.50065523,0.51085955,0.43740687,0.52824765,0.60584,0.52477413,0.5143426,0.6243117,0.4691804,0.60916495,0.50347626,0.5706649,0.5909534,0.579434,0.6083274,0.67766136,0.6461854,0.50433415,0.59917706,0.6480673,0.62635,0.6627845,0.5707704,0.64067423,0.5855908,0.56013775,0.6186896,0.5582124,0.44659963,0.4233496,0.51566523,0.5661867,0.57647043,0.6122362,0.5652609,0.62653506,0.69166905,0.6192122,0.5764236,0.58234644,0.63529706,0.60431707,0.4923301,0.52777815,0.47958097,0.56200236,0.52652466,0.5443616,0.5872722,0.5437053,0.5159921,0.6565456,0.55419177,0.5621789,0.6208309,0.5150477,0.586981,0.5826696,0.5815635,0.42496952,0.50728357,0.5205368,0.4741125,0.49541637,0.6208082,0.60593295,0.6049397,0.5677974,0.5265114,0.46414107,0.5652349,0.600463,0.62251866,0.5385741,0.6020193,0.5892156,0.5258041,0.5289904,0.5347192,0.6222992,0.6082972,0.7032087,0.539424,0.5657309,0.51911837,0.70298994,0.7393822,0.65095246,0.5336186,0.50396323,0.62607896,0.5904573,0.608895,0.5625668,0.56680954,0.5215713,0.53631,0.5735485,0.5624785,0.51440907,0.5133032,0.54196244,0.53476787,0.5494445,0.56384337,0.5124496,0.53020346,0.5839604,0.5753879,0.5414034,0.53278166,0.5404281
290,0.6325857,0.5987609,0.6120039,0.6229958,0.6521082,0.65709364,0.6399006,0.58289015,0.61336964,0.71264195,0.6964982,0.6661135,0.63934577,0.54618293,0.5061615,0.660638,0.58003837,0.5916892,0.6464958,0.63755226,0.5992551,0.63171214,0.6056059,0.71292007,0.6902336,0.5172753,0.52378196,0.66465914,0.5288292,0.3872814,0.58553696,0.40657854,0.47902182,0.44164312,0.37818617,0.5273046,0.57368463,0.614873,0.5095102,0.5688429,0.57481265,0.44556174,0.6422425,0.56425464,0.5129016,0.5043301,0.43410918,0.6550286,0.5531727,0.5239217,0.57247156,0.52345836,0.602916,0.53530693,0.53465945,0.5556848,0.5741863,0.5994031,0.64919287,0.6418393,0.5111452,0.46753377,0.5569166,0.56107354,0.55803734,0.6271484,0.38250518,0.47179088,0.3786198,0.33775017,0.38240704,0.49943754,0.5441594,0.6383251,0.5514148,0.41623026,0.4196108,0.62412006,0.5530195,0.7219629,0.6357453,0.6894886,0.59480065,0.5991699,0.5963807,0.5558712,0.37484995,0.46040124,0.45546624,0.33962256,0.5136027,0.6105021,0.5229373,0.4786568,0.6534061,0.534152,0.5756908,0.49115574,0.614906,0.6406993,0.58273727,0.6466516,0.67924285,0.66975296,0.561158,0.63907135,0.6884719,0.6685502,0.69657767,0.57883984,0.67384034,0.6001013,0.59097826,0.6478147,0.56029594,0.47340629,0.447435,0.53745806,0.57314545,0.5654892,0.62806094,0.5864699,0.6420405,0.67472035,0.6611804,0.6052792,0.6292744,0.6155596,0.57744235,0.40799546,0.49733064,0.34332833,0.5053927,0.52204967,0.5511396,0.6244781,0.58717865,0.5738832,0.663549,0.5965875,0.5673451,0.63278973,0.5857404,0.60026884,0.5784422,0.63928574,0.48960024,0.5925669,0.4554174,0.3700642,0.44050854,0.63221705,0.6290256,0.66576225,0.59067136,0.5460785,0.5166977,0.6247996,0.6583212,0.6298652,0.35958016,0.56287175,0.6220971,0.5468374,0.5358488,0.5370822,0.6823787,0.6210707,0.7278052,0.53527653,0.5422621,0.5803362,0.70756054,0.72637635,0.6549047,0.48601055,0.40967688,0.68749195,0.6203948,0.6388303,0.64074975,0.5793317,0.61199516,0.63263726,0.6413913,0.6327222,0.667534,0.5649455,0.59415734,0.6799972,0.6701445,0.6643074,0.64594144,0.5470297,0.5424166,0.64253724,0.53007305,0.57221156,0.6283975,0.57996184,0.5601949,0.6141252,0.5943796,0.7214101,0.6728618,0.58018714,0.5925594,0.666659,0.5174816,0.36385638,0.6092045,0.43825668,0.4241832,0.5364103,0.45499745,0.49111962,0.5543665,0.57684284,0.4837343,0.54697794,0.56108844,0.4528498,0.6089616,0.59136915,0.4836941,0.48746163,0.3649022,0.5991526,0.49185243,0.5180719,0.5575756,0.5149421,0.58909065,0.4734083,0.5172062,0.5362891,0.5808148,0.61677647,0.6436173,0.6513247,0.5539919,0.5737974,0.5944486,0.5922287,0.5865805,0.6494888,0.47590852,0.4734207,0.42248166,0.45911658,0.36233485,0.4614349,0.55664533,0.6262142,0.6270978,0.5630765,0.46411452,0.6201191,0.7307141,0.7100181,0.67421925,0.67235625,0.5615806,0.60586625,0.5051363,0.5948809,0.5811435,0.46838203,0.5222024,0.41133258,0.53709257,0.6108108,0.51907706,0.5021011,0.6457849,0.49025315,0.60824454,0.47380143,0.59519076,0.60754734,0.5797651,0.62102234,0.69911104,0.6508628,0.5116725,0.62369967,0.6502119,0.682636,0.703284,0.58290154,0.66966844,0.59656644,0.60546756,0.6593808,0.58208746,0.44819894,0.4234482,0.49926147,0.56862843,0.5826042,0.63564026,0.5706561,0.6513385,0.69363075,0.62327605,0.5847948,0.59903127,0.6527679,0.63611,0.4772917,0.5231403,0.45734444,0.5489193,0.5250498,0.5479916,0.61841476,0.5658843,0.5304008,0.69330776,0.5885597,0.58828694,0.6472889,0.53788525,0.5843649,0.56668764,0.6079021,0.43256962,0.5433291,0.50667924,0.43565145,0.44751906,0.6486857,0.6348131,0.62808347,0.5714549,0.5504773,0.48293722,0.5900443,0.62859476,0.65087765,0.50593,0.60779643,0.61207414,0.51171345,0.50658256,0.53661114,0.6534451,0.6208767,0.7363915,0.5346664,0.54532486,0.5210789,0.71352875,0.75020194,0.6465313,0.51318645,0.48047054,0.64111453,0.61627835,0.6294457,0.57389796,0.58181214,0.5160804,0.53535706,0.59277064,0.5796051,0.5238257,0.5248302,0.54639566,0.5397226,0.5478155,0.5671238,0.5145043,0.5315918,0.6065726,0.59583014,0.54988295,0.53986645,0.5499255
291,0.65986264,0.6216374,0.62487954,0.6488941,0.6778351,0.67689615,0.65582687,0.5897612,0.61998653,0.74165213,0.72549057,0.68464833,0.66698194,0.55296665,0.50524837,0.6816936,0.6001623,0.60492283,0.66961443,0.6601363,0.6212071,0.6498707,0.63011855,0.7094589,0.7093219,0.51964164,0.54284704,0.67246383,0.5456592,0.36188036,0.5712565,0.39899158,0.45735246,0.421697,0.36200267,0.54053885,0.6106233,0.6503743,0.5309711,0.5822856,0.5901529,0.47339743,0.673958,0.60249305,0.5646796,0.5464754,0.45433417,0.6839567,0.58711296,0.5620796,0.5759347,0.53241336,0.60692626,0.542693,0.5503631,0.5701248,0.59277946,0.6079372,0.6811323,0.6804235,0.5029191,0.45614773,0.54647726,0.5660214,0.5533083,0.62725574,0.36171857,0.45416763,0.36739114,0.3127914,0.36329594,0.48215666,0.5442099,0.6322213,0.5490673,0.39787215,0.3929044,0.64775825,0.55618143,0.7409717,0.6461357,0.7045267,0.5980729,0.64240134,0.6084912,0.58491457,0.3622979,0.44335106,0.44215783,0.3174115,0.5210989,0.6132253,0.5205739,0.466241,0.6799841,0.5612794,0.57502323,0.48580226,0.62921655,0.6445083,0.5846936,0.64830744,0.6825539,0.6630849,0.5718227,0.65662444,0.6827073,0.7044401,0.7240235,0.5881466,0.6871529,0.6042249,0.6250873,0.6742221,0.5778398,0.49798977,0.46792477,0.5395553,0.5682056,0.5642134,0.6395396,0.5894236,0.6504772,0.6619772,0.6606204,0.60674244,0.6425615,0.62042904,0.58447623,0.39208227,0.49436322,0.32195053,0.5007213,0.52487713,0.5525051,0.6411567,0.6128446,0.5958574,0.67986643,0.6330586,0.59387743,0.6551516,0.62021935,0.6072358,0.5763273,0.6658015,0.5087958,0.6376567,0.44415405,0.35535705,0.41292456,0.65322834,0.64412653,0.68130374,0.58830065,0.56438404,0.5390444,0.6500637,0.68654966,0.64681566,0.33980516,0.57423073,0.635415,0.54584736,0.53311455,0.5393303,0.7038979,0.6204799,0.74633086,0.5252939,0.5304302,0.59072626,0.69812423,0.7216873,0.6416742,0.47304717,0.39265662,0.6926729,0.639771,0.6595872,0.66999555,0.61060166,0.62386477,0.6579842,0.67091244,0.6576403,0.6878504,0.5695841,0.59599024,0.71671814,0.69768065,0.68995464,0.67244595,0.5566516,0.5440221,0.6636427,0.5401908,0.5896313,0.65605503,0.6033825,0.5792281,0.6420472,0.62780523,0.720458,0.7132707,0.5968708,0.6197128,0.6941326,0.52629906,0.3297996,0.6023709,0.41658562,0.3917926,0.52570075,0.42957243,0.49724424,0.58819187,0.6109817,0.49837002,0.55474246,0.5824754,0.47977594,0.6406254,0.6329316,0.5361505,0.5312915,0.37625587,0.6276427,0.5239019,0.54302883,0.55684763,0.520225,0.59156775,0.47053465,0.5331546,0.5453401,0.6083069,0.627756,0.6761653,0.69428366,0.55410194,0.57038563,0.5874657,0.59905696,0.57172835,0.65068924,0.45998552,0.44554266,0.40589187,0.43518803,0.34447786,0.43929452,0.5567211,0.62235045,0.6404786,0.54585606,0.43528813,0.6425018,0.7523746,0.739915,0.68423796,0.69829893,0.55166227,0.6438313,0.4951426,0.6329245,0.5880777,0.44270846,0.5367838,0.39496687,0.54716134,0.6148716,0.51435447,0.48902193,0.66993034,0.5174152,0.6068334,0.45035633,0.6092138,0.610058,0.5724067,0.6238132,0.7090153,0.64580697,0.5174228,0.6401515,0.64262617,0.71737504,0.7252437,0.5915979,0.68029815,0.6031288,0.6362631,0.6854288,0.59690857,0.45198643,0.43296078,0.4877944,0.5688927,0.58406824,0.6470337,0.57340366,0.6626569,0.6839956,0.6160925,0.58846,0.61221975,0.65518904,0.6498397,0.4648922,0.51703864,0.44114915,0.54342955,0.5247996,0.55191964,0.65060467,0.5924382,0.54982823,0.71302515,0.6225778,0.62041074,0.66912997,0.57409316,0.584359,0.56057376,0.63850105,0.43870094,0.5819592,0.4991175,0.4110157,0.41599202,0.6709301,0.65254956,0.6409714,0.57306445,0.57603997,0.509592,0.61451256,0.65517575,0.6683146,0.4877075,0.6204883,0.62850505,0.50011116,0.49196902,0.5379912,0.67388815,0.62194437,0.74962324,0.5343093,0.52686864,0.52284616,0.7104058,0.7455912,0.6327891,0.49218002,0.4622805,0.64696354,0.6312257,0.6450385,0.5819428,0.59271634,0.5152064,0.5344209,0.60335815,0.59045154,0.5366441,0.5389124,0.5508863,0.544277,0.54538125,0.5675993,0.51798266,0.5310906,0.61980885,0.608181,0.55937576,0.5483531,0.55958164
292,0.6755932,0.6388817,0.6292833,0.6638809,0.69033337,0.6846267,0.6594234,0.5897061,0.6178176,0.7521438,0.74150366,0.6822528,0.682934,0.5709939,0.52163154,0.6936654,0.61971897,0.6111914,0.6851319,0.67389894,0.6343104,0.6575384,0.64813256,0.6946212,0.7062673,0.50762707,0.5643741,0.67273444,0.5715214,0.3579578,0.55963945,0.40994462,0.44998023,0.42543724,0.36485726,0.5570287,0.6400332,0.6784131,0.5537547,0.59046376,0.5985986,0.50651884,0.6864229,0.6284765,0.6126354,0.595467,0.4783941,0.7063238,0.61901057,0.60756093,0.5761394,0.53987557,0.6033554,0.54694414,0.56200725,0.5740977,0.60115474,0.61377656,0.6983196,0.698389,0.49633163,0.44842485,0.5370398,0.5698596,0.5492327,0.6199805,0.35474733,0.44748458,0.36293203,0.2988182,0.35540998,0.47627106,0.5412541,0.62175405,0.5342673,0.38122115,0.3809825,0.6634388,0.54424936,0.74787635,0.6430925,0.7114421,0.60798436,0.67522866,0.6174436,0.60144615,0.35557967,0.4296493,0.44128308,0.30872968,0.5300608,0.6171082,0.51899576,0.45381942,0.7033079,0.5867923,0.579249,0.48606905,0.6299217,0.635623,0.57953006,0.63906044,0.6768308,0.6470899,0.5753986,0.665586,0.66733986,0.7180155,0.73164374,0.5943459,0.6814767,0.59893817,0.6406579,0.6875082,0.5916338,0.52524287,0.4975179,0.5414708,0.56409824,0.5614981,0.6395434,0.5914357,0.64405215,0.6425992,0.65095985,0.59996104,0.65150404,0.615901,0.57806665,0.3872184,0.48987216,0.31138125,0.50670624,0.52923375,0.55395204,0.653585,0.6387316,0.6198055,0.6848893,0.66371137,0.6189463,0.6696923,0.65396565,0.623446,0.5879092,0.69180065,0.5212609,0.6747706,0.4476838,0.35257086,0.40750954,0.6647743,0.6480104,0.6820519,0.58707035,0.5800335,0.56507784,0.66894555,0.7056692,0.6534136,0.33809802,0.5946454,0.6378022,0.54666054,0.53760684,0.5443443,0.71353906,0.6115082,0.74385995,0.5215667,0.5276762,0.59161985,0.67888767,0.7073738,0.62121576,0.46130297,0.38749522,0.69008297,0.64389527,0.6650101,0.6867624,0.63581,0.6266488,0.671438,0.6873002,0.6702421,0.69416153,0.56927556,0.5914436,0.73707694,0.7146693,0.695341,0.6888066,0.57894194,0.5613223,0.67431223,0.55602354,0.5978516,0.6753797,0.6212183,0.59136,0.6603067,0.6526311,0.7081198,0.7359382,0.5964103,0.64455396,0.70942396,0.5457077,0.3164197,0.5964864,0.41510642,0.37488806,0.53537834,0.42679024,0.5059199,0.6175281,0.64098513,0.51620734,0.558329,0.5962547,0.5119605,0.6529213,0.6595834,0.5881187,0.57970303,0.3980683,0.6497083,0.556471,0.5742954,0.55499774,0.52624625,0.5874128,0.47026595,0.54606175,0.5436865,0.627769,0.63500595,0.69152915,0.7161405,0.55563337,0.565112,0.5773668,0.60345054,0.5635809,0.6476468,0.4541721,0.42956963,0.39428198,0.4225116,0.33557782,0.4345591,0.55351204,0.61233354,0.63463765,0.52865773,0.4197962,0.6546983,0.7508577,0.75683665,0.6863981,0.7195922,0.5490889,0.6726343,0.49544922,0.6566181,0.5947253,0.42588952,0.5499499,0.38843346,0.55581886,0.6185325,0.5114394,0.47627857,0.6952744,0.5447163,0.6094867,0.43805465,0.61118525,0.5997447,0.5604515,0.6179449,0.70867366,0.63375545,0.5199511,0.6474214,0.6299763,0.72958523,0.72959137,0.5958837,0.67485034,0.6041867,0.6483586,0.69453204,0.6026847,0.45700938,0.44999275,0.48321596,0.56760883,0.5809877,0.6460518,0.5737563,0.6605352,0.6678699,0.6013476,0.5876088,0.62005264,0.6437963,0.64534974,0.4555082,0.50981057,0.43128958,0.5477516,0.52559054,0.55498964,0.6778604,0.6187585,0.5689527,0.71599346,0.6491998,0.65144694,0.6847375,0.61574435,0.5917536,0.5699245,0.66850567,0.44085863,0.61530346,0.4995949,0.4021443,0.40675226,0.68593097,0.6579532,0.6430169,0.57354593,0.5973145,0.5374144,0.6333562,0.67590827,0.6738142,0.48850143,0.64027214,0.6361641,0.49245092,0.48647597,0.5383444,0.68233603,0.6134442,0.7469608,0.53972507,0.5159748,0.5235954,0.6973094,0.7302472,0.61492294,0.47235727,0.45304155,0.64548725,0.6339842,0.65277463,0.58533394,0.5982168,0.51803637,0.5330042,0.60502267,0.59416354,0.54965585,0.5521135,0.5545553,0.547575,0.5428412,0.56573284,0.52221656,0.52924037,0.6228831,0.6119035,0.5684661,0.5566732,0.5674504
293,0.6784476,0.6467191,0.62624145,0.6672556,0.6899902,0.68119985,0.65193707,0.584019,0.6088374,0.74694264,0.74417233,0.6647386,0.6868189,0.5960071,0.5524563,0.6964689,0.63555676,0.60960805,0.6919135,0.67768484,0.63651806,0.65492725,0.65547335,0.6732213,0.6864815,0.48827615,0.58253056,0.667358,0.60238004,0.37486652,0.5532272,0.43339553,0.45454144,0.45118406,0.38393226,0.57250607,0.65564543,0.6930227,0.5719741,0.5914653,0.5993069,0.5355116,0.68142104,0.6384761,0.6455361,0.6410964,0.49978456,0.7185463,0.6416263,0.6511462,0.5733392,0.54367673,0.5950701,0.54727465,0.56751597,0.56958276,0.5976579,0.61638,0.69868684,0.69528186,0.49105355,0.44366387,0.53450847,0.5673451,0.5431066,0.6064432,0.36310276,0.45180163,0.3618309,0.29871768,0.35890663,0.4816617,0.53711224,0.616853,0.51507336,0.37138644,0.38764313,0.672556,0.52450997,0.7458282,0.63260716,0.71340394,0.6252377,0.69262105,0.62555605,0.602855,0.35487917,0.4209172,0.4535576,0.31376168,0.5383688,0.62224925,0.51971024,0.44457605,0.7233049,0.6061161,0.59172595,0.49170947,0.6197551,0.618701,0.56927466,0.6231318,0.66499376,0.62716144,0.5718377,0.6667061,0.648406,0.71064794,0.7215659,0.5965639,0.6611471,0.5855118,0.6374581,0.68735564,0.6009218,0.54965866,0.53132087,0.54319113,0.5619155,0.55854315,0.6295706,0.59340996,0.62699306,0.62312245,0.6372202,0.5866529,0.6545477,0.6043552,0.56381637,0.39431173,0.48511845,0.310745,0.5219133,0.5341053,0.55511934,0.6599948,0.6605883,0.6408592,0.67984813,0.68159014,0.6354248,0.6751577,0.67934185,0.6497603,0.6149175,0.714171,0.5260074,0.6967007,0.46638379,0.3612984,0.42573524,0.66644377,0.6420219,0.6706221,0.587698,0.5890917,0.58820564,0.67866635,0.7127076,0.6500326,0.35414726,0.6192455,0.62978,0.5484395,0.5465973,0.54995817,0.7113117,0.5992298,0.72480124,0.5286753,0.5379481,0.58489144,0.65610766,0.6885514,0.60079014,0.45093885,0.39447704,0.68190503,0.6333746,0.6536212,0.68976265,0.6500345,0.6214196,0.6727521,0.68957424,0.6701172,0.6877421,0.5656007,0.582607,0.74044746,0.7205022,0.6829969,0.69441164,0.60841084,0.5917794,0.6749478,0.5748678,0.5956156,0.6844433,0.6315031,0.59390837,0.6665176,0.6636945,0.688496,0.7391886,0.5805353,0.6613589,0.7100027,0.5749851,0.32329756,0.5934207,0.4315179,0.37190253,0.56290793,0.4445256,0.51505107,0.6354108,0.66068417,0.53240037,0.55710924,0.60012,0.541178,0.64752764,0.6681861,0.6277798,0.62422025,0.42455307,0.6622278,0.581992,0.607886,0.5528416,0.5314301,0.5796468,0.47219616,0.5533823,0.53477705,0.6345936,0.6376109,0.6893176,0.71644884,0.55431575,0.5584216,0.5683463,0.60184073,0.56126755,0.6400599,0.45898098,0.42699796,0.38493252,0.4216892,0.3322479,0.446416,0.54740757,0.60124296,0.61158514,0.51673114,0.42148057,0.65895677,0.72925574,0.7607333,0.68189955,0.7333073,0.5584509,0.68762946,0.50788003,0.6614971,0.5989251,0.4185919,0.5578914,0.39152274,0.561791,0.62169725,0.5111466,0.46529263,0.71972173,0.56734693,0.62014836,0.4398282,0.6034726,0.5822824,0.5474696,0.6071371,0.69977725,0.6190448,0.5194512,0.6465741,0.6175762,0.72108597,0.71889913,0.59545815,0.65687585,0.5987113,0.64215213,0.6878947,0.60175025,0.4640741,0.4739378,0.48610067,0.5657669,0.5746376,0.6348529,0.5727778,0.6465953,0.65127945,0.5845653,0.5833497,0.6219556,0.62141734,0.6260775,0.44913474,0.5021449,0.42729607,0.56187224,0.5274536,0.55607873,0.69488066,0.6403476,0.58415306,0.7039407,0.66273195,0.6731239,0.69318146,0.65317506,0.6101507,0.5966353,0.6934537,0.4401551,0.63714504,0.5082869,0.40807128,0.42180768,0.6924501,0.6521514,0.6359309,0.5741568,0.6091979,0.5597015,0.64383966,0.68727165,0.6686367,0.5079127,0.66341496,0.6344536,0.48899987,0.48869318,0.536534,0.6784843,0.60055536,0.73248845,0.55041337,0.51745635,0.5229586,0.6792869,0.7094411,0.5990238,0.45512322,0.45519552,0.6386218,0.6244414,0.64905393,0.5827634,0.5972295,0.5230237,0.53100383,0.5991476,0.59129876,0.5596572,0.5615505,0.55646026,0.5487731,0.54116404,0.56280744,0.52631384,0.5268655,0.6164507,0.60757893,0.5753648,0.56274486,0.57190126
294,0.66854095,0.6434026,0.6171949,0.6595196,0.678212,0.6686297,0.6362671,0.5749733,0.59576005,0.72866464,0.73351616,0.6388528,0.6787872,0.6220785,0.59142125,0.68988204,0.6453126,0.60147405,0.68948275,0.67153627,0.62780684,0.64390975,0.6504317,0.64929354,0.6562175,0.47043443,0.59236246,0.6577116,0.6325699,0.41055897,0.5536348,0.46204704,0.4679761,0.4940562,0.4152661,0.58318,0.6535727,0.69057494,0.5809728,0.58453184,0.5923906,0.5526225,0.6618843,0.631832,0.6571037,0.6756809,0.5142191,0.7188145,0.65052414,0.68592805,0.5682813,0.5428605,0.58527774,0.5438519,0.5660352,0.5604454,0.5832876,0.6163895,0.6815039,0.67218804,0.48779404,0.44222414,0.5430526,0.5558014,0.5340235,0.5893363,0.3874676,0.46620166,0.3633326,0.31541538,0.37439588,0.49694145,0.5342701,0.62450004,0.50014687,0.373188,0.41460326,0.676875,0.50665903,0.7384293,0.6211741,0.71344185,0.64855945,0.69220245,0.634349,0.58932483,0.36173227,0.4198014,0.4780615,0.3333155,0.5441584,0.6278387,0.5236306,0.44173604,0.73998374,0.6163615,0.6133684,0.50174785,0.6027423,0.59939647,0.5562586,0.6049756,0.64917827,0.6078678,0.5623019,0.6613121,0.6303807,0.68416554,0.6961401,0.594474,0.63142926,0.5657947,0.6178714,0.67459035,0.60604674,0.5677855,0.5653793,0.545047,0.5622852,0.5567249,0.6126093,0.5960902,0.6043191,0.60774094,0.62348205,0.5695613,0.651156,0.58908397,0.5482845,0.41355655,0.48220694,0.32046458,0.544002,0.5386203,0.555739,0.65983886,0.67561656,0.65580565,0.6661182,0.6827789,0.63918865,0.6708614,0.69127184,0.68362343,0.65431017,0.73071873,0.5243647,0.69983536,0.49816865,0.3814054,0.46589276,0.6582138,0.6281092,0.6504855,0.5907006,0.5896869,0.60351694,0.67744946,0.70603603,0.6380017,0.3865391,0.64174515,0.61364025,0.55036026,0.5570546,0.55382,0.6973694,0.588829,0.69340986,0.5486616,0.5624334,0.57319546,0.63444686,0.6686167,0.58572245,0.44384906,0.41318205,0.66893184,0.61068475,0.6262462,0.6790604,0.65075344,0.60993564,0.6627057,0.6779891,0.658227,0.67072505,0.5607162,0.5715794,0.7270195,0.71543485,0.6570197,0.6888276,0.63781035,0.62918735,0.66586715,0.59418106,0.5840651,0.68192106,0.6336431,0.5861345,0.66040456,0.65873915,0.6646017,0.7222684,0.5541713,0.665723,0.6945969,0.6109344,0.3498256,0.5943657,0.46081126,0.38139024,0.60097677,0.47732338,0.5226698,0.63705987,0.665766,0.5424546,0.55104285,0.5935227,0.5601599,0.6279967,0.65804154,0.64784235,0.65898836,0.45040056,0.6638924,0.595115,0.6408082,0.55079633,0.5343833,0.5714353,0.47603008,0.5539122,0.5240933,0.6267637,0.6351282,0.67024875,0.69605654,0.54653156,0.5511663,0.5640587,0.59184307,0.56354487,0.6289276,0.4732958,0.43830055,0.3777306,0.4327243,0.33410552,0.47157833,0.5403126,0.5936746,0.575967,0.51426536,0.4417242,0.65857446,0.6915228,0.75283504,0.67279816,0.73792154,0.58085257,0.6862393,0.531643,0.645938,0.59924793,0.4221042,0.55825615,0.40386683,0.5646769,0.62471837,0.5139579,0.45860964,0.7409324,0.582789,0.6399145,0.45605302,0.5898799,0.56439036,0.5363346,0.59508514,0.6828275,0.6047829,0.5167448,0.6395102,0.608258,0.69400597,0.6960755,0.5905588,0.6305274,0.5865432,0.62023807,0.6678969,0.5971557,0.475432,0.50484484,0.49567908,0.5643425,0.5668485,0.61688936,0.57177687,0.6236838,0.6373711,0.5705125,0.5768041,0.6184539,0.592348,0.59754455,0.44637138,0.49538618,0.4289158,0.58395123,0.5304213,0.55488056,0.6993282,0.65482,0.59409726,0.6792591,0.66079104,0.68015605,0.69375277,0.67922586,0.6399366,0.6376109,0.7104036,0.43991217,0.64435226,0.5236601,0.42681524,0.459576,0.6886742,0.6370838,0.62210083,0.57595515,0.6085498,0.57194287,0.64457136,0.68662757,0.654947,0.5414219,0.68422157,0.6242727,0.48951688,0.4967459,0.53189266,0.6625586,0.5885663,0.7099575,0.5641521,0.5334046,0.5213645,0.659776,0.686271,0.5886851,0.44295162,0.46925485,0.6271842,0.6039848,0.63207006,0.5739505,0.5896782,0.5286171,0.5288382,0.58834875,0.58362556,0.5646235,0.56561893,0.5560756,0.5475559,0.54129314,0.56013507,0.5292563,0.52464527,0.6022478,0.5966183,0.57860357,0.56495833,0.57198656
295,0.6479206,0.63108325,0.6039191,0.6426168,0.6579876,0.65058744,0.6175827,0.5645827,0.5810783,0.7025402,0.7127553,0.6126329,0.66049826,0.64318085,0.62927383,0.6750191,0.6488763,0.5907686,0.67932314,0.6578385,0.6114407,0.6288504,0.6353957,0.62658983,0.62409157,0.46065852,0.5917508,0.6465428,0.65628844,0.45766953,0.5597493,0.48764852,0.4860022,0.543468,0.45166492,0.5857477,0.6340518,0.67153865,0.5779863,0.57066435,0.57929677,0.55451244,0.6337585,0.6120032,0.6472864,0.69596213,0.52133906,0.70895773,0.6462498,0.7093571,0.5621607,0.5385751,0.5760759,0.53836817,0.55785966,0.55251205,0.56244135,0.61578244,0.6500291,0.63456917,0.48748326,0.44439444,0.5629264,0.5369985,0.5235602,0.5726819,0.4236974,0.4870682,0.3680663,0.34782505,0.39968172,0.5176421,0.5351201,0.64530355,0.49597585,0.38824216,0.45742723,0.6786847,0.49904233,0.7305219,0.61452097,0.71411276,0.67441946,0.67536587,0.64422405,0.5647191,0.37647346,0.42762977,0.50999564,0.36526006,0.54664224,0.63274264,0.5301814,0.44701335,0.7536782,0.61766726,0.6412655,0.51344275,0.5839938,0.58369917,0.54321164,0.58858,0.63205683,0.59248155,0.549735,0.6522645,0.61663795,0.6444467,0.6614819,0.58928174,0.6009681,0.5437206,0.5882073,0.65316993,0.60919255,0.57981485,0.59743017,0.5472361,0.5648587,0.5567867,0.59275657,0.59946513,0.58247185,0.59825087,0.6132855,0.552273,0.6429104,0.57478327,0.5374842,0.44219095,0.48273122,0.33962658,0.5685972,0.5423604,0.55576825,0.6543183,0.683253,0.6641727,0.64759225,0.66906136,0.6313108,0.65784645,0.68906444,0.71927094,0.69754636,0.7409169,0.5200688,0.6857914,0.5366761,0.4101293,0.5188927,0.64156973,0.6094148,0.6270882,0.5955275,0.58350176,0.61039597,0.6662688,0.6876489,0.6206996,0.4293466,0.65639156,0.5943424,0.5514796,0.5668356,0.55457467,0.6744487,0.5840451,0.6574236,0.5784432,0.59736884,0.56002414,0.6170452,0.65008277,0.578805,0.44242907,0.44046548,0.6529189,0.5818723,0.58892435,0.6567426,0.63986826,0.5945686,0.6435541,0.6549997,0.63775706,0.6473997,0.5558453,0.5595183,0.7004186,0.7028884,0.6249586,0.67298514,0.66077065,0.6654005,0.64843905,0.61228466,0.5678658,0.66888416,0.62872654,0.57105064,0.6448935,0.6405035,0.6399564,0.688638,0.5255432,0.6570447,0.6665692,0.64810467,0.39149004,0.59895664,0.49465296,0.40011403,0.6386954,0.5155088,0.5254511,0.6218282,0.6561407,0.54229313,0.54055876,0.57844824,0.5652969,0.60093236,0.6329735,0.6474085,0.6820475,0.4719375,0.6566425,0.5952286,0.6711146,0.5488056,0.5347379,0.56455576,0.4813989,0.5478051,0.51810527,0.6069842,0.62913615,0.63873774,0.66001636,0.5314909,0.5456977,0.56774163,0.57473105,0.56889176,0.61752945,0.49344063,0.46113306,0.37439132,0.45327902,0.34213844,0.5032825,0.5358634,0.5936024,0.5369808,0.52280205,0.47719896,0.65822387,0.647657,0.7381249,0.66316366,0.73484457,0.6131342,0.67011356,0.5633145,0.6136131,0.5962183,0.4361357,0.5510796,0.42334393,0.5658053,0.6287141,0.51970756,0.45868477,0.7580215,0.59178126,0.6664691,0.48346016,0.57518,0.5524709,0.52882856,0.5843554,0.65982705,0.592697,0.51331604,0.6299108,0.6029044,0.6549523,0.66745085,0.5824698,0.60349065,0.57001317,0.5890543,0.64048606,0.5930981,0.4936019,0.5418615,0.50896585,0.56396765,0.559573,0.596822,0.5718213,0.5974243,0.6269967,0.56275386,0.5690059,0.61160636,0.5634486,0.5682122,0.44799483,0.49096382,0.43510586,0.6099155,0.534317,0.55232674,0.69316787,0.66312987,0.6002587,0.6481911,0.6468801,0.6732078,0.6872601,0.6918529,0.67765135,0.6847874,0.71955806,0.44430804,0.6387209,0.54293215,0.45399666,0.5118754,0.67437667,0.61644304,0.60531145,0.578905,0.59614885,0.57438207,0.6368987,0.67445105,0.63704693,0.58024764,0.69772345,0.6093478,0.49253392,0.5080842,0.52496755,0.6379524,0.5816424,0.68595636,0.5780881,0.5617764,0.51985115,0.64134336,0.6629304,0.58510774,0.43816698,0.49241298,0.6128526,0.577816,0.60490155,0.56077874,0.57780194,0.53317225,0.52687,0.5766765,0.5743626,0.5645173,0.5643962,0.5537811,0.5444927,0.5433489,0.5583992,0.5302793,0.52314484,0.5844588,0.5823894,0.57756937,0.56294084,0.56802624
296,0.62090546,0.61577165,0.58969223,0.62043583,0.63433766,0.63236415,0.60273933,0.5549809,0.5676124,0.6780117,0.689414,0.59471977,0.637065,0.6553718,0.6575813,0.6564691,0.648694,0.5824707,0.6661372,0.64243925,0.5941658,0.61594874,0.61630505,0.6096921,0.6003148,0.46228114,0.58189785,0.6377977,0.66944385,0.50324935,0.56751496,0.50327384,0.50277674,0.5860013,0.48396417,0.5788411,0.6024568,0.64053273,0.5630511,0.5535803,0.56365055,0.54257196,0.60732204,0.58627164,0.6208702,0.7019572,0.5237757,0.69478136,0.6342481,0.7216038,0.5568337,0.53375125,0.5692155,0.53376275,0.54510695,0.55236375,0.5414083,0.61608857,0.6128856,0.59424776,0.4899463,0.4497072,0.59075344,0.5151813,0.513709,0.5600321,0.46256474,0.508021,0.3760753,0.38922492,0.4283095,0.5364468,0.5407806,0.6745956,0.5057622,0.4145753,0.5053521,0.6799502,0.50559855,0.7265541,0.61692417,0.7164992,0.69755495,0.6472934,0.6547443,0.5366011,0.3968963,0.44242108,0.54145086,0.4025936,0.546297,0.635723,0.5375445,0.46018484,0.76463795,0.61252594,0.66975313,0.52274376,0.5697583,0.5771112,0.5336936,0.5776007,0.61782545,0.5840263,0.53849137,0.64370394,0.61020553,0.6037224,0.62904084,0.58347946,0.5810562,0.52560365,0.55899966,0.63070387,0.61308897,0.5874991,0.62575084,0.5497025,0.568568,0.5587961,0.57504684,0.6024553,0.5682657,0.59566236,0.609609,0.5386966,0.6330953,0.5664647,0.5361407,0.47441447,0.4870988,0.36438757,0.5896027,0.5450351,0.5551368,0.6453097,0.6836805,0.6670765,0.631118,0.64700145,0.6165795,0.63989484,0.6756562,0.74998033,0.73449993,0.7454851,0.51775753,0.6602568,0.5730223,0.44144207,0.5695632,0.6212569,0.59114414,0.60818404,0.60021377,0.575065,0.6116728,0.6505673,0.6643722,0.60431457,0.47266516,0.6597741,0.5786954,0.5506742,0.5742665,0.5519459,0.6486403,0.58705413,0.62842065,0.6106677,0.6345371,0.5497548,0.60683703,0.6363405,0.58089286,0.44749933,0.47029433,0.6375928,0.5562726,0.55260104,0.6275689,0.6236942,0.57899505,0.61965567,0.62611586,0.61469674,0.6249394,0.55178136,0.5477571,0.66946656,0.68933964,0.596639,0.6512205,0.6740994,0.69391644,0.6273305,0.6289972,0.5539467,0.65077096,0.62080044,0.5554821,0.62648857,0.61665547,0.62019366,0.64829975,0.5035138,0.6385962,0.6342059,0.68058705,0.43769753,0.60515547,0.5236832,0.42124665,0.66595906,0.54801166,0.5206991,0.5942534,0.63614535,0.5300728,0.5275933,0.5599138,0.5574683,0.5763207,0.6018479,0.63048774,0.69464755,0.48736486,0.6460976,0.5871364,0.69733036,0.5471938,0.5336346,0.56028575,0.48776633,0.5371829,0.52248114,0.581878,0.6225857,0.6040222,0.62001336,0.5113874,0.54490834,0.5811959,0.5549283,0.5745416,0.6093052,0.5139893,0.48893392,0.37570623,0.4776856,0.3551689,0.5325966,0.5367327,0.60321724,0.50579005,0.5403656,0.5196103,0.66238695,0.6124759,0.7243296,0.6574345,0.7270472,0.64905685,0.6452413,0.59768796,0.5741918,0.59155536,0.4561845,0.5386554,0.44540802,0.5676903,0.6338901,0.52749944,0.46594483,0.77124846,0.5970488,0.69492644,0.5153448,0.56459004,0.5514817,0.52642787,0.5770599,0.6364664,0.5846566,0.51144266,0.62275434,0.6018741,0.6170544,0.6433078,0.5733301,0.5864781,0.5538901,0.55913323,0.61571753,0.59437543,0.5189618,0.58172965,0.5217542,0.5650321,0.5547771,0.5803128,0.5733134,0.57493895,0.62108606,0.5630942,0.56176186,0.60507494,0.5420738,0.54716516,0.45389402,0.4895514,0.44362074,0.6338631,0.5385449,0.54987514,0.6807651,0.66729265,0.60588545,0.6203375,0.62829584,0.6575065,0.6769342,0.6928633,0.7167813,0.7282175,0.72366786,0.4563425,0.62578267,0.5629034,0.48246476,0.56481224,0.6533642,0.59642524,0.59159917,0.5822839,0.57715183,0.5715194,0.6261647,0.65586376,0.621755,0.6142428,0.70148396,0.596246,0.4955469,0.5187251,0.5168602,0.6118433,0.5827123,0.66955185,0.5899796,0.5966697,0.51915324,0.6276253,0.64326334,0.58806646,0.4406412,0.51899284,0.5990659,0.55452424,0.57525295,0.54652673,0.5654938,0.53507704,0.52474004,0.5683281,0.56711805,0.5606394,0.559105,0.5506592,0.5407387,0.546608,0.5578974,0.52917856,0.52294207,0.56921315,0.5698322,0.57296306,0.5577433,0.56165045
297,0.59408665,0.60448396,0.5791128,0.5986481,0.6134364,0.6193755,0.5975477,0.54867184,0.55847526,0.66453874,0.6722061,0.59126335,0.6162563,0.65823495,0.6725421,0.6410223,0.64840287,0.5804583,0.6563853,0.63256246,0.5836184,0.61073154,0.6002484,0.602476,0.5921329,0.47617725,0.5673156,0.63438016,0.67140573,0.53713226,0.5741681,0.5075336,0.5149296,0.6139385,0.50722855,0.56488,0.5683286,0.6056356,0.5401858,0.5388791,0.55060136,0.52225626,0.592963,0.56358993,0.5862624,0.69579583,0.5251048,0.6829374,0.6217356,0.72397685,0.5540772,0.5314394,0.5665005,0.5332118,0.53207105,0.5639906,0.5263551,0.6179228,0.58134925,0.56496537,0.4952003,0.45904025,0.621426,0.49623373,0.50724155,0.55467147,0.4962116,0.5248471,0.388388,0.431435,0.45422208,0.5489466,0.55122566,0.7059992,0.52922446,0.4487178,0.54745066,0.681952,0.5255085,0.7281515,0.6300811,0.72009444,0.7134864,0.61605376,0.6647612,0.51422334,0.4205379,0.46094495,0.56593555,0.4366545,0.54445815,0.63612014,0.5438903,0.48023903,0.7722946,0.6048513,0.6935906,0.5280602,0.5649547,0.58196455,0.53096163,0.57454824,0.61002123,0.58425224,0.53218484,0.6390877,0.61242086,0.5754156,0.610432,0.5794891,0.579335,0.5178836,0.5406389,0.61495125,0.61953956,0.5928047,0.64878756,0.5527506,0.572504,0.5631551,0.5645675,0.6042767,0.5663081,0.599744,0.6132929,0.53240734,0.62556136,0.5673866,0.54636353,0.50477964,0.49513903,0.39105177,0.60251534,0.54630595,0.5539546,0.6348388,0.67788756,0.6665704,0.6228792,0.6246244,0.60138077,0.6227729,0.65636796,0.77090216,0.7587341,0.74552643,0.52101284,0.6310372,0.60072285,0.470527,0.60669464,0.6038095,0.57920474,0.60068184,0.60352623,0.5696877,0.6115925,0.6382336,0.64501196,0.5953849,0.50912464,0.6525011,0.5726743,0.547903,0.5788343,0.54621595,0.6269944,0.59771395,0.6159004,0.6384833,0.6654208,0.5457746,0.6055247,0.6302762,0.5907011,0.45939714,0.49675745,0.62652296,0.5426702,0.5281625,0.59893703,0.6100772,0.56761575,0.5971367,0.5990338,0.5963843,0.6111617,0.5498386,0.5386647,0.64479345,0.681116,0.5801262,0.6306932,0.6780033,0.71159905,0.6097742,0.6447985,0.5484672,0.6358679,0.6157918,0.54735965,0.613066,0.59657264,0.61061335,0.6139743,0.4943348,0.6165315,0.60700995,0.7041532,0.47794044,0.6116139,0.5427604,0.4394152,0.67875695,0.5690259,0.5095185,0.56314147,0.6128079,0.5088091,0.51586276,0.54438853,0.54166853,0.5632566,0.5753917,0.6045122,0.6990907,0.49727044,0.6386868,0.5781455,0.7176157,0.54690456,0.53324544,0.5599987,0.4952017,0.52631783,0.53944874,0.5593571,0.6180686,0.5765244,0.58986425,0.49158776,0.5504003,0.60271215,0.53835875,0.57899266,0.60669756,0.53112966,0.5149658,0.382464,0.50056326,0.37098795,0.55354786,0.5432642,0.6214083,0.49086902,0.5631233,0.55918664,0.6726371,0.5960976,0.71702397,0.65789384,0.7172239,0.68146366,0.6197563,0.62859213,0.5399161,0.58744246,0.4769024,0.5250924,0.46541622,0.57168967,0.6386657,0.5360212,0.47930208,0.78023994,0.60142714,0.719477,0.54480594,0.5619451,0.56260943,0.5300849,0.5752512,0.6194791,0.5824915,0.51299953,0.6216646,0.60505164,0.593639,0.63247555,0.5655291,0.5866758,0.5436318,0.5407072,0.6026576,0.6039085,0.5487894,0.6193663,0.5312028,0.5681164,0.5544648,0.57240546,0.57626706,0.5621017,0.62047714,0.57123566,0.55785966,0.602987,0.5332138,0.54019654,0.46385288,0.49145752,0.45285642,0.650829,0.54234314,0.5487334,0.6668376,0.66851157,0.61409324,0.6036763,0.6119108,0.6404222,0.66722506,0.6857451,0.74970603,0.7601788,0.7255274,0.47638282,0.6119415,0.5807075,0.50680274,0.6064402,0.6327546,0.5836156,0.5872653,0.58622295,0.55975753,0.56954944,0.6194407,0.6388183,0.61530966,0.6374514,0.6962584,0.59149814,0.49707696,0.52594316,0.508251,0.5919978,0.5925185,0.66688603,0.59906834,0.63032997,0.5191588,0.62206846,0.6317121,0.5961548,0.44871727,0.5430616,0.58910733,0.5420233,0.55172485,0.5343008,0.5562006,0.5335584,0.52204645,0.56609136,0.56448543,0.55508244,0.5519616,0.54794496,0.5376263,0.55069536,0.55928355,0.5265583,0.52449757,0.56181973,0.5634486,0.5670583,0.5515811,0.555172
298,0.5755897,0.60329086,0.57674843,0.58427507,0.60185385,0.6162649,0.60487896,0.54802865,0.5563479,0.6676526,0.66844404,0.60375905,0.6065602,0.65522987,0.6757416,0.6356301,0.6523824,0.5869835,0.65636444,0.6345625,0.5857962,0.6167211,0.5941774,0.60672987,0.6016812,0.49986002,0.5551264,0.63806397,0.66552985,0.55655116,0.57963663,0.5049699,0.5227755,0.62760776,0.522609,0.5502205,0.543505,0.5782462,0.517621,0.53204614,0.5452478,0.50245607,0.5964794,0.5524512,0.55565023,0.6824941,0.5291317,0.6795442,0.6155681,0.72037274,0.5550752,0.53389084,0.5693629,0.53924125,0.5242852,0.5868638,0.5225642,0.6218816,0.5659461,0.55663323,0.5038577,0.47377184,0.6492626,0.48655605,0.5077822,0.5600595,0.5213857,0.53736615,0.40632847,0.4677334,0.47482613,0.55608577,0.56573486,0.7340165,0.562134,0.48546588,0.57701904,0.68684983,0.554322,0.7348884,0.6525561,0.7250901,0.72100997,0.59263533,0.6735526,0.5060363,0.44518062,0.48035184,0.58106416,0.46067753,0.5435043,0.6351206,0.54827905,0.5048301,0.7771482,0.6000091,0.70994616,0.5313685,0.5718666,0.596911,0.53655,0.5803641,0.610819,0.5929427,0.5331888,0.6411851,0.62287176,0.5682784,0.61248404,0.57956415,0.59570515,0.5246346,0.5396336,0.6119757,0.6302081,0.59933174,0.66669023,0.55734897,0.57611394,0.57060647,0.5647793,0.6059341,0.5780588,0.6093585,0.623545,0.53501874,0.6235524,0.57852507,0.56699634,0.52976656,0.50634205,0.4173363,0.60664755,0.54654753,0.5528802,0.62642884,0.66996217,0.6664706,0.6264153,0.6100294,0.592689,0.61301816,0.6386249,0.7810637,0.76903266,0.74351376,0.53225183,0.6083956,0.61763716,0.49548566,0.6271128,0.595663,0.5783394,0.607823,0.6054314,0.57240057,0.6155827,0.6369896,0.6376628,0.5978122,0.5365372,0.63983715,0.57938135,0.54491895,0.5820624,0.5383291,0.61643517,0.6136997,0.6232999,0.6589926,0.68468964,0.5494481,0.6132473,0.6334233,0.60574013,0.47788152,0.515944,0.62261766,0.5456163,0.5225719,0.5799129,0.6066671,0.5645124,0.58326596,0.58251035,0.5900259,0.61204225,0.55168587,0.53477997,0.63553834,0.68319744,0.58014894,0.61983496,0.67588395,0.71895254,0.60344994,0.661068,0.55517894,0.6329042,0.6197213,0.55335593,0.6123084,0.58899254,0.6140116,0.59683096,0.50023586,0.5992866,0.59350896,0.7173415,0.50671303,0.6182229,0.55252326,0.45335975,0.679794,0.579554,0.49660146,0.5395294,0.59504116,0.4864616,0.50947464,0.53773844,0.52626234,0.5663022,0.5632142,0.5804653,0.6987741,0.50457615,0.6400836,0.5756628,0.731554,0.5489477,0.53593564,0.5644783,0.5040241,0.5204075,0.5669135,0.5473212,0.6174527,0.5646816,0.5799264,0.47919568,0.56182915,0.6268234,0.5307687,0.58356977,0.61170775,0.54410785,0.5355857,0.39530632,0.51942146,0.38827318,0.56519026,0.5546183,0.64421546,0.49586108,0.58716583,0.58813465,0.6883656,0.6003911,0.718638,0.6646809,0.70925933,0.7048859,0.60300714,0.6504989,0.52214,0.58688504,0.49525937,0.5164037,0.4802501,0.57801783,0.64198506,0.5439974,0.4968014,0.78518873,0.6078133,0.73585504,0.56718844,0.56920516,0.5829645,0.5391607,0.5805598,0.6144129,0.58732444,0.5186601,0.6283878,0.6126403,0.5921831,0.6387299,0.5616306,0.60370743,0.5437609,0.54029715,0.6062685,0.62215257,0.57904816,0.65064406,0.5361095,0.573865,0.5599826,0.57585424,0.58101714,0.5628343,0.62592185,0.5856899,0.55950934,0.6084769,0.538847,0.5490354,0.47782072,0.49676827,0.4621579,0.65946287,0.5453799,0.54962623,0.6575714,0.66905314,0.6277786,0.6025563,0.6039674,0.6306404,0.66308206,0.6758012,0.7713791,0.7775652,0.7280181,0.5024803,0.6042994,0.5944767,0.52558815,0.6312896,0.62113786,0.58281916,0.5966175,0.59117526,0.55344856,0.57512087,0.62325126,0.63176095,0.62115437,0.6503262,0.6862133,0.59912395,0.49726465,0.53013456,0.49935126,0.58494323,0.6093455,0.67888486,0.60601616,0.65592563,0.5193356,0.6267723,0.6318923,0.6079208,0.46008146,0.56015277,0.5855521,0.5443054,0.54100555,0.52637106,0.5520938,0.5291417,0.5191771,0.5712396,0.56777734,0.55092657,0.5464925,0.54675674,0.53632027,0.55594844,0.56344,0.52359027,0.527574,0.5650476,0.5660069,0.56323755,0.5473011,0.55111223
299,0.5723735,0.61632884,0.5858014,0.58370304,0.6049099,0.62608105,0.6247841,0.55417126,0.5624561,0.6881509,0.6823382,0.628937,0.6144304,0.6523277,0.6729119,0.64543676,0.66517085,0.60231334,0.6704748,0.6526353,0.60362077,0.63499355,0.60349864,0.62274116,0.6266735,0.5274533,0.5529454,0.6500437,0.65851706,0.5639921,0.5845649,0.50281507,0.52811456,0.6315236,0.53427,0.5420373,0.5379942,0.5697745,0.50416017,0.53618413,0.55077493,0.4922141,0.6176379,0.5585933,0.5419251,0.6702957,0.5390428,0.6900175,0.6213773,0.7178522,0.5602702,0.54211444,0.57821596,0.5526633,0.5258864,0.61659336,0.5329866,0.62841105,0.57334554,0.57277375,0.51591223,0.49399498,0.6702629,0.49060312,0.5175804,0.5775676,0.5385262,0.54762554,0.42951798,0.49365038,0.49061972,0.56115806,0.5836202,0.75533813,0.5972005,0.5183494,0.5921246,0.6971975,0.58587873,0.7457997,0.6807482,0.73317015,0.7225513,0.5882871,0.68205297,0.5174756,0.46832597,0.49809647,0.5888833,0.4721219,0.546854,0.63517755,0.550666,0.5300997,0.7821261,0.603567,0.7189723,0.53638405,0.5902309,0.61866504,0.54960525,0.5945248,0.621789,0.60894454,0.5428236,0.6521508,0.64025414,0.5846297,0.6357978,0.5855989,0.6245098,0.546328,0.55735016,0.62558603,0.64640796,0.6114768,0.68172854,0.56459904,0.5791549,0.5810817,0.5764911,0.6093169,0.6014333,0.6238014,0.63916266,0.5454661,0.62873024,0.5987035,0.59415084,0.5479232,0.5195428,0.441165,0.604679,0.5471735,0.55274445,0.6245213,0.6664894,0.67151624,0.64265186,0.6103184,0.596449,0.6161727,0.6307713,0.78326446,0.7680676,0.7441303,0.551903,0.6029702,0.6255461,0.5161504,0.63307273,0.6018714,0.591049,0.62885875,0.60636467,0.58684176,0.6292041,0.65237415,0.6482784,0.61236393,0.5562183,0.63044286,0.5982329,0.5441648,0.5867987,0.5298141,0.62240833,0.63202125,0.64800304,0.67324007,0.69128543,0.560319,0.6296146,0.6467001,0.62372386,0.5008798,0.5264681,0.62832624,0.5648721,0.5380724,0.5781666,0.6194507,0.57251143,0.58435583,0.5839363,0.6009636,0.6302859,0.5581406,0.53730637,0.64740974,0.69861925,0.5976664,0.62578017,0.6734992,0.71964014,0.6137704,0.68038887,0.57473814,0.64832604,0.6371611,0.57697207,0.63006043,0.60000986,0.63108265,0.60422856,0.519411,0.595231,0.5998964,0.72163624,0.52277976,0.6249169,0.5568169,0.46324688,0.6748904,0.5839266,0.48678398,0.5327392,0.5917098,0.4715377,0.5107298,0.5435036,0.51952976,0.5849385,0.5714132,0.5701302,0.69928634,0.5126782,0.6548698,0.58583665,0.7419271,0.55371624,0.5431526,0.5732406,0.5135657,0.5230676,0.5995927,0.55176336,0.62179005,0.57315683,0.59462726,0.47969013,0.5779284,0.6475144,0.53590965,0.59012294,0.6248106,0.5543959,0.55000436,0.41320026,0.5339481,0.40659177,0.5696375,0.57002735,0.66697943,0.51898915,0.60876644,0.60268253,0.708361,0.622089,0.7302248,0.6769359,0.70855933,0.7176379,0.60386735,0.6610512,0.52888113,0.5930682,0.5097355,0.51928174,0.48862237,0.5875239,0.64458853,0.5504311,0.51570064,0.7885533,0.6192142,0.7431356,0.58066416,0.58633965,0.6075066,0.55138034,0.5934757,0.62507206,0.5995253,0.52800584,0.64327204,0.62547684,0.6135087,0.66098136,0.5636135,0.63200194,0.55649215,0.5595635,0.62729573,0.6474393,0.6063158,0.6742287,0.5359625,0.5823924,0.5710163,0.59056604,0.5877886,0.57814366,0.63862413,0.6043249,0.5672582,0.6228385,0.55752337,0.57178855,0.4952654,0.50485003,0.47080967,0.6619002,0.5479253,0.55268824,0.65995246,0.67308277,0.64953923,0.61793226,0.610305,0.6360647,0.66915405,0.6703885,0.78115714,0.7815504,0.73508734,0.53106666,0.6097669,0.60416615,0.53976697,0.6395159,0.6257073,0.59620094,0.6208264,0.59696054,0.5656588,0.59358984,0.6421662,0.641403,0.6400452,0.65737766,0.67784333,0.6198702,0.49661463,0.53309566,0.49019757,0.59485406,0.6300521,0.70247114,0.6127383,0.6700726,0.5194533,0.64298636,0.64608735,0.6228095,0.4717963,0.568029,0.5903975,0.5613712,0.54694706,0.52380645,0.5540198,0.52304256,0.51673514,0.58379674,0.5772166,0.5516044,0.5466616,0.54798955,0.53753495,0.5625376,0.5705405,0.521346,0.5311634,0.57882416,0.57799697,0.5646394,0.5473808,0.5516842
300,0.5873372,0.64465994,0.60699505,0.5997801,0.6242477,0.64898586,0.6548109,0.5662949,0.57630074,0.7217026,0.7125491,0.65968716,0.64138156,0.6554017,0.6714434,0.6716291,0.6890316,0.6243696,0.69934726,0.687318,0.636188,0.66369355,0.63005334,0.6491249,0.66084635,0.5519393,0.5664207,0.66993445,0.6581732,0.5649507,0.5896542,0.5087624,0.5336721,0.6317721,0.5471538,0.5452724,0.55626696,0.5864388,0.5056247,0.5513221,0.5679977,0.49760008,0.6509508,0.5828501,0.55293864,0.6678074,0.5564439,0.7165171,0.6417029,0.7233361,0.5695129,0.5560103,0.59218186,0.57234836,0.5380346,0.6471432,0.55689985,0.63732433,0.6039994,0.6103871,0.5305884,0.5194656,0.6839878,0.50992465,0.5363348,0.604163,0.5507612,0.5589115,0.4569725,0.5080332,0.5045626,0.5669454,0.60470885,0.7684588,0.6265216,0.5424715,0.594661,0.7129772,0.61429244,0.75893396,0.7099939,0.7448149,0.7223253,0.60860175,0.6918902,0.54920465,0.4882307,0.5122864,0.59480596,0.47390214,0.55757034,0.637883,0.55143625,0.5528178,0.790515,0.61852646,0.7232719,0.54645294,0.6172953,0.64339083,0.5676341,0.6150601,0.64285356,0.6305131,0.56098664,0.6721814,0.6618196,0.6202218,0.6746205,0.598278,0.65856534,0.5799455,0.5899331,0.65569884,0.6674528,0.63128257,0.69643784,0.575086,0.58199,0.59366095,0.5983733,0.6152643,0.6308403,0.642201,0.6580193,0.56128347,0.64082676,0.6246889,0.6222663,0.5604086,0.53327113,0.46162677,0.60090566,0.5498943,0.55377364,0.63129216,0.67226917,0.68457824,0.6694613,0.62912095,0.61572284,0.6343443,0.6389712,0.78198427,0.76054335,0.7520479,0.5775556,0.6200085,0.6291777,0.5341058,0.63017815,0.6242577,0.6166917,0.6596216,0.60749555,0.613884,0.6552355,0.68539554,0.67858917,0.63722974,0.57210463,0.6333183,0.6253312,0.5474703,0.595761,0.5224486,0.645792,0.6504006,0.6822318,0.68415916,0.6873442,0.5762134,0.6530972,0.6695942,0.64231324,0.5254635,0.5302268,0.6441226,0.5966836,0.57267785,0.59664845,0.65008223,0.59204656,0.6026671,0.60596126,0.6302318,0.6640108,0.56847525,0.54592395,0.6797303,0.72628874,0.6287555,0.65083814,0.67697984,0.71913797,0.6411894,0.70482457,0.6044086,0.6830492,0.6693027,0.6168671,0.6671449,0.6307505,0.65997106,0.63683814,0.5470512,0.6092389,0.62740695,0.7209786,0.5289594,0.63188356,0.56126827,0.46993592,0.6702159,0.58764994,0.48310712,0.5473674,0.60807866,0.4697564,0.5194308,0.5623435,0.5264709,0.6143549,0.60030425,0.5807046,0.70674974,0.52409714,0.68446743,0.61160547,0.75316143,0.5611055,0.5552584,0.5849407,0.522532,0.5352433,0.63123995,0.5746526,0.6312701,0.60111165,0.63140976,0.49552372,0.59844095,0.662188,0.5550734,0.59944856,0.6437783,0.5651551,0.56040186,0.4349706,0.5456173,0.4270126,0.57086104,0.589774,0.6865183,0.55347055,0.6251666,0.6043282,0.73052764,0.6546122,0.7510079,0.6933518,0.7187813,0.72202784,0.6267145,0.66274506,0.5624263,0.6080146,0.5198617,0.5387359,0.49216476,0.60230565,0.64768386,0.5547994,0.5339944,0.79405063,0.6375484,0.74376786,0.5867754,0.6109059,0.63113165,0.56429255,0.6131999,0.6515835,0.6183201,0.54002094,0.66518056,0.6432835,0.65231544,0.69412076,0.57200146,0.66517,0.5813848,0.59465617,0.6620839,0.6760665,0.6286098,0.6910544,0.5314699,0.5936004,0.5860531,0.61422086,0.59582514,0.6048708,0.6585718,0.6238909,0.5806141,0.64531034,0.5843568,0.60308045,0.515735,0.5146238,0.4786928,0.6621455,0.5507589,0.55771595,0.67748964,0.6841586,0.67995584,0.64638925,0.63370264,0.66033983,0.6875104,0.6765359,0.7816957,0.77624387,0.7501388,0.5580455,0.63154805,0.61235344,0.5520757,0.6358164,0.648881,0.6225234,0.65681565,0.6033632,0.5983471,0.6263059,0.6767037,0.6700203,0.6698405,0.6644696,0.6774319,0.65122545,0.4954334,0.5365085,0.4809011,0.6215005,0.6515017,0.73179346,0.62260956,0.67407626,0.51976484,0.66999876,0.67320806,0.6401781,0.48212662,0.5677604,0.603556,0.5909295,0.5704067,0.5263291,0.5615519,0.5165296,0.5146383,0.60235894,0.5920213,0.55966043,0.5551402,0.5522724,0.54168904,0.5702444,0.58001447,0.52057225,0.5342712,0.6004684,0.5975176,0.57297796,0.5532403,0.5583398
301,0.6180533,0.6848543,0.6376361,0.6301227,0.65638393,0.6811115,0.68926406,0.5819515,0.5960613,0.7591089,0.7511089,0.68658483,0.68254894,0.6679645,0.6774209,0.7100149,0.72110736,0.6485526,0.73815763,0.733171,0.67781836,0.69752634,0.6703418,0.68157583,0.6944371,0.5665522,0.5969824,0.6947127,0.66997,0.56605107,0.5958036,0.5295344,0.54282624,0.6349858,0.5654069,0.56213224,0.596411,0.6265204,0.5247098,0.5754322,0.5958301,0.5214975,0.6873545,0.62008435,0.5882868,0.67946446,0.5807921,0.7546177,0.67352617,0.7391592,0.5824128,0.5748831,0.6092676,0.5958176,0.55935067,0.67236763,0.5897318,0.6476757,0.65128183,0.66028386,0.5463564,0.549424,0.6922076,0.54271793,0.5612793,0.63271093,0.56162465,0.57436126,0.48741302,0.5120848,0.5200269,0.5746402,0.62802416,0.7721533,0.64295816,0.5550153,0.58839595,0.7303238,0.63377583,0.7705361,0.73443294,0.7571205,0.7239165,0.6494788,0.7032592,0.5953556,0.5037282,0.5215048,0.60452616,0.47236955,0.5763549,0.6431448,0.5510259,0.57099587,0.8028558,0.64335823,0.7261841,0.56265754,0.6479905,0.666863,0.587928,0.6387033,0.6709815,0.6546827,0.58583856,0.6985904,0.6831162,0.66466016,0.7181087,0.6163982,0.69062275,0.6193111,0.6289705,0.6969244,0.6900013,0.6567956,0.7113029,0.58816534,0.58546734,0.6071857,0.62711626,0.62291235,0.65839326,0.66225934,0.67644036,0.57931334,0.65758634,0.6512417,0.6447572,0.56977624,0.54589224,0.47930148,0.5993457,0.55576444,0.55530953,0.64471006,0.68707085,0.7044609,0.70122445,0.6642816,0.64902383,0.66454023,0.66388285,0.7810748,0.7517406,0.7681943,0.60459507,0.6559285,0.63401526,0.5514105,0.6255839,0.6596775,0.65058786,0.6929769,0.6104147,0.6502138,0.69099677,0.7301684,0.7235954,0.6676749,0.58896697,0.65386283,0.654254,0.5554317,0.6102403,0.5181842,0.6814115,0.6673019,0.71509916,0.6939333,0.676401,0.5932585,0.6799185,0.6986709,0.6584039,0.54837656,0.53177834,0.6674001,0.63422465,0.61988825,0.63209116,0.69346356,0.6202926,0.6347197,0.6444492,0.67245793,0.70573515,0.580813,0.5596124,0.7238115,0.7597628,0.66443086,0.69040865,0.69066083,0.72301245,0.6801347,0.7330741,0.63796467,0.7302059,0.71145374,0.6656615,0.7164239,0.67572105,0.69515145,0.6862506,0.57616675,0.6405846,0.670238,0.7204181,0.5316776,0.6399695,0.5728345,0.47592103,0.67182344,0.5967819,0.487649,0.5828201,0.64324594,0.4846244,0.53401715,0.5922816,0.54874086,0.6465022,0.64339465,0.6117338,0.7237299,0.54042584,0.72427297,0.6503344,0.7676268,0.571169,0.57224107,0.5981028,0.5303765,0.55587435,0.65599996,0.6130203,0.64534354,0.6416492,0.68054503,0.5262492,0.6239891,0.6719641,0.58696556,0.6117444,0.66442275,0.5800991,0.57134503,0.46042427,0.5572361,0.45160383,0.574272,0.614389,0.7012312,0.58892125,0.6351928,0.59905154,0.75110936,0.688434,0.7767574,0.7115499,0.7389403,0.72268176,0.66804487,0.6621124,0.6167973,0.6313871,0.5262575,0.57537884,0.49529833,0.6240252,0.6517922,0.557145,0.55100924,0.8040263,0.6618635,0.74212587,0.590162,0.63820076,0.64954776,0.5767999,0.6378698,0.6888805,0.6414066,0.5536472,0.6912642,0.6634832,0.697769,0.730119,0.58563477,0.69758123,0.61531264,0.63645655,0.7027908,0.7028159,0.6448731,0.7022965,0.5252318,0.6075059,0.60329574,0.6427092,0.60328877,0.63600796,0.6828574,0.6399524,0.5981854,0.6725507,0.61206484,0.6345896,0.5388426,0.52488744,0.48690727,0.6644606,0.5548959,0.56435674,0.7069879,0.70239204,0.71522397,0.67976314,0.6708777,0.70013833,0.71559185,0.69691086,0.77716357,0.7676469,0.7727977,0.5795925,0.6664811,0.6233823,0.5665178,0.6284544,0.6867136,0.65635943,0.69665885,0.6103474,0.6460166,0.6685855,0.7208573,0.7131492,0.7045352,0.6770055,0.6886387,0.6872093,0.4941404,0.5419012,0.47201315,0.65929055,0.6711698,0.7595483,0.63929474,0.6728841,0.5205678,0.7033676,0.70750016,0.65808856,0.4916126,0.56366485,0.6218904,0.628729,0.60847425,0.53265554,0.573222,0.5109788,0.51220745,0.6236294,0.61013377,0.5756298,0.5718824,0.55973345,0.54897547,0.57879776,0.5910849,0.52184737,0.5364007,0.6251209,0.6205276,0.588012,0.56509227,0.57135797
302,0.6564118,0.72806764,0.67109054,0.66689545,0.69271696,0.71441764,0.71923125,0.59761053,0.6184433,0.7891229,0.78585804,0.70057905,0.72733825,0.68925714,0.6927999,0.75129795,0.7531945,0.66800034,0.7769482,0.7785421,0.7181693,0.72817713,0.714534,0.71275216,0.7168351,0.56605804,0.63969904,0.71897787,0.69407713,0.57283676,0.6035306,0.56758577,0.5576427,0.64611125,0.5902211,0.59186566,0.64951783,0.6793963,0.56078917,0.60466343,0.63051534,0.5628471,0.71648735,0.6600166,0.6384824,0.7024752,0.6085257,0.7933755,0.707713,0.76086307,0.5979055,0.5969242,0.62643737,0.61933076,0.5862203,0.68608755,0.6236119,0.6572932,0.70224875,0.7085754,0.5605782,0.58043057,0.6962857,0.5825722,0.5873528,0.65445346,0.5728126,0.5948598,0.51751435,0.50811297,0.53833336,0.5837213,0.6501113,0.7649295,0.64110476,0.5545704,0.5777895,0.7429511,0.6385315,0.7752147,0.7474185,0.7645466,0.7284339,0.6975547,0.71402174,0.6435619,0.51335514,0.52464885,0.6205914,0.4738631,0.6002864,0.64952576,0.54993826,0.58249617,0.81556284,0.67188126,0.72983867,0.5833291,0.67541045,0.68387634,0.6077144,0.661132,0.7003019,0.67708206,0.6132341,0.72549504,0.69932735,0.70396614,0.7536797,0.6362877,0.7131383,0.65533876,0.6630489,0.7387999,0.7083976,0.6821361,0.7234293,0.6012957,0.59003526,0.620012,0.6567507,0.63007224,0.67623454,0.68049014,0.6901028,0.5954308,0.6745618,0.6718081,0.6552546,0.5778817,0.5553941,0.4948555,0.6022505,0.56451786,0.5561893,0.6589999,0.7055985,0.7255769,0.72971994,0.7065992,0.6888498,0.69871616,0.6987742,0.78202444,0.7459084,0.7878585,0.6267575,0.69898087,0.6436751,0.5684271,0.62567765,0.6996514,0.68419486,0.72001755,0.61563355,0.68772507,0.72802496,0.7744787,0.7711144,0.6959523,0.60937756,0.6900803,0.67695934,0.56696886,0.6293213,0.5186004,0.7191945,0.68072295,0.7359696,0.70237744,0.6624622,0.6065207,0.7045742,0.72771275,0.66874784,0.5655052,0.5362247,0.69288045,0.6680272,0.66814816,0.67489916,0.73799384,0.6509068,0.67163336,0.68863267,0.71619296,0.74380565,0.592732,0.57676536,0.76565856,0.78895986,0.6932253,0.73381,0.71457005,0.7342962,0.7203923,0.7594251,0.66641635,0.7767179,0.75285184,0.71119756,0.76410246,0.7228789,0.7281263,0.7365958,0.59875053,0.6821438,0.7162839,0.7238583,0.5385019,0.6497331,0.59709865,0.48456663,0.6842271,0.6160265,0.5021331,0.632364,0.6889122,0.5176258,0.5522962,0.62808555,0.5845897,0.67162365,0.6884847,0.65495175,0.7463168,0.5616357,0.7637225,0.6929577,0.7828119,0.5839212,0.59333396,0.6110047,0.53757024,0.58194935,0.66835594,0.65849245,0.6619184,0.6832442,0.7272647,0.56725895,0.65314925,0.67863786,0.62657535,0.62656045,0.6815281,0.60125697,0.5873445,0.48854312,0.57144815,0.48128152,0.5849012,0.6419201,0.7096811,0.61422056,0.6387696,0.59469956,0.7646281,0.71293265,0.7995506,0.726937,0.7627341,0.7238078,0.71611255,0.6662603,0.6769592,0.6593632,0.5301401,0.622775,0.5029042,0.65102184,0.65617025,0.5580917,0.5657613,0.81697667,0.68724716,0.7421043,0.5969755,0.66186804,0.65893906,0.5890242,0.6641134,0.72768736,0.6650971,0.5675585,0.71636385,0.68209505,0.73611206,0.7596358,0.60142833,0.72323716,0.65169007,0.67265445,0.7388529,0.72138757,0.6534224,0.70735025,0.52105117,0.6233484,0.6203683,0.66997266,0.6077946,0.66281986,0.70646155,0.6483583,0.6169141,0.6984562,0.63291204,0.65709513,0.56311315,0.5341161,0.4970359,0.6715712,0.56099087,0.57170486,0.7389685,0.7233222,0.7468966,0.707577,0.7118235,0.7447426,0.746113,0.7269391,0.77118903,0.7617367,0.79729843,0.59176636,0.704978,0.64054394,0.58649564,0.62698257,0.72951996,0.6885275,0.7296593,0.6173803,0.6962374,0.71003544,0.7628362,0.75948215,0.7349635,0.6976528,0.7106742,0.7188375,0.49334723,0.5506861,0.46473202,0.6981646,0.68643856,0.7784202,0.66375893,0.6722048,0.5217514,0.73538685,0.7404126,0.6736282,0.5019574,0.5614957,0.6402175,0.6673084,0.6527213,0.54084253,0.58639,0.5080843,0.5091005,0.64228874,0.62770736,0.59707385,0.5934658,0.5693024,0.55869806,0.5876722,0.6026305,0.5254599,0.53738046,0.64629954,0.6411948,0.60710794,0.5814198,0.5889876
303,0.69076675,0.76293474,0.6985394,0.69934297,0.72263217,0.73969996,0.73619115,0.60910565,0.63809,0.8034282,0.806446,0.69641083,0.76393956,0.71442497,0.71490395,0.7850974,0.7761451,0.67591083,0.80565655,0.81183845,0.74661803,0.7475067,0.7497087,0.73443466,0.7208772,0.54952085,0.6832343,0.7366331,0.7249061,0.58798856,0.6122461,0.6170598,0.57688206,0.66609985,0.6187468,0.62887853,0.7004084,0.7283733,0.6069715,0.6323375,0.6644731,0.61319506,0.73012733,0.6910381,0.6872819,0.727901,0.6328584,0.8215832,0.7331005,0.7799305,0.6128859,0.6177831,0.6395364,0.63779724,0.6124014,0.6831652,0.64901054,0.66271096,0.742374,0.7418644,0.5701391,0.60607225,0.6967092,0.6187209,0.60814416,0.662614,0.58425945,0.61808705,0.5410788,0.49977186,0.557962,0.59279335,0.66556877,0.74728596,0.619832,0.54225296,0.5683264,0.74546915,0.62552273,0.76806206,0.74421537,0.7623527,0.7346748,0.7369578,0.72146094,0.6800338,0.5156922,0.52165705,0.6414231,0.48210087,0.6237657,0.65513444,0.5489933,0.5850432,0.823364,0.69543153,0.7348059,0.6051065,0.6926088,0.6889967,0.6229038,0.677164,0.72360563,0.69254637,0.6363763,0.745205,0.70708776,0.72620934,0.77184176,0.6524296,0.7197485,0.6785651,0.6816201,0.7698757,0.716433,0.6992608,0.72797036,0.61081153,0.5951865,0.6297837,0.6795942,0.63421285,0.67937076,0.693279,0.6960006,0.605083,0.6857804,0.68076205,0.65038645,0.5853214,0.55982167,0.5077701,0.6096569,0.5744075,0.5555259,0.66745234,0.72050846,0.74052036,0.7471685,0.74251086,0.72328323,0.7267489,0.73159933,0.78442043,0.7454591,0.80355287,0.6370665,0.7343289,0.65875155,0.5835177,0.6343148,0.73343426,0.708152,0.73325396,0.6215235,0.7164839,0.75608426,0.8066466,0.8076735,0.7139028,0.6323573,0.73217416,0.6860702,0.5793777,0.64990044,0.52385217,0.74800926,0.68741596,0.7378527,0.7081465,0.6503452,0.61182857,0.72150415,0.7496655,0.67141336,0.57257026,0.54694235,0.71424675,0.6888925,0.7039745,0.712176,0.7710706,0.675536,0.7024733,0.7254155,0.7492462,0.76784223,0.60139894,0.5938135,0.7930481,0.804963,0.705978,0.7693515,0.74364245,0.7519762,0.75163776,0.7772113,0.68111223,0.81054324,0.7826879,0.7422312,0.7975852,0.75843483,0.7502772,0.7723804,0.6079553,0.72197413,0.7520645,0.73228794,0.55443996,0.6602459,0.63400865,0.49739292,0.7077365,0.6457546,0.5255221,0.68246573,0.7315712,0.5642469,0.5704168,0.660825,0.6266859,0.681421,0.7223605,0.6968153,0.766248,0.5842565,0.79193133,0.7275618,0.79314905,0.5976244,0.6151293,0.62082297,0.544035,0.6075937,0.6641095,0.6986108,0.6767187,0.713841,0.75793344,0.6087288,0.68066937,0.682396,0.6651103,0.64199436,0.68976355,0.62727904,0.6097499,0.5147107,0.58875537,0.51306283,0.6045869,0.6664002,0.7105661,0.6211349,0.6366058,0.5977838,0.7660569,0.7198186,0.8109861,0.73379546,0.78142774,0.7276328,0.7563404,0.6789276,0.7249862,0.68513024,0.5325504,0.6687153,0.51712227,0.67783964,0.65917003,0.558728,0.5757602,0.82833827,0.7063977,0.74578744,0.6118784,0.67554265,0.6561937,0.6000313,0.68633455,0.75777394,0.6845166,0.57900417,0.7337359,0.6954869,0.7561775,0.7750119,0.6147629,0.7362409,0.6814684,0.6923238,0.76074874,0.7259131,0.65171343,0.70429105,0.5221185,0.6385727,0.63382405,0.68907243,0.60751075,0.6781028,0.72421426,0.647369,0.6323986,0.71603537,0.64104587,0.66392344,0.58507496,0.54036427,0.5096,0.68353313,0.56873775,0.57789814,0.7623564,0.73989505,0.76619047,0.721338,0.7438072,0.78058696,0.7703223,0.7565409,0.76606345,0.7624076,0.81565565,0.5906324,0.73501086,0.66347754,0.61232567,0.6385558,0.7657924,0.70961654,0.74742687,0.62292534,0.73531634,0.73924804,0.7918377,0.7962167,0.75286156,0.724654,0.738002,0.737357,0.49352673,0.56328917,0.46046725,0.72696257,0.6939789,0.7829861,0.69247085,0.6759723,0.5227662,0.7580287,0.7640083,0.6839675,0.51370645,0.5658757,0.65348077,0.69700044,0.6904722,0.5482682,0.5972278,0.50923216,0.5058196,0.65267575,0.6398601,0.61873096,0.6139857,0.5783092,0.5685406,0.5956956,0.61279476,0.5309374,0.5370931,0.6574842,0.65326047,0.6253768,0.5983504,0.60696477
304,0.7111125,0.78132474,0.71316653,0.71884274,0.7385529,0.7509669,0.73605543,0.61298656,0.64910465,0.7985522,0.80773604,0.6743403,0.78490156,0.7372325,0.7385373,0.8049154,0.7842681,0.66902494,0.8188855,0.82771397,0.7572797,0.75094694,0.7668003,0.7401022,0.7048847,0.52174526,0.71473885,0.7428911,0.75396633,0.6102827,0.6202075,0.66477436,0.59606886,0.69160473,0.64508283,0.66318476,0.7337312,0.7590455,0.65002483,0.65004444,0.688094,0.6568998,0.72425735,0.70454264,0.7189273,0.74582845,0.64591354,0.83336556,0.7416246,0.7891628,0.62284166,0.6312192,0.6445321,0.64611787,0.63028795,0.66188246,0.6578198,0.6606845,0.76152396,0.75186425,0.5725876,0.6195111,0.6940655,0.639947,0.61771923,0.65441805,0.5951946,0.63940746,0.55090314,0.4914572,0.57538265,0.6005807,0.669597,0.7240539,0.5842348,0.522126,0.565794,0.7358817,0.59756315,0.7475297,0.7243213,0.7497152,0.7409202,0.7574426,0.7243853,0.6956924,0.5102967,0.5138633,0.66294366,0.49727485,0.6411228,0.65855163,0.5490608,0.57773674,0.82309353,0.7061804,0.740767,0.62385976,0.6949851,0.67920023,0.6282744,0.68166935,0.73433495,0.696324,0.6475245,0.75131685,0.70494765,0.7251219,0.76796603,0.6599136,0.70706445,0.68259937,0.6785997,0.78259504,0.7097006,0.7009385,0.7211303,0.6138195,0.5997297,0.63429344,0.689433,0.6336745,0.6670594,0.69747925,0.6936908,0.6048085,0.68575114,0.67588854,0.6318503,0.59190595,0.55824316,0.5159549,0.6201679,0.58268464,0.5532097,0.66591346,0.72626036,0.74371207,0.7491099,0.76095027,0.74168116,0.74076957,0.75107336,0.7878702,0.7514083,0.8097879,0.6302623,0.75075734,0.67711025,0.59428144,0.6517387,0.7530677,0.7163031,0.72919345,0.6251691,0.729829,0.7680663,0.82129294,0.8257347,0.7162375,0.6542139,0.76802593,0.67764384,0.5893964,0.6673307,0.532388,0.7598361,0.6842663,0.71827555,0.7109543,0.6452654,0.6076264,0.726176,0.7587722,0.6664098,0.5671652,0.56398845,0.726053,0.6907407,0.71732235,0.7335808,0.7850862,0.68755484,0.7192547,0.74557984,0.76441866,0.772728,0.6043273,0.6053436,0.7998166,0.80311733,0.6989335,0.7897967,0.77031267,0.77210027,0.767671,0.78259754,0.677335,0.8258497,0.79581344,0.75282335,0.81116486,0.77360207,0.7550633,0.7850438,0.60018957,0.74865466,0.768535,0.7439238,0.57932407,0.6691906,0.6762851,0.5124482,0.73752683,0.6805308,0.5521496,0.71768534,0.75888854,0.6116737,0.5827172,0.6805608,0.66227746,0.67192405,0.73588616,0.7238052,0.775949,0.6011836,0.8027929,0.74457103,0.79433566,0.6084378,0.6314785,0.6241963,0.5480442,0.62509894,0.64265263,0.72158664,0.6847547,0.7247592,0.76477945,0.63873637,0.6996666,0.68238896,0.6929016,0.65479594,0.6852421,0.65384334,0.6353764,0.5312528,0.60660905,0.539559,0.630707,0.6807444,0.7039169,0.60660976,0.6301957,0.61091846,0.75343317,0.70540535,0.8059334,0.72848916,0.7887266,0.7348927,0.7788809,0.6991073,0.74917984,0.702045,0.5338935,0.7020685,0.5360558,0.6981974,0.65970707,0.55984104,0.5781854,0.8341445,0.7127979,0.75385666,0.6348145,0.67513174,0.6405954,0.60624385,0.69782364,0.7710108,0.6942003,0.58365303,0.7376381,0.70094305,0.75247085,0.77229416,0.6213689,0.7326537,0.6967279,0.6893666,0.7629871,0.7130219,0.63797665,0.6920877,0.5293849,0.649299,0.6401245,0.6948595,0.6021246,0.6784343,0.73188925,0.63837147,0.64051914,0.7198436,0.63411534,0.6534216,0.59997046,0.54189414,0.5228366,0.69818634,0.5767255,0.58065766,0.76975936,0.7462488,0.76809055,0.7171329,0.7575909,0.79805875,0.782064,0.77583677,0.7638257,0.7709475,0.82228786,0.57410187,0.7475867,0.68816924,0.64004534,0.6642648,0.7872237,0.7141767,0.7464995,0.62459034,0.75494885,0.74864423,0.80305827,0.8156363,0.754056,0.7526505,0.7628743,0.7375196,0.49478927,0.5779088,0.46023154,0.7374536,0.6907089,0.7708413,0.71939313,0.6857824,0.52308404,0.76534325,0.77255744,0.6870078,0.5249439,0.5780838,0.6582041,0.70969236,0.71036744,0.55180174,0.6017835,0.51463115,0.5033804,0.65120256,0.64270043,0.63456804,0.62750494,0.5833485,0.5751543,0.601338,0.61937004,0.5367843,0.53531635,0.6541606,0.6520892,0.6371809,0.61057574,0.6198343
305,0.7117351,0.7792235,0.7116514,0.7208168,0.7368735,0.7455586,0.7185234,0.60768837,0.64757264,0.77253324,0.786573,0.6381445,0.7868612,0.7517139,0.7573722,0.80748725,0.7737713,0.6480513,0.81392473,0.82460874,0.7480885,0.7367475,0.7622771,0.72511166,0.6706443,0.4904788,0.72508156,0.7341416,0.7729128,0.6344197,0.62464,0.6975644,0.6095625,0.7158462,0.6623371,0.68496585,0.73995894,0.7637243,0.67728555,0.65110075,0.6939169,0.67946357,0.6976706,0.69559747,0.7236156,0.7486108,0.64149207,0.82576686,0.7279944,0.78356016,0.62415713,0.63180006,0.63906175,0.6407171,0.6339158,0.62442434,0.64551866,0.64908636,0.75426275,0.7342182,0.5662987,0.61565816,0.6879409,0.6388083,0.6121062,0.6299274,0.6036773,0.6531789,0.5422486,0.4861072,0.58651006,0.60527253,0.6594525,0.7008874,0.5431895,0.49881858,0.57266736,0.71388304,0.561697,0.71512336,0.6897056,0.72810787,0.7446332,0.75466144,0.7217666,0.6865315,0.49832064,0.50348794,0.6798946,0.51717025,0.648006,0.6580373,0.55017036,0.56135863,0.8129856,0.69839245,0.74534225,0.6347148,0.68096036,0.65513706,0.61983895,0.67086005,0.7274343,0.6848362,0.6411659,0.73960435,0.6918121,0.698267,0.73950106,0.6556452,0.6739694,0.6644102,0.65269214,0.7732289,0.6857942,0.6818592,0.7003019,0.60873604,0.6020205,0.6319104,0.6830394,0.6273726,0.6412906,0.69018525,0.6837262,0.59299946,0.67062306,0.6579589,0.60449684,0.59643257,0.551101,0.51700455,0.631237,0.58642954,0.54947555,0.65297645,0.71911514,0.7313978,0.73336303,0.7558143,0.7376546,0.73596007,0.74971324,0.7908763,0.761766,0.8029667,0.6047907,0.7418433,0.69394696,0.5981253,0.6734086,0.7543281,0.7059379,0.70705104,0.62350047,0.7251627,0.75941765,0.8162737,0.82244647,0.70039,0.6695754,0.78856534,0.6513792,0.59411234,0.67594886,0.54202557,0.7497932,0.6698316,0.6774339,0.71047384,0.6491983,0.59474593,0.71485114,0.7505616,0.6541992,0.5500651,0.58367413,0.72396284,0.6701819,0.70267767,0.73349726,0.7763868,0.68383306,0.7180635,0.7447061,0.75864446,0.7564464,0.60023534,0.6068179,0.782744,0.7805505,0.67234236,0.7916884,0.78725904,0.78893673,0.7653603,0.77294356,0.6544182,0.8197644,0.7903547,0.74033856,0.8027702,0.764703,0.7374979,0.77054256,0.5755963,0.7548876,0.7611445,0.7545245,0.6082207,0.6732984,0.7129576,0.5264066,0.76498324,0.7112175,0.5744819,0.7275432,0.7633893,0.6455167,0.5843543,0.68042076,0.67917275,0.6432983,0.7241178,0.7262353,0.7696157,0.6048303,0.79283017,0.7371834,0.7833789,0.6123679,0.6362157,0.61892307,0.5474626,0.62842184,0.60741115,0.7199588,0.68189317,0.7108723,0.74404967,0.64831644,0.7046104,0.6774098,0.70252264,0.66126084,0.6661226,0.6752063,0.658177,0.5323384,0.6204776,0.5535424,0.6571562,0.68058807,0.69021696,0.57267857,0.62066346,0.6316681,0.7269865,0.6697988,0.7818012,0.70989496,0.7812246,0.74418825,0.7793474,0.72172624,0.7448726,0.7057972,0.53430265,0.7172163,0.555665,0.70707256,0.6571811,0.5609412,0.57158834,0.83155805,0.70183647,0.7645558,0.66058075,0.6596998,0.61469406,0.6033916,0.693042,0.7614826,0.6891985,0.57805127,0.7244051,0.69545585,0.7227017,0.74957263,0.6184474,0.710171,0.6925817,0.6622386,0.7431839,0.68194264,0.6120238,0.6703746,0.5412167,0.65148664,0.6367149,0.6848032,0.5921239,0.66332185,0.72568375,0.6237109,0.6380953,0.7058982,0.612959,0.6279711,0.6039978,0.5381315,0.53350365,0.7115535,0.5826724,0.57813764,0.75717866,0.7384861,0.7497128,0.6942955,0.74843997,0.7920048,0.7775034,0.7777361,0.7651235,0.78491986,0.81341094,0.5438911,0.73751163,0.7087437,0.66304237,0.6978535,0.78893626,0.7005093,0.7257204,0.61926377,0.7518473,0.7335542,0.7943899,0.81428313,0.7368091,0.7747258,0.7778907,0.71668994,0.49699366,0.59044623,0.4647113,0.7247591,0.67487776,0.7411462,0.73862576,0.7001688,0.52261627,0.752825,0.76123685,0.6808336,0.53309,0.5953875,0.65189946,0.70059776,0.7056775,0.548855,0.5973073,0.52331173,0.5027401,0.636505,0.6340291,0.6399377,0.6298348,0.58176994,0.57572585,0.60295534,0.62017083,0.54104453,0.5317032,0.63440067,0.63538516,0.637632,0.61334515,0.6231296
306,0.6893501,0.7534128,0.69223684,0.7023541,0.7148813,0.7212496,0.68469274,0.5929282,0.63159204,0.7222608,0.7384473,0.5916151,0.76663357,0.7522335,0.7647264,0.7891232,0.7399046,0.6155863,0.78686273,0.80000055,0.7176608,0.70370203,0.7345998,0.68570817,0.62056637,0.46185857,0.7088213,0.7065124,0.77477515,0.6526069,0.6218251,0.7073957,0.6128516,0.7305408,0.6645164,0.68744195,0.7141064,0.73761535,0.68151635,0.6321436,0.6781952,0.67304945,0.65071017,0.6612559,0.6959366,0.7300793,0.6161205,0.7943434,0.6877557,0.7578388,0.6143939,0.61615014,0.6222297,0.61933017,0.620295,0.5758164,0.6106482,0.6261915,0.71620643,0.6859256,0.5500607,0.59164244,0.67530483,0.6122387,0.5894589,0.5898895,0.6059253,0.6536301,0.5147015,0.48384804,0.5877217,0.6033581,0.6339097,0.67808783,0.50426435,0.47519615,0.5852769,0.67771876,0.52414423,0.6725905,0.6413469,0.6970257,0.7409706,0.72557604,0.7105929,0.65092343,0.48202264,0.49260604,0.6865307,0.5382557,0.6411339,0.6501187,0.5510629,0.53758585,0.7894828,0.667897,0.74317896,0.632429,0.6512875,0.6201254,0.5961672,0.64258474,0.69863605,0.655744,0.6154898,0.70663226,0.6654419,0.64526504,0.6842074,0.6374677,0.6214711,0.62329495,0.6068666,0.73914784,0.6436146,0.638386,0.66287714,0.5948404,0.6000696,0.62097436,0.659205,0.61353034,0.60442615,0.6684676,0.66509384,0.5700858,0.63839465,0.6281825,0.57231563,0.5961627,0.53948474,0.5099488,0.638647,0.5834063,0.5440999,0.6278082,0.6945662,0.69970304,0.69773185,0.7228748,0.70738935,0.7087832,0.72214824,0.7886293,0.7700054,0.77864736,0.5630013,0.702576,0.7024728,0.5921442,0.6909041,0.7343004,0.6759297,0.66677076,0.6136,0.70161927,0.72527707,0.78798604,0.79456997,0.665275,0.6724161,0.7879033,0.6095056,0.5910351,0.6694626,0.5510484,0.71337473,0.64422715,0.6174451,0.70388484,0.6576486,0.5747875,0.6840389,0.720435,0.63388854,0.5244517,0.59953195,0.70365584,0.6257901,0.657044,0.70832497,0.74153847,0.6632138,0.6963024,0.71960825,0.7290824,0.71694213,0.58854634,0.59603006,0.737701,0.7335028,0.6276722,0.77150494,0.78834957,0.7959242,0.74150115,0.7445177,0.614256,0.7876348,0.7637335,0.7024755,0.7690451,0.7291996,0.69309616,0.7245137,0.5368639,0.7357707,0.726088,0.7577469,0.6333078,0.6684236,0.73434275,0.5367034,0.7805198,0.72895646,0.5864269,0.7068683,0.74039555,0.65688705,0.5733988,0.6577667,0.6702766,0.5988802,0.683883,0.6975522,0.74154276,0.5903067,0.7575602,0.6996888,0.75666237,0.60631865,0.6251064,0.60434264,0.5407705,0.6151228,0.56435466,0.6894194,0.6649358,0.66924715,0.69333845,0.63284993,0.69184047,0.6653663,0.68893856,0.65718603,0.6316759,0.6850228,0.6715439,0.51682615,0.6250726,0.5518455,0.67629665,0.6642303,0.6681485,0.52438396,0.60689735,0.65313894,0.6868509,0.6152224,0.7364267,0.67693716,0.75528497,0.7507892,0.7545732,0.73929316,0.7094099,0.69323874,0.53337556,0.7119134,0.5716836,0.7003509,0.64962703,0.5602229,0.55575585,0.8168118,0.6705736,0.77238333,0.68123204,0.6308603,0.5830503,0.58899873,0.66824365,0.723647,0.665666,0.56202155,0.69167614,0.6747985,0.6660544,0.70506877,0.60397214,0.6675546,0.6661238,0.6134152,0.7007115,0.6341477,0.57506555,0.6382906,0.5539924,0.6414461,0.6219056,0.65768045,0.5774774,0.63264275,0.7012818,0.60355,0.6230053,0.67120236,0.57966876,0.59066904,0.5950879,0.5296684,0.5387126,0.7178631,0.5838889,0.5692912,0.72084737,0.7129317,0.708023,0.6529228,0.7132016,0.75773203,0.7525516,0.7565647,0.76675576,0.79778445,0.7843512,0.5059098,0.7010042,0.71888673,0.67433274,0.72848475,0.76640373,0.6682714,0.68400794,0.60382694,0.7238981,0.6901101,0.76238596,0.7884392,0.69967663,0.78396887,0.77660185,0.67337555,0.49962193,0.5952987,0.47423977,0.6853279,0.6459734,0.6930869,0.74461454,0.71363777,0.52138627,0.7157889,0.7242823,0.66269195,0.5364842,0.6122019,0.63205713,0.66742265,0.6731474,0.5383735,0.58261645,0.5333012,0.5038939,0.60809666,0.6124996,0.6319877,0.61852336,0.57268083,0.5689253,0.59842986,0.612807,0.54229546,0.52615756,0.5985228,0.6029169,0.6230757,0.603594,0.61446494
307,0.64235795,0.7015106,0.6544602,0.66114676,0.66981405,0.675954,0.6371858,0.5693323,0.6009618,0.6469713,0.6611362,0.53797126,0.7202872,0.7341264,0.7550677,0.74525315,0.6798123,0.5756321,0.73332226,0.7506722,0.66614753,0.6519564,0.68375146,0.6216745,0.558092,0.43854517,0.66367227,0.657667,0.7540487,0.65862966,0.6091231,0.69129175,0.60488987,0.7294635,0.64849466,0.66707724,0.65402085,0.6766508,0.6598978,0.5936816,0.6402928,0.635364,0.5867857,0.60108536,0.63340497,0.6855909,0.57049155,0.7342303,0.62104523,0.7068639,0.5923092,0.5839064,0.59440136,0.5815442,0.5894007,0.52333456,0.5553479,0.59197336,0.6444756,0.60786176,0.5243406,0.5487856,0.65234786,0.56243134,0.55133706,0.5369259,0.5986835,0.6373045,0.4737183,0.4835665,0.5773035,0.59169877,0.5939308,0.651167,0.4718173,0.45363733,0.5966031,0.6253196,0.4888918,0.62162215,0.5810337,0.65400165,0.7242971,0.66731083,0.6867303,0.5901334,0.46441442,0.48313805,0.67872643,0.55647975,0.6185648,0.6310399,0.5499511,0.5097278,0.74740976,0.6136761,0.72822994,0.61347634,0.60851437,0.57900125,0.5589447,0.5973013,0.64532447,0.60961753,0.5728783,0.6508645,0.6239049,0.5702976,0.6037052,0.6049386,0.55547804,0.5627411,0.54807657,0.67893,0.5852869,0.57185566,0.60881656,0.57321763,0.59235066,0.6005048,0.6192378,0.590849,0.5593214,0.63093334,0.6356583,0.5397855,0.5908395,0.5879719,0.5374225,0.5883264,0.52487564,0.49706158,0.63774335,0.5731319,0.5366899,0.59069955,0.6486661,0.64660347,0.6419577,0.66021526,0.6504748,0.6579064,0.6656433,0.77435875,0.76814675,0.7322696,0.51115674,0.63012576,0.6966057,0.5752786,0.6966616,0.6912273,0.62775826,0.61053383,0.5942374,0.6603465,0.6628472,0.73251885,0.73834425,0.6129353,0.65866095,0.7616894,0.55754846,0.57894623,0.6432424,0.55810404,0.64750683,0.6091678,0.5447379,0.6872006,0.6621945,0.5494447,0.63226354,0.665225,0.6044154,0.49544248,0.6051338,0.661602,0.56057096,0.5821292,0.6556634,0.6790649,0.6261791,0.65185696,0.66744286,0.6731815,0.6538575,0.5691365,0.5732067,0.6623007,0.6609872,0.56790566,0.7249595,0.76885897,0.78710663,0.69323575,0.69541204,0.56225306,0.72414696,0.71394765,0.63959867,0.7059438,0.6664256,0.62129766,0.64453256,0.48904213,0.6876606,0.6610928,0.74683905,0.6474216,0.65127313,0.73452353,0.54234207,0.7769563,0.72814065,0.58455104,0.6543066,0.68665147,0.64260185,0.55111235,0.61396414,0.63354385,0.5450285,0.6150318,0.6343483,0.6872381,0.5571955,0.6939336,0.6308154,0.7115944,0.58865833,0.5969177,0.58115894,0.52716726,0.5860118,0.52049226,0.62867254,0.6326725,0.60096025,0.61447513,0.59244084,0.65965354,0.64419615,0.6493683,0.6388694,0.5835195,0.6777683,0.67034435,0.48869488,0.616578,0.53573143,0.68202955,0.632087,0.63562024,0.46887934,0.5869513,0.6674804,0.633844,0.5472834,0.6700164,0.62966764,0.70700157,0.74823034,0.7010285,0.7445847,0.64136946,0.66194475,0.5307168,0.68389964,0.5805394,0.6750444,0.63386244,0.555935,0.53218377,0.7851815,0.6192232,0.7699801,0.68906415,0.5918721,0.5502897,0.56344104,0.62254924,0.65411747,0.6225529,0.53850466,0.6394612,0.6356209,0.5866999,0.639089,0.57744616,0.60709506,0.6168616,0.55007005,0.6381736,0.57476246,0.5308774,0.5965589,0.563761,0.6172067,0.59578735,0.61431783,0.5585297,0.58667576,0.6554667,0.5761776,0.595871,0.616627,0.5375692,0.5441161,0.5730275,0.51822925,0.53760254,0.71138364,0.57852626,0.55475485,0.65879333,0.6670807,0.64349926,0.5947935,0.6514538,0.6920258,0.7033,0.7084754,0.7625791,0.80196226,0.7310135,0.46869522,0.63689166,0.7130987,0.66884977,0.746253,0.7152276,0.61915874,0.6230722,0.5778836,0.6705158,0.61939144,0.7044977,0.7339735,0.6435379,0.77491325,0.7537658,0.6103514,0.5021892,0.5876615,0.48798254,0.6186284,0.60509026,0.6279951,0.73182434,0.71875906,0.51931787,0.651664,0.6574249,0.63037795,0.5345287,0.6226832,0.5972464,0.6112778,0.61359125,0.521398,0.5584514,0.5421191,0.5057683,0.5670737,0.5782206,0.60974336,0.59314334,0.55758005,0.5553691,0.5859891,0.5956957,0.54022616,0.51944745,0.5501977,0.5575988,0.5925994,0.58098805,0.59406126
308,0.5754621,0.62825584,0.6020505,0.5994587,0.6036344,0.6121715,0.58139,0.5399369,0.5592947,0.556594,0.5646051,0.4832614,0.64855295,0.69539726,0.7252659,0.6761965,0.6013494,0.5344278,0.6557871,0.67878336,0.5997497,0.58653,0.6157527,0.54265916,0.4914596,0.42207843,0.59498334,0.5930912,0.7070832,0.65180206,0.5883471,0.6514011,0.5895679,0.7114837,0.6163028,0.62563115,0.5666589,0.5852078,0.61446863,0.54249215,0.5840205,0.5717221,0.5145585,0.5219141,0.5427191,0.6164856,0.51310706,0.6492911,0.5411847,0.6318272,0.56023264,0.54052514,0.5586125,0.53216803,0.5456559,0.47519588,0.48954386,0.5519774,0.5464987,0.51162636,0.49422863,0.49615583,0.6187411,0.50009453,0.5061406,0.48083296,0.58315074,0.6071638,0.43230996,0.48639637,0.55774623,0.5723395,0.545078,0.6182765,0.4497958,0.43951464,0.6030591,0.5603711,0.46171698,0.56707436,0.51863104,0.6009648,0.6922134,0.5824764,0.6478608,0.51237243,0.4506653,0.4786007,0.65632826,0.5690922,0.5813735,0.6014711,0.54608965,0.48408374,0.6851902,0.5429172,0.69735026,0.5796714,0.5569826,0.5370032,0.51422167,0.54094964,0.5718784,0.5532065,0.52097267,0.5778684,0.5698996,0.4853765,0.5097703,0.56266165,0.48760578,0.49318755,0.4853031,0.5966463,0.5192693,0.49473152,0.5455681,0.5482852,0.57900995,0.5726255,0.56949514,0.56212944,0.51187265,0.58093065,0.595863,0.5095684,0.5360257,0.54203475,0.50302374,0.57346857,0.51012933,0.4852418,0.6268138,0.55778176,0.52810115,0.54708266,0.5855128,0.57833594,0.57344294,0.57594883,0.5760185,0.5890067,0.58654743,0.74271125,0.75126636,0.6645214,0.45906335,0.5330357,0.6740911,0.5522734,0.68846977,0.6287491,0.5686704,0.54609543,0.5679763,0.60730714,0.5806465,0.6538385,0.6568259,0.5513608,0.62971985,0.7085172,0.5049942,0.55984706,0.59955424,0.5615795,0.5590387,0.5684822,0.4719661,0.6594951,0.65731394,0.52121747,0.5647368,0.5897813,0.56804967,0.47065192,0.59812176,0.5997502,0.4855185,0.49086103,0.58011436,0.5976453,0.577428,0.58754015,0.59155613,0.59499,0.5745882,0.54382986,0.5421281,0.5654908,0.5731417,0.50114864,0.65255594,0.72640574,0.75789386,0.6236704,0.63204503,0.5085287,0.63315994,0.64535934,0.5612037,0.6165412,0.5844296,0.533403,0.54089534,0.4416174,0.6132988,0.57411534,0.71645445,0.64840186,0.62257063,0.7117297,0.5452429,0.75171965,0.707414,0.5697872,0.577081,0.60516244,0.6050919,0.52229667,0.5554567,0.57384926,0.4898551,0.52635455,0.5437764,0.60912925,0.5118227,0.6097282,0.5431612,0.65087736,0.56118274,0.5555785,0.5520859,0.50778174,0.5453479,0.4821259,0.54566073,0.5884468,0.5162488,0.51934654,0.53488827,0.60983366,0.614248,0.58670974,0.60753065,0.5301404,0.6517531,0.65326416,0.45799595,0.59690785,0.5111453,0.67271584,0.58832616,0.5947302,0.41757935,0.5635181,0.67073375,0.57246995,0.47822556,0.5897818,0.5749453,0.63792706,0.7309528,0.61893725,0.7324796,0.54689723,0.613961,0.5287179,0.6307409,0.58049375,0.6314846,0.60914356,0.54857093,0.5063475,0.73365396,0.55405444,0.7510562,0.67907155,0.5468071,0.5196793,0.53064865,0.56212354,0.56049794,0.56570566,0.51175255,0.57366234,0.580744,0.49774647,0.5586939,0.54309934,0.5373882,0.55059355,0.48285076,0.56338555,0.5129752,0.48693103,0.5503496,0.56874937,0.5814106,0.56254756,0.5610004,0.53849113,0.5306143,0.59138507,0.54254407,0.5617715,0.55124474,0.49436018,0.49367195,0.54160327,0.50739944,0.5326561,0.68980336,0.56744504,0.537928,0.5789187,0.6048315,0.5670928,0.52811545,0.57231134,0.602843,0.6313795,0.63678557,0.74586034,0.7915342,0.6562109,0.4398586,0.55294234,0.6882358,0.6467033,0.7457434,0.63767874,0.56010944,0.5523159,0.54646105,0.59803915,0.53555924,0.6271403,0.65361845,0.5759452,0.7449292,0.7069863,0.53930825,0.5054631,0.568353,0.50361276,0.5342801,0.5563342,0.55404377,0.6958786,0.7100901,0.51696754,0.56769,0.56758785,0.5863131,0.52883595,0.6236604,0.5507028,0.53960115,0.5361771,0.50180006,0.5285502,0.548447,0.5082354,0.51946056,0.5357731,0.5755269,0.55726486,0.5403859,0.5380251,0.5666421,0.57064784,0.53582543,0.5133401,0.4984483,0.5075789,0.55135924,0.54978037,0.565582
309,0.5011213,0.5471564,0.5423491,0.52663964,0.5263193,0.5389538,0.52339035,0.50904834,0.5126926,0.46952212,0.4695663,0.43586913,0.56133205,0.6384345,0.6757945,0.5918224,0.5224137,0.49774617,0.5670793,0.5948007,0.5296363,0.5161097,0.5423339,0.46523213,0.4318916,0.41421515,0.5175169,0.5261055,0.6345812,0.6361111,0.5647688,0.59469044,0.57370704,0.67966634,0.57530123,0.56995606,0.47078553,0.48241532,0.55242103,0.48906168,0.51699674,0.49629855,0.4449982,0.4388123,0.4437122,0.5332736,0.4579376,0.55683404,0.47043264,0.5443742,0.52330387,0.49540806,0.5190905,0.4807192,0.49669862,0.43667942,0.42801833,0.51436543,0.44366,0.41722965,0.46812326,0.4468798,0.57721984,0.441331,0.46674022,0.43597707,0.5636215,0.5717564,0.40446904,0.49412337,0.53427875,0.551694,0.49595925,0.5818953,0.44143993,0.43822226,0.6053513,0.49311888,0.4487702,0.51551324,0.46833947,0.54569983,0.6461425,0.48437557,0.594983,0.43272144,0.44659778,0.4827128,0.622072,0.57524586,0.53480846,0.5670464,0.54021734,0.46646297,0.6085511,0.47030345,0.6509262,0.53881496,0.5017781,0.49734554,0.4696431,0.48261237,0.49163428,0.49642807,0.46928823,0.50028694,0.5114296,0.40599105,0.42058542,0.51935965,0.42799693,0.42853677,0.4260532,0.50369054,0.45678478,0.42554644,0.48515183,0.52526623,0.56162477,0.5416986,0.5181361,0.5332005,0.46977854,0.5257388,0.5499771,0.48617318,0.4839647,0.49814674,0.47384992,0.5553574,0.49851146,0.48178482,0.60774535,0.5408208,0.52032703,0.5065962,0.5186765,0.5087622,0.5053668,0.48879376,0.50088304,0.5146724,0.5011774,0.6912998,0.717972,0.5837158,0.4155192,0.43377852,0.6366346,0.5314624,0.6685778,0.5568224,0.50879645,0.48414454,0.5390441,0.5511317,0.49870908,0.5671673,0.56368387,0.49133042,0.5924261,0.63335353,0.46030968,0.53840333,0.54838645,0.5603087,0.46723863,0.52568835,0.41186768,0.6240505,0.64173377,0.49301484,0.49311528,0.5081801,0.5300912,0.4572047,0.58111495,0.5284601,0.41547427,0.40382266,0.49601313,0.5155666,0.5247549,0.5136895,0.5054064,0.50816786,0.4935287,0.5153812,0.50788635,0.4680493,0.48791638,0.43945578,0.5644736,0.6625661,0.70568955,0.54400325,0.56740993,0.46278268,0.5325821,0.56917435,0.48363543,0.5156349,0.49968994,0.44942912,0.4378714,0.40504017,0.52630454,0.48565167,0.66332334,0.63873667,0.5866085,0.6675632,0.5497119,0.7062823,0.6691995,0.545695,0.4916474,0.50931615,0.5511291,0.49244663,0.49131235,0.5029758,0.43971747,0.43553293,0.4467245,0.5189344,0.46497568,0.523785,0.46028817,0.5814434,0.52785486,0.5084883,0.5198792,0.4854295,0.4989364,0.45207483,0.4584476,0.5382048,0.43255904,0.42638022,0.4748779,0.54725903,0.5768546,0.51237446,0.5704157,0.4836547,0.609811,0.6226574,0.43616936,0.57227427,0.48634613,0.64991,0.53936607,0.55120164,0.3828266,0.5424893,0.66223955,0.5093945,0.42221388,0.50746465,0.5238656,0.5578709,0.69457775,0.51806176,0.69933337,0.44392827,0.557016,0.53119516,0.55464584,0.5717405,0.57396144,0.5783214,0.54059434,0.4849998,0.66253674,0.48544633,0.71076787,0.6494802,0.4992079,0.491756,0.49512747,0.4980847,0.46308133,0.5061674,0.48443377,0.5045697,0.5204148,0.41571808,0.47631136,0.5090842,0.46869043,0.47993696,0.42111316,0.48645777,0.45693246,0.450424,0.5060574,0.569667,0.54036206,0.5284074,0.5068523,0.5220184,0.47576377,0.51985747,0.508071,0.5271191,0.48772475,0.46042594,0.4482611,0.50829685,0.501262,0.52801406,0.6544405,0.5534188,0.5229926,0.49902177,0.5368202,0.49551505,0.4664488,0.49298286,0.5106546,0.5469287,0.5537262,0.70966905,0.76136124,0.5706854,0.42181304,0.46576777,0.64391506,0.61327785,0.724991,0.54732686,0.5011256,0.48546594,0.5164031,0.5198183,0.45974728,0.5461959,0.5612607,0.50855964,0.6952141,0.6388196,0.47485125,0.5112273,0.5445468,0.5192449,0.45107007,0.5047002,0.48364887,0.6357767,0.68425703,0.51563764,0.4810039,0.4752594,0.5378102,0.52343434,0.6146076,0.50158465,0.4643848,0.4570783,0.48533097,0.49870044,0.5527949,0.51308876,0.47515625,0.49361616,0.5349496,0.51809233,0.525182,0.5207318,0.5438851,0.5421282,0.53102475,0.50949585,0.45420516,0.46330112,0.50904626,0.5170852,0.53448856
310,0.43256488,0.4718496,0.4834168,0.45539188,0.45180723,0.46783268,0.46872798,0.47948098,0.46659473,0.39864683,0.3920229,0.40003446,0.4734769,0.57206243,0.6137072,0.5057484,0.45622405,0.4680417,0.48173767,0.5106245,0.46456054,0.44937104,0.47416073,0.40267733,0.386175,0.41413903,0.44809735,0.46850437,0.54940456,0.61621714,0.5436841,0.53194386,0.56349266,0.63905764,0.53561026,0.50813496,0.38615587,0.39233583,0.48379922,0.44109598,0.44860065,0.4255014,0.38685396,0.368413,0.35955727,0.4536421,0.41619977,0.47469765,0.4214671,0.46245825,0.48681453,0.45670795,0.47924703,0.43678865,0.44981554,0.41001478,0.38031963,0.48325562,0.35890245,0.34146288,0.4529259,0.41158387,0.5318084,0.39992577,0.44205382,0.40938672,0.54288614,0.53999716,0.3955983,0.50388694,0.5113664,0.5345032,0.45413888,0.5436106,0.44331777,0.44761455,0.6031079,0.43448266,0.44753912,0.4708861,0.43416816,0.49433932,0.5904255,0.39415172,0.5341479,0.36707848,0.4521872,0.49399674,0.5810198,0.5745298,0.48811802,0.533442,0.53359467,0.45830253,0.5286325,0.41003406,0.59387785,0.50201607,0.44918534,0.46294,0.43144244,0.42977402,0.42094427,0.446777,0.42498392,0.4317659,0.45836854,0.3439038,0.34994522,0.4828327,0.38204992,0.38071573,0.37631238,0.41650352,0.40725434,0.3774249,0.43790093,0.50684094,0.54303396,0.51189506,0.4703284,0.50808454,0.43714574,0.47396994,0.50435853,0.4718292,0.44092143,0.46244183,0.4518642,0.5372766,0.49072325,0.4872958,0.58355767,0.52471244,0.51452154,0.47611478,0.46051306,0.450005,0.44759405,0.4157406,0.43772435,0.44791013,0.42604172,0.62353694,0.6702393,0.50260115,0.38612637,0.3543711,0.5895795,0.5168203,0.64119285,0.48591122,0.4556111,0.43281156,0.5113256,0.49748453,0.4328747,0.48726586,0.47445986,0.44119138,0.5548606,0.55052096,0.4267099,0.51948667,0.5016901,0.55485344,0.39100045,0.48405167,0.36976656,0.5857937,0.614996,0.4668585,0.4301448,0.43625343,0.49625474,0.45670393,0.5596688,0.46261573,0.36222294,0.3378142,0.41918173,0.44631043,0.47531283,0.4434783,0.4256767,0.42838126,0.42311925,0.48549342,0.47384655,0.38749263,0.4174467,0.3915831,0.4759701,0.58576816,0.6346456,0.46659732,0.5100063,0.4285603,0.44054756,0.4949616,0.4183251,0.42141506,0.42621246,0.38422415,0.35627818,0.3826894,0.44551793,0.41442838,0.59196496,0.62208134,0.54948777,0.6086744,0.55866677,0.64616865,0.62069196,0.51475424,0.41360515,0.4191216,0.48913178,0.46438983,0.42982152,0.43412662,0.39846015,0.3603379,0.3648982,0.4334698,0.4265673,0.45033413,0.39766228,0.51151276,0.49279216,0.46334615,0.4862066,0.4641212,0.452001,0.43107587,0.38433746,0.4880037,0.36479297,0.35066512,0.4280456,0.4817489,0.5339446,0.44423681,0.535845,0.4499627,0.55884486,0.5841257,0.42845547,0.54675144,0.46720934,0.6167977,0.4910671,0.50907826,0.36799875,0.5245544,0.64145124,0.45174733,0.38534313,0.43341318,0.48176026,0.47990593,0.6392907,0.4197095,0.64587706,0.35562786,0.5001494,0.5376242,0.47044414,0.5560053,0.51086724,0.54505336,0.5335801,0.470901,0.57766014,0.42420912,0.6496478,0.6039008,0.45346728,0.46660873,0.460293,0.43928787,0.38183597,0.45342463,0.45832652,0.44250476,0.46740562,0.35245988,0.40448064,0.4821477,0.40917164,0.41999286,0.37102196,0.41721523,0.41197363,0.42646563,0.4694017,0.56797415,0.50088274,0.49810445,0.45835656,0.5107109,0.4324083,0.45451134,0.4790702,0.4960849,0.4336554,0.44097733,0.41470745,0.47964114,0.5010319,0.5258601,0.6087057,0.5382635,0.511859,0.43331468,0.47357574,0.43831548,0.41936406,0.42665288,0.43247455,0.46468556,0.47391477,0.6522083,0.70933884,0.4865857,0.41401696,0.3914973,0.58509046,0.575684,0.6856759,0.4616476,0.44995794,0.43117508,0.4913314,0.44745943,0.40341064,0.4736226,0.47279894,0.44982576,0.6327554,0.56002665,0.42405638,0.5205207,0.52430904,0.5341193,0.38467824,0.45513344,0.4255631,0.55969507,0.64043796,0.5161361,0.4079218,0.400368,0.49354172,0.5222529,0.59656674,0.4606831,0.39927283,0.39275303,0.47649187,0.47431538,0.55524147,0.5208305,0.4418837,0.45925295,0.4947105,0.48252952,0.5138469,0.5063008,0.52159727,0.5146996,0.52758414,0.508331,0.42388406,0.43155885,0.47358525,0.48850387,0.5051876
311,0.3827846,0.41318893,0.43514958,0.4000457,0.3950752,0.41173822,0.42544112,0.45520902,0.42873186,0.35090223,0.34144554,0.37838188,0.40143502,0.51219314,0.5536452,0.431366,0.41023573,0.4478363,0.4132329,0.43785214,0.41231912,0.39756918,0.42023844,0.36475512,0.35849947,0.42118523,0.401176,0.42773113,0.47689706,0.59603876,0.5301844,0.47862774,0.56250715,0.59715563,0.50757724,0.45218337,0.32908338,0.33432487,0.42385897,0.40579018,0.3928394,0.37518123,0.34859785,0.32532802,0.30867133,0.39863178,0.39524868,0.4136667,0.39683327,0.4055453,0.45729354,0.43125474,0.4452692,0.40885532,0.4139444,0.3986495,0.35334525,0.46211982,0.30807212,0.29592013,0.45340797,0.39892456,0.49049172,0.38528335,0.43653828,0.40269366,0.52398,0.51835304,0.4062424,0.512105,0.4941562,0.5238145,0.42701373,0.50638247,0.44945085,0.46204826,0.59429103,0.39548802,0.45087138,0.4378453,0.41382456,0.45255342,0.5347792,0.33292684,0.47753543,0.32843536,0.46451074,0.5080951,0.5411183,0.567713,0.45274666,0.50584984,0.5276722,0.45977274,0.4604915,0.37393373,0.5371814,0.47934783,0.40889725,0.43921185,0.4061967,0.39111122,0.37396526,0.41108763,0.39492726,0.3849901,0.42047203,0.30788395,0.30728853,0.45865184,0.35537487,0.3588137,0.3444347,0.353407,0.3796933,0.35826698,0.41299263,0.49467123,0.52759266,0.48823172,0.4323967,0.49014407,0.41605556,0.43520528,0.46627143,0.46715188,0.41397652,0.43897286,0.43760765,0.5221623,0.48664317,0.49839032,0.5580952,0.51149964,0.51151204,0.45930877,0.42044535,0.41208303,0.4063685,0.3682491,0.39505085,0.4006883,0.37597308,0.5524885,0.6146492,0.43794107,0.37614137,0.30907607,0.5425105,0.50891125,0.61170095,0.42606363,0.41592205,0.39886484,0.4912312,0.45112547,0.39122677,0.42426687,0.40286598,0.40841043,0.52492857,0.48164096,0.4072282,0.5071324,0.47001696,0.54693836,0.34277415,0.45020023,0.34794715,0.5498198,0.57889664,0.4462608,0.3876372,0.3875225,0.47143033,0.46716765,0.53995,0.41603288,0.33494294,0.30373746,0.36416602,0.39593267,0.4365864,0.3905287,0.3675544,0.3696437,0.37344643,0.4584474,0.44548902,0.33392996,0.3692462,0.3636783,0.40361226,0.5134517,0.56039387,0.403346,0.46431047,0.40763757,0.37040338,0.43161875,0.3723458,0.35073265,0.37340343,0.34620732,0.30686373,0.37527877,0.38862848,0.36998305,0.5201747,0.60233086,0.5198579,0.5490577,0.57221615,0.58351094,0.5742258,0.48249334,0.35680297,0.35537064,0.43302792,0.44200268,0.38201323,0.3821001,0.37153146,0.3141705,0.31449947,0.372432,0.40558964,0.39653584,0.36158508,0.45358342,0.46286377,0.42950925,0.45604184,0.4501993,0.41325822,0.4213887,0.3366207,0.44715494,0.32395494,0.3029891,0.40634763,0.42943108,0.49203694,0.40023595,0.51162565,0.43194354,0.51046664,0.54681873,0.4361398,0.52350587,0.45906445,0.57909197,0.45194465,0.4728007,0.3712392,0.5080667,0.6087148,0.40917236,0.36749473,0.37905648,0.45100528,0.4189067,0.5738858,0.3487861,0.58008707,0.3003976,0.45377254,0.54505825,0.40217692,0.537022,0.45557335,0.5144533,0.52784055,0.46558836,0.49520674,0.38272732,0.5782225,0.5527447,0.4177745,0.44722927,0.4325917,0.39506567,0.33020473,0.41545764,0.4379755,0.39815348,0.43236548,0.31568497,0.35516363,0.46627888,0.36798078,0.3843897,0.33982223,0.36692774,0.38442963,0.41990355,0.44752467,0.5646252,0.47084224,0.47594917,0.42209342,0.5039312,0.40730074,0.4079669,0.46028826,0.47296056,0.39630264,0.43611667,0.3969015,0.46118456,0.50547403,0.526277,0.55938447,0.52328455,0.5051978,0.39023033,0.42579803,0.40044665,0.39133674,0.38154206,0.3786716,0.4017224,0.41330555,0.58288145,0.641087,0.418364,0.41759345,0.34313452,0.52444774,0.54187536,0.6345342,0.39615393,0.41329637,0.3945715,0.47503367,0.39081106,0.37053448,0.41650188,0.40216675,0.40669507,0.5713424,0.4905979,0.39069873,0.53256935,0.5132846,0.546305,0.34488505,0.4161909,0.38618928,0.4866753,0.58375263,0.51807106,0.36024413,0.3548433,0.46100664,0.5267788,0.5723191,0.43574545,0.35807684,0.35642862,0.47705856,0.4597215,0.5546671,0.52926934,0.42438036,0.43819946,0.46261138,0.4568298,0.5069352,0.49701506,0.50398713,0.49318063,0.5262515,0.5095412,0.4104153,0.41621852,0.4509309,0.46860516,0.4818974
312,0.3619746,0.37803674,0.40526357,0.37080786,0.36543745,0.37991858,0.40018532,0.4413996,0.40695167,0.3296652,0.3213141,0.37494767,0.35657442,0.47378382,0.5098289,0.379011,0.38915926,0.43972784,0.37114632,0.38735214,0.38112637,0.3699768,0.38739392,0.3566172,0.3524758,0.43864572,0.38592637,0.4071765,0.43410534,0.5800088,0.5272463,0.45044556,0.5714846,0.5629181,0.499615,0.41640753,0.3097093,0.3172469,0.388908,0.3905031,0.36319074,0.3572114,0.33535895,0.31740826,0.2999013,0.37973413,0.39817855,0.37821093,0.39640266,0.38326386,0.43966293,0.4224185,0.42425585,0.40119267,0.39798892,0.4031239,0.35432318,0.4544721,0.29703262,0.28590488,0.47189286,0.41451475,0.46138227,0.40179604,0.45316234,0.41908264,0.5133738,0.50965464,0.43897694,0.5218102,0.4900222,0.5235948,0.42113972,0.47492015,0.4600926,0.48175627,0.57907283,0.38160142,0.4580755,0.41970178,0.40843034,0.42649096,0.48930103,0.31120443,0.43549034,0.3241694,0.48685804,0.52559704,0.50971353,0.5598976,0.43692634,0.48823377,0.52376986,0.47235695,0.41409454,0.36820462,0.49017456,0.47471902,0.38833985,0.42833668,0.39834931,0.37419692,0.35698447,0.39415172,0.38542795,0.3654958,0.40200013,0.30199942,0.29659712,0.44886777,0.3513392,0.3667642,0.33781955,0.32413626,0.37724933,0.3692786,0.41298136,0.49004522,0.5182257,0.47463533,0.41112527,0.4820947,0.4088519,0.41493985,0.43939584,0.47227404,0.40885144,0.42974257,0.4333017,0.51475054,0.48844346,0.5160776,0.5359556,0.5037311,0.51259106,0.457191,0.405631,0.4007854,0.38483202,0.35159263,0.37969226,0.37999725,0.360308,0.49182785,0.5584027,0.40088633,0.38711748,0.3033958,0.50502247,0.51107377,0.5847785,0.38566688,0.3948957,0.38531396,0.48393875,0.4185968,0.37726262,0.3856018,0.35842484,0.3966554,0.5107393,0.4420913,0.40467373,0.50315344,0.45875716,0.5388562,0.32796142,0.42905724,0.34820312,0.5204443,0.5382992,0.43645394,0.3717547,0.36771598,0.4564869,0.4880856,0.5260844,0.39454123,0.33841458,0.3061167,0.34134218,0.36820763,0.41382974,0.3641454,0.34036347,0.3413395,0.35109895,0.44086912,0.4296599,0.31174552,0.34743667,0.36004198,0.3591344,0.4627355,0.49997914,0.36394566,0.43480834,0.40278777,0.33154887,0.39022467,0.35256025,0.31506655,0.34677994,0.33897528,0.2929945,0.38660252,0.36555445,0.35497332,0.4642489,0.5841554,0.5037373,0.5040103,0.590537,0.5320127,0.5416439,0.45896617,0.33270422,0.3292678,0.3994229,0.4314494,0.35922223,0.35991552,0.36387846,0.30227667,0.30433744,0.3475675,0.40754503,0.36696017,0.3556662,0.41764662,0.44456467,0.41395783,0.4359591,0.44868627,0.39358783,0.42325458,0.3236993,0.42366156,0.31619504,0.28849664,0.4147626,0.40130958,0.45786995,0.38878137,0.50344336,0.43284926,0.47578403,0.5191718,0.46149412,0.5073615,0.46932593,0.5435177,0.43122333,0.4462108,0.39378148,0.4945419,0.56668115,0.38665786,0.36757642,0.35156512,0.43473002,0.38455474,0.50840735,0.31662935,0.5109664,0.28549305,0.4272602,0.5539456,0.36577347,0.5206511,0.41906807,0.49102843,0.5234963,0.47195742,0.43093902,0.36932576,0.50786304,0.5063743,0.3993128,0.435652,0.41909721,0.37392026,0.31396884,0.397742,0.42933357,0.377054,0.4183726,0.3076871,0.33353505,0.46243328,0.35038802,0.37918288,0.33453125,0.34279603,0.3766894,0.42986137,0.44224095,0.55939513,0.45574388,0.464432,0.40308687,0.50094277,0.4040736,0.38592622,0.4528556,0.46114978,0.3826545,0.44493034,0.39721015,0.45894948,0.51364887,0.52968013,0.5146103,0.51055473,0.5033098,0.37420174,0.40206867,0.38628983,0.3843715,0.36309505,0.35571727,0.36864993,0.38345492,0.5125115,0.565347,0.3770779,0.43200433,0.32762092,0.47444844,0.5194295,0.57976973,0.3596655,0.39518434,0.37978116,0.47052404,0.3598758,0.3643739,0.38265267,0.3598059,0.38406655,0.5245322,0.4459767,0.37827447,0.54550076,0.5136461,0.5538348,0.335626,0.3946467,0.3685909,0.43254703,0.5223383,0.5205547,0.34308562,0.34171548,0.4427556,0.5365039,0.5454402,0.4284238,0.34741455,0.3540486,0.4866318,0.45679653,0.5507192,0.5364601,0.42474404,0.43305957,0.4460098,0.4470288,0.5048995,0.49435425,0.49372622,0.480353,0.52693385,0.5126811,0.4146049,0.41861933,0.4453777,0.4611928,0.46862078
313,0.37284976,0.36760584,0.39615837,0.3690553,0.36320782,0.37402248,0.3943743,0.44070575,0.40472785,0.3331019,0.32908192,0.3881246,0.34065264,0.46250638,0.48805267,0.3526991,0.3914796,0.4434329,0.3569766,0.3634864,0.3739078,0.3685075,0.37804022,0.37875295,0.3663391,0.4647799,0.40304455,0.40682873,0.42244112,0.5721027,0.53531104,0.4549669,0.588976,0.5439254,0.5136475,0.4084851,0.3296111,0.34018812,0.38654852,0.39879644,0.36562094,0.3745662,0.3456876,0.343488,0.33246204,0.39495653,0.42218965,0.36746725,0.41623926,0.392463,0.43523535,0.42905083,0.4197937,0.41264674,0.40560606,0.41910106,0.38452604,0.46086785,0.32414198,0.3100368,0.5061133,0.4575979,0.44903362,0.44799387,0.49137324,0.45872998,0.5157358,0.5145716,0.49241605,0.5363712,0.5035558,0.5367092,0.43767688,0.4523173,0.47458905,0.50723475,0.56069523,0.39017224,0.46918103,0.41578582,0.41730738,0.41767132,0.4605626,0.32774734,0.41208524,0.3531797,0.52002966,0.5484014,0.49161434,0.55664647,0.4415823,0.48252577,0.52236736,0.4956678,0.39050165,0.391146,0.45853806,0.48610026,0.38897672,0.4292646,0.4087779,0.38209993,0.36997524,0.3982583,0.3997596,0.3718473,0.40242398,0.32376307,0.31591856,0.45234042,0.36887473,0.40254223,0.3578693,0.32870263,0.39626664,0.4041496,0.43207985,0.49342373,0.51632494,0.47284937,0.40997192,0.48434684,0.41443324,0.41466695,0.42395595,0.48613796,0.42534667,0.4331593,0.4375907,0.517424,0.49718365,0.5418667,0.5212351,0.5029226,0.5178592,0.4670278,0.4160326,0.41392347,0.38209143,0.36431697,0.39321253,0.38507482,0.3787579,0.44870248,0.50887156,0.3914693,0.41477787,0.33539292,0.48303577,0.52447224,0.5647924,0.36850196,0.3935794,0.3897547,0.49069846,0.40404603,0.38829792,0.37221903,0.3433105,0.40381005,0.51517886,0.43564412,0.4175471,0.50805986,0.4681652,0.53322345,0.3457348,0.42212915,0.36839306,0.4999256,0.5009414,0.4387753,0.38347208,0.37622955,0.4505791,0.5178158,0.5200584,0.39722264,0.3708018,0.34408885,0.35292754,0.36389703,0.40809286,0.3653487,0.3445806,0.3446425,0.35625476,0.43709904,0.43008533,0.31962484,0.3512686,0.37801248,0.34434488,0.44101313,0.46224612,0.35120103,0.42286816,0.41367412,0.3249979,0.37571996,0.36095697,0.31611696,0.34666896,0.36240783,0.3120832,0.4158318,0.3756615,0.3670939,0.4303993,0.57266665,0.50274634,0.48376516,0.6135975,0.5017634,0.52970994,0.4516541,0.34531632,0.34063292,0.39739418,0.43695456,0.36683843,0.3714727,0.37509668,0.32211414,0.33350265,0.35751057,0.43105465,0.3620636,0.3781625,0.4055632,0.44050416,0.4180753,0.43003348,0.4603033,0.3990742,0.43381998,0.34700274,0.42068985,0.3405236,0.30617315,0.45188197,0.40071183,0.43675882,0.40933177,0.51440775,0.45379472,0.4611934,0.5081096,0.5043489,0.50320816,0.50090545,0.51795423,0.43336812,0.43154988,0.4325143,0.48768684,0.5238746,0.38314638,0.38227078,0.3508853,0.43477613,0.3780647,0.4530353,0.32117817,0.44982484,0.30893552,0.42452195,0.5670299,0.36362317,0.5129269,0.40522656,0.47757468,0.52082014,0.49141815,0.39172658,0.38433254,0.44920045,0.473301,0.40044528,0.43206328,0.42401615,0.3795391,0.33366874,0.40291685,0.436658,0.37871978,0.42359313,0.32517537,0.3380124,0.46910012,0.3567306,0.40296736,0.35668764,0.34560233,0.386149,0.4502963,0.44930765,0.55314475,0.45714673,0.46427622,0.40252066,0.50102824,0.42060238,0.3884519,0.45464674,0.46146294,0.3934763,0.46410054,0.4126111,0.47476256,0.5247486,0.537221,0.48243973,0.5025771,0.50592107,0.38384062,0.4037362,0.39560804,0.395869,0.3715041,0.36392716,0.36544657,0.38550398,0.45098218,0.4942078,0.36413687,0.45367917,0.34422106,0.4428616,0.51320636,0.5316112,0.35289782,0.39499193,0.38635024,0.47703353,0.3578678,0.38349515,0.37452486,0.34807214,0.3816021,0.4991213,0.429513,0.3865674,0.5581926,0.52550143,0.5562685,0.35542172,0.3926507,0.3715186,0.4038763,0.46795508,0.5228339,0.35692492,0.35890126,0.4387918,0.550989,0.5215557,0.43602777,0.36633292,0.3847798,0.50277025,0.464698,0.54433954,0.54162055,0.44143236,0.4431237,0.44787034,0.45498323,0.5081358,0.49850798,0.49167427,0.476851,0.5291617,0.51728433,0.43419942,0.43651745,0.45716378,0.46730536,0.4674911
314,0.4111127,0.37892997,0.40658936,0.39006877,0.38365555,0.39110607,0.40660053,0.45169526,0.42025933,0.3566111,0.36013415,0.41191265,0.34920734,0.4755118,0.48776376,0.35075545,0.40993503,0.45689052,0.36726496,0.3637822,0.38729703,0.39009255,0.38992485,0.4273644,0.394241,0.49232805,0.44498718,0.42473832,0.4363185,0.5749267,0.55458766,0.48732477,0.61259824,0.5434242,0.54427713,0.4259938,0.3830132,0.39464453,0.4140035,0.42830417,0.3994544,0.42091882,0.37524363,0.39538637,0.3962015,0.43370557,0.4594676,0.37740704,0.44691038,0.42297485,0.4421761,0.44719017,0.4310846,0.43844303,0.43424466,0.44200495,0.43586332,0.4790223,0.38248795,0.36279103,0.54858416,0.5188873,0.45635802,0.5136093,0.54373896,0.5134892,0.53046423,0.5329489,0.55594915,0.5549316,0.5326567,0.561217,0.4724618,0.4430749,0.49031487,0.5354629,0.5448103,0.4154596,0.4829688,0.42477402,0.43718296,0.42392883,0.4526212,0.3734646,0.40855843,0.40593335,0.5570937,0.5747097,0.48958218,0.5597658,0.4611293,0.4883952,0.52332044,0.5261844,0.38813874,0.4349825,0.44810107,0.5095841,0.40929893,0.44109237,0.4358389,0.41349164,0.40914524,0.4232241,0.43608895,0.39980838,0.4200624,0.36639157,0.3601403,0.4660691,0.40477034,0.45774114,0.40007576,0.36287677,0.4304721,0.45188087,0.46157947,0.50427085,0.522913,0.4832977,0.42918593,0.49563193,0.43004274,0.43331414,0.420322,0.5075128,0.45914558,0.446387,0.44671437,0.5288796,0.5112534,0.5729287,0.5159727,0.50818425,0.5258144,0.48376226,0.44383052,0.443723,0.39480257,0.39915794,0.43060133,0.41076443,0.42289594,0.4275093,0.47581884,0.40432388,0.4524461,0.39563194,0.47954726,0.546264,0.5571875,0.37351388,0.4099769,0.40876693,0.51059955,0.40637377,0.41616583,0.37925583,0.3542968,0.4259727,0.53534335,0.4575428,0.44205862,0.5208295,0.4943096,0.5314882,0.3904823,0.4299632,0.40379342,0.49202436,0.47641778,0.44996572,0.42020005,0.40923184,0.45401257,0.5521104,0.52230823,0.41988182,0.42442477,0.41042316,0.3940265,0.37947196,0.4175886,0.38904056,0.3743175,0.37437516,0.3852461,0.44672066,0.44557554,0.35243332,0.3767414,0.40942463,0.35438886,0.44696277,0.4499434,0.3614702,0.42519683,0.4363243,0.34529403,0.3840654,0.39218387,0.34837264,0.36852345,0.41280395,0.35632798,0.4554026,0.41073167,0.3996709,0.42022142,0.57259613,0.51755464,0.49035665,0.6396233,0.4965749,0.53900826,0.4603322,0.3900777,0.38230792,0.424849,0.45756006,0.40276438,0.41110995,0.40096876,0.36647984,0.39159778,0.392453,0.46826157,0.3776723,0.41953853,0.41324985,0.44907644,0.4383546,0.43856296,0.48183104,0.42827055,0.45080227,0.40029684,0.43694913,0.38991025,0.3509486,0.5081021,0.42664424,0.4339082,0.45484525,0.54317814,0.4913859,0.46774146,0.5176756,0.55728334,0.51343817,0.54718554,0.50840354,0.45704663,0.43192482,0.4776694,0.49160546,0.4932754,0.39655882,0.4066648,0.372547,0.4504333,0.39492485,0.4195846,0.35479492,0.4100575,0.3621801,0.44320387,0.5854274,0.38971096,0.5164805,0.41195863,0.47509512,0.52048373,0.5210527,0.379154,0.42179537,0.41420406,0.46074444,0.42049518,0.43710938,0.44808882,0.41137,0.38566822,0.4306855,0.46019816,0.40022337,0.44501314,0.36194888,0.36506262,0.48323968,0.38532314,0.44852495,0.40128124,0.37257567,0.4092567,0.47559375,0.46409217,0.5486328,0.47429055,0.47579923,0.41945633,0.504396,0.4501653,0.41294873,0.46306217,0.47345856,0.42467216,0.48858878,0.4364764,0.5043708,0.53764284,0.54925805,0.46884602,0.50106096,0.5124937,0.4123192,0.4254548,0.4222274,0.4192804,0.4007634,0.39782333,0.38709167,0.41217336,0.41042772,0.44394642,0.37472978,0.47903204,0.3860941,0.43357858,0.5247034,0.5020678,0.37115735,0.40974608,0.40994677,0.49268568,0.3792793,0.4194475,0.3865464,0.36242434,0.39651057,0.49647298,0.4371727,0.4122782,0.56973577,0.54616046,0.5535797,0.39837,0.41001442,0.39274973,0.40178126,0.4341305,0.5245768,0.39922103,0.40196788,0.4486284,0.57018775,0.50731593,0.45395014,0.40937597,0.44085976,0.5211336,0.480408,0.53676105,0.54421544,0.47023147,0.4658757,0.46520823,0.476418,0.5162871,0.50853515,0.49798334,0.4829478,0.53235286,0.5230532,0.46492428,0.46557286,0.48185202,0.4842522,0.47788545
315,0.46781677,0.40640953,0.43277135,0.4270028,0.4205277,0.42593473,0.43373874,0.46986505,0.4479106,0.39508492,0.4080261,0.44139186,0.3760763,0.5064918,0.5062191,0.36812633,0.43619543,0.4768287,0.39697763,0.38262975,0.41480568,0.42870018,0.41680363,0.49257365,0.43017966,0.51763785,0.4988139,0.45543653,0.46713674,0.5879143,0.5824322,0.53499466,0.63811123,0.5594355,0.5837478,0.45974582,0.45753622,0.46534187,0.4620682,0.47189653,0.45880178,0.48404923,0.41920385,0.4604926,0.47272766,0.48138338,0.5006702,0.40245485,0.47798795,0.462997,0.4563117,0.47176287,0.4536785,0.47210854,0.47719854,0.46828383,0.49531692,0.5045609,0.45984116,0.43525708,0.59006107,0.5842783,0.48314115,0.5814207,0.59718555,0.5694964,0.5534912,0.56131434,0.6161121,0.575777,0.5699313,0.5903033,0.51763093,0.4514741,0.50746727,0.5642136,0.53675693,0.45109025,0.49990764,0.44399345,0.46523997,0.44171742,0.4642015,0.43455192,0.42393702,0.46919364,0.5909462,0.60011965,0.5037644,0.56848633,0.48860174,0.50265336,0.52645695,0.56001896,0.4045248,0.48847434,0.46046662,0.54082006,0.44577405,0.4614618,0.47517854,0.46173188,0.46585563,0.46357477,0.48721382,0.44259045,0.45037016,0.4212497,0.42142382,0.48621324,0.45431542,0.52028906,0.45574343,0.4192512,0.47237366,0.501109,0.4938311,0.520917,0.53696895,0.504023,0.46505013,0.51313084,0.45281264,0.46518806,0.4271031,0.5335125,0.5022429,0.4660201,0.45901513,0.5469372,0.5280474,0.60391974,0.5193715,0.5171922,0.53445035,0.50266325,0.47813043,0.48051986,0.4177152,0.44479734,0.48068562,0.45019674,0.4782755,0.4297636,0.46531346,0.43248183,0.49428105,0.46761453,0.49420518,0.5727034,0.56371987,0.3959796,0.43995214,0.43946505,0.5385531,0.4205682,0.45104688,0.40049317,0.3850539,0.45906076,0.5669775,0.49755925,0.47384655,0.53774005,0.5288062,0.53321373,0.45212385,0.450167,0.4491059,0.5011109,0.47003892,0.46571493,0.47374186,0.458576,0.4651569,0.58493227,0.5315806,0.45492566,0.48868772,0.4914892,0.45486575,0.40846452,0.43863308,0.4277401,0.42086834,0.42212987,0.43203858,0.4650857,0.47097018,0.40239295,0.41630262,0.44543073,0.38257357,0.4748121,0.4619069,0.38798678,0.43654996,0.46510378,0.38483214,0.407588,0.43626073,0.4022142,0.40428722,0.48090252,0.4139856,0.49744743,0.45837244,0.44227618,0.43091413,0.5845043,0.54505515,0.51838565,0.6641045,0.5130588,0.56470215,0.47945225,0.45533314,0.44259968,0.47231865,0.4881503,0.45872778,0.4679671,0.4367359,0.42558146,0.46171156,0.43922448,0.50933534,0.4070115,0.4669685,0.43396103,0.46520397,0.4680821,0.45793733,0.50783366,0.47391358,0.47223645,0.47022063,0.46678072,0.45382518,0.4149235,0.5680078,0.4735909,0.45041382,0.5124936,0.58078116,0.5362268,0.4914497,0.5432703,0.6083452,0.53559285,0.5956696,0.514753,0.4943935,0.44895598,0.5200208,0.5072744,0.48229706,0.42379326,0.4354086,0.4076151,0.47679883,0.42650935,0.41313684,0.40678945,0.3978339,0.4318282,0.47619763,0.60587454,0.43484402,0.5294371,0.4341616,0.4813093,0.5229715,0.55482185,0.39005554,0.47151184,0.4076234,0.46957132,0.4559825,0.4501857,0.48756203,0.46423903,0.4596195,0.47542834,0.49573672,0.43624985,0.4770642,0.41072875,0.40951282,0.5007921,0.43204784,0.50462294,0.4591147,0.4179794,0.44223112,0.50179535,0.4832586,0.5476777,0.50366175,0.49744758,0.45063663,0.5111479,0.4843901,0.45300138,0.47464925,0.49460235,0.46881467,0.5131589,0.46321782,0.5403224,0.55064577,0.5639882,0.4736742,0.50557756,0.5215362,0.44977885,0.45824444,0.45727035,0.44692668,0.4406759,0.44664246,0.42653987,0.45146647,0.3973251,0.42359233,0.40134814,0.5055466,0.44235268,0.44529435,0.5499409,0.49602064,0.40675667,0.43592465,0.44513887,0.51400065,0.41451925,0.4613863,0.41042936,0.3950598,0.42533603,0.5140544,0.46106026,0.45000786,0.5786194,0.56911767,0.5461356,0.45446473,0.44305503,0.4286256,0.42277855,0.42651117,0.52587646,0.46180883,0.46254262,0.4683507,0.5914252,0.5056122,0.47663277,0.46814427,0.50903386,0.53764534,0.49987307,0.5285565,0.5437334,0.5057594,0.49749362,0.49139598,0.5042662,0.527855,0.5224497,0.51128596,0.49769574,0.53600043,0.5293402,0.50178313,0.5008307,0.51288784,0.50726056,0.49675056
316,0.5313532,0.44249362,0.46827912,0.472289,0.4666596,0.47092956,0.46975866,0.49017644,0.48091567,0.4417245,0.4629336,0.47160703,0.4146877,0.5465344,0.5366968,0.39802644,0.4632217,0.49877462,0.43923506,0.41296965,0.44835898,0.47554064,0.45021206,0.560172,0.4674387,0.5392252,0.5508645,0.49015307,0.50519764,0.6057715,0.612293,0.58443874,0.6592888,0.5856371,0.6231618,0.4994369,0.53681266,0.5357879,0.5189739,0.5204365,0.5317601,0.5500778,0.47063613,0.5253288,0.5440024,0.5256719,0.53740597,0.43543097,0.5023272,0.5025875,0.4727828,0.49719498,0.48160648,0.5063729,0.52569616,0.49355885,0.55102813,0.53241384,0.5402062,0.5140555,0.623298,0.6408863,0.5230235,0.6364503,0.6399545,0.61554235,0.5790726,0.5925431,0.66259736,0.5962006,0.6061265,0.6169893,0.56239796,0.47605857,0.52500993,0.5906766,0.5381652,0.49028623,0.5185564,0.46870232,0.4971357,0.46718752,0.48942104,0.4973063,0.4536267,0.529874,0.6165757,0.6197913,0.5296983,0.5799475,0.51810426,0.52171683,0.53142595,0.5924908,0.43440846,0.5403463,0.4901709,0.5739987,0.49203175,0.48610276,0.51937276,0.5158034,0.5275266,0.5092207,0.54271346,0.49139303,0.4857154,0.4785154,0.48846787,0.50894886,0.508748,0.57798666,0.5147226,0.48662138,0.51415944,0.54318917,0.52238816,0.54055554,0.5550596,0.530286,0.5100017,0.53335273,0.47774497,0.5013493,0.4398847,0.5592147,0.5451025,0.48685336,0.47252053,0.5676803,0.5442167,0.62873393,0.529333,0.5275807,0.5423834,0.5212749,0.51097673,0.51582444,0.44440603,0.4902083,0.53012395,0.49483785,0.5304964,0.45156834,0.47564125,0.4684568,0.5351411,0.5351084,0.52190226,0.59823745,0.5800473,0.42893943,0.4772275,0.4769654,0.5674067,0.43992087,0.4842653,0.4294861,0.42696428,0.49711037,0.602594,0.54442525,0.5071865,0.5544718,0.56267905,0.5368547,0.5179251,0.47689393,0.49679357,0.52503264,0.48061278,0.4820517,0.5315345,0.51285166,0.4795346,0.609613,0.5449555,0.49337068,0.5516555,0.57010907,0.5227798,0.44289273,0.46619698,0.47348282,0.47461793,0.47745073,0.48717445,0.48647243,0.5001694,0.45909277,0.45967433,0.47836277,0.4218683,0.5151188,0.49115914,0.4229095,0.45093933,0.49356878,0.43447965,0.4383871,0.4816302,0.46436402,0.4442278,0.55246377,0.47255728,0.5353209,0.5059702,0.48380986,0.45494732,0.6024582,0.5773634,0.55786645,0.6812075,0.54356503,0.59768426,0.5032841,0.52587795,0.5080918,0.5282075,0.52245766,0.522545,0.52973896,0.4771893,0.48839977,0.5276399,0.48530537,0.5459733,0.44180694,0.50977767,0.45961016,0.48314154,0.49970025,0.4826958,0.53255266,0.5259118,0.49437287,0.5403336,0.50233555,0.5201604,0.48666814,0.61827165,0.53074175,0.48094738,0.56792545,0.6158163,0.57787704,0.5248571,0.5739675,0.64724445,0.56315565,0.6343451,0.532243,0.53342193,0.47913054,0.55297345,0.53069866,0.48909664,0.45914397,0.46228832,0.44535533,0.50656384,0.46411446,0.42951488,0.4649523,0.4098947,0.5024409,0.514993,0.62243986,0.48772305,0.54631466,0.46545208,0.4932996,0.5276781,0.58612883,0.41696832,0.521761,0.4251228,0.49352372,0.50028515,0.46833277,0.53429806,0.52761495,0.5386174,0.5266439,0.5362901,0.47925866,0.51212895,0.46301165,0.46299693,0.5181668,0.48794842,0.5592582,0.51979905,0.4732783,0.480248,0.52497303,0.50267166,0.550061,0.53863186,0.52479935,0.49004924,0.52000767,0.5154099,0.4985655,0.4852268,0.5201218,0.5157365,0.53286844,0.48783025,0.5740916,0.56129783,0.57787514,0.49188474,0.51410824,0.53082633,0.48720273,0.49294943,0.4915883,0.47206423,0.48056853,0.496777,0.47440383,0.49150348,0.40862736,0.43047166,0.4350899,0.5303975,0.5009312,0.47180283,0.579851,0.5088306,0.45083863,0.46881783,0.48491105,0.5360884,0.45370868,0.5000259,0.4382904,0.43685552,0.46217752,0.54388255,0.4928901,0.49160492,0.5838336,0.5880121,0.53559345,0.51209044,0.484154,0.4717097,0.45893034,0.44162375,0.5267585,0.5305466,0.5279994,0.49121857,0.60925066,0.51429933,0.49926633,0.53103155,0.57477283,0.54994154,0.5193784,0.5204624,0.5403011,0.5417846,0.5322185,0.519469,0.5320938,0.5405378,0.5374831,0.5285466,0.5180783,0.5396339,0.5351199,0.53887135,0.5367256,0.54408497,0.53147364,0.51969564
317,0.5890982,0.47909257,0.50515,0.5175562,0.51383835,0.5173512,0.5078846,0.50789,0.5124388,0.48808196,0.51331466,0.4971105,0.4581252,0.58402115,0.5681858,0.43334413,0.48509353,0.5184409,0.4856149,0.44824532,0.4808529,0.5212459,0.4821386,0.61646736,0.49895576,0.5543199,0.5893613,0.51977515,0.54112,0.62027746,0.6362204,0.6234901,0.669315,0.61231047,0.6521002,0.5345249,0.6037127,0.5925282,0.5702154,0.5638115,0.6010748,0.604264,0.52069485,0.5783099,0.5971554,0.55767435,0.56207454,0.4683369,0.51536524,0.5330067,0.48711255,0.5173933,0.50868434,0.53382105,0.5693815,0.5135104,0.59339046,0.55706054,0.607255,0.5833907,0.6430597,0.6796157,0.56588537,0.6699606,0.6648828,0.64598244,0.60107,0.61858946,0.68851465,0.61187357,0.63302463,0.6359919,0.596594,0.51054245,0.5392891,0.61009234,0.5473104,0.5263442,0.5347913,0.49407482,0.5267351,0.49649918,0.5212489,0.5508662,0.49083984,0.5770205,0.62973833,0.62961835,0.5593091,0.5898036,0.54470944,0.54286253,0.53741056,0.6175746,0.46958163,0.5808359,0.527824,0.6024659,0.54005945,0.51084363,0.55912894,0.5636915,0.580999,0.54935247,0.59113455,0.5368133,0.517922,0.5288087,0.54880583,0.529808,0.5572303,0.620586,0.5680818,0.5515004,0.54886985,0.5714844,0.5410901,0.5591939,0.572843,0.5558268,0.55470407,0.5524829,0.49870843,0.53322285,0.45373574,0.57959026,0.5797044,0.50292176,0.48379686,0.585134,0.55604637,0.64154476,0.5430745,0.5372923,0.54863364,0.5378848,0.53729683,0.54316074,0.46919668,0.52670544,0.56750816,0.5349248,0.56923336,0.48472324,0.4995814,0.50419885,0.5694076,0.58672154,0.5543433,0.6156619,0.598834,0.46466643,0.5148119,0.51535505,0.5912238,0.4591407,0.5092509,0.46038744,0.4709237,0.5333696,0.6309959,0.58718956,0.53635305,0.5672399,0.58917856,0.54048413,0.575183,0.5036738,0.53853613,0.5550143,0.50362283,0.49609563,0.5813112,0.5605894,0.4923678,0.62035817,0.5584962,0.52724713,0.6021269,0.6303282,0.58419824,0.4751373,0.4948786,0.5182525,0.52583957,0.529748,0.5404241,0.5056346,0.5272156,0.51105994,0.49724013,0.50264305,0.4653379,0.5553328,0.52595484,0.4589612,0.4631729,0.51627046,0.48455504,0.4706293,0.5190822,0.5211163,0.47950467,0.6126514,0.52151114,0.56278324,0.54266816,0.51535904,0.48310894,0.6172154,0.60518533,0.59674895,0.6851053,0.57786673,0.62655914,0.5252009,0.58578444,0.5655214,0.57846344,0.5532861,0.5801353,0.5829675,0.5164591,0.54389876,0.57675856,0.51999664,0.5708343,0.4737043,0.53984755,0.48176944,0.49806973,0.52599424,0.5071008,0.55066645,0.5727086,0.51300627,0.59553546,0.53566825,0.5768505,0.55230784,0.65003794,0.584506,0.5171421,0.6093954,0.63944113,0.6086296,0.5594226,0.5995185,0.6672412,0.58841974,0.6549906,0.5542775,0.563731,0.51511985,0.57167536,0.55562204,0.50780135,0.49539495,0.48158932,0.47779605,0.5330545,0.5010003,0.46086016,0.5177211,0.4390094,0.5600227,0.55164737,0.6294672,0.5362995,0.5603669,0.4991879,0.5093153,0.5332248,0.6089775,0.45054856,0.56193644,0.45866802,0.52410454,0.54525983,0.48846063,0.5779183,0.58718646,0.6044822,0.57220215,0.5736278,0.5209112,0.5425893,0.51001877,0.5154032,0.53240925,0.54134274,0.601815,0.57386994,0.5288947,0.5179399,0.540978,0.5170177,0.55410767,0.5708767,0.5515013,0.529921,0.5288574,0.5369769,0.53870475,0.49149865,0.54475325,0.5558344,0.5436193,0.5052318,0.5975998,0.5669058,0.58720016,0.5167935,0.5242899,0.53835803,0.517645,0.52166146,0.5176885,0.4901002,0.5117566,0.5359262,0.51989967,0.5230839,0.43651563,0.45589885,0.4673669,0.55013955,0.5507552,0.50506425,0.6044527,0.532045,0.49424413,0.5030091,0.52242434,0.5546437,0.488772,0.52835184,0.464512,0.4792741,0.50025815,0.5739296,0.52491874,0.52872056,0.58443326,0.59856385,0.5243852,0.5604522,0.5242447,0.5129543,0.5002657,0.47266048,0.5267862,0.58972144,0.5845823,0.5106435,0.6179862,0.52907735,0.51839954,0.5850512,0.6252991,0.5564813,0.5357439,0.5135072,0.5343164,0.5719859,0.56303245,0.5434704,0.5545912,0.5516206,0.5503275,0.5456332,0.539347,0.5425581,0.5394359,0.56979835,0.5671362,0.5697372,0.55220413,0.54171807
318,0.6323175,0.50966835,0.5369177,0.5558579,0.55496085,0.5581216,0.5436366,0.51881987,0.53635156,0.5276024,0.5509785,0.515145,0.5004052,0.6096742,0.59119135,0.4680726,0.49878156,0.5330742,0.5286247,0.48411024,0.5088711,0.559197,0.50742215,0.6529634,0.52065414,0.56160015,0.6081351,0.5379646,0.568536,0.624728,0.6486288,0.64454746,0.6640395,0.6300703,0.66331744,0.5549789,0.6468407,0.6283917,0.6020655,0.59316576,0.6515606,0.6352706,0.5621329,0.6136132,0.62688285,0.5732111,0.56981444,0.49559233,0.51637125,0.54884845,0.49565747,0.5272266,0.5293949,0.5490954,0.5989307,0.5261338,0.61689126,0.5737926,0.65160906,0.63314515,0.64699316,0.69724953,0.6030407,0.67985845,0.6698034,0.6596208,0.6150272,0.63382685,0.69153804,0.61925995,0.64616793,0.64368886,0.6155041,0.54759246,0.5482354,0.6193457,0.5602513,0.55455405,0.54555273,0.51671845,0.54964167,0.5256846,0.5528967,0.5896157,0.5291717,0.60616434,0.6289747,0.62768084,0.5848766,0.5943437,0.56541777,0.5629724,0.54323447,0.63118386,0.5017894,0.6044463,0.56416017,0.6218174,0.5820775,0.5320422,0.5861266,0.5963837,0.61676705,0.5757113,0.6228955,0.57133764,0.540397,0.5671391,0.5944106,0.54425234,0.593387,0.6436097,0.60985035,0.6029664,0.57188076,0.5824534,0.54659706,0.57296777,0.58684593,0.5751204,0.5914236,0.5668012,0.51168436,0.554201,0.4646784,0.5918493,0.6017378,0.5101734,0.4905364,0.59448254,0.5610788,0.6389806,0.5568278,0.54470474,0.5522915,0.55028784,0.55379707,0.5591616,0.48837522,0.5491583,0.58680904,0.56355447,0.5903134,0.5200078,0.52765334,0.5331294,0.5919847,0.61764234,0.58363026,0.6202498,0.6133913,0.4966707,0.54759294,0.5504409,0.60648686,0.47608283,0.523003,0.48966512,0.5102762,0.5638137,0.64392036,0.6174886,0.55807346,0.57342553,0.60426784,0.5425348,0.61526966,0.5253384,0.5698752,0.58187526,0.53257114,0.50682503,0.6148572,0.5932234,0.49962673,0.6146292,0.5683381,0.5508666,0.63475764,0.6648352,0.6299847,0.500406,0.52043676,0.5560135,0.56737596,0.57205,0.5853597,0.51804775,0.54660475,0.5505115,0.52381593,0.5169533,0.507481,0.58497304,0.5554473,0.49128813,0.47114736,0.5310463,0.5281055,0.50207824,0.54510397,0.564533,0.5051454,0.6520188,0.5552135,0.5770865,0.5626845,0.5325617,0.5082821,0.62131363,0.62204134,0.6247623,0.67199504,0.605518,0.64232266,0.5368763,0.6239216,0.6058037,0.6091708,0.57340205,0.62024045,0.61658484,0.5497402,0.5848929,0.60308075,0.5381511,0.5788057,0.49780998,0.5533553,0.49541685,0.50620145,0.54122156,0.52588284,0.55833095,0.6043724,0.5256717,0.6275786,0.5607967,0.6165849,0.60218626,0.6598426,0.6247056,0.5513284,0.63151366,0.6469067,0.62422264,0.5879113,0.6137635,0.66595405,0.6048121,0.6549203,0.57371646,0.58057755,0.54924357,0.57537395,0.57629365,0.53129756,0.5266764,0.49101308,0.50192964,0.5520159,0.53219604,0.4985066,0.55805135,0.47656593,0.5979194,0.57991594,0.62370354,0.57278013,0.56678873,0.52997845,0.52702904,0.5380348,0.6197355,0.48259205,0.58618927,0.4989548,0.55354786,0.583333,0.5079483,0.6091217,0.630327,0.64583534,0.6022591,0.5997775,0.5541612,0.5623264,0.5465631,0.5590885,0.54117584,0.5839891,0.6264439,0.6150106,0.5766117,0.5502757,0.5469835,0.5226504,0.5574631,0.5935833,0.57162076,0.5633302,0.5356717,0.5461451,0.56488544,0.4914908,0.56468666,0.5840666,0.54349893,0.5128503,0.6061037,0.56598264,0.58945155,0.5412659,0.53381664,0.54289025,0.537074,0.53943974,0.53242254,0.49967048,0.52986956,0.5576503,0.5551541,0.5419086,0.47181672,0.4891686,0.49295434,0.5617477,0.5850772,0.5374952,0.61699116,0.5568573,0.52972007,0.5344408,0.5540656,0.5672007,0.515418,0.543064,0.48743567,0.5167331,0.5352589,0.59401643,0.5505761,0.55668133,0.57940346,0.59827334,0.5147229,0.59234464,0.5555419,0.5462088,0.53807443,0.5111041,0.52552456,0.62862825,0.62232304,0.5213294,0.61426646,0.5453522,0.5316584,0.6224555,0.6541949,0.5567079,0.54672045,0.5079465,0.52600133,0.5924375,0.5848117,0.5597784,0.56859446,0.5589532,0.55830115,0.5583628,0.5564232,0.5441544,0.54168904,0.5901514,0.5874863,0.5857631,0.56582713,0.5586289
319,0.65905833,0.5313643,0.5606008,0.584095,0.58637154,0.58958375,0.5749523,0.520779,0.5487757,0.55771834,0.5742182,0.52663684,0.5377315,0.6196154,0.6014083,0.49883446,0.5052599,0.5419556,0.56412,0.5184174,0.5320287,0.58660066,0.52492154,0.667492,0.53274286,0.5622715,0.60860807,0.54336816,0.58642036,0.6171096,0.64858824,0.645652,0.64411324,0.63343763,0.6553386,0.55552375,0.6644266,0.64354897,0.6084383,0.604107,0.6771138,0.6400015,0.5917644,0.6323144,0.63579863,0.57461894,0.56083757,0.51604706,0.5095688,0.55040956,0.49635664,0.5247736,0.5403513,0.55060613,0.6101422,0.5317827,0.62130105,0.58043534,0.6729674,0.6622502,0.63603705,0.6952363,0.6294149,0.66920877,0.6566962,0.6578439,0.61941075,0.63703924,0.6738842,0.61697936,0.6454522,0.6386968,0.62021935,0.5806602,0.55247813,0.6181637,0.5719833,0.57326627,0.55070025,0.53487915,0.56461084,0.5505585,0.5790243,0.61370397,0.56378,0.6194821,0.6163681,0.61485004,0.6017845,0.591683,0.57885075,0.57823485,0.5475996,0.6323885,0.52600515,0.6117908,0.5931212,0.6317295,0.6125759,0.5464557,0.595864,0.6099891,0.6310793,0.5846535,0.6336753,0.59126985,0.5500579,0.5937678,0.62339854,0.5496386,0.6161782,0.64787054,0.6378063,0.6363446,0.5815197,0.5770224,0.54007196,0.57980543,0.595203,0.5850754,0.61663866,0.5740188,0.51666945,0.56063914,0.47067136,0.5966535,0.6112234,0.50847644,0.492755,0.5941309,0.55920774,0.6217838,0.56699973,0.5489151,0.5527476,0.5565872,0.5598295,0.56416875,0.5006292,0.557528,0.58920455,0.57962227,0.596353,0.5498747,0.5515308,0.55273354,0.6002042,0.6294137,0.6047021,0.61232466,0.6202039,0.5218381,0.57342416,0.57994413,0.6129226,0.49097446,0.5265742,0.5163109,0.54245925,0.5878943,0.63960874,0.6324784,0.5718037,0.572622,0.60693026,0.5421865,0.6355705,0.53845733,0.5905451,0.60000247,0.5597645,0.51468873,0.6289881,0.6068676,0.49906537,0.5948819,0.5718353,0.56199646,0.6503504,0.67479,0.65831727,0.5180954,0.5407691,0.58428943,0.5966402,0.60227543,0.6199856,0.52120113,0.5547803,0.57611674,0.53982246,0.5245929,0.54500604,0.5993113,0.57336867,0.5181298,0.47570524,0.5389995,0.5624907,0.53246826,0.560857,0.5934507,0.5211788,0.66812027,0.5741984,0.58029795,0.5675675,0.5371379,0.52760345,0.61211646,0.62678164,0.636078,0.64238274,0.61927587,0.6411511,0.532654,0.638129,0.6270723,0.6135445,0.5786,0.6387325,0.6267503,0.57486004,0.6105344,0.6091085,0.54217094,0.5693465,0.51434666,0.5524539,0.5006444,0.5054921,0.5428716,0.53557223,0.5543586,0.6166324,0.5320675,0.6366911,0.57491267,0.63867813,0.63449407,0.6493307,0.647278,0.57789046,0.63540274,0.63791853,0.62398744,0.60592633,0.61547947,0.64566004,0.6087855,0.6367236,0.58480626,0.58502746,0.5757988,0.5683048,0.5886143,0.55224097,0.5502213,0.49276415,0.5189649,0.56224626,0.5546852,0.53403753,0.5853412,0.51345813,0.6176456,0.59647626,0.60563797,0.5948532,0.5641252,0.5540595,0.54265696,0.54060453,0.61750853,0.5086979,0.5951458,0.5370114,0.57634604,0.60961515,0.52394193,0.62251264,0.6508908,0.66054434,0.61236197,0.60985243,0.5749169,0.5685098,0.57258105,0.5906019,0.54350495,0.61263186,0.63261205,0.6412144,0.6116679,0.5732123,0.54262006,0.5194126,0.558257,0.6036901,0.58181304,0.5867089,0.5392743,0.5446353,0.57334405,0.48524702,0.5788308,0.6005822,0.5343563,0.5121421,0.5995354,0.55932695,0.58413404,0.5594078,0.54086846,0.54427385,0.5455192,0.5459384,0.5370811,0.5028635,0.5362018,0.5635833,0.5779403,0.5500193,0.50550425,0.52018815,0.5113,0.56372464,0.6031457,0.56331515,0.61596066,0.57612276,0.5544122,0.56113034,0.57911044,0.5740969,0.5334094,0.5454162,0.50815433,0.5474648,0.5656039,0.5997182,0.5668567,0.5748951,0.56862223,0.5870928,0.50789624,0.6058911,0.57328135,0.5694143,0.566627,0.54713655,0.52308965,0.64404494,0.6376157,0.52083975,0.59895015,0.5586297,0.53808826,0.6424223,0.6616096,0.55157685,0.55151564,0.5035098,0.5160618,0.60246074,0.59605277,0.56795025,0.57403946,0.56182957,0.56061584,0.5640376,0.56587064,0.5444739,0.54184693,0.59896976,0.5965595,0.5909027,0.5708717,0.5685059
320,0.67273766,0.545752,0.57689816,0.60347056,0.6085299,0.6117471,0.60146457,0.5150795,0.5498395,0.5796772,0.5867393,0.5355106,0.56915104,0.6151766,0.5999345,0.5254968,0.5084797,0.54643357,0.5918571,0.5505481,0.5513055,0.603939,0.5369874,0.662706,0.5390768,0.5598955,0.5984825,0.5395127,0.5988194,0.60035366,0.639428,0.6297909,0.6146237,0.62186134,0.6321541,0.5386773,0.6621653,0.64376765,0.5928062,0.5981515,0.68018293,0.6234641,0.6108286,0.6405403,0.63205785,0.5697293,0.5409738,0.5319422,0.5020493,0.54327327,0.4902308,0.51293975,0.5416826,0.5414614,0.60536754,0.53274286,0.61124325,0.5781192,0.6768567,0.6758516,0.614085,0.6782628,0.6438554,0.6448331,0.6306688,0.6433703,0.61583287,0.631116,0.642051,0.60619664,0.63438016,0.6221712,0.61584246,0.60546917,0.5543436,0.6087698,0.57844025,0.58379525,0.55283,0.54836714,0.5732816,0.56801564,0.5970331,0.6274821,0.5922113,0.6234171,0.59708244,0.59437,0.6096095,0.5824832,0.5851484,0.58544004,0.54952025,0.62299603,0.5419567,0.6086182,0.61312556,0.6354607,0.6298443,0.55237365,0.5892456,0.6059059,0.6254674,0.57754856,0.6252265,0.59710145,0.5478377,0.612407,0.6382939,0.54649043,0.6279295,0.63724464,0.6532719,0.65277857,0.5794,0.5607805,0.52673215,0.5799907,0.5976162,0.5856275,0.6314457,0.5740967,0.51722157,0.55264825,0.4723358,0.597383,0.6116622,0.5017385,0.49300748,0.5861308,0.55261415,0.59495217,0.571709,0.5499738,0.55007726,0.55646026,0.55809784,0.5618779,0.50730324,0.55686146,0.58186805,0.5871938,0.5949994,0.5706034,0.56690425,0.564965,0.59539104,0.62810016,0.6164299,0.5970775,0.61954147,0.54092884,0.5928501,0.60322976,0.6133063,0.50527143,0.5244268,0.5408821,0.56845975,0.60721874,0.622349,0.63511825,0.5791295,0.56651235,0.59926385,0.5392088,0.63862735,0.542082,0.6027915,0.60852945,0.57894355,0.52106076,0.6248264,0.6025639,0.491149,0.56812894,0.56871265,0.56192493,0.65351015,0.66611516,0.672987,0.5311567,0.5560907,0.6042382,0.6154286,0.622254,0.64527553,0.5161423,0.55195314,0.59174013,0.54945195,0.5318322,0.57701313,0.5994835,0.57889247,0.54042864,0.47908485,0.54329497,0.5886635,0.5616131,0.56959766,0.61083543,0.5314658,0.66351557,0.5837544,0.5783983,0.5648431,0.5358444,0.5426161,0.59230095,0.62306964,0.62999606,0.60167915,0.61683685,0.6244539,0.5138342,0.633805,0.63363665,0.59439015,0.56990844,0.6385975,0.6172797,0.5927776,0.6254115,0.6038897,0.53999,0.54751784,0.5270107,0.5440693,0.501253,0.4971547,0.5332139,0.53605294,0.5413269,0.6119369,0.53392786,0.62917125,0.5786223,0.64706105,0.65325654,0.62413156,0.65345263,0.59427375,0.62668204,0.6157523,0.6101424,0.6129975,0.6075765,0.6132443,0.6007934,0.60764605,0.58518344,0.5822639,0.5926439,0.55823094,0.5908927,0.5651512,0.56643766,0.49253112,0.53240085,0.56544656,0.56796426,0.5615611,0.60395116,0.54276365,0.62601,0.6016439,0.57920474,0.6048435,0.55445313,0.5699902,0.5522019,0.5400494,0.6039468,0.5290246,0.59452826,0.5670086,0.59053,0.62312716,0.5341517,0.6178941,0.64974093,0.6526968,0.60393304,0.60388666,0.5828403,0.5622184,0.591669,0.61006606,0.54036015,0.62800485,0.62372494,0.6542485,0.6332515,0.585008,0.53050435,0.5106237,0.5558883,0.6023155,0.5822335,0.60077584,0.5397163,0.5381342,0.56541824,0.47527105,0.5886552,0.60899174,0.5214994,0.50836617,0.58253884,0.5496043,0.5728899,0.56851774,0.54470724,0.54336476,0.54693514,0.5451214,0.53577465,0.5042647,0.5366942,0.5615714,0.5910581,0.5541553,0.53127635,0.5426177,0.5254292,0.55712074,0.6090493,0.58025134,0.60485035,0.5862392,0.5699498,0.5829433,0.59831977,0.57820857,0.54556584,0.5405589,0.5283217,0.5725564,0.59129447,0.5926941,0.57554924,0.5854426,0.5531679,0.5678244,0.50386995,0.6041334,0.5769285,0.583637,0.5846383,0.57279485,0.5202478,0.63843685,0.6323494,0.5105358,0.57694227,0.56565523,0.538373,0.6489567,0.6518189,0.5431836,0.5509878,0.49992883,0.5059168,0.60413617,0.5986249,0.57037294,0.57372266,0.5609895,0.5585965,0.56251127,0.5672177,0.54420984,0.5404509,0.59848565,0.59653145,0.5870829,0.56857526,0.572045
321,0.6794267,0.55699563,0.58900344,0.61803496,0.6247779,0.6272507,0.6238915,0.50636,0.54410666,0.59696835,0.5944577,0.54724085,0.59590083,0.60179555,0.5921001,0.5497912,0.5135721,0.54936177,0.6141276,0.58069324,0.5681702,0.6137982,0.54745936,0.6447828,0.545441,0.55997723,0.58877695,0.5327446,0.61229473,0.58086294,0.6270782,0.6044448,0.58331925,0.5993368,0.6022522,0.5139314,0.64960724,0.63791776,0.5656716,0.58175814,0.66784364,0.5962013,0.62299824,0.6463525,0.62620944,0.5688486,0.51981014,0.5467077,0.50058514,0.5363058,0.4818497,0.49861175,0.53714526,0.5286246,0.5916199,0.53256375,0.59508294,0.57110673,0.67127943,0.6811801,0.587664,0.6542634,0.6487669,0.61662453,0.599363,0.6201472,0.6086477,0.6214589,0.6067037,0.59080046,0.619173,0.5978478,0.60970485,0.62119466,0.5570407,0.5959146,0.5782422,0.58944917,0.556047,0.5585586,0.579493,0.5778558,0.60746086,0.63699806,0.61441123,0.6260086,0.57865506,0.5710686,0.61163366,0.57020754,0.58630884,0.5835422,0.5488036,0.60735744,0.55351055,0.6032771,0.62620205,0.6379692,0.63520306,0.5505852,0.57193553,0.5900584,0.6055431,0.5598051,0.60358846,0.59266603,0.5374688,0.62745476,0.64353514,0.5382607,0.63270146,0.61764973,0.6591098,0.65628403,0.57002485,0.5425794,0.5142195,0.57563424,0.5952636,0.5793497,0.64008164,0.5691408,0.51816255,0.5340711,0.47233537,0.598293,0.6087942,0.4961202,0.49575496,0.5756572,0.54481673,0.56641066,0.5714468,0.54875773,0.5452533,0.55178005,0.55423856,0.5584767,0.51171684,0.55509365,0.57486445,0.59294295,0.596043,0.5829761,0.57422864,0.5749343,0.5823973,0.6220188,0.62145275,0.5828115,0.6146881,0.55686456,0.6080671,0.6212464,0.6125044,0.52061355,0.5228842,0.5643873,0.59097433,0.62426275,0.6008088,0.63232315,0.5831279,0.5579728,0.5861222,0.53380954,0.6303581,0.5383918,0.6099034,0.6108231,0.58786625,0.52768105,0.6069467,0.58568424,0.4787311,0.5435396,0.561317,0.55428225,0.6507826,0.64755684,0.68045783,0.54347456,0.5683608,0.6194272,0.62806135,0.6358876,0.66360164,0.50735813,0.5425147,0.6029749,0.55772287,0.5450017,0.60438555,0.5910052,0.57580405,0.5603836,0.48369196,0.54767704,0.60942787,0.5889253,0.5746328,0.62135226,0.5409312,0.64433867,0.5906983,0.57932657,0.5646107,0.5371854,0.5576924,0.5688548,0.6172402,0.6106471,0.5589,0.6008049,0.5981207,0.4885436,0.6203689,0.63292575,0.56201494,0.5529729,0.62715364,0.59697,0.605964,0.63624144,0.5991792,0.54169464,0.52249,0.5400996,0.53665996,0.50255144,0.48590913,0.51856834,0.5308581,0.5249714,0.5973371,0.5340193,0.61453295,0.575473,0.64735675,0.6643274,0.5929319,0.6481069,0.60141057,0.61349815,0.586288,0.587171,0.61247957,0.59529334,0.5793863,0.5850827,0.5783523,0.57651794,0.5795166,0.60138875,0.5537628,0.5845605,0.5682598,0.5773856,0.49690542,0.546102,0.5656396,0.57421917,0.5792947,0.61982846,0.5616604,0.63170546,0.59928465,0.55039454,0.60862887,0.542578,0.57909125,0.5534427,0.53662217,0.58339715,0.54685044,0.5920432,0.587535,0.59752667,0.62575346,0.5380349,0.59961766,0.63308746,0.62990445,0.5829337,0.58590657,0.58083576,0.5474343,0.60809857,0.6195349,0.5343247,0.63353926,0.6059057,0.6573807,0.64280957,0.58662105,0.51535004,0.5015201,0.55121565,0.59390026,0.5759821,0.60948336,0.5381935,0.5335515,0.5466077,0.46553317,0.5968763,0.6144107,0.51130027,0.5086751,0.5635199,0.5400459,0.5589607,0.56959486,0.54579407,0.5415879,0.54758567,0.5431872,0.5337161,0.50894564,0.5388449,0.56152076,0.600173,0.5624257,0.54715717,0.5553113,0.5399949,0.54495776,0.60915244,0.5900153,0.5905628,0.5877708,0.58020866,0.60102725,0.6130146,0.58351785,0.5558638,0.5352552,0.5489064,0.5941815,0.61306787,0.57927775,0.58206856,0.5917331,0.53503406,0.54559064,0.5016024,0.5931934,0.57021064,0.5917471,0.59554553,0.58501536,0.51812524,0.61814326,0.612423,0.49473524,0.5550006,0.5657577,0.5343114,0.6485621,0.6318137,0.53401357,0.5472153,0.4970124,0.49717847,0.60144955,0.596658,0.5710321,0.5720853,0.5581044,0.5549368,0.556094,0.56279653,0.54412985,0.538376,0.59286463,0.5915833,0.5790066,0.5626228,0.57185847
322,0.68569607,0.56908965,0.6006968,0.63242835,0.6392188,0.6397482,0.64322704,0.5006847,0.53887486,0.6131326,0.60263646,0.5665799,0.61979127,0.5872417,0.5851536,0.573309,0.52505744,0.553948,0.6338976,0.6093025,0.584129,0.6195782,0.5596315,0.6225982,0.5570208,0.5680663,0.58982986,0.5296658,0.63239264,0.56636095,0.6181245,0.58058053,0.55836964,0.57374716,0.5763267,0.49405992,0.63724357,0.6353027,0.54068947,0.5639066,0.6492287,0.5709157,0.6317368,0.65647763,0.6276523,0.5808196,0.5068436,0.56322175,0.5094015,0.53854185,0.47747493,0.4894458,0.5326606,0.5200149,0.57747805,0.5346202,0.58280885,0.5657912,0.66443485,0.684529,0.5647975,0.63359,0.64924854,0.59558725,0.5717796,0.5938645,0.60384923,0.6142728,0.5804158,0.57687765,0.6075072,0.5720002,0.6092527,0.6303013,0.56383246,0.5861472,0.57317346,0.5941261,0.5643053,0.5681181,0.58799094,0.5832,0.61357325,0.64744616,0.6318477,0.63381046,0.56906945,0.5505687,0.6130455,0.5602453,0.58569956,0.5744814,0.54620916,0.5918,0.5663599,0.60364485,0.63622034,0.6437235,0.63113385,0.54394585,0.5519328,0.5713132,0.57967013,0.5391537,0.57678604,0.5836886,0.5237317,0.6416509,0.6435362,0.5299462,0.6348063,0.5962752,0.6576057,0.6513788,0.5591661,0.5313504,0.50992316,0.56975543,0.59071624,0.5705619,0.6478695,0.56275916,0.52319527,0.5114057,0.47378436,0.6028161,0.6089903,0.49740764,0.50541246,0.5693915,0.53948814,0.5446538,0.56887305,0.5466075,0.5399724,0.5461168,0.55521536,0.56088376,0.51758903,0.559779,0.5775344,0.6030247,0.608082,0.59102124,0.5774877,0.5886543,0.56723726,0.6192036,0.6248384,0.5781209,0.61074656,0.5724992,0.62152356,0.6357369,0.6160822,0.53790313,0.52792525,0.5875706,0.6126677,0.64113885,0.585157,0.63235164,0.58726597,0.55032796,0.5740297,0.52681214,0.6182686,0.53204125,0.6148886,0.612216,0.5888158,0.53590846,0.58257866,0.56472504,0.4657823,0.52936316,0.553785,0.5436649,0.6488998,0.62917244,0.68759364,0.5572736,0.58011824,0.6339137,0.6391597,0.64730394,0.67747146,0.50094086,0.53348553,0.6141121,0.5685317,0.5678093,0.6285395,0.58160806,0.57044667,0.5797388,0.49152428,0.5550353,0.6277599,0.6137525,0.5783593,0.6297956,0.55304354,0.61965203,0.600202,0.5902097,0.5755697,0.54787,0.5774256,0.5510348,0.61595386,0.5864629,0.5241707,0.5783427,0.5713609,0.46796915,0.6080791,0.63254964,0.530602,0.53546786,0.61324763,0.57638407,0.6161484,0.64839834,0.6048884,0.55572015,0.50384086,0.55643106,0.5369075,0.50951654,0.47812977,0.50650084,0.5257906,0.5117523,0.5815415,0.5346496,0.6028957,0.57102287,0.6446415,0.67229295,0.5657635,0.63849396,0.6033777,0.6043799,0.5574087,0.56190073,0.61022526,0.5848886,0.5559878,0.5688916,0.5600914,0.564135,0.58410907,0.6063929,0.56149733,0.5745239,0.5640027,0.5853049,0.5105862,0.56317586,0.5684287,0.577951,0.58937776,0.6374434,0.57132107,0.64186335,0.5958883,0.52591985,0.6130892,0.53435326,0.5846907,0.5474505,0.5316939,0.5628113,0.5664905,0.59426314,0.60081273,0.6011933,0.6203964,0.53688794,0.57502866,0.610832,0.6018996,0.55796474,0.5617802,0.5737184,0.5294627,0.6242531,0.62162435,0.52868503,0.6340003,0.5867441,0.65332276,0.6422765,0.5807752,0.5021348,0.49699467,0.5463254,0.5846795,0.5677905,0.6178603,0.5365324,0.5361695,0.524809,0.45978934,0.60594314,0.6216812,0.50873923,0.5190537,0.55216265,0.5334805,0.5462928,0.56673187,0.5455222,0.54056215,0.55377316,0.5462065,0.5357554,0.52043295,0.5484761,0.57149625,0.6112312,0.58118933,0.5549928,0.5615066,0.5593432,0.5304628,0.6095541,0.5971579,0.5813733,0.5849462,0.58912265,0.61686206,0.6243596,0.59336334,0.5675068,0.53502774,0.57000494,0.6143144,0.63177454,0.5682918,0.59299475,0.5973043,0.51687264,0.5267343,0.49996364,0.58016366,0.5597346,0.59743994,0.60536164,0.5863441,0.5176576,0.5923487,0.5865515,0.4789644,0.53930545,0.5612465,0.5280093,0.64814997,0.61025834,0.5263296,0.5427568,0.49472696,0.49112654,0.599151,0.59506214,0.5740557,0.57361424,0.55524874,0.55270433,0.5486048,0.5565615,0.54467666,0.5366221,0.58670384,0.5862239,0.57280034,0.55795807,0.5713716
323,0.6966848,0.58412075,0.61457384,0.6497831,0.6547171,0.65219617,0.65988904,0.5030518,0.5410451,0.62994415,0.6140545,0.5952317,0.64176893,0.5786623,0.58499813,0.59646946,0.5451648,0.5623634,0.6531653,0.636395,0.59993726,0.6241693,0.57521737,0.60546714,0.57609946,0.58703655,0.60764986,0.53512543,0.6609902,0.56345606,0.61778986,0.5693987,0.5462689,0.5548305,0.56357914,0.49018142,0.6335211,0.64269894,0.5299525,0.55289334,0.633484,0.55834335,0.63879997,0.6741621,0.6414985,0.6096381,0.50806695,0.58264023,0.52927566,0.5556831,0.4821709,0.49071282,0.53391916,0.521386,0.570167,0.5406331,0.58282304,0.5686117,0.66267866,0.6896368,0.5525127,0.62566483,0.651342,0.59022266,0.5557006,0.5713473,0.60718423,0.6150621,0.5733619,0.571004,0.6064462,0.5521091,0.6195971,0.6369288,0.5769044,0.58564395,0.56728476,0.6008649,0.58004874,0.579804,0.60254204,0.5885967,0.6199742,0.6614241,0.64636314,0.6494545,0.573888,0.53818727,0.6186706,0.55799365,0.5864722,0.5624209,0.5430737,0.58280694,0.58495396,0.61453223,0.64711934,0.6553686,0.6200978,0.5358957,0.5364997,0.55843747,0.556418,0.52311355,0.5525897,0.5758458,0.5109537,0.65528345,0.64150095,0.52614343,0.637294,0.57968646,0.64988,0.6420814,0.5516577,0.532887,0.51833546,0.56532043,0.5872193,0.56398946,0.659177,0.5588578,0.53381956,0.49156997,0.47878727,0.61261725,0.61686563,0.5089195,0.52412957,0.57315046,0.53948474,0.5364254,0.5677981,0.5449166,0.53598064,0.5430289,0.5666959,0.5740028,0.52745247,0.5753717,0.5954626,0.62050486,0.6352142,0.5995266,0.5818337,0.6101331,0.55462945,0.62492114,0.6319011,0.5889903,0.61299896,0.5893031,0.63468045,0.6478044,0.6282757,0.55688536,0.54306895,0.6103248,0.6348043,0.65826255,0.5835442,0.6418516,0.59384674,0.54663014,0.56909543,0.5195828,0.6091658,0.52816963,0.61935353,0.61698675,0.5868255,0.546102,0.55971605,0.5486304,0.4560106,0.5307903,0.5506838,0.53437954,0.6526551,0.6193845,0.69967514,0.5724228,0.59315836,0.65038484,0.6518456,0.65934485,0.6885965,0.5021768,0.5316143,0.6269921,0.5840019,0.60036474,0.6501836,0.57823634,0.5688407,0.5988204,0.50365424,0.5665342,0.64547265,0.6353078,0.5821115,0.63960105,0.5689292,0.5990711,0.6142632,0.6149013,0.60198236,0.5708046,0.60438776,0.547574,0.6240991,0.56813675,0.50622463,0.5594802,0.5540789,0.46167445,0.6051497,0.63805056,0.5133052,0.52415365,0.60474265,0.56466764,0.62355906,0.66428864,0.6256742,0.58551675,0.49820936,0.5766609,0.5479612,0.5252959,0.47921145,0.5029876,0.5265438,0.50658983,0.5722681,0.53700215,0.60230225,0.5711789,0.6422795,0.6793368,0.55107796,0.63251525,0.6061087,0.60575336,0.5374816,0.54255635,0.6125683,0.5828772,0.5528148,0.5607715,0.5616714,0.5555151,0.6017048,0.6131347,0.58434284,0.5679767,0.5579517,0.5921903,0.5350617,0.5853466,0.57952994,0.584462,0.59638745,0.65850466,0.5757876,0.65967894,0.59841347,0.51210165,0.62266976,0.5349053,0.5904742,0.53827,0.5271549,0.55021,0.5914604,0.6049012,0.61113423,0.60677505,0.60992295,0.5329974,0.552253,0.59366196,0.57815987,0.53758246,0.5372794,0.5665476,0.51340175,0.6399842,0.6188959,0.52631915,0.6339409,0.573296,0.6437538,0.6335071,0.5706415,0.49472165,0.5000793,0.5438295,0.58066565,0.5624373,0.6298248,0.53641105,0.54842407,0.5075532,0.46051106,0.61701137,0.63362527,0.5164918,0.54204893,0.556228,0.5320425,0.5385557,0.56568825,0.54580235,0.5417804,0.5696439,0.5584958,0.5449623,0.5398065,0.5681841,0.5955838,0.62793106,0.61283743,0.55884385,0.5667257,0.58562267,0.5161064,0.6143748,0.60711896,0.58475274,0.58415455,0.59955955,0.63118815,0.63274693,0.60908043,0.5818865,0.5423875,0.5908401,0.63393253,0.647629,0.56811666,0.61334884,0.6045426,0.5015922,0.5172375,0.49831566,0.57108974,0.5524214,0.60424626,0.619324,0.58337134,0.5192635,0.5706873,0.5637365,0.4682943,0.53432703,0.5565158,0.5212415,0.65309083,0.59512585,0.52167004,0.5398671,0.49336848,0.48855826,0.601235,0.5978328,0.5824673,0.5813892,0.55432415,0.55442727,0.5439973,0.5525551,0.5459931,0.53612256,0.583662,0.5839839,0.57375336,0.55892956,0.57364064
324,0.71394414,0.60209036,0.6309623,0.67031455,0.67159903,0.6654668,0.67317593,0.5156184,0.55435497,0.64665765,0.62834036,0.6306316,0.661319,0.5793264,0.5932309,0.61847395,0.57287425,0.5748964,0.67182165,0.66089064,0.6148802,0.62890995,0.5942986,0.5994628,0.60124207,0.61547697,0.6417277,0.55121696,0.69553447,0.57542205,0.627956,0.57783246,0.5499017,0.5502426,0.56854117,0.5079258,0.6420835,0.6619418,0.5399259,0.55354786,0.62704784,0.5641361,0.644052,0.6986039,0.66703284,0.65263546,0.52499586,0.6037568,0.55752367,0.5877013,0.49803814,0.50416803,0.5442471,0.53489566,0.57355434,0.5504,0.5990262,0.58330804,0.6686904,0.6971837,0.55430996,0.6349336,0.65941113,0.6032965,0.55484354,0.5583002,0.6220884,0.62714326,0.5899445,0.5780809,0.6200736,0.5442079,0.64152527,0.64469314,0.5963737,0.59790653,0.5654103,0.61091787,0.6034661,0.594588,0.6240996,0.59719694,0.63042074,0.67846894,0.6591459,0.67113394,0.594262,0.5374245,0.63126546,0.56690985,0.5901026,0.55182374,0.54067093,0.5846124,0.60996944,0.6363826,0.6612056,0.67343074,0.6045063,0.52929556,0.5300104,0.5567518,0.54157156,0.5165419,0.5367581,0.5729774,0.50236696,0.66673565,0.6388187,0.52949464,0.640783,0.57142293,0.63654584,0.6315266,0.55015814,0.5486683,0.5399556,0.56440353,0.5870495,0.56316715,0.6755091,0.56019443,0.5496276,0.4797328,0.48809764,0.62708974,0.632912,0.53076786,0.5508234,0.5897619,0.5462553,0.5454602,0.57159793,0.54479825,0.5342853,0.5442522,0.59055215,0.5983653,0.54201937,0.60195345,0.62848115,0.64409643,0.6746532,0.61138314,0.5908847,0.6388285,0.54728985,0.6401837,0.6459201,0.6167727,0.6247633,0.6069026,0.6473347,0.6569443,0.64962786,0.57649624,0.56835014,0.6312252,0.6563467,0.67366594,0.59946513,0.66293496,0.60291106,0.5487292,0.57489294,0.5133953,0.6068773,0.530375,0.6229781,0.62660694,0.58715814,0.5575291,0.54443926,0.5434153,0.45225906,0.54908234,0.55574834,0.5294771,0.663067,0.62178874,0.7182272,0.5875191,0.6076,0.6689258,0.66660273,0.67258316,0.6972392,0.5137394,0.5406738,0.6411881,0.6041452,0.6394634,0.66861516,0.58393794,0.573839,0.61652017,0.51985645,0.58161306,0.66240865,0.65213054,0.5864033,0.65155077,0.5878516,0.5887729,0.6319241,0.65251875,0.6421128,0.60469496,0.63793284,0.5640756,0.6428534,0.56468695,0.51040107,0.55302495,0.5531011,0.47463247,0.6153301,0.6513802,0.5178919,0.52286184,0.60613537,0.5671522,0.6275072,0.6835056,0.65973705,0.6278049,0.5083143,0.5995009,0.56927776,0.5499768,0.49185485,0.51100934,0.53648615,0.5120409,0.5741541,0.54162616,0.6163708,0.579827,0.6415249,0.6854572,0.5530249,0.6360193,0.61496156,0.61987406,0.53256994,0.53596014,0.62434,0.59467965,0.57489413,0.5680892,0.587497,0.55769634,0.63432914,0.62616533,0.6209436,0.5716432,0.556801,0.5997075,0.5686127,0.6120016,0.6022176,0.5973696,0.6051609,0.68213034,0.58037335,0.6839618,0.61155456,0.513633,0.637603,0.5473828,0.59897614,0.53083843,0.5247347,0.5518302,0.62254673,0.62438995,0.622932,0.6195568,0.59704196,0.5288435,0.5375944,0.5889311,0.5647367,0.52757835,0.51696914,0.56304735,0.50320446,0.6534076,0.613509,0.52888656,0.63601696,0.5697963,0.62981886,0.61843395,0.5590543,0.4955814,0.51179767,0.5458036,0.5854958,0.5632701,0.6466112,0.5387521,0.57011235,0.4996478,0.46893933,0.6294677,0.649828,0.5351022,0.57624215,0.57916903,0.53707415,0.5384021,0.5717249,0.54851246,0.5461595,0.59558487,0.5815661,0.56160146,0.56582063,0.59730214,0.6329557,0.6498895,0.65439403,0.563071,0.576007,0.6172937,0.50423187,0.62510145,0.62414265,0.6052469,0.5914679,0.6125466,0.6433568,0.6375856,0.6292921,0.59860235,0.556845,0.6096832,0.6523594,0.65964997,0.58348596,0.64391965,0.61377275,0.49172884,0.5210598,0.49630338,0.56941324,0.55292374,0.6141086,0.63959736,0.58386636,0.5229917,0.55970174,0.5498859,0.46651283,0.5426173,0.55625266,0.51525944,0.6655221,0.590639,0.52055204,0.5398347,0.49365154,0.48995617,0.6094697,0.6066359,0.5972572,0.59611493,0.5563518,0.561225,0.5450662,0.5536035,0.5480465,0.53740174,0.58550423,0.58661675,0.5840571,0.56754315,0.58022714
325,0.7342137,0.6215922,0.64788294,0.6910767,0.6875036,0.67797154,0.6812269,0.53737265,0.57822776,0.66031003,0.64241415,0.6666652,0.6766931,0.5873375,0.60636187,0.6377161,0.6041044,0.59010875,0.6875585,0.680499,0.6269272,0.6333815,0.61559045,0.60481757,0.6281312,0.6481772,0.6844941,0.5767754,0.7298621,0.6009699,0.64618427,0.6055207,0.5674835,0.5623918,0.5899492,0.5459738,0.660574,0.6890282,0.56986755,0.56627727,0.63169926,0.58786625,0.6460765,0.72537065,0.69793326,0.7006767,0.55535924,0.62305635,0.58848363,0.628337,0.52407515,0.5286069,0.56366134,0.5593631,0.58761746,0.56274706,0.6294664,0.6089776,0.68057984,0.70499104,0.5691542,0.65901536,0.67404044,0.6306213,0.5677645,0.5574008,0.6482361,0.65023637,0.62740666,0.59978724,0.6477286,0.55109245,0.6709045,0.65517116,0.6201243,0.6225199,0.5718594,0.6236482,0.6323725,0.610595,0.6500524,0.6092293,0.64599633,0.6954187,0.67008007,0.69371027,0.62666565,0.5489441,0.6506965,0.58728176,0.5959584,0.54594785,0.5398114,0.59761965,0.63752437,0.6652139,0.6779573,0.69618565,0.58729047,0.5263166,0.5336996,0.56670135,0.53683764,0.52067983,0.5324253,0.5762197,0.50029635,0.67323524,0.63501835,0.54018605,0.64324963,0.57095957,0.61861247,0.62161976,0.55538875,0.5763235,0.5715991,0.5677175,0.5901073,0.5694745,0.6946434,0.5675875,0.56924194,0.47849333,0.5018531,0.6432761,0.65293324,0.5603462,0.5819012,0.6179727,0.5597158,0.5721104,0.5818224,0.54690135,0.53492063,0.5491625,0.62369406,0.62956285,0.56042045,0.6350925,0.67003965,0.6685609,0.7169609,0.62606645,0.6050511,0.6690962,0.5467948,0.6614693,0.6666294,0.6573327,0.6457381,0.62323344,0.65764815,0.66123635,0.6758856,0.59548926,0.6004145,0.6476119,0.6739824,0.68354166,0.6305531,0.69159234,0.6123882,0.5565636,0.5914322,0.50887865,0.6112557,0.5398131,0.62382865,0.6399032,0.59363866,0.5688585,0.53922355,0.550146,0.45674977,0.581448,0.5708824,0.5302261,0.67693996,0.6339455,0.739804,0.6010954,0.62185264,0.68684113,0.6811067,0.68515325,0.7020167,0.5352335,0.5603591,0.65423954,0.6263576,0.67917037,0.6817762,0.5965875,0.5839059,0.6309635,0.5387763,0.5984985,0.6764101,0.66200644,0.5912761,0.6635379,0.60782254,0.5889798,0.6499181,0.696938,0.6879853,0.64408404,0.6738904,0.6009909,0.66876036,0.57994586,0.5373052,0.56272006,0.5696406,0.5066659,0.6366622,0.67009026,0.54519683,0.53218657,0.61729956,0.5844592,0.62709403,0.7031336,0.6993416,0.67313576,0.5335562,0.6220651,0.59715116,0.5799814,0.51579,0.5305946,0.5556622,0.52859175,0.5878419,0.54930204,0.64292294,0.59690577,0.64141935,0.68878776,0.57024115,0.650278,0.6319572,0.6438424,0.544361,0.5449879,0.64712095,0.62232876,0.620295,0.5943555,0.63543725,0.5746804,0.6781822,0.64695823,0.6654346,0.5889006,0.56619126,0.608669,0.60642254,0.63926417,0.6347506,0.6164388,0.61856174,0.705017,0.58949435,0.7097971,0.6356808,0.5324075,0.65446943,0.57199305,0.6106117,0.52887803,0.5256693,0.5695796,0.6561889,0.6498236,0.63861465,0.6426476,0.5845445,0.5268941,0.5341277,0.59821844,0.5625464,0.52983904,0.5042349,0.5647482,0.50146174,0.6616171,0.6067545,0.53656507,0.6398787,0.5763538,0.6126443,0.5992334,0.5485323,0.5062197,0.53168654,0.55290705,0.5991536,0.5714596,0.66634226,0.54363114,0.5988464,0.5025154,0.4856889,0.6410144,0.66678685,0.56307805,0.6167821,0.6187477,0.54882663,0.5470468,0.58747375,0.5548502,0.5535861,0.627582,0.61314464,0.5831111,0.59515125,0.6319692,0.67725235,0.672453,0.697589,0.57058656,0.59147257,0.6489215,0.49813753,0.64037406,0.64926654,0.6424238,0.6100476,0.6267614,0.6514044,0.63764703,0.6501272,0.61598825,0.5759731,0.624025,0.66709924,0.66571015,0.6132674,0.6797444,0.62325627,0.48902524,0.53903264,0.49347898,0.5753005,0.56251514,0.62607706,0.66455096,0.593761,0.5286973,0.5607634,0.5460555,0.47596127,0.5644092,0.5635475,0.51087487,0.68321764,0.59568423,0.5224722,0.54269856,0.4966544,0.49570468,0.6226603,0.62021345,0.6167479,0.61573136,0.56090987,0.5721848,0.55286574,0.5607788,0.5506135,0.5402723,0.59177405,0.5937773,0.60180795,0.58262295,0.5904919
326,0.7506429,0.6402823,0.66189027,0.70705867,0.6983904,0.6864414,0.6815342,0.56501436,0.60829717,0.6667092,0.65156573,0.6960922,0.68549645,0.5973075,0.6178665,0.6521515,0.63286644,0.6055877,0.69670534,0.69202715,0.6335801,0.6359388,0.63649905,0.61610794,0.6511922,0.6782637,0.72373366,0.60692704,0.7561509,0.634342,0.6665723,0.64458257,0.59310526,0.58805835,0.62148803,0.59658074,0.6819122,0.7155217,0.61263573,0.5879667,0.64461064,0.6235572,0.6431328,0.74773246,0.7245689,0.74169654,0.5940642,0.63554376,0.6148349,0.6673536,0.55699867,0.56088334,0.58918464,0.5912094,0.609162,0.5766403,0.6669844,0.64027715,0.69261295,0.70874465,0.5920794,0.68980473,0.69167924,0.6624498,0.5889308,0.5679687,0.6810371,0.6796904,0.67601985,0.6336385,0.68346184,0.57204723,0.7000407,0.6674875,0.6444274,0.6548788,0.5890212,0.63692945,0.6625713,0.623966,0.6750956,0.622444,0.66444343,0.70717317,0.6774729,0.71043646,0.66410387,0.5705504,0.6736286,0.6157467,0.60165995,0.54640263,0.5407923,0.6181417,0.6607846,0.6938525,0.6938957,0.7193413,0.57193094,0.5286866,0.5466534,0.58473253,0.5404936,0.5336289,0.5400766,0.5841183,0.5061071,0.6712515,0.6282195,0.5562063,0.6408195,0.5745281,0.5979169,0.61263233,0.5668881,0.61058336,0.6075019,0.574484,0.5940585,0.5821361,0.7115299,0.58005553,0.590792,0.48797283,0.52012026,0.65655434,0.67016464,0.5933177,0.6128036,0.65257204,0.57833946,0.61281407,0.5975379,0.5512864,0.53740287,0.5557139,0.65893614,0.6599949,0.58037823,0.6669343,0.7092553,0.68674207,0.75025177,0.6400175,0.6217418,0.69256586,0.5542299,0.6817599,0.6899555,0.70186913,0.6717102,0.635206,0.6627638,0.6583926,0.69961745,0.6125464,0.63331765,0.6561529,0.683049,0.6836961,0.6689125,0.71909404,0.61936575,0.56808054,0.61520535,0.5060193,0.6187666,0.55544853,0.6191657,0.6539858,0.60772026,0.5787643,0.54283106,0.56498235,0.47110337,0.621514,0.5951589,0.5358327,0.6881294,0.64877313,0.7572946,0.6117023,0.6333421,0.6996036,0.69108325,0.69337785,0.7002674,0.5639109,0.5869472,0.6618307,0.64545393,0.7120196,0.6868225,0.6104281,0.59439015,0.6402565,0.55831313,0.6146346,0.6838591,0.662473,0.5962409,0.6714912,0.62578607,0.5946329,0.6631564,0.73830676,0.72785497,0.68011874,0.70561165,0.6520564,0.6949355,0.6110395,0.5818891,0.5863091,0.59915334,0.5530522,0.662207,0.68783367,0.58957887,0.5505109,0.6341539,0.61281925,0.6215649,0.71797854,0.73358095,0.7096324,0.5706682,0.64014137,0.6256307,0.60893154,0.5484039,0.559529,0.5812281,0.55521697,0.61044747,0.56117964,0.67450994,0.6183232,0.6389909,0.6858312,0.5961885,0.6710842,0.65423185,0.6701909,0.56994206,0.56795204,0.67780757,0.66206723,0.6785938,0.6367996,0.69489604,0.605687,0.7234942,0.6725067,0.70848644,0.6179475,0.5885003,0.6182831,0.6410379,0.6606438,0.6699722,0.63723874,0.63586205,0.7215512,0.60429376,0.7297849,0.66629535,0.5665347,0.66783184,0.60517293,0.62316996,0.534011,0.5306105,0.59992623,0.68504107,0.6754358,0.656901,0.67430925,0.5750901,0.52953714,0.5421009,0.6178508,0.56793016,0.54279846,0.5016667,0.5710561,0.5091226,0.66090095,0.5986288,0.5481618,0.6422662,0.58918095,0.59352,0.5781842,0.541589,0.5273149,0.55805886,0.5641198,0.61820436,0.58599627,0.6848408,0.5505927,0.630206,0.5146218,0.510776,0.6482915,0.67948765,0.59653264,0.65654844,0.6668676,0.56598496,0.5638469,0.6116598,0.5647115,0.56276715,0.658311,0.64700496,0.6050783,0.6226774,0.6653705,0.7178568,0.68860734,0.7318049,0.58177495,0.61140096,0.6729594,0.5018818,0.656032,0.67896914,0.68951386,0.6383641,0.638763,0.652689,0.6316667,0.66655064,0.63146013,0.59638107,0.63094634,0.6743865,0.66314083,0.650439,0.71180654,0.6300292,0.49420732,0.56837255,0.48944914,0.58589196,0.57953286,0.63621217,0.6891641,0.61471456,0.535907,0.5704275,0.5490661,0.49703178,0.596676,0.57852566,0.50837106,0.6998101,0.6046411,0.5261035,0.5474136,0.50352025,0.50605226,0.6369088,0.6347295,0.6366046,0.6357283,0.56610644,0.58441985,0.56675774,0.5734476,0.55316854,0.54383755,0.6000729,0.6031391,0.621843,0.60026383,0.6016857
327,0.7559351,0.65500474,0.6689697,0.71299607,0.700052,0.6873082,0.672062,0.5939729,0.63802683,0.6618039,0.6511814,0.7129839,0.68507457,0.60305566,0.6210406,0.6591692,0.6531895,0.61885124,0.69538355,0.69193345,0.6328115,0.63457257,0.65327126,0.6251857,0.6650576,0.69950473,0.7481516,0.63390476,0.7672747,0.66698396,0.68203926,0.68284947,0.618794,0.6197333,0.6538677,0.64794046,0.69779646,0.7323905,0.6572248,0.61349326,0.659895,0.66173977,0.6341293,0.75918174,0.73820513,0.7662989,0.63451976,0.6363343,0.6302,0.69516134,0.59212136,0.5965615,0.61582047,0.6253889,0.6330405,0.5918455,0.7021113,0.6698808,0.6976962,0.703506,0.6161427,0.7172113,0.7061967,0.6878603,0.6112555,0.5865481,0.71287704,0.70768994,0.7227338,0.6730086,0.71800745,0.6028824,0.7207491,0.6784721,0.6648261,0.68736887,0.6156313,0.6478603,0.68872374,0.6308342,0.693152,0.6333653,0.6808404,0.70821124,0.67820567,0.71486473,0.69863415,0.59792006,0.69407153,0.64597124,0.60392207,0.5530125,0.5433948,0.63969165,0.67288786,0.7148316,0.7036777,0.7367938,0.56135833,0.5373335,0.56655484,0.60524887,0.5487811,0.5512943,0.5574316,0.59355915,0.5193647,0.65734655,0.6161491,0.5739251,0.6292836,0.57713926,0.5770956,0.603257,0.5835287,0.6450776,0.6412973,0.58253384,0.5958239,0.5985294,0.72037953,0.59530145,0.61150324,0.50584346,0.54196537,0.6622098,0.67884415,0.624449,0.63895506,0.68589824,0.59926575,0.6600317,0.6154821,0.5572968,0.5412513,0.56186676,0.68803215,0.6823794,0.59822834,0.689301,0.7359516,0.6921641,0.7657388,0.6480637,0.6363229,0.70190555,0.56985575,0.6935324,0.7093794,0.74025327,0.6958466,0.6394305,0.6597587,0.6470146,0.71379006,0.6259095,0.6604802,0.65367573,0.6789927,0.6713027,0.7037221,0.7359928,0.62179005,0.5799817,0.6402756,0.5045612,0.6243081,0.57469934,0.6064339,0.6647829,0.6275741,0.58600396,0.55127746,0.58099693,0.4950978,0.6610835,0.624243,0.54359883,0.6899664,0.6578642,0.7631871,0.6174542,0.63917696,0.70240444,0.6918042,0.69303244,0.6890653,0.59542835,0.6147745,0.6589415,0.6554661,0.731192,0.6806612,0.6188009,0.5996932,0.64258343,0.5758312,0.62721246,0.68065023,0.6515079,0.60005677,0.6709522,0.63802725,0.59856355,0.66608775,0.76719975,0.7514342,0.7035834,0.72631407,0.7052598,0.7139163,0.6490225,0.6338761,0.6167069,0.63287413,0.6051234,0.6831243,0.69693136,0.6401414,0.5747703,0.6507873,0.6452661,0.6106082,0.72213054,0.75315917,0.7281042,0.61410767,0.64901686,0.64836204,0.6300444,0.5852258,0.5937441,0.6085088,0.5893554,0.63670415,0.5779796,0.7016989,0.63794225,0.6302872,0.6725678,0.6214451,0.6905739,0.6751475,0.68973887,0.6028723,0.5995389,0.7090514,0.7045421,0.7343941,0.68607956,0.7503971,0.6447257,0.7590464,0.6962195,0.74084115,0.6521754,0.62096834,0.62616235,0.66456956,0.6698318,0.69863206,0.6533214,0.6525133,0.7252839,0.62136436,0.7362721,0.69574744,0.6100899,0.67205375,0.6400334,0.6323195,0.54581326,0.5394027,0.6349719,0.7010866,0.69468796,0.67280465,0.70746726,0.57031727,0.5384173,0.55951995,0.6410375,0.57486606,0.5622628,0.510565,0.5798403,0.524779,0.64755833,0.5879397,0.5614487,0.6384858,0.6021814,0.5739848,0.5574716,0.5406697,0.5580593,0.58792275,0.57707095,0.63720024,0.6038751,0.6971382,0.5589019,0.65827495,0.5320672,0.54245526,0.6479533,0.68358713,0.6293425,0.6880175,0.71235305,0.58559364,0.5860627,0.639166,0.5764093,0.57168627,0.6802897,0.6751262,0.622885,0.6425608,0.6898104,0.7445955,0.6918144,0.74872327,0.59403944,0.630727,0.68279326,0.5185253,0.6665638,0.7060674,0.7353367,0.67012036,0.643897,0.6447769,0.6189432,0.6742916,0.6418103,0.61453104,0.627754,0.67033184,0.6497479,0.6846682,0.73138046,0.63130236,0.50668883,0.60310525,0.48452732,0.59654844,0.60034925,0.63935405,0.70671713,0.64295834,0.5435937,0.58245414,0.55352426,0.52707714,0.6329931,0.5979782,0.50733,0.7071794,0.6101224,0.5297636,0.5523706,0.5147267,0.5206514,0.64707667,0.6451858,0.6512342,0.650561,0.56938785,0.594163,0.58443433,0.5892669,0.5549812,0.5469281,0.60712045,0.6112751,0.63801897,0.6154539,0.6100108
328,0.74491775,0.66252404,0.665477,0.70494705,0.68947864,0.6780725,0.65271723,0.6191299,0.6608472,0.6433474,0.63908386,0.71347135,0.67309505,0.59940326,0.6107086,0.65574104,0.66133094,0.6281132,0.6809759,0.67738694,0.6238779,0.628015,0.6619239,0.625706,0.66558367,0.7073309,0.75148207,0.65021795,0.75795186,0.6905382,0.68662304,0.7095101,0.6372295,0.648015,0.6779972,0.6884464,0.7025734,0.7337966,0.6928746,0.6373314,0.6712104,0.69347966,0.6195413,0.75574285,0.734434,0.7703266,0.6707942,0.6228679,0.63198256,0.70642763,0.6241321,0.6305932,0.6379144,0.6565737,0.65377766,0.6090489,0.72693163,0.69150066,0.69053906,0.68596494,0.6351255,0.73354334,0.7115629,0.69952744,0.62871987,0.60786885,0.73614025,0.7265228,0.7574605,0.709227,0.7429202,0.6363291,0.7271917,0.6833505,0.67700154,0.71230114,0.6461203,0.65381736,0.7055335,0.62864685,0.69918954,0.63820255,0.689414,0.69462574,0.66856796,0.7024767,0.7239601,0.6256948,0.70538956,0.6708818,0.59977967,0.5636194,0.5468771,0.65574497,0.6691248,0.7235831,0.7020192,0.74275786,0.5569201,0.5518221,0.59015983,0.622842,0.55781883,0.5689925,0.5802988,0.60145426,0.53758645,0.6301924,0.5978733,0.58921725,0.6062738,0.57524604,0.5596123,0.59199274,0.60393935,0.67508376,0.66841626,0.58892196,0.5931899,0.61469024,0.7167371,0.6102116,0.62746614,0.52806944,0.56408495,0.6572798,0.6767028,0.6483165,0.6558282,0.7104245,0.6187395,0.7044227,0.6309654,0.5636282,0.54592615,0.5663401,0.70491153,0.69264793,0.6098236,0.69734114,0.74478555,0.6809901,0.7597494,0.64486575,0.64294165,0.69319284,0.5928891,0.6923943,0.71851474,0.76505613,0.7111137,0.6332415,0.646933,0.6277257,0.71435034,0.6333769,0.67742944,0.6384827,0.6592476,0.64660585,0.72556,0.7355316,0.6197008,0.58906555,0.6604124,0.5044224,0.62380195,0.5941802,0.58460736,0.66742194,0.6479363,0.5891351,0.56010634,0.59177023,0.52539915,0.6928296,0.65153295,0.55034226,0.6777592,0.6551529,0.7521497,0.616627,0.63682735,0.6916255,0.6797591,0.6810318,0.6669785,0.6243631,0.6378617,0.64238346,0.65282434,0.7321491,0.66079396,0.6162481,0.5948564,0.6362286,0.58875763,0.6341417,0.66398025,0.62848794,0.6013585,0.6589177,0.64159787,0.5956576,0.65530765,0.7779168,0.7532964,0.7087051,0.7311093,0.7482237,0.7201223,0.6825198,0.68123114,0.6444869,0.6608642,0.6519792,0.69280297,0.69198245,0.6842813,0.6006277,0.6621626,0.67430913,0.5950186,0.71175784,0.7536532,0.7244915,0.65730375,0.6454604,0.66136146,0.63886726,0.62040293,0.6278313,0.6321702,0.6266825,0.6606486,0.5993119,0.7174627,0.65027463,0.6125119,0.64698267,0.6377506,0.7012761,0.6878092,0.6954631,0.63515705,0.63261425,0.73261774,0.73934954,0.77581316,0.7304853,0.7904244,0.68255913,0.7777542,0.7112729,0.75662506,0.6834254,0.65605724,0.6298358,0.6717929,0.6636996,0.7140847,0.659504,0.6621371,0.71155226,0.6341713,0.7237035,0.71661514,0.65465677,0.66289663,0.6689322,0.63359654,0.5620809,0.5508588,0.665882,0.6988157,0.7033807,0.6799472,0.73332125,0.5703109,0.5535528,0.5824854,0.66067505,0.578389,0.5828078,0.53026944,0.58849496,0.54494894,0.6201528,0.5735511,0.5738124,0.62504435,0.6095634,0.55630803,0.5396568,0.5478401,0.5957516,0.61762786,0.58875376,0.6506501,0.6207113,0.69912523,0.5675091,0.67716944,0.5500559,0.5761905,0.6380316,0.6771864,0.6548145,0.70509833,0.74596834,0.6038932,0.6094659,0.66287696,0.5871697,0.57853097,0.6890554,0.69131637,0.63355565,0.65008086,0.7000268,0.7521388,0.67822313,0.74477106,0.60257316,0.64276326,0.67517215,0.54862183,0.6681063,0.7231296,0.7698649,0.6968513,0.638107,0.62664205,0.6001727,0.6712125,0.64408195,0.62798625,0.6133033,0.6527212,0.6253608,0.7064361,0.73310274,0.6260544,0.52440095,0.635976,0.4800288,0.6031945,0.62060744,0.63205516,0.7112031,0.6707355,0.5502333,0.59109676,0.55484104,0.56055015,0.6656221,0.61655116,0.50706756,0.69893724,0.6063602,0.5320698,0.55606335,0.52916676,0.5378685,0.6489413,0.64745206,0.65612674,0.6557105,0.56892085,0.5985048,0.60210216,0.6044401,0.55552244,0.54878265,0.61041194,0.6153121,0.6456039,0.62402236,0.6122803
329,0.71529365,0.6610953,0.64942706,0.6812585,0.6658701,0.6582553,0.6263659,0.63586134,0.67208225,0.6124701,0.6169663,0.6953677,0.6489282,0.5834746,0.5844886,0.6397249,0.65714353,0.63252556,0.6537706,0.6479154,0.60794723,0.6166428,0.6597384,0.6163669,0.65079516,0.6990039,0.73220974,0.6518802,0.7244625,0.6994002,0.67635363,0.7188817,0.6436264,0.66499645,0.68813396,0.71066546,0.69494975,0.7180239,0.71278095,0.65528303,0.6744068,0.7140653,0.6020977,0.73660266,0.71386236,0.7532537,0.6997322,0.596726,0.6223984,0.70048434,0.64850247,0.65901536,0.6507752,0.68104565,0.66744876,0.62955666,0.7370987,0.70114535,0.6695853,0.6564363,0.64530206,0.7353498,0.703881,0.6948832,0.6374871,0.6259703,0.7458011,0.7311436,0.77626956,0.73522204,0.753467,0.6637643,0.7166976,0.6770359,0.6777186,0.72483325,0.67281985,0.6532295,0.7088869,0.6159362,0.69021326,0.633124,0.6850932,0.66555846,0.64558846,0.6719074,0.73670876,0.64876974,0.70275664,0.685635,0.5878912,0.57417256,0.55022675,0.662362,0.6477392,0.71947587,0.68522894,0.73309493,0.558749,0.57055986,0.61455536,0.63406706,0.5655704,0.58354324,0.6048679,0.6061566,0.55748177,0.5926395,0.57520163,0.5989477,0.5732266,0.56866175,0.54966754,0.5791611,0.6269644,0.6994245,0.6876491,0.59104174,0.5853326,0.6263969,0.69853586,0.6213019,0.6346906,0.5509693,0.58156997,0.6413674,0.6647008,0.66044647,0.6596451,0.72117126,0.633154,0.73861945,0.63912237,0.56871665,0.5503243,0.5681979,0.7064576,0.6902155,0.61250806,0.6909469,0.73517597,0.6529841,0.7323551,0.62629604,0.6357333,0.66625607,0.62225795,0.67850214,0.7130764,0.77298963,0.7122184,0.6160508,0.6251094,0.60370964,0.69998527,0.6333022,0.6834539,0.61199224,0.6250861,0.613807,0.72955227,0.7141868,0.61511046,0.5930335,0.6710486,0.5055985,0.6160359,0.6106749,0.5553724,0.6574531,0.66167176,0.5867583,0.56709313,0.594847,0.5565899,0.71207756,0.6711209,0.55441386,0.65031475,0.6390805,0.72176796,0.60941046,0.62510175,0.66597027,0.6541322,0.65703243,0.6358138,0.64547443,0.6515262,0.6133492,0.6383431,0.7127426,0.6270567,0.6000743,0.5772804,0.62052095,0.5960365,0.6349493,0.63457954,0.59555787,0.6001658,0.63552034,0.63614136,0.5855628,0.631869,0.76808226,0.7320954,0.694499,0.71759325,0.7737896,0.71034974,0.7029048,0.71491253,0.6613243,0.6758645,0.6844284,0.6890391,0.6720171,0.71303463,0.6234643,0.6661617,0.69521517,0.57751393,0.6873327,0.7354463,0.6996271,0.6954027,0.62991583,0.66501456,0.63512355,0.64845955,0.6570478,0.6476444,0.6624486,0.6777947,0.6241081,0.7191428,0.65189344,0.5861428,0.6116888,0.64096206,0.69926065,0.68821335,0.6844222,0.6593626,0.66012174,0.7430652,0.7599266,0.7989003,0.761778,0.8116724,0.71069014,0.77757615,0.7135689,0.7534231,0.70569557,0.6852225,0.6287069,0.6615845,0.6431929,0.713941,0.6534225,0.65976125,0.6795764,0.6368847,0.6901623,0.724052,0.6923614,0.6389806,0.6868529,0.62497944,0.57905173,0.56309897,0.6865242,0.67647576,0.7014727,0.6736508,0.7457903,0.57424337,0.57331544,0.60671604,0.67201215,0.57747257,0.6000315,0.5587568,0.59527916,0.5659608,0.5820163,0.5561549,0.58301747,0.6020954,0.6082249,0.5440108,0.5283191,0.5645959,0.63706285,0.64496577,0.596426,0.6547888,0.63213104,0.6887614,0.5749206,0.6826698,0.5653061,0.6059085,0.6188717,0.6612962,0.6679228,0.70416695,0.76343954,0.6176097,0.6297939,0.6764965,0.5942868,0.58225036,0.68388116,0.6932164,0.6370681,0.64309084,0.69493324,0.74019766,0.6478355,0.72058904,0.6029954,0.64191383,0.65116066,0.5905656,0.66066056,0.72556096,0.788168,0.7117996,0.6200978,0.5998901,0.5783152,0.65727043,0.6370883,0.636894,0.5897401,0.6228953,0.59324384,0.71015817,0.71480095,0.61584896,0.5439864,0.66090304,0.47753093,0.6044475,0.63680935,0.6145275,0.6991194,0.69015205,0.55431056,0.5940086,0.5519342,0.5915721,0.6884831,0.62926716,0.5075458,0.6728069,0.5914181,0.5322064,0.55752474,0.54389143,0.554564,0.64062065,0.63964385,0.6494354,0.6490152,0.5644865,0.5965419,0.6155015,0.61489683,0.5547682,0.54943115,0.6093618,0.6143168,0.64240885,0.623845,0.60710466
330,0.668089,0.65161717,0.621618,0.64341336,0.631467,0.6299013,0.5984518,0.641599,0.6701859,0.5739684,0.5892629,0.6585397,0.61511105,0.5558129,0.5440402,0.611405,0.64403087,0.63226616,0.61767554,0.6069054,0.5882718,0.602566,0.64643055,0.6000766,0.6217592,0.67440945,0.69241154,0.6391231,0.6654729,0.6915061,0.64951324,0.7102576,0.6363762,0.66698956,0.68332136,0.71235114,0.67703825,0.6864398,0.71499854,0.6657871,0.66850084,0.72367966,0.586289,0.7038562,0.6811739,0.71680415,0.72192746,0.5631636,0.60704815,0.6805029,0.6636187,0.6812152,0.6521417,0.69874215,0.6728833,0.65512484,0.73154324,0.6969749,0.6370102,0.61912304,0.6457809,0.7228524,0.6820334,0.6746605,0.6359991,0.635689,0.7400838,0.71974397,0.7802598,0.74820954,0.7488667,0.6782775,0.68940073,0.65577644,0.66591346,0.7241698,0.6899702,0.64575034,0.6970627,0.59183794,0.6657785,0.6145593,0.6641761,0.6233904,0.6082767,0.6259616,0.73661804,0.6638484,0.6845541,0.68945783,0.56904864,0.57975084,0.55259806,0.6591753,0.61023253,0.70496535,0.65201414,0.70545286,0.566516,0.5917371,0.63871634,0.6378547,0.57181734,0.59386283,0.6292426,0.6074305,0.5762381,0.55118734,0.55172575,0.6019076,0.5352731,0.56002784,0.55088216,0.5668892,0.6520806,0.7203137,0.70143294,0.58772004,0.57229614,0.6307098,0.6664851,0.6254623,0.63083375,0.5724296,0.59058464,0.6164438,0.6451543,0.65889686,0.6492141,0.71686274,0.6403388,0.7597652,0.63627154,0.5711805,0.552735,0.56617445,0.6915923,0.6767834,0.60661507,0.6738327,0.70947784,0.6117414,0.686472,0.5907041,0.6107684,0.62451637,0.65738475,0.6550881,0.6913299,0.7640571,0.69630116,0.5897077,0.5979147,0.57986563,0.6710313,0.62617034,0.6813935,0.57926625,0.5819135,0.57990277,0.71585554,0.67112935,0.6107735,0.5905025,0.67009485,0.5076929,0.602069,0.6222373,0.52257514,0.6327836,0.6625624,0.57819223,0.5723482,0.59167373,0.5838953,0.7173133,0.68057674,0.5559543,0.6102064,0.6125948,0.6731153,0.59869057,0.6047515,0.6274061,0.61766917,0.6241744,0.6005806,0.6557403,0.6536915,0.57752556,0.6163169,0.6732929,0.58318764,0.5714444,0.54833376,0.5969401,0.59907734,0.63108027,0.59741783,0.55810505,0.59859616,0.6044521,0.62445927,0.57146835,0.60106295,0.7372729,0.68941003,0.66394347,0.6862575,0.78097796,0.68365777,0.70692176,0.7314533,0.6627487,0.6755984,0.69841963,0.67328495,0.6401637,0.7235841,0.6403798,0.66377693,0.707415,0.5624529,0.65395176,0.7027511,0.65924364,0.7277464,0.60686606,0.6636866,0.6229322,0.66701865,0.6800357,0.65264356,0.6945625,0.6866511,0.6519366,0.70758224,0.64152396,0.55492574,0.5737401,0.6313646,0.68462306,0.67613435,0.6576053,0.6705469,0.6770239,0.7389533,0.7646734,0.80554676,0.77743626,0.81635267,0.7245904,0.7595245,0.7023634,0.73101157,0.71653855,0.7034005,0.6244278,0.63633,0.61194706,0.6988617,0.63463056,0.6439519,0.63315374,0.62752455,0.63846153,0.7160505,0.71881753,0.60285354,0.6932977,0.60802966,0.59210265,0.5745013,0.69503844,0.6361324,0.69276494,0.65276295,0.74295104,0.5812003,0.5954742,0.62981224,0.6737205,0.57439816,0.6118518,0.5937294,0.5998112,0.585264,0.54072577,0.5382581,0.5877787,0.5736501,0.59832275,0.54081964,0.5266874,0.5914544,0.68017006,0.67106676,0.5986604,0.6486332,0.63542,0.6668137,0.57952344,0.6729696,0.57688594,0.6269298,0.59323686,0.63902086,0.6667269,0.68466246,0.7650415,0.62505186,0.6442589,0.6765505,0.59616685,0.58243084,0.666476,0.68191713,0.63623023,0.62245566,0.6771402,0.7118372,0.60470337,0.68018216,0.59399813,0.62604773,0.6159169,0.64190406,0.6474644,0.7122409,0.7899818,0.7120668,0.591835,0.56881714,0.55799085,0.6340035,0.62254834,0.64429724,0.5627291,0.5858361,0.5595532,0.6949358,0.6764476,0.60408896,0.5617092,0.6745991,0.47776154,0.6014532,0.64754283,0.5900412,0.67050785,0.69654846,0.5551147,0.59191626,0.54655975,0.616475,0.69896084,0.6338511,0.5093139,0.6313063,0.56721073,0.52982706,0.55643314,0.55519885,0.5671957,0.62277895,0.62242913,0.63214904,0.6309018,0.5571958,0.5893369,0.62164736,0.6180873,0.55310684,0.5494835,0.60512125,0.6094025,0.6287732,0.61519486,0.59501725
331,0.60899943,0.63740677,0.5862015,0.5970073,0.59207565,0.5976754,0.5748701,0.6371784,0.65745175,0.53471524,0.56058323,0.60664195,0.57770294,0.52079725,0.4952744,0.5745064,0.62759864,0.6287351,0.5791542,0.5614949,0.5696545,0.5889887,0.6246408,0.5803037,0.5828342,0.63737786,0.63828826,0.6152982,0.5855847,0.667916,0.607995,0.6864176,0.6172475,0.65521,0.66675276,0.69561064,0.65269923,0.6429884,0.70163727,0.67039275,0.65516305,0.7257843,0.57637626,0.6622336,0.643496,0.6659085,0.74061954,0.52852905,0.5921721,0.6527364,0.67198277,0.70023614,0.64317375,0.7134698,0.67175335,0.6868477,0.71193874,0.6796407,0.5978338,0.58029383,0.6382919,0.69911486,0.64767313,0.64226127,0.6253951,0.63471377,0.719862,0.69356954,0.7733007,0.7493902,0.7312782,0.6773094,0.6481246,0.6190445,0.64346117,0.7128437,0.69565785,0.63212866,0.6717448,0.55726194,0.62878436,0.58102757,0.62544364,0.57306224,0.5584141,0.57165414,0.7259509,0.67026794,0.6523815,0.6846388,0.5454318,0.57682437,0.55348516,0.6485734,0.5618126,0.6843622,0.6043577,0.6600941,0.57920337,0.6139471,0.66350317,0.63509,0.5764877,0.599887,0.65267915,0.6057205,0.5919386,0.5125257,0.530349,0.5989232,0.49876192,0.5527241,0.5640063,0.55689126,0.6788877,0.740889,0.7140116,0.57971644,0.55473125,0.62727505,0.6246101,0.62134826,0.61631,0.59104204,0.59019905,0.58653504,0.62081575,0.645365,0.62711775,0.6995281,0.6402332,0.76891303,0.62134403,0.5700875,0.5517975,0.55951595,0.6613356,0.6554829,0.5951208,0.6516847,0.6723669,0.5642713,0.62843704,0.5401972,0.568543,0.5749071,0.6970367,0.6260467,0.65396357,0.74052274,0.66321725,0.55800015,0.5704319,0.560694,0.62988704,0.6152281,0.6757665,0.5473054,0.53723437,0.5515882,0.68863076,0.60945076,0.6089732,0.5813825,0.65783924,0.51020926,0.5835599,0.62886596,0.4903508,0.595096,0.6475612,0.5638964,0.575907,0.58464617,0.6047168,0.7100407,0.68108517,0.55544436,0.56312865,0.58169836,0.6121889,0.5886133,0.57863235,0.5817606,0.57656676,0.5883291,0.56710154,0.65571284,0.6457058,0.54222345,0.591799,0.61777604,0.5365627,0.5354879,0.5132011,0.5695036,0.6005339,0.62531537,0.5596527,0.52285725,0.599554,0.5714813,0.61120766,0.55640906,0.56941265,0.68787056,0.63105196,0.6228235,0.64143145,0.77250767,0.6425144,0.6958209,0.73251426,0.6491845,0.6623913,0.6955171,0.6492386,0.6018313,0.7181383,0.6517115,0.65786606,0.7134955,0.55391246,0.61903536,0.66283053,0.61322635,0.75689334,0.5826201,0.66304845,0.6085142,0.6780249,0.6992388,0.6481468,0.72469604,0.68875176,0.6829145,0.68582374,0.6203029,0.52373844,0.5409266,0.61287254,0.6603769,0.65407485,0.61952835,0.6680082,0.68215513,0.7218745,0.7552448,0.800176,0.77887356,0.80836177,0.72396344,0.7265784,0.67940897,0.69174707,0.7162519,0.70982605,0.6190566,0.6008159,0.5743357,0.6716545,0.60367626,0.61661017,0.5793166,0.60760903,0.57611746,0.69317967,0.73381996,0.5604612,0.69118226,0.5864196,0.5973878,0.58427364,0.69313264,0.5834677,0.6826208,0.61968786,0.72583836,0.5900767,0.618105,0.65177506,0.6673477,0.5715785,0.61802,0.6324532,0.60233265,0.601105,0.50372326,0.52210903,0.5883045,0.545034,0.5824362,0.5481573,0.5348033,0.62675273,0.72404504,0.69857585,0.59589964,0.6340974,0.63061476,0.63723147,0.5805174,0.649042,0.58479303,0.63762015,0.5656238,0.6143846,0.65287995,0.6497479,0.7538122,0.6265403,0.65197533,0.66276985,0.5925508,0.5791358,0.63986546,0.66064495,0.63463753,0.5918236,0.6513043,0.6725845,0.5559885,0.6303202,0.5772774,0.5971899,0.57699233,0.6985683,0.6321223,0.6844815,0.7775208,0.6980295,0.557459,0.5388096,0.5429582,0.6045801,0.6047667,0.6539648,0.53889745,0.54787725,0.5304051,0.66394764,0.62097526,0.5941889,0.5750504,0.6768918,0.4804846,0.59597915,0.6534779,0.56272155,0.62933135,0.68880165,0.55312765,0.5860208,0.54014266,0.6338257,0.69800526,0.63077563,0.51239866,0.58090216,0.53825885,0.5254182,0.5532606,0.5606035,0.5738967,0.5981228,0.59865665,0.60741174,0.60417676,0.5486317,0.57917804,0.620209,0.6142522,0.5510628,0.5495125,0.59943026,0.60260653,0.6073457,0.60057247,0.5780713
332,0.5492162,0.6228317,0.55088484,0.5516987,0.5561101,0.56783074,0.5589681,0.6270332,0.63973373,0.5013652,0.5347596,0.5487642,0.5448718,0.48631456,0.44787028,0.53662515,0.61286867,0.6239077,0.54509616,0.52025026,0.5565353,0.578642,0.5999398,0.5597465,0.5412409,0.5954346,0.5808596,0.58612216,0.49921837,0.63324165,0.5598869,0.6530172,0.5922573,0.6349062,0.6441345,0.667152,0.6270754,0.59520656,0.67863256,0.6724728,0.6380137,0.72442967,0.5739266,0.61859405,0.6084633,0.609893,0.75765395,0.4986371,0.58192766,0.6244801,0.67805254,0.7188058,0.6285207,0.7288421,0.66751593,0.72127753,0.68292797,0.6529689,0.5592361,0.54621005,0.62649643,0.6692434,0.60497266,0.6047713,0.6101636,0.6252607,0.6881535,0.65719134,0.75983983,0.7410832,0.7046742,0.6635928,0.5991359,0.57108057,0.61469537,0.6941878,0.69025505,0.6140406,0.6378207,0.5173437,0.5860141,0.5368062,0.57316625,0.5221482,0.50158393,0.51888305,0.70807016,0.6692743,0.61066514,0.6734272,0.51985794,0.5655646,0.5525356,0.6333646,0.51147217,0.6623467,0.54880506,0.6025828,0.59454256,0.63539433,0.6887616,0.6283435,0.57939917,0.6022246,0.6737309,0.6018264,0.60371923,0.48133808,0.51273704,0.59232026,0.46845314,0.54898393,0.58542645,0.5495859,0.7046845,0.7609532,0.72681475,0.56933355,0.5346529,0.6183974,0.5805614,0.6105452,0.5947274,0.6053331,0.5826175,0.5573323,0.5954414,0.62511724,0.5990056,0.6731069,0.63444906,0.7683448,0.5971553,0.565173,0.54767287,0.54994684,0.620758,0.63036674,0.58202505,0.63018554,0.6314393,0.52007496,0.5687516,0.48258293,0.5165285,0.5269727,0.7361543,0.5955286,0.60489875,0.7066144,0.6171833,0.52699846,0.5472541,0.5480994,0.5827589,0.6047975,0.6695747,0.52201176,0.4985228,0.5323443,0.65443987,0.5395498,0.61022323,0.5678663,0.6368018,0.5131892,0.5630823,0.6318808,0.46243408,0.55046046,0.6175904,0.54596376,0.57709265,0.5757747,0.61829233,0.6944111,0.6746143,0.5532706,0.5168498,0.5532651,0.55061054,0.5823663,0.55235875,0.5382307,0.5392286,0.55604905,0.53954333,0.64914095,0.6323688,0.5137245,0.56883645,0.5558089,0.4963959,0.5003421,0.4791993,0.5443397,0.60148984,0.62000775,0.5277176,0.49493045,0.6039794,0.542241,0.60077095,0.54209197,0.54226655,0.62760305,0.56898844,0.5793392,0.5909543,0.7522856,0.59478664,0.67329985,0.7233904,0.6255414,0.6415625,0.6819358,0.6226497,0.5634691,0.7025717,0.6601042,0.65153396,0.71647567,0.5533841,0.588826,0.62427604,0.5716718,0.7834207,0.5622877,0.66599333,0.5960405,0.685448,0.7170975,0.6381163,0.7537644,0.6871863,0.7143723,0.6586157,0.5920701,0.4972469,0.5182906,0.5920255,0.63048947,0.6248868,0.5777558,0.6560798,0.678524,0.6946957,0.7347293,0.78738415,0.7685245,0.7910922,0.71081066,0.68366766,0.64755225,0.64256406,0.7059474,0.7048628,0.61278427,0.5620004,0.5353348,0.637541,0.5638652,0.5812351,0.5263331,0.5792526,0.5139867,0.658915,0.7393884,0.5189333,0.6832934,0.56295985,0.5935284,0.5916451,0.6836913,0.52739924,0.6742465,0.5789663,0.69664806,0.59930676,0.63889396,0.6724311,0.6563116,0.5702465,0.61959934,0.67017275,0.6027624,0.61219376,0.4752384,0.5084204,0.58628505,0.5194175,0.56467277,0.56369466,0.54882276,0.66448134,0.7641467,0.72598904,0.5896736,0.6149858,0.62035656,0.60632056,0.5783975,0.6157202,0.58914036,0.63910407,0.5408582,0.5912295,0.6316831,0.60676926,0.73377883,0.62377304,0.6530151,0.6376888,0.5840285,0.5730261,0.60878944,0.6337699,0.63363796,0.5576413,0.6226622,0.6302294,0.51056355,0.5794881,0.5552279,0.5605547,0.5413998,0.7519156,0.6165214,0.6450025,0.75401306,0.67184496,0.52335095,0.51457787,0.53393894,0.57388926,0.5887327,0.6664196,0.5223087,0.5147894,0.50912476,0.6239619,0.5572904,0.5875981,0.5836652,0.6701205,0.48522282,0.5895312,0.6558407,0.53599465,0.582314,0.6671504,0.5494734,0.57741416,0.53332525,0.64343584,0.68902344,0.6208464,0.5160242,0.52995145,0.5104677,0.5208207,0.549173,0.5603504,0.5756754,0.57054716,0.5723709,0.57964313,0.57379806,0.5403386,0.5686223,0.61340976,0.60607,0.5489659,0.5494121,0.5933523,0.5953967,0.5827711,0.58379817,0.55946684
333,0.50132877,0.6111671,0.52491206,0.51722264,0.53044695,0.5452347,0.5501515,0.6171099,0.6238092,0.4787486,0.5151259,0.49785376,0.52294976,0.46241534,0.41400608,0.506588,0.6019423,0.61899126,0.52031046,0.4893493,0.5500519,0.57205534,0.57886815,0.54225975,0.5056776,0.55805117,0.5327632,0.5586716,0.42677706,0.59672546,0.51883984,0.61856675,0.5712775,0.61407024,0.6231034,0.63745284,0.6054743,0.55318326,0.65420073,0.67422825,0.62158805,0.7214674,0.5771775,0.58048856,0.58145297,0.56038725,0.77095014,0.47802192,0.5770999,0.60144055,0.68396014,0.73534316,0.6144199,0.74368685,0.6632139,0.7502793,0.6520442,0.62371415,0.5291567,0.5219762,0.6152383,0.64032644,0.5615791,0.57256824,0.5973226,0.6137906,0.6507583,0.61869025,0.74364185,0.7255111,0.6744993,0.64446926,0.55278176,0.5220301,0.58577144,0.6714625,0.67553806,0.59490913,0.6024044,0.4815295,0.54722726,0.49335244,0.51902837,0.4801306,0.44867307,0.47826612,0.68665695,0.6632929,0.5675597,0.65734017,0.49670452,0.550315,0.5498853,0.61652285,0.47012502,0.6424903,0.4966063,0.54559207,0.60939884,0.6533533,0.7110407,0.6212694,0.58143985,0.60268956,0.68977463,0.5972192,0.6116062,0.46103433,0.50120765,0.58512837,0.44824895,0.5501584,0.60821587,0.54540026,0.724566,0.7765471,0.73720783,0.559608,0.5161493,0.6079905,0.5437797,0.5970231,0.57227206,0.61458325,0.57223564,0.53462577,0.5736103,0.60499513,0.5721649,0.6430761,0.62528056,0.7600373,0.57003826,0.5572563,0.54218125,0.5413004,0.57943696,0.6060952,0.5707641,0.6127862,0.5956254,0.48861668,0.51931036,0.431894,0.46867737,0.4899216,0.7670349,0.56863254,0.5533595,0.6690125,0.56886595,0.5037555,0.53133714,0.54131925,0.5393222,0.5971965,0.66301376,0.50573045,0.47147942,0.522094,0.6216255,0.47823417,0.61275476,0.554194,0.6121836,0.5167987,0.5451779,0.6329375,0.4433067,0.5096004,0.57879746,0.5283202,0.57646954,0.56776065,0.6252351,0.6761927,0.66232795,0.5501403,0.48057744,0.5335897,0.5013469,0.58053815,0.53314424,0.50575817,0.51260406,0.5319525,0.519875,0.64087844,0.6197005,0.49595296,0.5502842,0.5014254,0.4699317,0.475204,0.45466563,0.5270933,0.601251,0.61571664,0.5053788,0.4764379,0.6094852,0.5205887,0.5950878,0.5309049,0.5228093,0.56955355,0.517337,0.5419941,0.5439276,0.72481096,0.552702,0.64502704,0.7108943,0.5997188,0.62037164,0.6660171,0.59984404,0.53165525,0.68438864,0.6673531,0.64658695,0.71701807,0.55911326,0.56639516,0.5935698,0.5410524,0.80362785,0.5483055,0.67072,0.5867653,0.691285,0.7322588,0.6275116,0.7778359,0.6843869,0.7401544,0.6318612,0.5629925,0.4798405,0.50729144,0.5759534,0.5994935,0.59157544,0.54142153,0.6422571,0.6710403,0.66100144,0.7069278,0.7703095,0.7484589,0.76723003,0.68827325,0.63724273,0.6108713,0.5944584,0.6868211,0.6884034,0.60514665,0.5282738,0.50089514,0.6032342,0.52328056,0.54284793,0.4821203,0.54552656,0.46379632,0.61948687,0.7375389,0.48518056,0.67062074,0.5392884,0.58235085,0.59534836,0.66944194,0.47841293,0.6671439,0.5365062,0.65849334,0.60745645,0.65487,0.68945134,0.6447701,0.5713193,0.61895937,0.70048577,0.60124934,0.618117,0.45751196,0.49819356,0.58347404,0.49868822,0.5502775,0.58244586,0.5635411,0.69586617,0.7935822,0.74751455,0.581561,0.59605163,0.6087723,0.5805278,0.57441765,0.5812673,0.5910439,0.6342886,0.5224496,0.57248735,0.6099475,0.56604415,0.708841,0.61831844,0.64772147,0.6063382,0.5718538,0.5653615,0.57946116,0.6063404,0.6321344,0.52769196,0.5960292,0.592847,0.477101,0.5357311,0.53134584,0.52370864,0.51364166,0.79198384,0.6016762,0.5988556,0.7233363,0.6376658,0.49734956,0.49923483,0.52954566,0.5473987,0.5774119,0.6780217,0.51312995,0.4906878,0.49615443,0.5849907,0.49963334,0.58353966,0.5888212,0.6580437,0.49112082,0.58374995,0.6554033,0.5130473,0.537418,0.6333174,0.5451565,0.56872225,0.52817726,0.6460823,0.6757148,0.60472316,0.5194057,0.4876543,0.4905045,0.51838136,0.5454147,0.55658823,0.5748371,0.54489005,0.54809815,0.55340683,0.54570943,0.53354776,0.5594744,0.6046714,0.59704113,0.54655814,0.5484387,0.5872798,0.58837175,0.5607408,0.5685976,0.5426933
334,0.47190672,0.6031516,0.513706,0.4976348,0.5166221,0.5311143,0.5457789,0.61114293,0.6136688,0.46878293,0.50330037,0.46422598,0.5127004,0.45706496,0.40309668,0.48872337,0.5944723,0.61428624,0.50534207,0.4699071,0.5479423,0.5682082,0.5649828,0.5320431,0.48291743,0.53394425,0.5021272,0.53857416,0.381425,0.56917006,0.49580264,0.5928314,0.56294227,0.6009381,0.61214083,0.6152713,0.59086955,0.5242714,0.6347375,0.67582077,0.609751,0.7169209,0.5832265,0.5533938,0.5634843,0.52521527,0.7779864,0.46757445,0.5758565,0.58631945,0.68893445,0.7467719,0.60505515,0.7547716,0.6600571,0.76823485,0.62737906,0.5992383,0.51325643,0.51031137,0.6094391,0.62105006,0.52791506,0.5547065,0.5928091,0.6072031,0.6160512,0.58701617,0.72861594,0.70672214,0.6474026,0.6283079,0.52015126,0.4843711,0.5638625,0.6500377,0.6556494,0.57921714,0.5734045,0.45793095,0.5216308,0.4624239,0.47582376,0.4535784,0.41142422,0.45735177,0.6665118,0.65588,0.53361595,0.63976276,0.48162323,0.53660274,0.54653996,0.60325587,0.44533908,0.62666136,0.4587426,0.5031637,0.6208777,0.6656169,0.72679216,0.6169403,0.5842527,0.6032666,0.6990945,0.5938372,0.6159767,0.45334122,0.49868548,0.5801811,0.44293118,0.55861926,0.62611336,0.54472744,0.73575836,0.7848483,0.74290615,0.55303645,0.5036624,0.599997,0.52073896,0.58466727,0.5548333,0.61930496,0.5630428,0.52149403,0.55848336,0.5901735,0.55332226,0.61661243,0.6152508,0.74665976,0.54638505,0.5482784,0.5375191,0.5362439,0.54645467,0.58681643,0.56305397,0.6000147,0.5706765,0.4746925,0.48662537,0.4008865,0.43754116,0.4680415,0.78575045,0.5494215,0.51165193,0.63628215,0.5310606,0.4917571,0.52338886,0.53871524,0.50744015,0.59183633,0.655686,0.49694592,0.45755947,0.5187781,0.5998679,0.43862095,0.61458397,0.5441469,0.5904417,0.52121174,0.53443795,0.63357395,0.4375065,0.48377475,0.5413935,0.5148856,0.5759061,0.5633519,0.6270419,0.66072834,0.6465747,0.5467434,0.4625293,0.52777696,0.47113904,0.58111626,0.52498496,0.48794046,0.49845198,0.5172412,0.5082703,0.63418293,0.6113158,0.48915282,0.5372436,0.4652763,0.45813513,0.46655938,0.44649136,0.5192639,0.5993599,0.6122275,0.49257514,0.466656,0.6129448,0.5077416,0.59296215,0.5257342,0.511295,0.52643603,0.4840727,0.5154796,0.50760156,0.6959492,0.5258173,0.61894643,0.70054823,0.5796677,0.6063472,0.65361625,0.5843908,0.51069415,0.6690931,0.6732733,0.6433975,0.7142669,0.56788355,0.55199134,0.57261187,0.5229126,0.8145258,0.54027975,0.6737485,0.5810791,0.6951436,0.7420868,0.6195945,0.79281807,0.68137115,0.7561312,0.6109678,0.5398411,0.47411683,0.50648636,0.5698585,0.5738405,0.55977803,0.51827615,0.6327503,0.66327524,0.6262018,0.6763852,0.7513621,0.7215495,0.74059343,0.6610508,0.59439164,0.57585675,0.5576068,0.6617209,0.66238034,0.59742373,0.50631803,0.47553572,0.5743429,0.49068344,0.5083923,0.45147872,0.51285857,0.43354452,0.5819564,0.73011893,0.46510905,0.6550664,0.5184835,0.5675971,0.5950236,0.6542834,0.44399995,0.6596232,0.49921298,0.61681896,0.61361915,0.6643696,0.7009167,0.63618547,0.57548344,0.618518,0.7195424,0.59904665,0.61951566,0.45164493,0.49388355,0.58072424,0.48700967,0.5445928,0.5996018,0.57510656,0.7157418,0.8097848,0.7596673,0.57308024,0.58202165,0.5998708,0.56387407,0.56976444,0.5534437,0.59232867,0.62655115,0.511385,0.55963176,0.5924293,0.53679174,0.6834241,0.6110825,0.6374484,0.57496184,0.55812895,0.5576297,0.55652744,0.5828551,0.62923497,0.5072688,0.5746638,0.5649499,0.46024805,0.5032647,0.51130795,0.49464154,0.49505875,0.8153318,0.5888523,0.5543865,0.69037104,0.6020168,0.48391095,0.49332228,0.528391,0.52835506,0.57085323,0.685163,0.5089072,0.4763786,0.49010125,0.5572935,0.45878583,0.5808675,0.59210783,0.6443974,0.49692968,0.58019346,0.65326494,0.49746352,0.5024438,0.59311146,0.5409951,0.5633977,0.52737063,0.6432397,0.66083515,0.5852236,0.5221327,0.46259058,0.48422268,0.51946616,0.543125,0.55090624,0.57262,0.5263413,0.5303221,0.532149,0.52449375,0.5289066,0.5525761,0.5970839,0.5899432,0.5433994,0.5462398,0.5820575,0.5822748,0.5460376,0.55763185,0.53018427
335,0.46017635,0.59753776,0.51642704,0.49106976,0.51190245,0.5237804,0.5429954,0.60939896,0.609401,0.46979558,0.4979756,0.4512473,0.51057774,0.47154626,0.41688114,0.4817086,0.58877933,0.6095499,0.49724633,0.45947593,0.5471849,0.5655513,0.5579994,0.5299649,0.47505954,0.5275185,0.49026772,0.5279483,0.36416146,0.55715394,0.49310908,0.5821674,0.56974083,0.59997296,0.6156372,0.60381633,0.58268684,0.50972825,0.6226205,0.67620176,0.60370666,0.7102133,0.5890443,0.5383975,0.5520044,0.5052057,0.7778156,0.4643919,0.5752825,0.57829994,0.6913861,0.7514096,0.6008597,0.7599945,0.6574038,0.7740051,0.61356527,0.5842204,0.51194775,0.5100082,0.61146283,0.61713266,0.5113688,0.5540574,0.59802115,0.6083591,0.5914877,0.56793827,0.71814656,0.68997735,0.62893915,0.62028366,0.50703067,0.46535343,0.55389273,0.6357496,0.6359009,0.5691913,0.55665773,0.4488042,0.51319593,0.4488991,0.44999555,0.44279024,0.39518628,0.45727235,0.6524222,0.6502592,0.5160093,0.6253811,0.47801507,0.52776253,0.54362214,0.59838593,0.43794158,0.614649,0.44022307,0.48256996,0.62643385,0.6709798,0.734309,0.61591834,0.5879189,0.6041733,0.7011338,0.592193,0.6167252,0.45659485,0.50520754,0.57859236,0.45443672,0.57529193,0.6351522,0.54611665,0.7377362,0.7850309,0.7429534,0.5503397,0.49940848,0.59658897,0.5122607,0.5753553,0.5451513,0.619979,0.5568921,0.517409,0.5499072,0.5824827,0.54594475,0.5998073,0.60648656,0.73163486,0.5299529,0.54021573,0.5349354,0.53476185,0.5258092,0.57400036,0.55877405,0.59062636,0.55726975,0.47655326,0.46978837,0.39359462,0.42774394,0.4595473,0.7921922,0.53815544,0.48806617,0.6153538,0.5112622,0.48960745,0.5217755,0.53820723,0.48932704,0.5870299,0.6472751,0.4923277,0.45408696,0.51925105,0.5953273,0.4237543,0.6143688,0.5392506,0.5757934,0.526612,0.5319515,0.6341099,0.44602793,0.4780433,0.5141988,0.50750995,0.5759332,0.56290525,0.6251379,0.65099174,0.630983,0.5430639,0.4653941,0.536874,0.4591136,0.5810265,0.52673364,0.48277742,0.49410382,0.5101648,0.50291616,0.62980646,0.6074676,0.48981312,0.5283236,0.44991425,0.4568258,0.4748855,0.45602226,0.51814383,0.5954221,0.6090233,0.4860423,0.46318313,0.6125304,0.5021921,0.59159356,0.52674097,0.50533307,0.50439185,0.4691597,0.49989083,0.48482382,0.6717716,0.516133,0.60200113,0.6950887,0.56997633,0.60351694,0.64652735,0.5758802,0.5004814,0.65868115,0.6766914,0.64113873,0.707345,0.5761603,0.5434562,0.5591138,0.51419497,0.81563044,0.5355704,0.6721698,0.5780823,0.6960247,0.74520326,0.61493033,0.7976549,0.6778356,0.7615526,0.598336,0.5267804,0.47868237,0.51186085,0.57487315,0.5590491,0.5357053,0.5112033,0.6295284,0.65609854,0.59630823,0.6478208,0.7330608,0.69210654,0.71617764,0.63465804,0.56089187,0.54859227,0.5369306,0.63491726,0.63164663,0.59058577,0.49806607,0.45986325,0.55344313,0.4699168,0.48373896,0.43436563,0.48816046,0.42420617,0.5516723,0.7190215,0.4611609,0.6400876,0.5039937,0.55266166,0.5915498,0.64226514,0.4254649,0.6499831,0.47236675,0.5786381,0.6165502,0.66717374,0.7062726,0.63162637,0.5814256,0.6186928,0.7266989,0.5968238,0.6170023,0.45592555,0.49638906,0.57820106,0.48757347,0.5496691,0.6112264,0.58073837,0.722878,0.81374323,0.7619512,0.5657028,0.5753615,0.59578574,0.5565856,0.5650174,0.5361162,0.5934122,0.61850524,0.50625014,0.5516937,0.5807122,0.523149,0.66188896,0.6028877,0.62457407,0.54866457,0.54519594,0.5509407,0.54076976,0.5652599,0.62440217,0.4974784,0.55929065,0.5462475,0.45843658,0.48143086,0.4993738,0.47804374,0.4838339,0.82336056,0.5780082,0.5197869,0.66031337,0.57152754,0.48186243,0.49454677,0.52872086,0.51645267,0.5674024,0.685863,0.50638485,0.46966586,0.48811412,0.54596734,0.43697268,0.5783103,0.5944772,0.6317884,0.50205827,0.57866144,0.6502094,0.49089348,0.4819628,0.5550101,0.5376751,0.5624329,0.53085077,0.63634694,0.6464446,0.5665858,0.5237283,0.4583234,0.49317786,0.52407324,0.5429629,0.54419273,0.5694396,0.51791334,0.5216238,0.5175088,0.51203156,0.5264713,0.5481361,0.5923716,0.58597183,0.53964406,0.5432629,0.5783223,0.57755464,0.5404505,0.5518338,0.5226858
336,0.46112683,0.5919393,0.52779084,0.49269134,0.5116643,0.5198008,0.53864735,0.60999036,0.6083892,0.47689214,0.4954749,0.4565606,0.5116816,0.4998996,0.44946516,0.4814759,0.5820903,0.60366505,0.49180675,0.45456105,0.5450157,0.5614402,0.5553895,0.53269637,0.47973403,0.53746593,0.49315292,0.5255498,0.3693248,0.56083167,0.5061222,0.5862935,0.58773017,0.609845,0.6306004,0.6017502,0.5773488,0.5056773,0.6168706,0.6732796,0.6011272,0.6998805,0.5908639,0.5321724,0.5426775,0.49629045,0.76954997,0.46416727,0.57235,0.57351565,0.6896041,0.7479577,0.599604,0.7573316,0.6531328,0.7674276,0.6097541,0.5790091,0.519919,0.5157149,0.61939275,0.6269361,0.5123242,0.566424,0.60928375,0.6148235,0.5800525,0.56230736,0.71265185,0.6786559,0.62097955,0.62080157,0.5116819,0.46454155,0.55582416,0.6307555,0.6203729,0.5632695,0.5535587,0.4513409,0.5190589,0.450966,0.4415734,0.44312906,0.39837834,0.47268572,0.6463424,0.64734614,0.51530576,0.61713505,0.4849201,0.5242613,0.5416611,0.6021086,0.4434657,0.6040539,0.43979722,0.482929,0.6236295,0.6684187,0.7321964,0.6158414,0.5900166,0.6036898,0.69503224,0.5902582,0.6129419,0.4657715,0.5160824,0.5789422,0.47815457,0.59603876,0.6323484,0.5459452,0.7294099,0.77577424,0.73570544,0.5503275,0.50267583,0.59717995,0.51455235,0.5687796,0.54237163,0.6163676,0.55391526,0.5193832,0.54469615,0.5806247,0.54938775,0.5945082,0.5997438,0.7174564,0.52186227,0.5341022,0.5344348,0.5349732,0.5166099,0.56559056,0.5566168,0.58227545,0.55220366,0.48777375,0.46362,0.4065839,0.4371438,0.4590705,0.78615105,0.5312769,0.48374268,0.60813093,0.5099585,0.493232,0.52308744,0.536779,0.48266008,0.58110946,0.63627225,0.4885305,0.45634457,0.51958513,0.6063544,0.4293489,0.61010337,0.5388828,0.568524,0.53252745,0.5343205,0.6329617,0.46444064,0.48975667,0.5012115,0.5057635,0.5747279,0.5639953,0.6205072,0.64659756,0.6183255,0.53827196,0.48459405,0.5556648,0.45994234,0.5771852,0.53411454,0.48534074,0.49478433,0.50688887,0.4998151,0.6267519,0.60633975,0.49211672,0.52007186,0.45189422,0.4603134,0.49483335,0.47818902,0.51910096,0.58832777,0.60430115,0.48110527,0.46296126,0.60677874,0.500068,0.5879096,0.530232,0.5008973,0.50205547,0.4675524,0.49242502,0.47402543,0.65585923,0.5195715,0.5964086,0.69423515,0.57044977,0.61029434,0.6441845,0.571002,0.49693802,0.652549,0.6759524,0.6375081,0.69499415,0.5800124,0.53645176,0.54819345,0.5093289,0.8065836,0.5305559,0.66333455,0.5748884,0.69272745,0.7404472,0.61214185,0.7920617,0.67204845,0.7560191,0.59213006,0.5234777,0.48808655,0.5172228,0.5872911,0.55561477,0.52199686,0.5170613,0.6302627,0.6480339,0.5749012,0.6246267,0.716787,0.6644115,0.6974182,0.61341715,0.5388837,0.53111583,0.53118765,0.60988575,0.6020932,0.5829071,0.5005523,0.4508546,0.5395798,0.45955804,0.47109765,0.42699444,0.47516498,0.43056658,0.5307453,0.7054397,0.4708582,0.62825036,0.49668926,0.5395456,0.5859581,0.6346733,0.41922724,0.63582635,0.4575456,0.5496325,0.61415756,0.6630123,0.7045582,0.62912697,0.58511543,0.6176367,0.7219621,0.5930546,0.6103536,0.46523646,0.50277424,0.5754101,0.49797654,0.56202686,0.6133257,0.57765025,0.7162226,0.80583555,0.7537457,0.56050164,0.5749717,0.59591913,0.5554586,0.55998147,0.52875346,0.592722,0.61137027,0.5042427,0.5451849,0.57381445,0.5235501,0.64608914,0.5944692,0.6113632,0.52996,0.5347189,0.5456055,0.5295534,0.5522987,0.61609095,0.4962109,0.54801214,0.5330967,0.46548027,0.4666699,0.49571604,0.47402927,0.4760532,0.8170335,0.5666617,0.49910182,0.63660955,0.5504658,0.48653084,0.49873114,0.5274939,0.5090303,0.5644089,0.6780934,0.502563,0.4669973,0.48640123,0.5490055,0.43085337,0.57341075,0.5959754,0.621259,0.50688434,0.5762996,0.64532286,0.490942,0.4756744,0.5261368,0.535543,0.5632097,0.53518707,0.6264526,0.6337518,0.5520203,0.52344614,0.47122732,0.5128585,0.5310079,0.54432726,0.5378288,0.56589454,0.51868194,0.5211706,0.5092166,0.5076197,0.5258136,0.54571134,0.5904863,0.58457875,0.53600156,0.5401549,0.57510436,0.57320684,0.5421832,0.5501016,0.5194204
337,0.46758595,0.5836244,0.5403141,0.49661165,0.51087695,0.5149645,0.5295764,0.61022615,0.6069237,0.48356116,0.49141583,0.47420657,0.51116776,0.5312753,0.48917913,0.48310098,0.57134426,0.59493387,0.4847214,0.45141175,0.53883976,0.55242443,0.55354595,0.5346821,0.49183512,0.55767906,0.503517,0.5280614,0.38854876,0.5747401,0.52596486,0.59890836,0.60853666,0.62436724,0.6483879,0.6050063,0.57004434,0.5057359,0.6144017,0.6646246,0.59737444,0.6841615,0.5849702,0.52898693,0.53132683,0.49265748,0.75220096,0.4626275,0.5643693,0.5670969,0.68230116,0.7353283,0.5980361,0.74483275,0.6446945,0.74827945,0.6109143,0.58020675,0.5284103,0.51986665,0.627814,0.64192116,0.52483106,0.58261293,0.61956537,0.62058175,0.57948977,0.5662648,0.7089673,0.672616,0.6210271,0.62602234,0.5266707,0.47595283,0.5652142,0.6324046,0.6106879,0.5576152,0.5609862,0.460157,0.5315955,0.46311134,0.4466815,0.44786355,0.41501817,0.49389297,0.64643866,0.64546204,0.52633846,0.6148272,0.4977711,0.52442175,0.54055625,0.6096303,0.45494208,0.5915024,0.4518569,0.4974377,0.6109225,0.65731126,0.7193402,0.6128224,0.58718246,0.5994985,0.6800703,0.5847,0.6039312,0.47432202,0.52394944,0.5783168,0.503994,0.6126844,0.6159375,0.5400884,0.7092551,0.7552188,0.7190503,0.5505368,0.5101634,0.5987798,0.52079934,0.56326854,0.5434744,0.60826004,0.5534844,0.5229665,0.5384207,0.58150095,0.55991465,0.5979724,0.5943643,0.7046039,0.5211371,0.5300064,0.53513986,0.5344959,0.51531184,0.5574829,0.5549086,0.5725263,0.5503225,0.4998433,0.4617215,0.43208322,0.45952225,0.46032655,0.7668771,0.52393186,0.4939374,0.6109861,0.5220948,0.49769118,0.5230107,0.5309712,0.48267397,0.572628,0.62034875,0.48257428,0.45890945,0.5157565,0.6245108,0.44720158,0.5992988,0.5407207,0.56570697,0.53778225,0.53591913,0.6276425,0.48441687,0.5107713,0.5016828,0.5078021,0.56951165,0.5631057,0.61404806,0.64433664,0.60937494,0.5315612,0.5098339,0.5743721,0.4660442,0.5673272,0.54162717,0.48964053,0.49510235,0.50254804,0.493822,0.62320644,0.6053057,0.49019575,0.5087185,0.4647763,0.4631177,0.5174002,0.5037262,0.5174042,0.57651424,0.5954018,0.4731042,0.4623525,0.5940335,0.49602956,0.5793505,0.53059274,0.49415243,0.5128673,0.47214198,0.48927042,0.47106296,0.6477087,0.52865046,0.5990571,0.6949496,0.5766865,0.6206154,0.6447492,0.56530786,0.49436054,0.64851004,0.6695266,0.629374,0.67608654,0.5761469,0.5263308,0.5348138,0.50278753,0.78675556,0.5217862,0.64518386,0.56783175,0.6843019,0.7267913,0.60897833,0.77580595,0.661666,0.73889494,0.5875576,0.52584034,0.49504846,0.5161313,0.5998506,0.5586277,0.51697934,0.52818143,0.6298738,0.6364579,0.5618241,0.6075547,0.70179456,0.64101714,0.68424255,0.59889734,0.5267728,0.52145267,0.5350027,0.5882202,0.57854915,0.5711261,0.5084124,0.44422612,0.5296051,0.45548406,0.46909845,0.42409074,0.4738123,0.44380084,0.5181075,0.6895803,0.48748916,0.6199161,0.49451697,0.5289691,0.57905465,0.62933505,0.4198106,0.61486554,0.45296967,0.53211266,0.6044599,0.6516278,0.69441706,0.6248074,0.5817997,0.6126919,0.7057421,0.5849289,0.5993176,0.47294688,0.50746286,0.5714551,0.5107598,0.57412505,0.6027695,0.56386334,0.6946105,0.7853331,0.7339874,0.55762714,0.57684034,0.5973577,0.5551407,0.5540271,0.5280058,0.58816123,0.60533696,0.50197077,0.53556097,0.5694857,0.5327774,0.63480157,0.5861762,0.59901017,0.5187738,0.5273176,0.5412114,0.5189669,0.541067,0.6019147,0.49992776,0.5378525,0.52085686,0.47332594,0.4548759,0.49743968,0.47944635,0.46748647,0.79617006,0.55150735,0.49163842,0.6195134,0.5396095,0.49194774,0.50107634,0.52100414,0.50265765,0.55878735,0.65989304,0.49502918,0.4643889,0.4811604,0.5594469,0.43491468,0.56298393,0.5958483,0.61235964,0.5121707,0.56925184,0.6364956,0.49244815,0.47934842,0.5098079,0.5345574,0.5612244,0.5357351,0.6146645,0.6228006,0.5426706,0.52089566,0.49191168,0.5339635,0.5381778,0.54542625,0.53367984,0.562894,0.5243104,0.5250445,0.50543493,0.50860083,0.52601826,0.54423386,0.5897931,0.58381486,0.53325427,0.5373217,0.5702142,0.56720585,0.546895,0.5498684,0.5184904
338,0.4715328,0.570598,0.54671407,0.49717847,0.50538033,0.5055869,0.51407343,0.60760665,0.6017253,0.48403695,0.48260203,0.49592897,0.5051604,0.55353594,0.52174073,0.4817649,0.55438185,0.58229744,0.47233808,0.4461938,0.5267,0.5360702,0.5488959,0.5309595,0.5054545,0.5790957,0.5128936,0.5316686,0.4117691,0.58956444,0.5419109,0.61024034,0.622152,0.6346043,0.6585752,0.6080153,0.5567812,0.5036316,0.6109548,0.64874625,0.58767444,0.66213197,0.56959045,0.5232811,0.5155002,0.4887794,0.7259556,0.45612264,0.54942435,0.5552132,0.6695204,0.7138596,0.5932857,0.7221537,0.6303672,0.7179952,0.6105942,0.58248246,0.52890736,0.5157756,0.6301128,0.65082717,0.53924537,0.5921843,0.6213285,0.61903965,0.58353704,0.572562,0.7017518,0.66847104,0.6231504,0.62957907,0.54200923,0.49071753,0.5754295,0.634816,0.6057405,0.5486965,0.57257634,0.46955937,0.5418589,0.47850582,0.45905277,0.45085326,0.43660346,0.5102201,0.64796937,0.64140147,0.5404269,0.61530256,0.5104101,0.5254681,0.53970736,0.61378986,0.46503797,0.57440966,0.46801347,0.51605815,0.58918834,0.638897,0.69643575,0.6036383,0.5774407,0.59042674,0.6573064,0.5732199,0.59074223,0.47689104,0.52278924,0.5740875,0.5211537,0.6172715,0.5873888,0.5262457,0.67780435,0.72305906,0.6921721,0.54816633,0.51696634,0.5973983,0.5232376,0.5568414,0.54511374,0.5967524,0.5550711,0.52337825,0.52757746,0.5818755,0.5722238,0.60417503,0.5889027,0.69143385,0.52491254,0.52733463,0.53580457,0.5316686,0.51742744,0.5457932,0.5524235,0.5601959,0.5463935,0.5049623,0.45839018,0.45971963,0.4857424,0.45788977,0.7354374,0.5128225,0.5100311,0.6163102,0.5385617,0.49854484,0.5178404,0.51849216,0.48374903,0.56069326,0.5980611,0.4718689,0.45688346,0.5050488,0.6383185,0.46688652,0.5809056,0.5414682,0.56294024,0.54101425,0.53212756,0.6166999,0.49756244,0.53026944,0.51119643,0.5113446,0.5587674,0.55780137,0.6072308,0.6397837,0.6027537,0.5231772,0.5289774,0.58289564,0.46910596,0.5510641,0.5443362,0.4900884,0.4903925,0.4927677,0.48088726,0.61738527,0.6019624,0.48042738,0.492197,0.4810377,0.4607663,0.5325258,0.522237,0.50961185,0.5585953,0.5806924,0.45853278,0.4572874,0.57340145,0.48504966,0.56484187,0.5233979,0.48337513,0.527594,0.47596923,0.487224,0.47089973,0.64274716,0.5346829,0.60283256,0.69220304,0.5813841,0.62629867,0.6452892,0.554835,0.48794585,0.64335304,0.65690273,0.61426294,0.65074843,0.56359303,0.5106134,0.51591784,0.4905508,0.75670594,0.5067875,0.617165,0.553935,0.6709921,0.7046407,0.6033792,0.7500844,0.6451119,0.7112053,0.57931054,0.52820605,0.49363,0.5046749,0.6044777,0.56031966,0.5162308,0.5353515,0.6227359,0.6190216,0.5538173,0.59440315,0.68547887,0.62191564,0.6732457,0.5893768,0.5206092,0.5156348,0.5415124,0.569784,0.5630781,0.5532646,0.5168289,0.43696156,0.52014434,0.45332468,0.47376457,0.42109948,0.480788,0.4544772,0.510562,0.67105097,0.5022979,0.61339307,0.49390972,0.52083683,0.57158566,0.62202406,0.42183524,0.5866041,0.45465526,0.5246748,0.5873234,0.63433623,0.6756428,0.6148631,0.568874,0.60226065,0.68047804,0.5706523,0.58503276,0.4740627,0.5054257,0.5656141,0.517437,0.57805836,0.57958376,0.5403297,0.6595201,0.752543,0.70286596,0.55598766,0.5757862,0.5962461,0.5501564,0.5466743,0.52977777,0.579154,0.60059124,0.4963577,0.5193456,0.5656067,0.54445344,0.6249637,0.5778619,0.5872935,0.512883,0.5225817,0.5370199,0.50610274,0.5289626,0.58000994,0.50532347,0.5267254,0.50599974,0.4747904,0.44275314,0.500494,0.48900118,0.45501631,0.7620701,0.53094655,0.49319816,0.6060422,0.5359859,0.49260882,0.4977997,0.5066816,0.49443862,0.5480816,0.63111645,0.48200274,0.4581674,0.4698799,0.56814456,0.44273856,0.5449744,0.59292436,0.60358715,0.51834816,0.55539995,0.6222999,0.4905209,0.48657197,0.5049026,0.5343871,0.5529623,0.52956665,0.6029377,0.6124417,0.5374466,0.516821,0.50881445,0.54597926,0.5431514,0.54419655,0.5331027,0.5612477,0.5289035,0.5278582,0.50329727,0.5110724,0.52573717,0.54225737,0.58778954,0.5811097,0.53177047,0.5348753,0.5617132,0.55784476,0.5493907,0.54807514,0.51739836
339,0.46615756,0.55257016,0.5426984,0.49047765,0.4930561,0.4898375,0.49319392,0.60063964,0.5910944,0.47542852,0.46837938,0.5129721,0.49201387,0.55704796,0.53514093,0.47424433,0.53068817,0.566297,0.45297363,0.43606824,0.50813234,0.51270646,0.53937984,0.51974475,0.5155746,0.59231657,0.51412404,0.5336435,0.42918888,0.5953578,0.54490775,0.61040586,0.6201767,0.6315096,0.6523586,0.60524726,0.5359581,0.49521983,0.6022398,0.62587285,0.5691297,0.63411754,0.54590964,0.511562,0.4950613,0.4806474,0.692847,0.4428139,0.5271894,0.5358772,0.6527807,0.68594813,0.5839604,0.69124466,0.6099056,0.68107307,0.60327697,0.58055407,0.5164586,0.50022066,0.6209534,0.6443124,0.5457084,0.5875121,0.60928553,0.6056256,0.5844803,0.57329565,0.6854356,0.6610156,0.62021506,0.6250818,0.54861736,0.49978265,0.57973164,0.63124305,0.602133,0.53496045,0.5806801,0.47514355,0.5425173,0.4906091,0.47153768,0.44852835,0.45441648,0.5137389,0.6447772,0.63177764,0.54848164,0.6136068,0.51738954,0.52466685,0.53817326,0.6081574,0.4677512,0.552095,0.47951937,0.5291725,0.56255496,0.6171961,0.66684645,0.58744603,0.56165045,0.5777241,0.63032764,0.55612856,0.5767378,0.47149247,0.5107718,0.5650153,0.5229148,0.60538536,0.55252725,0.50559896,0.63937545,0.6823475,0.65664876,0.54113865,0.5185281,0.5897876,0.51630104,0.54809153,0.5448767,0.58498883,0.55879647,0.5174373,0.5111491,0.5795326,0.58094835,0.6058433,0.5816722,0.6748837,0.52908576,0.5251511,0.5352666,0.5260587,0.5184079,0.5284202,0.54889387,0.5457752,0.5367571,0.49886492,0.4501478,0.47896445,0.5055051,0.44844976,0.696694,0.49759278,0.5223273,0.61537284,0.5490293,0.4933534,0.5064845,0.4997898,0.48119262,0.54536366,0.5700128,0.45507634,0.44780695,0.48772407,0.63721853,0.47826374,0.5567376,0.53830785,0.5563463,0.54093623,0.52131885,0.60092586,0.49896124,0.5382366,0.52307844,0.514391,0.54396886,0.54837424,0.60249066,0.6290029,0.5955589,0.51476055,0.53285635,0.5746263,0.46231964,0.5303962,0.5399592,0.4831331,0.47811717,0.47534958,0.46027634,0.6082073,0.5949862,0.46281996,0.47118092,0.49361593,0.4510758,0.53194296,0.52526623,0.49471587,0.53414404,0.5608986,0.43641517,0.44466496,0.5459972,0.4647456,0.5455821,0.50804216,0.46962762,0.5367594,0.47404867,0.4847005,0.46884865,0.6342072,0.53055406,0.59920317,0.6804998,0.57651716,0.61962134,0.64244896,0.53747255,0.47546694,0.633679,0.6389327,0.59162056,0.6205587,0.5442104,0.49000543,0.49123195,0.4707789,0.7191801,0.48500165,0.5808145,0.5317208,0.6544188,0.67643446,0.59434164,0.7181791,0.6223629,0.67702305,0.56367165,0.52563065,0.48165116,0.48323935,0.59533376,0.553588,0.5144171,0.53138626,0.6048027,0.59468037,0.5462401,0.581242,0.6644318,0.6048708,0.6592825,0.58071035,0.51550084,0.50941086,0.5440588,0.55311984,0.55438393,0.5302259,0.5228629,0.42825764,0.50858617,0.44986436,0.47974846,0.41581216,0.4905411,0.4557529,0.5042041,0.64927787,0.5077846,0.60574335,0.49141037,0.5144917,0.5641419,0.60834384,0.4209334,0.5531005,0.4576204,0.5233018,0.5654766,0.6148459,0.65018946,0.59732836,0.5476712,0.58719766,0.65141,0.55102307,0.57057714,0.46742243,0.49488607,0.55761737,0.5125104,0.56891054,0.5481822,0.51210994,0.6172287,0.7110126,0.66320163,0.5536299,0.5676053,0.58952546,0.5373285,0.53797007,0.53062004,0.5679468,0.5978973,0.48608297,0.4959681,0.56084585,0.55282366,0.61292887,0.5689839,0.5750679,0.50862783,0.5193808,0.53235435,0.4901893,0.5145051,0.5504556,0.5101345,0.51424396,0.48726794,0.46607304,0.42853802,0.50091034,0.49606818,0.43741718,0.7203267,0.5063692,0.49781352,0.59139913,0.5340406,0.48541465,0.4879079,0.48496285,0.48324224,0.53146195,0.59462065,0.46279362,0.44639972,0.4527685,0.5663241,0.4479818,0.5201314,0.586325,0.59315413,0.52499217,0.53587997,0.6033888,0.4825402,0.4908411,0.5066446,0.53446746,0.5383604,0.51762104,0.59429044,0.6007509,0.53355366,0.51314634,0.5128137,0.5414326,0.54389864,0.5391958,0.5361124,0.56113917,0.52723795,0.52484787,0.49971822,0.51091075,0.5235678,0.5383204,0.5821765,0.5743816,0.5312357,0.5326433,0.5488766,0.5445542,0.5452491,0.542006,0.51383024
340,0.4483053,0.5315785,0.52865344,0.47576016,0.4745955,0.46852362,0.4705133,0.58953035,0.5756659,0.4587791,0.45095852,0.5190287,0.47337776,0.5370421,0.5232134,0.46068898,0.5019803,0.54910344,0.42821506,0.42077816,0.4847753,0.48567006,0.5256124,0.5032196,0.5194854,0.5905676,0.5039141,0.53359246,0.43466893,0.5850291,0.53050566,0.5923999,0.59790087,0.6084258,0.6243343,0.59340245,0.5091672,0.47962803,0.58585876,0.5981431,0.5420533,0.6019878,0.5177728,0.49336895,0.47217625,0.46699116,0.6565737,0.4240886,0.49992692,0.5094661,0.6347034,0.6557803,0.57087076,0.6559473,0.5848016,0.6443649,0.5860353,0.57091993,0.49119726,0.47452202,0.5977973,0.6172152,0.53742063,0.56589186,0.5817011,0.5789051,0.57605547,0.56292164,0.65597814,0.6452678,0.6065909,0.60811406,0.541023,0.49668688,0.5731062,0.6163665,0.59555364,0.517252,0.57908785,0.4746332,0.5297581,0.4944551,0.47820985,0.44058582,0.46241105,0.5015302,0.63114923,0.6141308,0.54409546,0.6049974,0.51556104,0.5201429,0.5350375,0.58899224,0.46017978,0.52617735,0.48040104,0.5307362,0.53739196,0.5980264,0.636021,0.56628686,0.5432781,0.5649451,0.6044894,0.53636545,0.56665814,0.45998397,0.49042508,0.55160797,0.5081789,0.5768678,0.5197839,0.48270234,0.601156,0.6395783,0.6165948,0.52886206,0.5123747,0.5747112,0.49900225,0.53677624,0.5420088,0.5774294,0.5654841,0.5050509,0.49080813,0.5739236,0.58241755,0.59697765,0.57136256,0.6519208,0.529808,0.52257943,0.53277254,0.51823354,0.51479846,0.5057877,0.5453858,0.53125197,0.520592,0.48224598,0.43677256,0.48257205,0.5107824,0.43189764,0.6586608,0.48056456,0.52341324,0.6015274,0.54566056,0.48275048,0.4913964,0.47819433,0.47275764,0.52801985,0.53916967,0.4333657,0.43302506,0.4674139,0.61422837,0.47475716,0.53103906,0.530225,0.5441239,0.5364538,0.5049461,0.583197,0.48829356,0.5285784,0.53051263,0.51583016,0.5294565,0.5379451,0.6028238,0.6098224,0.5848549,0.5089195,0.5179996,0.54806507,0.44285962,0.5093476,0.52988166,0.46851984,0.45882162,0.4513412,0.43494415,0.5959127,0.5847341,0.44096556,0.44884562,0.49784556,0.43531975,0.511631,0.508637,0.47472632,0.50466406,0.53899884,0.40924743,0.42424455,0.51533294,0.43678865,0.5251983,0.48808855,0.4561664,0.533535,0.46486455,0.48212335,0.46215567,0.6162972,0.5132474,0.5813931,0.65565896,0.55622953,0.59554625,0.6341542,0.51401854,0.45784962,0.6176441,0.6176637,0.56338066,0.5882921,0.5219257,0.467849,0.46334758,0.44475418,0.67890507,0.45878267,0.5400928,0.5021029,0.6371379,0.64621145,0.5824907,0.6845789,0.5951441,0.64278185,0.53994995,0.51553077,0.46126077,0.45631936,0.5706603,0.5347555,0.5072418,0.51366735,0.574891,0.56424665,0.53524697,0.5647708,0.63610435,0.5869505,0.63780713,0.5684568,0.507328,0.4996402,0.5377063,0.5362635,0.5490547,0.505515,0.525662,0.4190821,0.49358377,0.44364545,0.48223096,0.40888023,0.49755505,0.44555598,0.4959546,0.6239302,0.50032824,0.59433097,0.48507804,0.50896144,0.55697644,0.585373,0.4148101,0.5186119,0.45764798,0.52348703,0.5438489,0.59817654,0.62196654,0.57306117,0.52318275,0.5709175,0.6251643,0.52937394,0.5600674,0.45571017,0.4779083,0.5477469,0.49510765,0.546068,0.51604676,0.48687765,0.5773982,0.66786927,0.6206108,0.5487715,0.5508336,0.5762425,0.5173617,0.52854985,0.52858984,0.55912155,0.5984057,0.4724704,0.4682634,0.55494004,0.55430955,0.5957275,0.55904573,0.56125236,0.50246257,0.5165144,0.52688956,0.47270107,0.49766392,0.5160385,0.5134799,0.50171286,0.46607468,0.44802532,0.41263837,0.49592435,0.4947489,0.41595808,0.6805456,0.4817317,0.50004894,0.5714784,0.5282699,0.47098687,0.4737391,0.4595732,0.470282,0.51040006,0.5560494,0.4386548,0.43019888,0.4330686,0.54824406,0.4462128,0.49216765,0.5760789,0.5798067,0.53092396,0.51454675,0.5826141,0.46848977,0.48778054,0.5090088,0.53419274,0.52108246,0.50448084,0.5920877,0.58603686,0.52794087,0.51225686,0.50029504,0.51828164,0.53946984,0.5301169,0.5415468,0.5620772,0.51653004,0.51362973,0.49258342,0.5051907,0.5186311,0.5314936,0.57189834,0.5630802,0.5308451,0.530249,0.53235734,0.528053,0.53207654,0.53006816,0.5065654
341,0.42002717,0.51192987,0.50948894,0.45612016,0.4537178,0.44515312,0.4506037,0.5765461,0.5587032,0.4388969,0.43476406,0.5129715,0.45426154,0.49508387,0.4870751,0.44525632,0.47225273,0.533895,0.40286818,0.4031872,0.46039063,0.4601212,0.5109742,0.48614764,0.51779014,0.5719177,0.4840985,0.5337136,0.42816916,0.5563676,0.5001484,0.55398047,0.55548334,0.5633147,0.5738667,0.57315606,0.48103705,0.45951223,0.5630824,0.5695643,0.5104622,0.5696071,0.49106258,0.47156683,0.4508552,0.45002654,0.6220676,0.40442285,0.47224677,0.47930402,0.61888057,0.6287141,0.55717266,0.621538,0.5585171,0.6149845,0.55969113,0.5530249,0.4582046,0.44435158,0.5616398,0.56947196,0.51284575,0.5299022,0.5409006,0.54090977,0.5552881,0.5401815,0.61241204,0.61829925,0.5801754,0.577367,0.5187932,0.4797662,0.5538963,0.5879684,0.58259374,0.49863675,0.565426,0.4684793,0.50446236,0.48802552,0.4763535,0.4296586,0.4592801,0.47632322,0.6037361,0.5877505,0.525342,0.58677053,0.504709,0.51137143,0.52991,0.5560775,0.44396064,0.50040287,0.4697053,0.519539,0.5203447,0.5869914,0.61023176,0.54462415,0.52710724,0.5565484,0.58540124,0.51852345,0.56503737,0.44729233,0.46733692,0.5361664,0.48092085,0.5356789,0.49694037,0.46390578,0.5704739,0.6026852,0.577991,0.5124756,0.49862993,0.55351526,0.47520804,0.5240569,0.53787327,0.5780519,0.5764366,0.48930728,0.47009578,0.5666113,0.5763605,0.5749634,0.557817,0.62103456,0.52505213,0.5191511,0.52824295,0.5093398,0.505679,0.48079053,0.54461294,0.51984817,0.5003644,0.46029067,0.4212527,0.469329,0.49924517,0.4117104,0.6295879,0.46564642,0.51043046,0.57237047,0.52566695,0.47047412,0.47760725,0.45872405,0.4593318,0.51150006,0.51026314,0.41049796,0.41728738,0.44968456,0.56760854,0.45564765,0.5088029,0.5182995,0.52722394,0.5272175,0.48674735,0.5677465,0.4693488,0.501033,0.52897346,0.5159474,0.5205443,0.5310318,0.6107102,0.5827143,0.56920713,0.5084604,0.48709998,0.5072628,0.4133145,0.49295047,0.5184605,0.44963905,0.436257,0.42494187,0.40997058,0.58253443,0.5735114,0.42081615,0.42968464,0.49335194,0.41821548,0.47361842,0.47405204,0.45446423,0.47375113,0.5191838,0.38242218,0.39932472,0.48654714,0.4063449,0.50902736,0.4692665,0.4473699,0.5162275,0.45093527,0.48162875,0.45157042,0.5867573,0.48513058,0.54687303,0.616395,0.51946247,0.55354977,0.6211298,0.48838532,0.4387889,0.59666216,0.59624934,0.5339011,0.5578898,0.50194377,0.44906202,0.4372118,0.417284,0.6416304,0.43322033,0.50093347,0.46898684,0.62241656,0.6189815,0.5702918,0.65394413,0.56698346,0.6153357,0.5111347,0.4984408,0.4380844,0.43098572,0.53332895,0.50482714,0.4931899,0.4849088,0.5352697,0.53049165,0.519369,0.5442278,0.6002969,0.56611323,0.60677415,0.5499174,0.49431932,0.48540366,0.5208865,0.51767796,0.54349947,0.4839801,0.52678114,0.4114458,0.47561,0.4351031,0.47895306,0.40323302,0.49887696,0.426999,0.4845926,0.5952974,0.48116714,0.57826346,0.47515023,0.50336814,0.5500875,0.5527613,0.40432802,0.48855668,0.453366,0.5221951,0.52809083,0.5889435,0.59601533,0.5459636,0.5021152,0.5582265,0.6073925,0.510478,0.5570987,0.44412124,0.45933092,0.5370574,0.46871582,0.5130426,0.49095255,0.4719094,0.548925,0.6315047,0.5821968,0.5407516,0.52753246,0.5581315,0.49481302,0.51951087,0.5238512,0.55769545,0.6032119,0.45903212,0.44134438,0.54903084,0.54893404,0.5723322,0.5481333,0.54547924,0.49273267,0.51327306,0.5208508,0.4567583,0.48010617,0.48164392,0.51623285,0.4918928,0.44610915,0.4256925,0.3975872,0.48535052,0.48290792,0.39447474,0.65228444,0.46203762,0.497026,0.5449882,0.51578397,0.4536112,0.45993015,0.43586776,0.45866296,0.48881403,0.5221691,0.41296926,0.41366383,0.41579807,0.51350003,0.43678737,0.46633378,0.5631907,0.56332064,0.5349586,0.4963179,0.5643896,0.45063025,0.4768255,0.50755686,0.5332505,0.5065466,0.49604493,0.5988668,0.5679974,0.51876575,0.51626295,0.4737879,0.48037642,0.5304743,0.51814544,0.5479114,0.56339574,0.4973623,0.49507213,0.4817141,0.49335897,0.5109804,0.52194375,0.55782825,0.54878014,0.5298316,0.52738136,0.514126,0.5103212,0.51034176,0.5125543,0.49608308
342,0.3881434,0.49899095,0.49284452,0.4377054,0.4363811,0.42518046,0.43763635,0.5656372,0.5454758,0.42299923,0.4252835,0.49932536,0.44176307,0.4401629,0.43565932,0.43490893,0.44687492,0.52381957,0.3835589,0.38847816,0.4403477,0.44153216,0.50029075,0.47408673,0.5142923,0.5400559,0.46073076,0.5374977,0.4153757,0.5124811,0.46093765,0.4990771,0.49888822,0.50078696,0.5069984,0.5494144,0.45816216,0.440359,0.5390213,0.5454836,0.48138216,0.54226506,0.47275254,0.45158914,0.43594798,0.4346602,0.5942405,0.38978913,0.4494815,0.45110035,0.6093408,0.6098835,0.54765004,0.59371674,0.53612643,0.59797835,0.5289175,0.529198,0.42602327,0.41827688,0.5172206,0.5072967,0.47640583,0.4867826,0.49336094,0.4971892,0.52282244,0.50824326,0.557851,0.58007795,0.5430153,0.5352895,0.486652,0.4527884,0.52449447,0.54754984,0.56178135,0.48346114,0.5415963,0.45994845,0.47216126,0.47312018,0.46710652,0.42049846,0.44852495,0.4458547,0.562864,0.553966,0.49505383,0.5588613,0.48757938,0.49950862,0.523153,0.5129686,0.42498234,0.4795594,0.45144898,0.49871752,0.5168443,0.5878145,0.594998,0.5283401,0.51813734,0.5565367,0.5774221,0.5074693,0.57476807,0.44010568,0.44867063,0.5222358,0.44932923,0.48971274,0.48910788,0.4555834,0.55224067,0.57761204,0.5465961,0.49463254,0.4797405,0.52981913,0.4520488,0.5121618,0.5354831,0.5890308,0.5927593,0.47530073,0.45347926,0.5608184,0.56604147,0.54129285,0.54232156,0.5828091,0.51507145,0.5149321,0.5224077,0.5008349,0.49300185,0.45784563,0.55025756,0.51507705,0.4808732,0.44090286,0.4087019,0.4444938,0.4751328,0.3939607,0.61467105,0.4570389,0.48536253,0.5302326,0.49177456,0.462455,0.47067654,0.44666466,0.44456786,0.49949297,0.48817182,0.3918659,0.40705234,0.44009128,0.5025291,0.4264011,0.494207,0.50498796,0.50879085,0.51437354,0.4719218,0.5593065,0.44907314,0.4615635,0.5175266,0.5165097,0.5217241,0.53207874,0.6268522,0.55075705,0.5490143,0.5156237,0.4484536,0.46156195,0.3810374,0.4859334,0.5112812,0.4326209,0.41652608,0.4024294,0.39091888,0.57165444,0.5652442,0.40912843,0.41823897,0.48420691,0.40668774,0.4265685,0.42962962,0.44062528,0.44632939,0.50552464,0.36277792,0.37604186,0.46516144,0.3804993,0.5024875,0.4574367,0.44778228,0.4888429,0.43773472,0.4860815,0.44124752,0.547266,0.4532886,0.49863914,0.56517583,0.47110474,0.4988581,0.60693586,0.4667245,0.42368,0.5755281,0.5787041,0.509168,0.5340237,0.4899691,0.43892756,0.41873318,0.39540726,0.61235255,0.41466215,0.4697252,0.43856004,0.613814,0.59969115,0.56162566,0.6301614,0.54279524,0.5996946,0.48317468,0.47777516,0.41964534,0.41498303,0.490306,0.46921065,0.47400036,0.452141,0.49150452,0.49748537,0.49968657,0.52133965,0.559248,0.541681,0.56697613,0.52487075,0.47736365,0.4681483,0.49596682,0.49674028,0.53497654,0.47017255,0.52978593,0.40811065,0.45690516,0.42631721,0.47089013,0.40296474,0.49469176,0.4071768,0.47093844,0.5640426,0.4559661,0.5583573,0.46369043,0.49725008,0.5433674,0.51300716,0.3934059,0.468012,0.44685566,0.5183564,0.5231863,0.5901623,0.5773628,0.52228105,0.4909614,0.5538309,0.6012459,0.49916217,0.5635519,0.4387747,0.44521233,0.5273211,0.44019067,0.4766991,0.47893053,0.4720967,0.53674984,0.6076658,0.5538315,0.53013456,0.50270003,0.5391576,0.4763641,0.5121432,0.5183673,0.5673388,0.6126411,0.45018092,0.4210409,0.5452703,0.54020005,0.5440218,0.536921,0.52806944,0.48026004,0.5095225,0.51501197,0.44600707,0.4647592,0.45276558,0.5207939,0.48816308,0.43206662,0.40667287,0.38716593,0.47193936,0.46343032,0.37856245,0.64041424,0.45166063,0.4889321,0.5137131,0.49710977,0.4400533,0.4517841,0.41912293,0.45223746,0.4722493,0.49858424,0.39082193,0.40268221,0.40623346,0.46782377,0.42327377,0.44779012,0.5491053,0.5443223,0.53651506,0.4857448,0.5536603,0.4330713,0.4613338,0.5006603,0.5316645,0.499894,0.49756804,0.6151718,0.54793185,0.5058488,0.5265735,0.4409072,0.43672925,0.5190806,0.50591254,0.55396616,0.5645573,0.47349197,0.47287154,0.4689129,0.47745666,0.50165886,0.5110054,0.5425812,0.5348007,0.5278431,0.524033,0.49715525,0.4942164,0.48356476,0.49194127,0.48454052
343,0.3617621,0.49732065,0.48637372,0.42748082,0.42883545,0.41444415,0.43463406,0.56110024,0.541433,0.41863263,0.4276352,0.48627436,0.442727,0.38754326,0.3845682,0.43695122,0.4314348,0.52084786,0.37689424,0.38281238,0.4304879,0.43448064,0.49790317,0.47221917,0.51454335,0.5035943,0.44179317,0.54758185,0.40502238,0.46154872,0.42350712,0.43863517,0.43959802,0.43292287,0.43718046,0.5298976,0.4474222,0.42891115,0.52078354,0.53116643,0.4626631,0.52482384,0.46898988,0.4395535,0.4319431,0.42660356,0.57604516,0.38617164,0.4363228,0.43130934,0.6089097,0.6020795,0.54702944,0.57658213,0.5228093,0.5943392,0.5008683,0.50363946,0.4040475,0.40509465,0.4722802,0.44293576,0.43718782,0.4463677,0.44837075,0.4559495,0.4828098,0.47320664,0.49953622,0.53368026,0.5006817,0.48823753,0.45329303,0.42371675,0.4910205,0.50027275,0.5338205,0.47560388,0.51268965,0.45414457,0.44160786,0.45521033,0.45456007,0.41879216,0.4367546,0.42062473,0.51344335,0.5161301,0.46016434,0.5238664,0.46934074,0.48722973,0.51571393,0.46673092,0.4114237,0.46776992,0.43252662,0.47403586,0.5296997,0.60095024,0.59304154,0.5230458,0.5205993,0.5673845,0.58223337,0.50675416,0.5955636,0.44495007,0.44152498,0.5134603,0.42389357,0.44933364,0.49811593,0.46256495,0.5475155,0.56568664,0.5255935,0.47893396,0.46003118,0.5083384,0.4372688,0.5035376,0.53800493,0.6099575,0.6140068,0.46806696,0.44543836,0.55997866,0.5566253,0.5013885,0.52728176,0.539896,0.5018436,0.51053107,0.5166884,0.49444392,0.48071465,0.4417237,0.56486607,0.5193223,0.46762538,0.43245673,0.4049333,0.4180175,0.44749433,0.38554522,0.61384124,0.4581049,0.45416883,0.48186558,0.4513044,0.46521923,0.4746587,0.44622952,0.4334042,0.49534276,0.47639132,0.38345033,0.4086381,0.44265324,0.43204117,0.39702305,0.48970252,0.49299234,0.4925174,0.5008589,0.46605057,0.5616598,0.4358578,0.42096013,0.49853006,0.5202488,0.5354178,0.5443855,0.6489938,0.51878655,0.52578884,0.531137,0.41376084,0.4232359,0.3554797,0.49147865,0.5131858,0.42427135,0.40637168,0.3905096,0.38298306,0.56705403,0.56407183,0.41216654,0.41844487,0.47719413,0.40789932,0.38399026,0.38855642,0.44006255,0.42790943,0.5008751,0.357189,0.36195305,0.4558807,0.36672696,0.50909895,0.4576467,0.46127242,0.4596827,0.43171832,0.4980275,0.43677709,0.50252676,0.42688406,0.44537917,0.5083873,0.42114437,0.4423314,0.5963829,0.45578033,0.4182642,0.56041753,0.5687557,0.49512783,0.52076584,0.49073407,0.44170672,0.4132429,0.38628078,0.5932311,0.4090793,0.451799,0.4178227,0.6137689,0.59138525,0.560401,0.61487925,0.52754295,0.59697294,0.46297583,0.45880705,0.41336668,0.41498813,0.45073774,0.43585128,0.4537423,0.4241867,0.45126042,0.46956196,0.47899365,0.49872023,0.51671547,0.51421773,0.5216583,0.49546343,0.45952588,0.45109943,0.46881762,0.47404987,0.52184874,0.46700963,0.53856736,0.41275248,0.4410514,0.4207332,0.46135402,0.41209617,0.48710564,0.3948729,0.45751464,0.53090644,0.43291232,0.53618246,0.45386043,0.49075416,0.5367044,0.47117916,0.38805243,0.4602975,0.44213635,0.5119009,0.53183496,0.60213923,0.5693178,0.50863695,0.49473068,0.56082,0.60664964,0.49889594,0.57873344,0.44517738,0.44130254,0.5204532,0.41796568,0.44581166,0.48338193,0.48920497,0.54100883,0.59671277,0.5378034,0.5181322,0.4824465,0.52392715,0.46814543,0.50762725,0.51491874,0.5889403,0.6253353,0.4496949,0.4127089,0.5456633,0.5333533,0.5140888,0.5262679,0.5097932,0.4676793,0.5055399,0.5104794,0.4437291,0.45513877,0.4344432,0.53005636,0.4933188,0.42842177,0.39919597,0.38557485,0.46038577,0.44293267,0.37437472,0.64294696,0.45330575,0.47826546,0.4814309,0.47536045,0.43771717,0.4537833,0.41387546,0.45411634,0.4661968,0.48842376,0.3784308,0.4034316,0.40888757,0.4220849,0.4122907,0.44064695,0.53501546,0.5237142,0.53562105,0.48621222,0.55419046,0.42114842,0.44693,0.48891944,0.52957773,0.50487816,0.5126781,0.6384582,0.5279161,0.49035093,0.5432577,0.41185474,0.39902014,0.50839853,0.49672687,0.5587245,0.5649653,0.4505791,0.45210546,0.4573283,0.4615192,0.49252516,0.5007363,0.52935904,0.5247151,0.5249176,0.52046335,0.4846752,0.48261714,0.45770738,0.47252074,0.4751642
344,0.3491962,0.5090282,0.49509165,0.4306672,0.43532202,0.4172779,0.44296253,0.5654036,0.5494231,0.43164372,0.44494668,0.48250666,0.46098092,0.35373163,0.35128316,0.45612577,0.43047202,0.52508897,0.3875537,0.3918559,0.43525302,0.44152948,0.50646615,0.48394066,0.52372766,0.4735144,0.43480963,0.5642141,0.40564293,0.4154901,0.39835545,0.388108,0.39166182,0.37620384,0.3815277,0.5219363,0.45371765,0.43101978,0.51410294,0.52954,0.4598721,0.5195767,0.4826817,0.44017717,0.44165993,0.43052503,0.5673514,0.3985752,0.43628356,0.42546424,0.61705416,0.6041018,0.5574663,0.5707563,0.5214476,0.60046667,0.48273095,0.4815429,0.39991832,0.41116887,0.43560284,0.39064047,0.4058102,0.41804063,0.41517785,0.42591503,0.44280818,0.4420633,0.44741666,0.48525995,0.4607673,0.4454067,0.42896912,0.40223965,0.4622342,0.4544989,0.5018856,0.47707945,0.4857281,0.456324,0.42262128,0.44237646,0.44438124,0.42956945,0.4314942,0.4105649,0.4650557,0.4795822,0.43012798,0.48715827,0.45637494,0.47789225,0.50889236,0.4267166,0.4114584,0.46711764,0.42028216,0.45182577,0.55703783,0.6225043,0.60234356,0.5315644,0.53617704,0.58835024,0.5973316,0.5173003,0.62265,0.46577728,0.45118925,0.51237905,0.4142052,0.42441607,0.5219302,0.48640224,0.5533672,0.5636993,0.515196,0.469057,0.44502702,0.493505,0.43658537,0.49990526,0.54724956,0.6368116,0.6371156,0.47036707,0.44907838,0.5661743,0.5530858,0.46389177,0.51557636,0.49707535,0.48841172,0.5070645,0.51274455,0.49219966,0.47351184,0.4365772,0.5875264,0.53287035,0.4655238,0.44149768,0.41479194,0.4015577,0.427199,0.3923756,0.6216456,0.47049966,0.42554444,0.43749756,0.41440836,0.4834193,0.49066305,0.4591091,0.4299819,0.50093174,0.47641292,0.39051896,0.42664054,0.4586085,0.37402737,0.37874943,0.49547794,0.4843965,0.4810187,0.49070373,0.47342116,0.5754978,0.43720415,0.39171654,0.47672004,0.52958983,0.56027055,0.5683336,0.6716121,0.4924152,0.50166535,0.5531518,0.39425123,0.403328,0.3450639,0.5100946,0.5264769,0.429668,0.41109315,0.3943884,0.39017114,0.57049304,0.5717453,0.43423674,0.43309212,0.47936657,0.426836,0.3599463,0.36534318,0.45715523,0.4235934,0.50619483,0.37086484,0.3641296,0.46121278,0.37132344,0.52894324,0.4729868,0.48959973,0.43857312,0.4384865,0.518802,0.44274688,0.45947877,0.41389427,0.3995246,0.45572507,0.38174558,0.3976402,0.59266543,0.46052474,0.42704,0.5553139,0.56770647,0.49535173,0.5196009,0.50598115,0.45917487,0.42405823,0.39536917,0.5825774,0.4205805,0.4503027,0.41304836,0.62143725,0.59322816,0.56827253,0.6061906,0.524053,0.6036626,0.45612878,0.4472678,0.42447165,0.43501335,0.42321315,0.41250494,0.43753102,0.408853,0.42223692,0.45078918,0.4608351,0.4784788,0.4773179,0.48574707,0.47654995,0.4661094,0.4456059,0.43861333,0.4478481,0.45195547,0.50417596,0.47533008,0.5553332,0.4295193,0.432617,0.42291152,0.45484588,0.43329614,0.4792937,0.39802834,0.448023,0.49744454,0.42008063,0.51367426,0.44946283,0.48496777,0.53018385,0.43420967,0.39516982,0.46601686,0.44307056,0.50279725,0.5526005,0.6214108,0.57150286,0.50914174,0.5152398,0.57866716,0.61955917,0.5105504,0.5987266,0.4667586,0.45178512,0.5177941,0.40968177,0.42882842,0.5041699,0.5211179,0.5574029,0.5939594,0.53260964,0.5061443,0.4717753,0.51579994,0.47343948,0.50681484,0.51644504,0.61896175,0.6380332,0.45912683,0.4198015,0.5510564,0.5333889,0.48748007,0.5170009,0.49193722,0.45840988,0.50194776,0.50835687,0.4523457,0.45487288,0.43056569,0.5461033,0.5084775,0.4385133,0.4101229,0.39654762,0.4560874,0.42948812,0.38706487,0.6519347,0.46749192,0.46890846,0.45285666,0.45501167,0.4521811,0.4683458,0.42327568,0.46502015,0.47411883,0.49217048,0.3817937,0.4206367,0.42638275,0.3893338,0.41128471,0.4471449,0.5215804,0.50260055,0.53261584,0.49913937,0.5662892,0.42057008,0.43941683,0.47450125,0.52721304,0.52263117,0.5416448,0.6627134,0.5098999,0.474463,0.56406194,0.3962595,0.37789845,0.5015526,0.4934056,0.56119734,0.5637503,0.43462643,0.4379125,0.4506802,0.45057908,0.48595592,0.49336162,0.52060753,0.5206338,0.52131593,0.5170262,0.47943434,0.4777228,0.4397234,0.45937872,0.47128472
345,0.3559083,0.53273886,0.5193254,0.44908154,0.45665008,0.43523452,0.4621512,0.5774647,0.5675978,0.4640219,0.47672698,0.49366033,0.49544278,0.3497892,0.34785017,0.49223918,0.44558915,0.5349107,0.41665307,0.4190759,0.455833,0.4622573,0.5264286,0.5086686,0.54406315,0.45867872,0.44399184,0.5848082,0.4219468,0.3854999,0.39192036,0.3602769,0.36601746,0.3441333,0.3525929,0.52857167,0.47736755,0.44909078,0.5203917,0.5395833,0.4739877,0.52505964,0.51198566,0.45504785,0.4643626,0.4476992,0.56545997,0.4295295,0.45074588,0.43602154,0.629384,0.6112262,0.5766331,0.57332915,0.53100723,0.6102262,0.4789481,0.46825048,0.4174892,0.4385269,0.4139489,0.36047128,0.39078668,0.40756756,0.3998146,0.41354614,0.41182944,0.420791,0.41042647,0.44284764,0.43035796,0.41563308,0.42157897,0.39662573,0.44683173,0.4195771,0.4716899,0.48774958,0.46798193,0.46990648,0.42311382,0.4426976,0.44221592,0.4547877,0.43872005,0.42141587,0.42859724,0.45067203,0.41340983,0.455621,0.45396262,0.47449133,0.5041614,0.4015424,0.4305366,0.4768949,0.4204367,0.4371865,0.5916763,0.64539593,0.6165011,0.55190736,0.5620192,0.61424494,0.6159204,0.53711414,0.64796835,0.501652,0.47924337,0.51938653,0.42569414,0.42107192,0.55449075,0.5238599,0.56438196,0.5662279,0.5136886,0.46752566,0.43990248,0.48844424,0.45195085,0.501713,0.5627331,0.66220576,0.65722775,0.48147866,0.464383,0.5788194,0.558175,0.4378314,0.5094368,0.46053326,0.47824338,0.50581086,0.51168346,0.4959654,0.47497094,0.4444467,0.6134448,0.553433,0.47707465,0.46985558,0.4394557,0.40438372,0.42310783,0.41707677,0.63011867,0.49299884,0.40829927,0.4072836,0.39060193,0.5169366,0.5164319,0.48370814,0.4357138,0.51601434,0.48733044,0.4158877,0.46228522,0.48566693,0.34264368,0.37964085,0.5095166,0.48043507,0.47534537,0.48703042,0.49495527,0.5971345,0.4572496,0.38342565,0.45823193,0.54474044,0.59013075,0.5995167,0.6878849,0.4762304,0.47961423,0.57720697,0.39688239,0.40786445,0.35513294,0.5387941,0.54973227,0.45036197,0.4327261,0.41599354,0.414088,0.5802448,0.5858008,0.47506383,0.4622708,0.49493742,0.4639035,0.36388534,0.37021485,0.49120775,0.4360356,0.5200876,0.40518907,0.3868725,0.48019022,0.39734304,0.558265,0.50235325,0.5299832,0.43300012,0.46032453,0.54704285,0.4603128,0.42568204,0.418285,0.37227875,0.41713077,0.3628395,0.37537572,0.5951392,0.48148826,0.45103467,0.5594976,0.5733134,0.5093201,0.5281429,0.5330994,0.48918495,0.4502041,0.42379576,0.5758966,0.44962767,0.4648652,0.42733976,0.63207793,0.6004052,0.5830567,0.5994544,0.5313747,0.6134767,0.46488777,0.44758952,0.4538235,0.47443968,0.41296592,0.40439048,0.43039134,0.41043603,0.40967497,0.4446625,0.44859213,0.46213067,0.44568548,0.46000102,0.4388042,0.4427635,0.44062388,0.4351589,0.44110084,0.43476725,0.484726,0.49384668,0.57900155,0.46041074,0.43586025,0.4370661,0.45586348,0.4661301,0.47533342,0.42078432,0.44626114,0.46709195,0.42285162,0.49326074,0.4540142,0.4822222,0.5243758,0.40899906,0.41981933,0.48236406,0.45201412,0.4915694,0.5797168,0.6415872,0.579667,0.52332586,0.5488653,0.60212326,0.6326343,0.5318532,0.61725837,0.50304127,0.47799888,0.51976335,0.41987702,0.43085438,0.53664565,0.56166387,0.5788488,0.592747,0.53437805,0.49571815,0.47285795,0.5159216,0.49176845,0.51005626,0.5250658,0.64937854,0.64670575,0.4767778,0.4420155,0.5605614,0.54287636,0.46935987,0.50995135,0.47653517,0.45556137,0.49972454,0.5093367,0.4722725,0.46606302,0.44257066,0.568549,0.5316738,0.46273986,0.44193393,0.42113304,0.46337822,0.42983472,0.4182244,0.657507,0.49182117,0.46494076,0.43255803,0.44061768,0.48434603,0.49478188,0.44769222,0.48224702,0.49576256,0.5074564,0.40434065,0.45526364,0.457971,0.37948725,0.4251571,0.4667613,0.5092609,0.48302087,0.52790695,0.5227915,0.5858179,0.43588084,0.44288552,0.46140787,0.5248995,0.5502012,0.57924867,0.6803154,0.4953113,0.4612548,0.5843558,0.4003091,0.3797189,0.50058126,0.4971901,0.56045943,0.56007004,0.43046644,0.43452194,0.45200425,0.44893128,0.48422,0.49070364,0.51741606,0.52261287,0.51759213,0.51412517,0.48314694,0.4807797,0.4351277,0.45657396,0.47515613
346,0.38423157,0.56373054,0.5540708,0.48101184,0.49037594,0.46704957,0.4902765,0.59310645,0.589989,0.51217353,0.51824975,0.5204304,0.5403893,0.37834713,0.3767969,0.5399009,0.47444314,0.5477683,0.46120578,0.4641668,0.48978725,0.49308857,0.5555493,0.540578,0.57334125,0.4630138,0.4677111,0.6046601,0.45140105,0.37719426,0.40490836,0.3602857,0.36707956,0.342716,0.35391876,0.5469068,0.51257926,0.4803082,0.5363575,0.55690557,0.5009542,0.5364776,0.55069524,0.48179352,0.4943551,0.47360805,0.56666416,0.47719896,0.4780021,0.46033737,0.639848,0.61780953,0.59827673,0.5800214,0.5471466,0.61816156,0.4901096,0.46813017,0.4554118,0.4836131,0.4103849,0.3560228,0.39654168,0.4158629,0.40429574,0.42210472,0.39663312,0.41307712,0.3935602,0.41394728,0.41390127,0.40427986,0.43363777,0.41130424,0.450626,0.4028471,0.44987145,0.5058071,0.46546632,0.49507943,0.44660705,0.46100852,0.45153284,0.49105707,0.46024895,0.45253018,0.41153315,0.43514302,0.4137267,0.43483463,0.46381375,0.4790416,0.50285196,0.3962614,0.4682993,0.49369746,0.43513557,0.43297642,0.6234663,0.66231227,0.62783164,0.57752085,0.59061134,0.6367142,0.62923294,0.5616871,0.6638128,0.5460353,0.5219676,0.5323514,0.45788884,0.44009736,0.586897,0.56659967,0.57475525,0.56808144,0.5181643,0.47484466,0.44746625,0.49448985,0.48115245,0.50828177,0.5818833,0.67779243,0.66986,0.49804845,0.48746774,0.59457815,0.5714444,0.42878416,0.5095722,0.43607903,0.4741894,0.5075059,0.5135389,0.5064696,0.48585027,0.46378145,0.6363287,0.57624686,0.5003738,0.5121199,0.47393963,0.42949796,0.4384843,0.456616,0.6324501,0.5206457,0.40770727,0.39707705,0.38492185,0.5596911,0.5470479,0.5158578,0.4486096,0.538381,0.50585014,0.45862353,0.511877,0.5184052,0.34285766,0.40141928,0.5285062,0.48188412,0.47567993,0.49026233,0.52695715,0.6192511,0.49517447,0.39938807,0.44892505,0.56286854,0.6159427,0.62916267,0.692531,0.47221082,0.46333727,0.5978373,0.42289543,0.43671224,0.38756818,0.5715915,0.5780266,0.4840689,0.46939558,0.45328757,0.45291048,0.5920809,0.600633,0.5276502,0.50190544,0.5234631,0.5139358,0.3975071,0.40474355,0.5361536,0.4638818,0.5390675,0.45625135,0.429823,0.50862724,0.44271877,0.5906937,0.5389382,0.57424384,0.4461662,0.49385855,0.5779107,0.48534378,0.40679574,0.4387545,0.36944234,0.39923653,0.36934158,0.3791005,0.6000449,0.5133804,0.4857351,0.5684647,0.5813141,0.5324795,0.54081833,0.56566274,0.52537686,0.4845646,0.4652597,0.56835604,0.4919999,0.4911378,0.4581204,0.63938385,0.6066963,0.5994599,0.5904707,0.5452414,0.6205216,0.48722243,0.4613869,0.49642897,0.52624893,0.42099485,0.41350186,0.4363121,0.4287173,0.41538537,0.4538433,0.44473737,0.4515028,0.42605716,0.4420135,0.41503033,0.43089664,0.44769102,0.4441238,0.4535961,0.4280713,0.46855462,0.51910406,0.6056765,0.502274,0.45308897,0.46448663,0.4669493,0.5055947,0.47880468,0.4611277,0.4547799,0.44532338,0.44236407,0.47784016,0.4690299,0.48564804,0.5203545,0.4006739,0.4611794,0.50333875,0.468956,0.48040262,0.60514766,0.6558519,0.5879939,0.5462809,0.58610594,0.62284416,0.63783985,0.5576832,0.62809896,0.5483422,0.5171506,0.5260467,0.44875103,0.45164457,0.57206035,0.6017709,0.5977219,0.5877328,0.53842366,0.48855758,0.48463315,0.52366287,0.51949996,0.51703864,0.54113954,0.6705542,0.6483279,0.49815315,0.47436526,0.5723112,0.56100744,0.46335262,0.506234,0.4663001,0.46090442,0.5000248,0.51336825,0.5007348,0.4870996,0.4683106,0.59406257,0.55746937,0.4967378,0.48950008,0.45505932,0.48292843,0.44636077,0.4633393,0.65219605,0.5204283,0.46894914,0.42392743,0.43513575,0.5289186,0.52893096,0.4837182,0.5003085,0.5269911,0.5291088,0.44520852,0.50263023,0.49880978,0.39537388,0.45318928,0.49595472,0.4991514,0.46861538,0.5221504,0.55183214,0.6057325,0.46869287,0.45805907,0.45513147,0.52305067,0.5804302,0.61526686,0.6850562,0.48563582,0.45412585,0.5988298,0.4254224,0.4054558,0.5058527,0.50740486,0.5561793,0.5539615,0.44079623,0.44449162,0.46230885,0.45837405,0.4886556,0.49374086,0.51984245,0.5294698,0.5147229,0.5123075,0.49612826,0.49207827,0.44594306,0.46551302,0.48700294
347,0.4330256,0.59605706,0.59115034,0.5222029,0.531962,0.5090663,0.5243435,0.60702544,0.60928583,0.56802994,0.5625326,0.55961937,0.58829916,0.43425345,0.4316308,0.5916001,0.5127483,0.561075,0.515391,0.5229256,0.5327079,0.5284587,0.58908165,0.5705022,0.60684204,0.48604038,0.49935627,0.6193735,0.4852942,0.38947472,0.43251336,0.38676465,0.3927365,0.37138715,0.38220584,0.5700472,0.54914534,0.517608,0.5559289,0.57550454,0.53270596,0.5476962,0.59025776,0.514686,0.52317005,0.49957067,0.56768227,0.5355732,0.51433784,0.49216938,0.64354974,0.6197069,0.6149261,0.5873605,0.5638421,0.62062836,0.51371247,0.48283294,0.5068761,0.53735465,0.42460868,0.37617245,0.42298636,0.43988925,0.42715538,0.45127353,0.39902917,0.4193249,0.39769995,0.40273386,0.41256905,0.4118152,0.46231613,0.4456675,0.47501138,0.40790758,0.44038507,0.5282596,0.48183557,0.5287123,0.4909412,0.49677822,0.47179958,0.5309882,0.49319872,0.49800384,0.41602978,0.43588272,0.4294853,0.42728746,0.48406404,0.49197218,0.50548977,0.41160294,0.5180686,0.51262206,0.46196932,0.43940547,0.6426577,0.6672774,0.63012916,0.5996228,0.6128265,0.64767665,0.62974995,0.5846257,0.66564536,0.58968335,0.5708498,0.54765016,0.5050631,0.47745165,0.60973823,0.60374707,0.5791336,0.56541276,0.52528596,0.48942742,0.4665458,0.5104593,0.51825106,0.5178144,0.60133374,0.67724127,0.6726863,0.51578426,0.51160157,0.60930353,0.5903828,0.43734258,0.51502514,0.42642775,0.47716948,0.51182896,0.51736253,0.5224927,0.504276,0.48997527,0.6520925,0.59606653,0.5292397,0.55730784,0.50880843,0.47277775,0.46997404,0.5029581,0.62393534,0.5465894,0.42368582,0.40704617,0.3961272,0.6026427,0.5767317,0.5502661,0.46383467,0.56519073,0.52820736,0.5145755,0.56758845,0.5503233,0.37237918,0.43943524,0.54865724,0.4889556,0.48174787,0.49868828,0.5622393,0.63308287,0.54537386,0.4363219,0.45190722,0.58004594,0.6298434,0.64799875,0.6831214,0.4790455,0.4558845,0.61105525,0.46846458,0.48493823,0.44040653,0.6024501,0.6050163,0.52597725,0.5162628,0.50128543,0.5013512,0.60145307,0.61016226,0.58118814,0.54506254,0.5611685,0.5686755,0.45450053,0.46126947,0.5839746,0.5030716,0.5591056,0.51639754,0.48802033,0.54167724,0.5008827,0.6201914,0.5725055,0.6131923,0.47773162,0.5314327,0.605739,0.51034886,0.40449974,0.46896753,0.39104512,0.40296036,0.40090862,0.406051,0.6030251,0.5470117,0.5223786,0.576816,0.58744824,0.55759853,0.5513304,0.5958232,0.55966735,0.5168158,0.50829726,0.5568874,0.54084253,0.52312535,0.49833402,0.6385509,0.60744435,0.6112103,0.577629,0.55977905,0.62056017,0.5176807,0.48689404,0.54279095,0.5786405,0.44544053,0.43928483,0.4572142,0.4604189,0.43759644,0.47821498,0.4504265,0.4482822,0.42165858,0.4358288,0.4094034,0.43281707,0.46698633,0.46667036,0.4864435,0.4361224,0.4601388,0.54613334,0.6315253,0.54801315,0.4834504,0.5022003,0.48754632,0.5443244,0.49121603,0.5123122,0.47401813,0.4367539,0.47669643,0.47048426,0.49382505,0.49729195,0.51904386,0.4116595,0.5120083,0.5221662,0.49153247,0.4726297,0.62090373,0.65842354,0.5912093,0.57021743,0.61562973,0.63288814,0.6288475,0.581239,0.62714267,0.593915,0.56256443,0.535619,0.49274668,0.48635668,0.6003376,0.63188595,0.6070492,0.57591826,0.5407115,0.48584548,0.5035806,0.53706753,0.550965,0.52635306,0.56331384,0.6753321,0.6418434,0.51785576,0.5087141,0.58472794,0.5852889,0.47064728,0.5067528,0.46314436,0.47422147,0.5035468,0.51935685,0.5327468,0.5131943,0.5029895,0.6188142,0.5801012,0.5328066,0.5413311,0.4901239,0.51117826,0.4762145,0.51337445,0.6317314,0.5458841,0.48132274,0.42793816,0.43846986,0.57680684,0.56462836,0.5252616,0.5128575,0.56242126,0.5513399,0.5000559,0.55408055,0.54174703,0.43302917,0.4890643,0.52915317,0.49281868,0.4629302,0.51680046,0.5791541,0.6187626,0.51634806,0.48261282,0.46037322,0.5221744,0.60455674,0.6391916,0.6739077,0.48201716,0.45550898,0.60420096,0.46876895,0.45148677,0.51637703,0.5219485,0.54893094,0.5465994,0.4655543,0.46791345,0.48043388,0.47784016,0.49897596,0.5022295,0.5269569,0.53945225,0.5136683,0.5120386,0.51666164,0.51046187,0.47013798,0.48445848,0.50478685
348,0.49561805,0.6251164,0.6224222,0.56640786,0.57535034,0.55539423,0.5601469,0.61429965,0.6192677,0.6218419,0.60325557,0.6045539,0.6323489,0.50607145,0.4999857,0.6406316,0.55659014,0.57281184,0.57219535,0.5881931,0.57982326,0.56283414,0.62134516,0.5899272,0.6388917,0.52256876,0.5312165,0.6269693,0.5155022,0.41738448,0.46622565,0.43447664,0.43545994,0.42508894,0.4304628,0.5906846,0.5769149,0.55296123,0.57273716,0.58919144,0.5597473,0.5538351,0.6219998,0.54625076,0.5440704,0.51879257,0.5664441,0.59662443,0.55553496,0.5262979,0.63776773,0.61472636,0.6205458,0.59273094,0.5749898,0.6152785,0.5444994,0.5098844,0.5608902,0.5873718,0.45339596,0.41643822,0.4657834,0.47383425,0.46345595,0.49578917,0.4167154,0.43746457,0.4202482,0.40932134,0.42534533,0.43509638,0.5008414,0.49413782,0.51524824,0.43373296,0.44354054,0.5514816,0.5159539,0.5652734,0.5473138,0.5438955,0.49965107,0.5674093,0.5321622,0.54891837,0.43939003,0.45126832,0.4567292,0.43297642,0.5112772,0.51212794,0.51144093,0.44409245,0.57056355,0.5290969,0.49588442,0.45479754,0.6425834,0.65607995,0.619452,0.61017656,0.6218616,0.6420959,0.6135566,0.59950525,0.6526231,0.62429464,0.61520195,0.56196564,0.5575061,0.5249917,0.6157606,0.62663376,0.5736102,0.5564466,0.5329653,0.5083413,0.49210992,0.5323278,0.55467975,0.5278183,0.6173665,0.6580507,0.6656647,0.530385,0.5298315,0.619734,0.61123955,0.46042717,0.5234771,0.43024018,0.48667553,0.51776516,0.52191484,0.5411116,0.5276067,0.5182233,0.66029257,0.6098064,0.5563432,0.59432864,0.5358615,0.52610475,0.5109045,0.54770756,0.6017158,0.5655883,0.45263186,0.4331331,0.4193601,0.6379744,0.6003846,0.5813306,0.4760241,0.5941009,0.55270034,0.5775549,0.6205609,0.575837,0.42445222,0.48587108,0.5658939,0.50074244,0.49322575,0.5104451,0.59287,0.63146335,0.5980075,0.48660547,0.46737534,0.5931359,0.6278986,0.65033734,0.66007584,0.49246156,0.45891598,0.6156485,0.52484924,0.5433321,0.5060079,0.6281237,0.62485355,0.5698066,0.56651574,0.5533844,0.5516862,0.6046597,0.6096885,0.62650913,0.5849729,0.6019474,0.6201221,0.5230203,0.52686495,0.6278209,0.5493692,0.5770633,0.577351,0.55388075,0.576216,0.5635271,0.643249,0.59416956,0.6413208,0.52278507,0.56530184,0.6268655,0.5300192,0.41717616,0.4998831,0.4332875,0.42347464,0.45315835,0.4499381,0.60067534,0.5735321,0.55270505,0.58030427,0.5879897,0.57689273,0.55539566,0.6165274,0.58534503,0.53942186,0.5437194,0.54121625,0.5896808,0.55598646,0.54111886,0.6275292,0.6006248,0.6129491,0.56135637,0.5692096,0.6108976,0.54927385,0.51949203,0.582638,0.6198092,0.4824111,0.4788754,0.49159774,0.50095946,0.471328,0.5126326,0.4658376,0.4532597,0.43291855,0.44261986,0.42226216,0.44774935,0.49531716,0.5005653,0.53417826,0.45889756,0.46171743,0.56995606,0.6533121,0.59042233,0.5221597,0.54420906,0.5153128,0.5766521,0.5124902,0.565739,0.50222665,0.44193798,0.5221973,0.47360227,0.52640265,0.51662534,0.52065194,0.4406118,0.56343037,0.53448045,0.5171328,0.47160113,0.62107205,0.6451072,0.5853026,0.5868289,0.62960863,0.6275085,0.60268027,0.59630233,0.61358845,0.63124967,0.605559,0.54654074,0.5448197,0.5275596,0.61353385,0.6449411,0.6017911,0.55663395,0.5395764,0.48786283,0.52507496,0.5527925,0.5793055,0.53549755,0.58802754,0.66128844,0.627807,0.53171736,0.53705096,0.5957738,0.61200964,0.48930982,0.5110606,0.466788,0.4942382,0.51007634,0.52548057,0.5635765,0.5395514,0.54151076,0.63995194,0.59702224,0.5642375,0.58575696,0.51974154,0.5432431,0.5143535,0.56026393,0.59454393,0.56289107,0.50116557,0.4431925,0.44916984,0.61946505,0.5956362,0.56555146,0.51525134,0.59824955,0.5707142,0.5627493,0.6015194,0.579946,0.4846552,0.52474636,0.56046635,0.49120554,0.4671507,0.51385,0.5985831,0.61955315,0.57066,0.51351637,0.47927526,0.52264524,0.6158499,0.6448703,0.64756995,0.4836805,0.46626142,0.6006762,0.52321327,0.51001626,0.5301569,0.5379675,0.5401755,0.53944415,0.50119424,0.50153965,0.5038566,0.5041017,0.5132721,0.514559,0.5367381,0.5502854,0.514787,0.5134042,0.5405606,0.5326539,0.50240284,0.5091714,0.5248918
349,0.55848455,0.6477643,0.64065415,0.60497266,0.6126345,0.5981488,0.59199655,0.61135405,0.61597216,0.663829,0.63530034,0.6446647,0.6660056,0.5775747,0.5665412,0.68080914,0.60127574,0.5814109,0.623382,0.650372,0.6256322,0.5916596,0.64696044,0.5938145,0.66202366,0.5619482,0.55590355,0.6265032,0.5371333,0.45414487,0.4969274,0.4941802,0.48383972,0.4934902,0.48809332,0.6032299,0.5889128,0.57934934,0.58137333,0.59274834,0.5741008,0.55196226,0.63869196,0.56883967,0.55300504,0.52837634,0.56152517,0.65143895,0.5960584,0.55895084,0.6213708,0.6016428,0.6119033,0.5930838,0.57602346,0.60111946,0.5745518,0.542869,0.6050628,0.6219401,0.4906247,0.4682817,0.5162923,0.509717,0.5052966,0.54596895,0.44509652,0.4639529,0.4551203,0.43102694,0.44947097,0.46957284,0.5393116,0.54713047,0.5603071,0.47388318,0.45782238,0.5715308,0.5595738,0.5979195,0.60155123,0.5923465,0.5306448,0.5947625,0.57022303,0.59424025,0.47464558,0.47599518,0.4905902,0.44977367,0.540988,0.53726244,0.5191903,0.48606575,0.6166474,0.5394522,0.5305879,0.4760115,0.6212645,0.6273746,0.59445673,0.6041534,0.6146313,0.61878914,0.5813188,0.6020706,0.6267815,0.6437158,0.6454674,0.57255197,0.6032129,0.57139045,0.60195655,0.6312042,0.5576305,0.5415846,0.5401585,0.5280422,0.5171856,0.5541144,0.5810397,0.53610295,0.625594,0.6219166,0.6493532,0.5380125,0.53754,0.6227231,0.62824714,0.49215266,0.53174245,0.44387466,0.50163066,0.524207,0.5262823,0.55875117,0.55274105,0.54505396,0.66156965,0.6160048,0.57557184,0.6151813,0.5507122,0.5795493,0.55348384,0.5846556,0.5657677,0.57478315,0.48885095,0.46799824,0.44933268,0.6598948,0.6135633,0.6033319,0.4819539,0.6225012,0.5789355,0.6390418,0.6628202,0.5902528,0.4870027,0.5318765,0.5762274,0.51482457,0.50929374,0.5238374,0.6121954,0.61138123,0.6411731,0.5401476,0.49364927,0.5992562,0.6101928,0.63482493,0.6261672,0.5065285,0.47228456,0.6120629,0.57873756,0.59839606,0.57024544,0.64750856,0.63225996,0.60752094,0.6113699,0.60159427,0.5953428,0.5992473,0.59689003,0.65751326,0.61640596,0.6369763,0.66072387,0.58849293,0.5874461,0.6618411,0.59845346,0.5905164,0.63117874,0.61855733,0.6102207,0.6217523,0.6578096,0.59923995,0.6559362,0.57022196,0.5888823,0.6383478,0.5419911,0.4409156,0.52296484,0.48871288,0.45261955,0.5170621,0.5015686,0.5908902,0.5868853,0.571329,0.5761065,0.58009166,0.5841407,0.55127454,0.6225885,0.5977,0.5489554,0.5669687,0.5229192,0.6325465,0.5856939,0.581264,0.6065538,0.5859675,0.60165447,0.5426088,0.5692591,0.59100795,0.57485443,0.5526078,0.6078528,0.6412912,0.52487016,0.52555764,0.5332427,0.54367906,0.5096447,0.54864067,0.48941088,0.4657806,0.45610487,0.4608745,0.4492728,0.47334024,0.5258138,0.5395901,0.5836,0.4918942,0.473411,0.586493,0.6663504,0.62349856,0.5611081,0.5833873,0.5460968,0.59843975,0.54011434,0.61136496,0.53539777,0.45794255,0.5709822,0.4869006,0.56224173,0.54098314,0.52464193,0.48166808,0.60773003,0.5385799,0.54295766,0.47897008,0.60351694,0.6145589,0.56832623,0.58981466,0.62512124,0.60599,0.5611789,0.59910464,0.5898444,0.6531904,0.6376529,0.5560645,0.5942693,0.56643564,0.6076974,0.63785595,0.58092475,0.5316409,0.53566515,0.49402007,0.5442143,0.5662115,0.59738535,0.5418743,0.6087801,0.63032144,0.60730034,0.53757393,0.5538927,0.6017128,0.6344656,0.5137472,0.51713336,0.47519124,0.51910746,0.5185109,0.5301215,0.5894916,0.5627479,0.5793688,0.6539219,0.60786724,0.58716375,0.6145756,0.54101074,0.5739282,0.554611,0.59900707,0.5434118,0.56927764,0.5256187,0.4663035,0.46596196,0.650345,0.61588484,0.5982657,0.5065383,0.6315936,0.5863803,0.6253347,0.639238,0.6076315,0.5396884,0.5531292,0.584954,0.4941144,0.47983864,0.5144004,0.6060745,0.6056675,0.6194469,0.54659134,0.51002103,0.5241043,0.61121106,0.63101393,0.6101388,0.4876321,0.4855774,0.59055024,0.5766828,0.5690961,0.5442736,0.5520544,0.5319763,0.5333726,0.54058117,0.538455,0.5287151,0.53206164,0.5286329,0.52790904,0.54632384,0.5590792,0.51768756,0.51612234,0.5622932,0.55386686,0.53556716,0.53418297,0.5430717
350,0.6065361,0.6612442,0.64072984,0.62921005,0.6360662,0.629446,0.61394376,0.59735864,0.59885436,0.68689203,0.65465075,0.6693727,0.6838115,0.63289803,0.61685574,0.70685005,0.64009154,0.5853473,0.6608366,0.6997106,0.66382015,0.6114341,0.66162705,0.58179545,0.6690808,0.5918807,0.56738555,0.6165495,0.54669344,0.4906914,0.5172366,0.5528881,0.52536005,0.56032306,0.54135287,0.6050164,0.5835888,0.592537,0.57911205,0.584007,0.5722311,0.54164046,0.63665664,0.57746667,0.54891753,0.52755606,0.5518258,0.69214904,0.62943685,0.5853101,0.59494346,0.58026385,0.58957154,0.58525175,0.56575197,0.5788339,0.59602505,0.57340705,0.63093436,0.634926,0.5279519,0.5193081,0.5623267,0.53939724,0.54371285,0.5909776,0.47732136,0.49277285,0.4930142,0.46209112,0.47909972,0.5088952,0.567411,0.5926761,0.597161,0.5169122,0.47925165,0.5844213,0.5993506,0.620099,0.6401459,0.63161486,0.558955,0.6096945,0.5995903,0.6244932,0.5115611,0.50297236,0.5241837,0.47250256,0.5678049,0.5635676,0.526749,0.5269801,0.6483082,0.5413222,0.5583836,0.49790624,0.5825754,0.5843934,0.55752194,0.58129513,0.59214985,0.5810607,0.53877276,0.59171164,0.5922738,0.64533037,0.6567901,0.5769911,0.6325675,0.60623574,0.57143843,0.6183011,0.5346092,0.5226778,0.5448714,0.5447679,0.53568697,0.56986713,0.59054315,0.5411936,0.6223742,0.5749699,0.6241462,0.53650844,0.53396523,0.6151305,0.63481563,0.5238937,0.53675634,0.4625419,0.5194645,0.53025097,0.529917,0.57233924,0.5751756,0.56751275,0.6553286,0.61352926,0.5830686,0.6163224,0.5524489,0.62215304,0.5883559,0.6092556,0.52048343,0.5736271,0.52412033,0.50154966,0.47962475,0.66522264,0.6134095,0.6119414,0.48112452,0.6464297,0.6046436,0.6896041,0.68889624,0.5906133,0.54345536,0.56862634,0.5773107,0.52779293,0.5271163,0.5367461,0.6168329,0.57535356,0.6663429,0.58554304,0.5255356,0.59619474,0.580454,0.6040936,0.58592844,0.5154916,0.49254563,0.6013113,0.6174926,0.6377044,0.6182592,0.65984845,0.6237224,0.6312955,0.6424874,0.63818187,0.6255247,0.58486974,0.5729695,0.67126316,0.635915,0.6575383,0.6843477,0.637619,0.630906,0.6816593,0.6443066,0.59753007,0.671319,0.67316633,0.640857,0.6675228,0.6622989,0.58803535,0.6562484,0.606967,0.59751934,0.6375281,0.5438419,0.46847674,0.5322077,0.54537636,0.48110962,0.57829654,0.5488153,0.57377195,0.5854246,0.57629406,0.5636897,0.5633982,0.5771049,0.53985655,0.6122623,0.59500796,0.54538023,0.5762361,0.5037974,0.6640603,0.6084809,0.61349714,0.5778098,0.56440103,0.57806325,0.52223325,0.5588201,0.5630263,0.5893526,0.57961124,0.6151036,0.64032274,0.56350243,0.5689024,0.5719613,0.58011603,0.54472154,0.57830197,0.5161878,0.48229018,0.48369503,0.48616225,0.481742,0.5047635,0.55011344,0.57459444,0.6203609,0.52733546,0.49205473,0.592978,0.6656381,0.64314824,0.5916681,0.61345565,0.57271063,0.6068013,0.5673313,0.6408021,0.56753147,0.4796559,0.611637,0.5058965,0.59420794,0.5662574,0.52971727,0.525145,0.6383604,0.5344322,0.56380534,0.4922885,0.5710994,0.5702423,0.54165477,0.5770743,0.6039868,0.5718384,0.5118354,0.5894281,0.5604535,0.65586305,0.6534754,0.5616614,0.63041073,0.5952281,0.584317,0.61249477,0.5486997,0.5042564,0.52970254,0.5023867,0.5565738,0.57276803,0.6001388,0.5439849,0.6187319,0.5878851,0.5815751,0.53526103,0.55761373,0.59859365,0.64478564,0.5361662,0.5222948,0.485628,0.5450416,0.5271429,0.5325463,0.6077339,0.5800889,0.61228263,0.65671176,0.61218613,0.59980524,0.62380576,0.55312896,0.5966545,0.58816403,0.626328,0.48683155,0.5655427,0.5488504,0.49117264,0.48562643,0.6654935,0.62085724,0.61896807,0.48960626,0.65894914,0.59836894,0.6787842,0.6637599,0.6209992,0.5854407,0.5688247,0.599656,0.50023437,0.49726912,0.51789135,0.600686,0.5782964,0.65241295,0.5749414,0.5451225,0.52543145,0.5916694,0.6006675,0.5678056,0.49007156,0.5099938,0.5763172,0.61666566,0.6166323,0.55581486,0.5610867,0.526229,0.52860814,0.574878,0.56993395,0.55024755,0.5558727,0.5420188,0.53896904,0.55262524,0.56288385,0.52149093,0.519508,0.5771664,0.5694955,0.5626247,0.55437165,0.55575544
351,0.63194954,0.6628,0.6214172,0.6346983,0.6416281,0.6444577,0.6220909,0.57446253,0.57096404,0.6889301,0.6595294,0.6731282,0.6831306,0.6642626,0.6434787,0.71560144,0.66698885,0.5833325,0.6798662,0.7299035,0.6887784,0.61993086,0.6626925,0.55821764,0.6569138,0.6042667,0.56463546,0.59692323,0.5435898,0.51842314,0.52392375,0.5991123,0.55173737,0.6106545,0.57895786,0.59655476,0.5655555,0.5931529,0.5671753,0.56480855,0.55605024,0.52555525,0.6166147,0.5722252,0.53568476,0.5189698,0.5372903,0.71493214,0.6516311,0.60172266,0.56110626,0.5520271,0.5577527,0.5677636,0.54650915,0.55009735,0.6047573,0.5949686,0.6372262,0.62706393,0.5577941,0.5579295,0.59305966,0.55813295,0.5720221,0.62304956,0.5056992,0.5167106,0.5245656,0.49359173,0.5061603,0.5450223,0.5792962,0.6211107,0.6168009,0.55084544,0.50116426,0.5877129,0.6235156,0.6283579,0.6564287,0.65519464,0.5790744,0.6124801,0.61460865,0.6358602,0.54018277,0.5256871,0.5500541,0.49412397,0.58704233,0.58626527,0.53237265,0.5575936,0.66156363,0.5352775,0.5731524,0.51475906,0.5347153,0.5342686,0.51420474,0.5463547,0.5596297,0.53622115,0.49444404,0.5715589,0.55419195,0.6304777,0.6496501,0.57424647,0.6417292,0.6244444,0.5321927,0.59253705,0.50983906,0.5024254,0.5449054,0.5556152,0.54516816,0.57595456,0.58194584,0.542622,0.6065414,0.52636075,0.5911316,0.52675676,0.5227773,0.5957384,0.62630427,0.5471096,0.5366887,0.48066512,0.53655535,0.53528976,0.5327022,0.5806816,0.59095836,0.5836026,0.6402829,0.60250455,0.57874787,0.59963083,0.5444045,0.64644325,0.60818505,0.61996055,0.47335067,0.56491923,0.5503713,0.5248255,0.5035637,0.65404356,0.6001232,0.6060311,0.4759028,0.66098684,0.6250839,0.72271425,0.69691914,0.57773817,0.58076084,0.5911723,0.5696258,0.53727275,0.5427033,0.5475539,0.6079987,0.5305124,0.6712001,0.6140636,0.55483127,0.5837609,0.5451949,0.5645205,0.54436535,0.51616734,0.5133366,0.5854188,0.63512635,0.6560108,0.6429208,0.6637982,0.59928685,0.6371958,0.6557053,0.6584823,0.6391732,0.5634043,0.5423581,0.66836846,0.6426477,0.6594233,0.68833905,0.66408247,0.6516437,0.68525386,0.67994463,0.5968875,0.69425714,0.7109121,0.6637235,0.696148,0.65592563,0.56564844,0.6443463,0.62534994,0.5916216,0.6247912,0.53472817,0.49159127,0.5264544,0.5911428,0.5017349,0.62409186,0.5818141,0.55161154,0.5724797,0.56997126,0.54525554,0.5404481,0.5582436,0.5245794,0.58765227,0.5797619,0.5330252,0.57316065,0.48524293,0.68102044,0.6220737,0.63365936,0.5448254,0.5378855,0.5465543,0.5009825,0.54016125,0.53010017,0.5919325,0.5966718,0.6066593,0.62022483,0.591273,0.59962374,0.5986734,0.60408694,0.5705562,0.5972755,0.53970104,0.49759609,0.5079577,0.51226896,0.5105676,0.5350517,0.5634735,0.5979655,0.63753015,0.55738896,0.51178056,0.5887589,0.64913964,0.64904475,0.60932773,0.6318677,0.58815503,0.6023651,0.5860463,0.6515554,0.5931895,0.5015178,0.6359002,0.52399683,0.61618954,0.588264,0.5341629,0.56148106,0.65256333,0.52400076,0.57443786,0.50610566,0.5304103,0.51963615,0.50943345,0.5513112,0.5723471,0.53176266,0.46443745,0.5704719,0.5304704,0.64009875,0.65223765,0.5624595,0.64746404,0.6103654,0.54970807,0.57524115,0.5123877,0.47744393,0.52137965,0.51048833,0.5597715,0.57004887,0.5867763,0.5421352,0.6149599,0.5417974,0.55248356,0.52665406,0.55075425,0.5853069,0.6385502,0.5507085,0.52478063,0.49576783,0.5673272,0.5343934,0.5331085,0.61771137,0.5903255,0.6364032,0.6467278,0.6096891,0.6027461,0.61452544,0.55774397,0.6062102,0.60742795,0.6409076,0.4347486,0.55480033,0.56502455,0.5114181,0.5032477,0.6642389,0.60982513,0.626038,0.47007558,0.6762882,0.605872,0.7160327,0.6737767,0.6195436,0.61308104,0.57103556,0.60390496,0.507889,0.5150053,0.52321947,0.5850437,0.54201615,0.66592646,0.5920807,0.57456,0.525771,0.56237304,0.5610808,0.5268653,0.48902798,0.53391975,0.5602683,0.63688904,0.6463042,0.56335825,0.5638038,0.5239628,0.52533925,0.5972989,0.58953553,0.56512,0.57165474,0.5514621,0.54549193,0.55343807,0.5599773,0.52541935,0.5226544,0.5828898,0.57679826,0.5793095,0.5666968,0.56148064
352,0.6359447,0.6513478,0.5865434,0.6229428,0.6306402,0.6429825,0.61600256,0.5475274,0.5388222,0.6720018,0.65116566,0.6556185,0.6651668,0.6721112,0.64647454,0.7069337,0.67919815,0.5753399,0.6805788,0.7392585,0.69730836,0.61704963,0.6502057,0.5312746,0.62713003,0.59627795,0.55193824,0.5711638,0.5312878,0.5330592,0.51915276,0.6269724,0.56108165,0.63836855,0.59576756,0.5817652,0.54375404,0.58608305,0.5510122,0.5408274,0.5322913,0.50924844,0.58308417,0.55716956,0.52081656,0.50875545,0.5195049,0.7201388,0.6616957,0.6081043,0.5252275,0.5207341,0.5237211,0.5425561,0.5236323,0.51719296,0.6011304,0.6055644,0.62773573,0.6033719,0.57551855,0.5773364,0.6037749,0.5651015,0.5875999,0.63989794,0.5247807,0.53117603,0.5433344,0.51675403,0.5239879,0.57185614,0.5745835,0.6294595,0.6160497,0.56784433,0.5180986,0.582031,0.62661916,0.6239912,0.65075153,0.6628384,0.58957994,0.60627675,0.6138768,0.6285967,0.5540502,0.5401646,0.56336915,0.50859886,0.59580755,0.6026223,0.5353757,0.57271624,0.6579846,0.52500224,0.5738972,0.5228534,0.48781982,0.48617008,0.47240782,0.50847805,0.52601594,0.49439898,0.45707798,0.54781604,0.5188516,0.60291725,0.62790704,0.5657717,0.63077056,0.62518656,0.4935942,0.56126267,0.48841625,0.48380166,0.5393934,0.559752,0.54704815,0.5724194,0.5599284,0.5418448,0.5802765,0.48623765,0.5542699,0.51237243,0.51077765,0.567031,0.6016374,0.556722,0.5315,0.49329153,0.55088943,0.5390481,0.53515464,0.5851583,0.59960526,0.5932611,0.61685747,0.58554417,0.5665822,0.57171017,0.5333549,0.6515665,0.61208797,0.61935496,0.43208086,0.553985,0.56349945,0.53346634,0.51778233,0.63003594,0.57736415,0.5880714,0.47110814,0.6625206,0.6356967,0.736379,0.6883886,0.5562794,0.59401333,0.6003092,0.5560839,0.5431825,0.5535894,0.55587417,0.5910717,0.4867036,0.65737313,0.6225917,0.57580847,0.56419575,0.5128573,0.52597845,0.5072065,0.50894684,0.5284181,0.56845975,0.63143855,0.6537891,0.6459159,0.6582387,0.563871,0.6265636,0.6519516,0.66186017,0.63693416,0.5390951,0.5120448,0.65227056,0.6384737,0.64323413,0.67423064,0.66877055,0.65077543,0.6734411,0.700118,0.58828676,0.69989,0.72848064,0.674389,0.7064781,0.6395591,0.5407071,0.62470514,0.62403786,0.57675993,0.6044649,0.5178151,0.5051116,0.5103528,0.61922634,0.5118782,0.65024227,0.5971205,0.5291443,0.5551963,0.55815446,0.5263114,0.5165311,0.53389287,0.51085854,0.55377316,0.5574197,0.5192079,0.5623301,0.46877173,0.6829738,0.6260469,0.64033145,0.5127206,0.51013225,0.5142858,0.48059964,0.51850045,0.49515483,0.58556545,0.6036873,0.58821625,0.588204,0.60529506,0.6131639,0.6093835,0.61340314,0.5857435,0.60644174,0.55546916,0.50832367,0.52374136,0.53441966,0.5293756,0.55868757,0.5660341,0.60708714,0.63545763,0.57797605,0.5279289,0.575606,0.6188708,0.6441748,0.61521274,0.64056534,0.5900146,0.5890893,0.59171367,0.64525235,0.6100392,0.519788,0.6404831,0.53547096,0.6251848,0.6051842,0.5367742,0.58477014,0.65250945,0.5108741,0.5739489,0.5160728,0.48991123,0.47182983,0.47821018,0.52016294,0.5397265,0.4948709,0.42749244,0.5478572,0.50543517,0.6100414,0.63660425,0.55977887,0.6442206,0.6119767,0.5125235,0.53554505,0.47933182,0.45315272,0.5099655,0.5169874,0.5546031,0.5590683,0.56152457,0.5383502,0.5992943,0.5015532,0.5236987,0.5153005,0.5386864,0.56482184,0.6160552,0.5553347,0.52448237,0.50408465,0.5836296,0.53959674,0.53293204,0.6211807,0.5943389,0.64885443,0.6260246,0.6011924,0.59907794,0.59261054,0.5587753,0.60186726,0.6108739,0.6438129,0.3937773,0.5416263,0.57139915,0.5239116,0.5157989,0.649517,0.5864238,0.6203075,0.4545316,0.6807605,0.6070949,0.7339509,0.67035604,0.6060797,0.6210807,0.56461996,0.59885776,0.5159739,0.5300934,0.5295282,0.5646915,0.50430787,0.6618608,0.5952694,0.5922215,0.5251365,0.532135,0.52323174,0.49368376,0.48548275,0.55228287,0.5452599,0.6367442,0.65739053,0.56687653,0.5610685,0.52566934,0.5243255,0.6050862,0.5951318,0.5725519,0.5785738,0.5565937,0.5471962,0.54882133,0.5512073,0.5290539,0.52484626,0.57980216,0.57567483,0.5851504,0.5709442,0.5612215
353,0.6253704,0.62920076,0.544936,0.60042447,0.609101,0.6288289,0.5985603,0.52263165,0.51042676,0.6407515,0.6331352,0.62013817,0.6353966,0.66060185,0.6297237,0.68385684,0.6761665,0.5630407,0.6664831,0.72904587,0.6889095,0.60515076,0.62771356,0.5098523,0.58532983,0.56898534,0.5353767,0.5455849,0.5149983,0.5350728,0.5086433,0.6358,0.55607164,0.64509296,0.59192455,0.56667507,0.5280811,0.5778554,0.53862804,0.5198854,0.5108136,0.49965405,0.5438249,0.5380485,0.51154214,0.5021822,0.5011596,0.70986617,0.6593634,0.60580796,0.49416062,0.49188852,0.49546078,0.5145721,0.5043545,0.4830425,0.5889621,0.6068474,0.60881495,0.5715985,0.5797369,0.576135,0.5957035,0.5621851,0.59152275,0.6440504,0.53292876,0.5358961,0.54685056,0.5268396,0.5301839,0.5881619,0.55632305,0.62034994,0.5960757,0.56540906,0.52849674,0.5704695,0.6093855,0.61129117,0.62743205,0.6586376,0.5932629,0.5955902,0.5997899,0.6050279,0.5514422,0.5456752,0.56320673,0.51300395,0.5934591,0.6132738,0.53618735,0.57118505,0.6421963,0.5150493,0.56408954,0.52183837,0.4521002,0.4487071,0.44088623,0.47821736,0.50113475,0.46511698,0.43449014,0.52773017,0.49316126,0.5682615,0.59778535,0.55483425,0.60182536,0.6098513,0.46453437,0.53371435,0.4739215,0.4690264,0.5279319,0.5583214,0.54452515,0.5624608,0.5331734,0.54176515,0.54886514,0.46248326,0.52031755,0.4977512,0.50420624,0.53458726,0.56368995,0.5519806,0.522812,0.49808967,0.5628499,0.54166484,0.5381026,0.5884502,0.60350734,0.59709823,0.5882814,0.5673542,0.5523515,0.54117596,0.5256087,0.6410354,0.60442996,0.6116256,0.4029637,0.5463815,0.5639187,0.527771,0.5230883,0.60015965,0.55126685,0.5630273,0.4712592,0.6503233,0.6338802,0.731338,0.66750014,0.5323244,0.5842,0.60000914,0.540438,0.54695857,0.5597783,0.56197304,0.5737641,0.45280504,0.6285878,0.6126132,0.5878326,0.5416207,0.49141067,0.4984759,0.48025867,0.4967517,0.5343575,0.5555642,0.60944456,0.6342684,0.63414574,0.64364004,0.5266227,0.60518235,0.6361345,0.6509651,0.6222994,0.5173995,0.4894367,0.6280563,0.62613976,0.6125993,0.64748704,0.6559282,0.6324724,0.64993244,0.7017173,0.5726067,0.690388,0.7254154,0.670529,0.6995698,0.6162635,0.5218561,0.60260886,0.6052116,0.55970913,0.5822715,0.4977551,0.50787973,0.49152797,0.62884337,0.5132002,0.659593,0.59630454,0.5124897,0.542109,0.54742116,0.5147221,0.49842682,0.5125204,0.5047321,0.5178491,0.5341915,0.5102983,0.54733384,0.45616677,0.6710182,0.62058014,0.6330865,0.48716956,0.48624617,0.48855406,0.4640386,0.50088966,0.46118253,0.57523435,0.6027217,0.5667366,0.55328536,0.60590744,0.60947055,0.60431,0.6088646,0.59285855,0.6103928,0.5619094,0.51397216,0.5287696,0.55060273,0.5350928,0.5737841,0.5598208,0.6030282,0.6175488,0.5886596,0.5389727,0.55667466,0.57993644,0.631831,0.6128324,0.64339596,0.580078,0.5719775,0.5843712,0.6250054,0.6185541,0.53318083,0.6255978,0.5371465,0.6208653,0.6178331,0.5372768,0.59314734,0.6419996,0.49836397,0.56510276,0.5206132,0.45861882,0.43482098,0.45588428,0.49409962,0.51610535,0.4702198,0.40735057,0.52769184,0.49060124,0.57183033,0.6113726,0.5560683,0.62203515,0.6020407,0.48198247,0.50385296,0.45516533,0.43247354,0.49432406,0.52176166,0.5442587,0.54375094,0.5322062,0.53500074,0.5765611,0.47564173,0.500079,0.5048932,0.526693,0.54242396,0.5810112,0.5505475,0.52236885,0.5099063,0.5943267,0.54300004,0.53312284,0.6203976,0.5937584,0.6476249,0.59908617,0.5885691,0.5922635,0.56605554,0.5591714,0.58600533,0.60159916,0.6365243,0.36690956,0.530419,0.5681278,0.5287218,0.52299446,0.6273176,0.55744654,0.6042189,0.44756353,0.6721879,0.60045314,0.7321455,0.6566629,0.5851978,0.6121413,0.5561091,0.58658034,0.5240901,0.5415956,0.5360042,0.5463247,0.47323036,0.64412147,0.58529115,0.59755564,0.5239745,0.5102524,0.49792415,0.47367564,0.4820057,0.5621932,0.5344622,0.61820036,0.6520462,0.56688946,0.55495876,0.5314361,0.5264648,0.5991488,0.588202,0.5735241,0.5780237,0.5581301,0.54527044,0.5411646,0.53979385,0.5322376,0.52573013,0.5702654,0.56830263,0.5823257,0.568889,0.5574583
354,0.61037487,0.60139817,0.50777835,0.57651126,0.585713,0.6084043,0.57496965,0.50447077,0.49187243,0.60214233,0.61010563,0.57441056,0.602427,0.63619196,0.5998716,0.6517484,0.65780634,0.54895425,0.6428171,0.70206213,0.665285,0.58822423,0.60097593,0.49998963,0.5406039,0.5287895,0.52042776,0.52573735,0.4999055,0.5286154,0.49941036,0.62913257,0.5426301,0.6366632,0.5722851,0.55675906,0.5257769,0.5742048,0.5371149,0.5086868,0.50151086,0.50232846,0.5086665,0.52135456,0.512149,0.5006666,0.4847595,0.68627596,0.6437645,0.59561384,0.47265878,0.47005504,0.47822365,0.48937204,0.4953134,0.4511982,0.5743593,0.6021327,0.58865035,0.54192567,0.5727771,0.5588661,0.5748013,0.553715,0.5876695,0.6403053,0.53203636,0.5340271,0.5374738,0.5245396,0.52706856,0.5965024,0.5305218,0.5997714,0.5624542,0.54672307,0.5334304,0.5571254,0.5777846,0.5950209,0.5933533,0.6478598,0.5939881,0.5851454,0.57762915,0.5709447,0.5360443,0.5445335,0.5524381,0.50857764,0.5820213,0.6202883,0.53587794,0.55631083,0.619107,0.5087847,0.54955316,0.51500684,0.43507135,0.42689994,0.42596954,0.46302515,0.49125928,0.45285168,0.4316028,0.51642215,0.4809674,0.5343472,0.5675976,0.5446704,0.5610148,0.5829715,0.45191514,0.5181632,0.46719065,0.4587482,0.50995,0.553566,0.5410703,0.55078745,0.5114054,0.54467803,0.51910007,0.45690092,0.49490768,0.4867172,0.5055962,0.50462586,0.5196056,0.53643024,0.51345676,0.49622205,0.573359,0.54353774,0.54197437,0.5921516,0.60520416,0.5948981,0.5592982,0.55272746,0.5409451,0.5155532,0.52397037,0.6203227,0.59143037,0.5998119,0.38983712,0.5458915,0.55551916,0.51205367,0.5229893,0.57223564,0.5282392,0.536848,0.47829792,0.626302,0.6188263,0.7091094,0.6399744,0.5109384,0.55696553,0.59505177,0.5257475,0.5500926,0.56281537,0.56610614,0.5631723,0.43314242,0.59164774,0.5891994,0.59322345,0.52086365,0.4848941,0.48713902,0.466034,0.483671,0.53152835,0.54994464,0.576257,0.60415584,0.617566,0.62166584,0.4970868,0.5815608,0.6156075,0.63081557,0.60079515,0.50244516,0.47927716,0.6013895,0.60764915,0.57435983,0.61632997,0.6315936,0.602746,0.6202715,0.6825383,0.55198216,0.6689938,0.7029337,0.6523211,0.67794627,0.59008294,0.5141141,0.5826868,0.5750428,0.5454524,0.56254095,0.47839192,0.50255936,0.47760433,0.6240095,0.51053846,0.65813506,0.58455586,0.5063334,0.5398535,0.54279065,0.5172597,0.4913607,0.50187546,0.51036197,0.48820546,0.5158582,0.5093089,0.528983,0.44858128,0.6465377,0.60551524,0.6112414,0.4715718,0.47036752,0.47366682,0.4538048,0.49371517,0.43158087,0.56637156,0.5967655,0.5493277,0.52469957,0.5965776,0.5930796,0.58722955,0.5944331,0.5959402,0.6135597,0.560394,0.51634985,0.52461857,0.5610055,0.5292259,0.581596,0.54780006,0.58935964,0.589774,0.59107476,0.54544866,0.53558666,0.53962475,0.6138458,0.6054784,0.6432117,0.5625505,0.5556086,0.56770265,0.5963195,0.620874,0.54221416,0.5960794,0.52988356,0.60546035,0.62718546,0.5360886,0.58872813,0.62393385,0.48844227,0.552192,0.5208578,0.4436771,0.412922,0.44856957,0.4820607,0.5076425,0.46276098,0.4071965,0.5142792,0.48793286,0.53339446,0.5830571,0.553132,0.5862779,0.5845271,0.4658941,0.48782197,0.4422398,0.4156224,0.47329655,0.5252903,0.53308195,0.52933764,0.5074243,0.533228,0.5530906,0.46705878,0.48455632,0.4978971,0.5174793,0.5233239,0.5404861,0.53922665,0.5198686,0.5137441,0.6006757,0.5452694,0.53411204,0.6162781,0.589599,0.63130337,0.57103413,0.5739911,0.5840175,0.541865,0.5586928,0.562656,0.58479357,0.61951256,0.3545659,0.5242449,0.5579526,0.52814174,0.5262791,0.60462826,0.5304398,0.5811279,0.44983163,0.65269405,0.58511716,0.71108454,0.63669187,0.56148875,0.59141576,0.5502338,0.56923383,0.5320118,0.54997295,0.54179525,0.53523064,0.4541196,0.6177136,0.56613797,0.593784,0.5226008,0.5018475,0.49036756,0.4679711,0.4814559,0.5636135,0.52953506,0.5869096,0.63509685,0.56422985,0.5480037,0.539991,0.53147256,0.58377767,0.57327986,0.57013774,0.57278067,0.55732083,0.5417639,0.53382397,0.52974635,0.5350271,0.52554196,0.5580268,0.55828303,0.5743891,0.5633018,0.55310255
355,0.6016488,0.57369035,0.4845129,0.5602788,0.5689687,0.588994,0.5511062,0.4956672,0.48632658,0.5648941,0.5868402,0.5303069,0.5751496,0.6081021,0.56710345,0.6173971,0.6247628,0.53515565,0.61583817,0.6629006,0.6302165,0.57064027,0.5754083,0.5043187,0.50350785,0.4875011,0.51169455,0.5145104,0.49139294,0.520186,0.4981735,0.61364245,0.5285328,0.621129,0.54573566,0.55641365,0.5400013,0.57848275,0.5511527,0.51099753,0.51183414,0.5199771,0.48700666,0.513139,0.5237649,0.5034325,0.47207922,0.6520712,0.61433977,0.57863253,0.46207696,0.45742625,0.4740476,0.47108608,0.50091887,0.42534,0.56356186,0.59458596,0.575656,0.5248368,0.5595716,0.53448486,0.5505448,0.5449189,0.5807449,0.6326222,0.52613086,0.53015566,0.5210169,0.51429445,0.51967496,0.6000797,0.505375,0.57591367,0.52482784,0.5192771,0.5345978,0.5457241,0.54155093,0.5792652,0.55723816,0.63480645,0.594641,0.5786341,0.5545123,0.53585964,0.5152043,0.54051375,0.5366904,0.49984604,0.56551594,0.62488246,0.535643,0.5350238,0.593764,0.5079141,0.5373777,0.5078692,0.44036323,0.4218667,0.43006003,0.46604642,0.4980094,0.4572675,0.44960746,0.515513,0.48164424,0.50971574,0.5458326,0.5373052,0.51929164,0.55209583,0.459234,0.51934135,0.46651366,0.45213494,0.48581487,0.548026,0.5399713,0.5419061,0.5026049,0.55100125,0.49711648,0.4659507,0.48028347,0.48224026,0.5138283,0.4821005,0.47948647,0.51693684,0.50662464,0.49113274,0.5824418,0.5449789,0.54640245,0.59556794,0.6056823,0.58589584,0.5343284,0.5445419,0.5353017,0.5000956,0.52834904,0.59663534,0.5797967,0.5863496,0.39375687,0.55331093,0.544408,0.4933729,0.52242523,0.55250615,0.5129461,0.5150839,0.49190533,0.5937341,0.5911625,0.6721872,0.6116925,0.495382,0.5225251,0.59061635,0.513732,0.553234,0.5642906,0.5683995,0.5633066,0.4282538,0.55613625,0.5604975,0.5948742,0.5061976,0.49301326,0.49192372,0.46297884,0.47357744,0.52329296,0.55164665,0.54292166,0.5733735,0.6066972,0.59430355,0.48147908,0.56410843,0.5979811,0.60770893,0.57874876,0.49622932,0.4831269,0.5777022,0.58464307,0.5378921,0.58944666,0.60416746,0.5706732,0.59052515,0.641729,0.5291878,0.63990307,0.6640965,0.621746,0.645706,0.56431097,0.51877934,0.5680044,0.543476,0.5371612,0.5474209,0.46401802,0.49485543,0.47513086,0.6120005,0.5098696,0.65274245,0.56998587,0.5133653,0.5516454,0.54705244,0.5379431,0.49747816,0.507133,0.5289549,0.47219983,0.5070384,0.51673067,0.5082571,0.4461661,0.611595,0.5811192,0.57595426,0.4664609,0.46441194,0.4709857,0.45056266,0.5010762,0.40971836,0.5633446,0.58903897,0.54193383,0.5099679,0.5827285,0.5721695,0.56526643,0.57639235,0.5983111,0.61720717,0.5545768,0.5184924,0.5156906,0.56665367,0.51670796,0.5847441,0.53408206,0.5717493,0.56015956,0.58773834,0.54871815,0.5161858,0.50572664,0.59135133,0.59574044,0.6407018,0.5436812,0.54366446,0.54808754,0.567261,0.6196086,0.54776525,0.5612369,0.51790506,0.58334774,0.63232625,0.5339486,0.5762062,0.60154486,0.48242363,0.5408371,0.5200859,0.4487002,0.40676764,0.45888415,0.48933756,0.5157387,0.4730286,0.42709225,0.50942826,0.49545422,0.5030898,0.55868715,0.5512415,0.54717666,0.5652381,0.46876192,0.4901316,0.4397259,0.40235215,0.44745854,0.52849156,0.5257259,0.52067256,0.49404493,0.5327516,0.53483015,0.4733738,0.47673002,0.49576584,0.51142997,0.5111529,0.5037702,0.5262908,0.51828015,0.516823,0.6039615,0.547004,0.53558004,0.6081476,0.5824316,0.59979266,0.5460593,0.5590711,0.57460785,0.5252458,0.5557527,0.53817874,0.56756645,0.59389174,0.35554793,0.5244191,0.5460033,0.5259076,0.52864176,0.5874269,0.51121134,0.55497295,0.45937857,0.6253704,0.5611462,0.672225,0.6142968,0.53880894,0.56709987,0.5503396,0.5490608,0.5390187,0.5559336,0.54591924,0.5338731,0.4492195,0.5888947,0.5444737,0.58601606,0.5209148,0.50726897,0.49987748,0.47311333,0.48606607,0.5591531,0.52986294,0.5529158,0.6134863,0.55973095,0.5424295,0.5485492,0.5373223,0.56539,0.5567313,0.5650315,0.566069,0.5555495,0.53903925,0.52972746,0.52446187,0.5376405,0.5250938,0.54715407,0.5493699,0.5655193,0.55735976,0.55086523
356,0.6060262,0.54981923,0.4784144,0.5564426,0.563525,0.5761502,0.53125244,0.49645934,0.49356088,0.5367682,0.5673928,0.49917573,0.5582481,0.5863243,0.5428622,0.58654,0.5800233,0.5223714,0.5912071,0.6181866,0.5894311,0.5557229,0.55344945,0.52257395,0.48186374,0.45734408,0.51260877,0.51203936,0.4938201,0.5163341,0.5089944,0.59732264,0.5206022,0.60662955,0.52251977,0.5680905,0.5693589,0.5907736,0.5816246,0.52650005,0.543981,0.55123794,0.48382422,0.51663613,0.544669,0.50934803,0.46327215,0.61167336,0.57288903,0.5571533,0.4601709,0.4528701,0.48196518,0.4606322,0.5216966,0.40711865,0.56010747,0.5859371,0.5753099,0.5266966,0.5453978,0.5124182,0.5326709,0.5395857,0.5744012,0.62305075,0.51986504,0.528236,0.5041598,0.50172806,0.51300013,0.60077834,0.4886382,0.55700815,0.493751,0.49203867,0.5335335,0.53805405,0.51092875,0.56675,0.52758116,0.62209547,0.5967481,0.5778069,0.5371437,0.5096064,0.49669638,0.53725773,0.52234954,0.4924748,0.5485915,0.6268709,0.5363133,0.5152101,0.5713616,0.51232237,0.5337411,0.5051728,0.46649075,0.4308222,0.45061424,0.4860619,0.51904476,0.4750074,0.48510656,0.52303964,0.49108565,0.4999373,0.5376362,0.5331576,0.4883488,0.52512777,0.4851383,0.5368318,0.46831968,0.44674167,0.45720425,0.54379016,0.54359573,0.53817,0.50986093,0.5591623,0.48609605,0.48333827,0.4750821,0.4857145,0.5256367,0.4692729,0.4518101,0.50116533,0.50453556,0.486485,0.58925617,0.54606324,0.5505312,0.5966446,0.6044427,0.5700416,0.51554626,0.5425715,0.5361669,0.49683726,0.5373553,0.5776177,0.57499087,0.5740205,0.41179672,0.56642646,0.5368227,0.47906816,0.52598435,0.54345196,0.5066256,0.50081253,0.51038474,0.5560383,0.55323434,0.62542254,0.58688235,0.486612,0.4932876,0.59158534,0.5045157,0.55611366,0.5647526,0.5691622,0.5740396,0.43592072,0.5309843,0.5357709,0.5951283,0.4997111,0.51235825,0.50946563,0.46674177,0.4688655,0.5140593,0.55841815,0.52009577,0.55135113,0.60844296,0.56355554,0.48010266,0.55741,0.58833873,0.58754,0.56135404,0.49828133,0.49923003,0.5612137,0.55965203,0.5116633,0.5721441,0.5828529,0.54672736,0.5651578,0.582459,0.50674,0.60814476,0.6149299,0.58267975,0.60894746,0.5401596,0.53489554,0.55987346,0.52072453,0.53672415,0.53759176,0.4588975,0.4909906,0.4876067,0.60073125,0.51554096,0.64904237,0.5609943,0.5335206,0.5766697,0.5603972,0.5763267,0.5150889,0.52913034,0.5581148,0.47314087,0.509839,0.53157115,0.48830175,0.44730932,0.57007474,0.5493922,0.5320867,0.46942532,0.46695918,0.479319,0.452188,0.52317625,0.3968848,0.5679812,0.5820735,0.5474576,0.5124209,0.56955636,0.5552424,0.5468162,0.560792,0.6016213,0.6197196,0.5488667,0.5230042,0.5067766,0.5687464,0.5031166,0.5854276,0.52328324,0.55681086,0.53670424,0.5816383,0.55031186,0.501546,0.4837416,0.5665741,0.58613074,0.635143,0.53030527,0.5383678,0.53214824,0.54588753,0.61720634,0.5504596,0.5308708,0.50619316,0.55997026,0.6312088,0.53159374,0.5610089,0.57987666,0.48102155,0.5366971,0.52190435,0.4722739,0.41353267,0.48473385,0.51611334,0.5380896,0.49797848,0.46318406,0.5122755,0.50863934,0.48652068,0.5431911,0.5495273,0.51611763,0.5500365,0.4901628,0.50802577,0.44426227,0.39142504,0.4191727,0.53233033,0.52546144,0.5199237,0.49452698,0.532572,0.52518106,0.48907998,0.47350645,0.49903354,0.50781965,0.50736284,0.47859704,0.51713306,0.51827264,0.5200648,0.6053981,0.54852223,0.53676736,0.5952993,0.57314104,0.5559726,0.5266326,0.5446467,0.5643813,0.5189955,0.550055,0.5196703,0.55700976,0.56313586,0.36630526,0.5302296,0.5379766,0.5258635,0.53356206,0.57865065,0.5016444,0.5296517,0.47335517,0.59339607,0.5298951,0.6200554,0.5923975,0.51976347,0.54891825,0.55858105,0.52839524,0.5440281,0.5596806,0.54760146,0.5417118,0.45771536,0.5643408,0.52720845,0.57907975,0.51859474,0.52383643,0.5222731,0.4830368,0.49657303,0.55279696,0.5333046,0.5271473,0.59423244,0.55420583,0.5393608,0.5541699,0.5413427,0.5502753,0.54449165,0.5608087,0.56078666,0.5540645,0.5389505,0.53001416,0.5252279,0.5404177,0.5253827,0.54084724,0.5443975,0.5595727,0.55388576,0.55260414
357,0.6237904,0.5300099,0.4856774,0.5636947,0.5685127,0.57144225,0.5165524,0.50437325,0.5098568,0.5218249,0.55435663,0.4874002,0.54992354,0.5774699,0.5349376,0.5609406,0.5291044,0.5102238,0.571349,0.5743003,0.5488166,0.5447237,0.5339953,0.5516536,0.4782976,0.44586122,0.5245591,0.5165295,0.508391,0.52096045,0.5314126,0.5865347,0.5218039,0.5986372,0.51035583,0.5902378,0.608197,0.60838485,0.62378407,0.55062836,0.59276295,0.5902434,0.49770737,0.53125656,0.5709979,0.51727986,0.4565867,0.5704543,0.524383,0.5340128,0.461872,0.45215034,0.49812984,0.45562607,0.55328256,0.3951323,0.5640478,0.5769139,0.58824795,0.5471776,0.53415823,0.49898365,0.5275432,0.53903335,0.57026196,0.6129092,0.517276,0.5302386,0.49238062,0.49194524,0.5101843,0.5991687,0.48524338,0.5490161,0.47707683,0.4730053,0.53178066,0.5339065,0.4934098,0.5587111,0.5106345,0.61159134,0.6010873,0.582688,0.5298423,0.4983494,0.4864057,0.5372912,0.51444876,0.49102792,0.5353195,0.62557817,0.538146,0.5030937,0.5560486,0.52049196,0.54140455,0.5088018,0.5061125,0.44762963,0.4803179,0.5176053,0.5489306,0.5004787,0.5300173,0.5348006,0.50353223,0.5056282,0.5432712,0.531512,0.4755793,0.50752926,0.52339727,0.56523734,0.4687517,0.4394835,0.42664784,0.5419029,0.55248904,0.5388857,0.53007287,0.566568,0.48552793,0.5020564,0.47528008,0.49619317,0.5373663,0.46531302,0.44002545,0.4947909,0.50755537,0.4844764,0.59289515,0.54677236,0.55372,0.59397966,0.6009061,0.54880697,0.5022693,0.5442479,0.54231673,0.50413114,0.5490627,0.568807,0.57929957,0.5649111,0.43724212,0.5818726,0.53699654,0.47429672,0.53583395,0.54283315,0.5070198,0.49353945,0.53117573,0.51607466,0.50918573,0.5752358,0.5666553,0.48322198,0.479336,0.60068893,0.49694157,0.55790406,0.56364024,0.5689152,0.5921305,0.4514759,0.52147436,0.5225364,0.5957513,0.5006514,0.5376354,0.53429955,0.4717775,0.46987516,0.507343,0.5671382,0.51360065,0.54329467,0.6234197,0.53138983,0.48771176,0.56071025,0.5876117,0.5738168,0.550914,0.5056542,0.52257115,0.5539203,0.536156,0.5002883,0.56396675,0.5736624,0.5379807,0.54499453,0.51295984,0.4864416,0.5779692,0.56328696,0.5405518,0.57435954,0.51687866,0.5598898,0.5582028,0.51369905,0.54453015,0.53307956,0.46479833,0.49464643,0.51341945,0.59539473,0.52820235,0.6494238,0.56231767,0.5626531,0.6100556,0.5802739,0.62564516,0.5389146,0.5633945,0.59204715,0.48906425,0.52325207,0.5515596,0.47292194,0.44873855,0.5272257,0.5140178,0.48658338,0.47547773,0.4732341,0.49495184,0.45456263,0.5554511,0.3913983,0.579268,0.5771641,0.56495816,0.5302987,0.56017077,0.54759437,0.5382586,0.5511059,0.60549545,0.61918324,0.546727,0.53039044,0.50129735,0.56867707,0.4928231,0.5845055,0.51913625,0.55032605,0.52566546,0.5759825,0.55144674,0.4931346,0.47554943,0.543324,0.5794668,0.6261964,0.5272123,0.54004925,0.52391654,0.5372773,0.6157655,0.5506988,0.5109613,0.49814126,0.5404067,0.6229672,0.5295565,0.5480151,0.56447804,0.4837702,0.5429173,0.52809405,0.5078291,0.42773512,0.51929665,0.55657965,0.5696782,0.5311546,0.5071848,0.51992154,0.5221827,0.4848347,0.53798574,0.5471121,0.50054985,0.54272854,0.5247118,0.5345661,0.45144314,0.38057134,0.3910735,0.5370677,0.53263193,0.52545637,0.5060843,0.53177863,0.5244186,0.50747675,0.47084022,0.50671005,0.50550115,0.5113757,0.4684783,0.515649,0.519713,0.52337795,0.60577494,0.5499268,0.53695756,0.5787133,0.5632362,0.50591624,0.51397437,0.5313855,0.5543258,0.522694,0.54283124,0.51150894,0.55681753,0.531933,0.38090858,0.5394936,0.5375767,0.53019506,0.54279524,0.57711905,0.49963978,0.50783724,0.48865035,0.5597248,0.4942631,0.56219417,0.5721162,0.5052627,0.5437663,0.57455033,0.5090085,0.54622203,0.5607712,0.54678166,0.55596924,0.4757625,0.549539,0.51891303,0.5757108,0.5156803,0.54712707,0.55154234,0.49134487,0.51163757,0.5480429,0.53743005,0.5166892,0.58221257,0.54870725,0.5386872,0.5552055,0.541896,0.54283637,0.54026926,0.55953157,0.5590942,0.55378866,0.5421526,0.5335568,0.53059214,0.5437102,0.52710634,0.5408424,0.5449155,0.5589834,0.55449027,0.5586952
358,0.64963317,0.51251286,0.49894425,0.5768994,0.5793402,0.57275397,0.5060415,0.5148281,0.529103,0.5201003,0.5485811,0.49569255,0.54474306,0.5823199,0.5445989,0.5389238,0.47872224,0.49848232,0.5552866,0.5351109,0.51237804,0.53708726,0.5148847,0.58546525,0.49088672,0.4544144,0.54582256,0.52532965,0.5326966,0.53378797,0.56079173,0.58302265,0.53060675,0.59822774,0.51158315,0.61607456,0.6478379,0.6271899,0.6671054,0.5759932,0.6462081,0.62790984,0.52245283,0.5535096,0.59785485,0.5263455,0.4497833,0.5329782,0.47589338,0.5122216,0.46187043,0.45038185,0.51676697,0.45258945,0.5873544,0.38700154,0.5729348,0.5685128,0.6103924,0.5799048,0.5274825,0.49584836,0.53647697,0.54241115,0.56780475,0.6035007,0.52025694,0.5357758,0.48812854,0.4878508,0.5116462,0.59496593,0.49623743,0.5544524,0.47803348,0.4670246,0.5306325,0.5328123,0.49200946,0.55575675,0.509402,0.6053883,0.6081158,0.59217024,0.5340318,0.5029364,0.48686793,0.54101735,0.51514757,0.4969972,0.52825683,0.6207645,0.5408678,0.50141513,0.5500522,0.53049326,0.55907214,0.5177683,0.54806215,0.46527192,0.5097919,0.5521085,0.5802746,0.5265083,0.57361084,0.54657686,0.5137585,0.5233946,0.5591781,0.5313733,0.482271,0.5010374,0.56487095,0.59635794,0.46589857,0.4290936,0.3977583,0.5421588,0.5651336,0.5414589,0.55587757,0.5711358,0.49255657,0.5159507,0.4765231,0.5107023,0.54653835,0.46759513,0.44306302,0.4995706,0.51424617,0.48477665,0.5930051,0.54709625,0.5558324,0.5880096,0.5956962,0.52534777,0.4926278,0.5468665,0.5512483,0.51779354,0.5613926,0.5722798,0.5917969,0.5594664,0.4624962,0.597104,0.54583466,0.4804834,0.5509185,0.545418,0.5103293,0.49092165,0.5514701,0.47678274,0.4646989,0.5273415,0.54981244,0.48285127,0.48459372,0.61692595,0.48988956,0.5577057,0.5600455,0.56794024,0.6130135,0.46907642,0.52851236,0.5243976,0.5978514,0.5065459,0.5627074,0.5597564,0.4733364,0.4751585,0.5045429,0.5749216,0.5232061,0.54898083,0.64676213,0.5000581,0.4972303,0.56989783,0.5932027,0.56681925,0.54687744,0.5139551,0.5461008,0.5552336,0.5176786,0.5044084,0.5606162,0.577055,0.54539937,0.5280315,0.44416225,0.46963862,0.5513713,0.51595795,0.50068146,0.5463537,0.4936458,0.58899486,0.56191784,0.52430624,0.5589994,0.533558,0.4804767,0.5055011,0.5465013,0.5964019,0.5446067,0.6528285,0.57307523,0.59241265,0.64378816,0.60217184,0.67343384,0.5618049,0.60107917,0.6230831,0.5143024,0.5439111,0.5731968,0.4645647,0.44735572,0.48811594,0.47915825,0.4459039,0.4790893,0.4774754,0.5124327,0.45412785,0.5895402,0.39044735,0.5939194,0.574462,0.59003645,0.5579427,0.55476785,0.549919,0.5418565,0.54775655,0.60780776,0.6152293,0.54941905,0.538778,0.5003609,0.56748724,0.4880772,0.5816521,0.5233108,0.5554358,0.5303101,0.57319635,0.55260324,0.4914892,0.4805217,0.5261178,0.5783139,0.6154103,0.5356795,0.5476389,0.52425927,0.542225,0.61630017,0.54850066,0.50281465,0.49477902,0.5280825,0.6092362,0.52802736,0.5402776,0.5591489,0.4892702,0.55908275,0.53786266,0.5459866,0.44359487,0.55329543,0.6001825,0.6033152,0.5636367,0.548351,0.52898777,0.53171784,0.49588412,0.54182166,0.54386497,0.50210524,0.5438137,0.5638885,0.56170046,0.45801622,0.36845168,0.36585572,0.5420151,0.5446321,0.5332815,0.52278197,0.53011316,0.5309265,0.5222843,0.46603435,0.5162905,0.50346977,0.52122045,0.47310203,0.5225143,0.52191174,0.5256381,0.60521483,0.5511462,0.53593475,0.5614066,0.5547514,0.45710903,0.50896275,0.5205258,0.5455893,0.5332892,0.5357976,0.51452047,0.56666,0.5042966,0.39346692,0.54989696,0.545227,0.53840244,0.5552323,0.5787709,0.501579,0.4906514,0.502497,0.52700925,0.4584979,0.50667846,0.55316615,0.4950947,0.55270886,0.5950842,0.49185795,0.5452444,0.55834097,0.54416186,0.57267183,0.4975362,0.54744357,0.520911,0.5763711,0.51292944,0.57140905,0.5805944,0.49351436,0.5281674,0.5464056,0.5404827,0.5228497,0.57873845,0.5442912,0.5396661,0.5516997,0.5390502,0.5447276,0.5448827,0.56206983,0.5618483,0.55503345,0.5479424,0.5379048,0.537455,0.54757994,0.5302567,0.54708874,0.55098265,0.5638642,0.5589637,0.56774116
359,0.6758962,0.49646816,0.51136315,0.5904098,0.5908361,0.57666993,0.49929088,0.52196884,0.5439338,0.52877665,0.54939115,0.5199032,0.5384793,0.596655,0.567055,0.51907945,0.43615893,0.48810253,0.54166895,0.5034072,0.48283637,0.5317476,0.4960923,0.61563814,0.5146647,0.47859302,0.57120776,0.5357311,0.5613732,0.550983,0.5900086,0.5841331,0.5428772,0.6028771,0.5231562,0.63472396,0.67872185,0.64294386,0.6984524,0.59436184,0.68982136,0.65459466,0.5497738,0.57822484,0.6202406,0.5357644,0.44191438,0.5030371,0.43521002,0.4953271,0.4567638,0.44456872,0.5310563,0.44916332,0.61387736,0.38170364,0.58323973,0.5623365,0.6346148,0.61495984,0.52507174,0.500946,0.5559024,0.5477734,0.5656713,0.5960329,0.5279718,0.54288125,0.4907616,0.48939523,0.51573616,0.5879083,0.51865315,0.5718572,0.495029,0.47472537,0.53066975,0.5350896,0.50526553,0.5582951,0.5231338,0.60536116,0.6173194,0.6043955,0.54809225,0.519609,0.49718082,0.54695874,0.52327436,0.5084701,0.5281645,0.6130872,0.5439011,0.5091829,0.55348474,0.5404331,0.5819961,0.52936417,0.5810742,0.47791496,0.5306094,0.57971513,0.6051425,0.54532665,0.60555506,0.55514264,0.5184313,0.54743296,0.57968414,0.531855,0.5038905,0.5041682,0.60010403,0.6218873,0.46035346,0.41739467,0.37535253,0.5434197,0.5784494,0.5432689,0.5789147,0.5721591,0.5037843,0.52062523,0.47613233,0.5251877,0.55212873,0.4734988,0.45716587,0.5131869,0.52225626,0.4854488,0.59008974,0.5471114,0.5570403,0.5807563,0.5908845,0.5043235,0.4857977,0.5491371,0.5600948,0.53254,0.57231736,0.5864594,0.60919625,0.5570009,0.48174477,0.6107488,0.5608342,0.49544236,0.56779385,0.5461184,0.5134667,0.49140635,0.5684243,0.4426125,0.42675853,0.48694018,0.53560686,0.48397282,0.50593,0.6358402,0.48362347,0.5551856,0.5539832,0.56627387,0.6318893,0.4827654,0.5486924,0.5400363,0.60133827,0.5147579,0.58144975,0.57888275,0.46903744,0.48270756,0.5050087,0.57976395,0.5437358,0.56383014,0.6711634,0.47263065,0.5033612,0.5803982,0.6009745,0.56480104,0.5475969,0.5182256,0.56207675,0.5624777,0.5069127,0.52190673,0.55797994,0.58890086,0.56461406,0.51252246,0.38693386,0.45781383,0.52911323,0.47817007,0.46765038,0.5265088,0.47150788,0.61518097,0.5695149,0.5493608,0.5766078,0.5385068,0.5022861,0.52017385,0.57871896,0.60070074,0.5596666,0.6565985,0.58842576,0.6115632,0.6687426,0.6210692,0.70565933,0.576445,0.63142276,0.64363945,0.541532,0.56710196,0.59206253,0.46347073,0.44191915,0.45713916,0.44891506,0.41536653,0.4761158,0.4755729,0.52528065,0.44969302,0.61546093,0.3918802,0.60747975,0.57341206,0.6159952,0.5875875,0.5518267,0.55931497,0.5556894,0.54952574,0.6062732,0.6091654,0.5560643,0.5454739,0.5033811,0.56564295,0.48945975,0.57656777,0.535386,0.571445,0.55029875,0.5742646,0.5536329,0.49674886,0.49671558,0.5188125,0.5841795,0.606341,0.55318725,0.5594683,0.53184575,0.5578982,0.6184623,0.5441755,0.50488764,0.49565014,0.5245011,0.5938885,0.52692986,0.53868484,0.56471485,0.49585998,0.5812879,0.54875666,0.5772436,0.45641798,0.5778943,0.6348921,0.63057613,0.586127,0.57658017,0.53643066,0.53482026,0.5158006,0.55208796,0.5403259,0.51748395,0.5508239,0.5984368,0.5830226,0.4623972,0.35619053,0.346661,0.54602814,0.5570004,0.539455,0.5382733,0.5280028,0.54276663,0.52881044,0.4592455,0.52452034,0.50120616,0.534366,0.48980156,0.53523725,0.524325,0.52571446,0.60366017,0.5520273,0.53412265,0.5474372,0.549978,0.4168246,0.51233673,0.51408005,0.5392086,0.5464106,0.530465,0.52695256,0.5834627,0.4832467,0.400193,0.55981386,0.55858177,0.5482058,0.5676985,0.57917804,0.5048444,0.47892419,0.5127894,0.49825066,0.42781183,0.4607083,0.53587574,0.489136,0.5717813,0.6156194,0.47792202,0.5412578,0.5521057,0.5410827,0.5873751,0.5161841,0.5577577,0.531402,0.58033234,0.51164645,0.5901768,0.60217893,0.48821762,0.5426133,0.5472964,0.54180175,0.5418674,0.58192605,0.5416603,0.5415721,0.54500103,0.53414565,0.5547764,0.55646646,0.56784064,0.56826556,0.55736816,0.5546304,0.54057074,0.542571,0.55161804,0.5340672,0.55760944,0.5609881,0.5718716,0.56526744,0.57689774
360,0.69568044,0.4832781,0.5189728,0.6001148,0.59926105,0.5804144,0.49741384,0.5203631,0.5475714,0.54350823,0.5548462,0.55211717,0.5306936,0.61398166,0.59412545,0.50268805,0.40816107,0.48098603,0.5309821,0.48282504,0.46303803,0.52803665,0.48067293,0.63412935,0.54319674,0.5098946,0.5939214,0.5457057,0.58784884,0.56752634,0.61150146,0.58605516,0.55419207,0.6087889,0.5392567,0.63583136,0.69350344,0.6523221,0.70760113,0.59907025,0.7128379,0.66344506,0.5719526,0.5999112,0.63417494,0.5445335,0.43413958,0.4840708,0.40905955,0.48694012,0.44593054,0.4347383,0.5347344,0.4448757,0.62444115,0.3799857,0.5916546,0.5595407,0.65366375,0.6427649,0.52569,0.51062834,0.5791017,0.5528701,0.5629292,0.5910416,0.5381883,0.5493045,0.49814698,0.4948359,0.5206713,0.5786883,0.5464771,0.59603,0.52264816,0.49319276,0.5321002,0.54117817,0.52850676,0.5656119,0.5473022,0.6117535,0.6266228,0.61715263,0.5677885,0.54219496,0.5144053,0.5532208,0.53540003,0.5220721,0.5344373,0.60393554,0.5466545,0.5229399,0.56436855,0.548476,0.6037261,0.5406067,0.5974523,0.4818963,0.5373919,0.59217983,0.6173234,0.5507229,0.6190238,0.5583877,0.51667196,0.57121193,0.5988613,0.5321529,0.5316751,0.513578,0.6221033,0.6358878,0.4540255,0.40827614,0.3643302,0.5442624,0.58871317,0.54277027,0.59267765,0.5699259,0.5163921,0.51449203,0.4739159,0.53555346,0.55355823,0.48141354,0.47754332,0.531155,0.52948797,0.48536685,0.58549523,0.547064,0.5574606,0.57446176,0.5889576,0.4904553,0.4827299,0.55128807,0.56652856,0.54336303,0.5799,0.6068136,0.6269632,0.5565133,0.49220577,0.62201774,0.57779294,0.51507604,0.58247644,0.542434,0.5153161,0.49484625,0.57893616,0.41926956,0.40211594,0.45945036,0.5253692,0.48645797,0.5354659,0.65171456,0.4796017,0.5508,0.5469689,0.56408435,0.6445888,0.4875513,0.5750076,0.5637678,0.6050143,0.523339,0.58916205,0.5861687,0.45971614,0.49103257,0.50729513,0.5808231,0.56738555,0.58115965,0.6898585,0.45289773,0.5041115,0.58880186,0.60713875,0.565718,0.5515988,0.514154,0.5640381,0.57200956,0.50466204,0.54832137,0.55464035,0.60314566,0.5883602,0.4989458,0.3495438,0.45254424,0.51245934,0.45436403,0.44564545,0.5151773,0.4537312,0.631283,0.57946396,0.5814953,0.592894,0.5471491,0.52501804,0.5344416,0.6021557,0.60483885,0.56892973,0.65825367,0.6027037,0.61000115,0.6778169,0.63297,0.71221554,0.577145,0.6455151,0.64843524,0.5638041,0.5878512,0.60407543,0.4681448,0.43354237,0.43781486,0.42722642,0.39895165,0.46504787,0.46653363,0.52746016,0.44242552,0.624887,0.3945972,0.6159087,0.5730355,0.6361044,0.6117302,0.54986936,0.5712024,0.5747307,0.5546718,0.599735,0.6024122,0.56464344,0.5485356,0.5090636,0.5632498,0.49657008,0.5699319,0.5530729,0.5935722,0.58112353,0.5785184,0.55428696,0.50791883,0.52054054,0.5226545,0.59618574,0.6024105,0.57429135,0.57355136,0.5441501,0.5794317,0.6210627,0.5389074,0.5147814,0.5000526,0.5295896,0.58110124,0.5261776,0.5422554,0.57870567,0.5020898,0.60302895,0.5581747,0.5943774,0.46285152,0.58711904,0.6514944,0.64441836,0.59193414,0.58547455,0.53971654,0.5313238,0.53975505,0.5654221,0.5370843,0.5400879,0.55976355,0.62100184,0.5949786,0.46386173,0.34679466,0.33659148,0.5480563,0.56508166,0.5415572,0.5476639,0.5260181,0.5579843,0.52511024,0.45321426,0.52844524,0.4983747,0.54803485,0.51433074,0.54985964,0.5267876,0.52352816,0.6012678,0.55242234,0.53213966,0.5398219,0.55051243,0.3907349,0.52374256,0.5139806,0.53588593,0.557625,0.5276726,0.5452179,0.60251516,0.47086412,0.40014434,0.56833625,0.5740894,0.5571434,0.57676846,0.5755679,0.50866705,0.47402233,0.5178107,0.47726718,0.4072972,0.43050298,0.52239466,0.48776013,0.59460795,0.63157445,0.46867257,0.53495735,0.543139,0.53905696,0.59609085,0.52534795,0.5765464,0.5463282,0.586469,0.5129438,0.5979733,0.6108578,0.47747195,0.5519811,0.5491092,0.5417289,0.5667092,0.58819467,0.5409562,0.5437389,0.53706574,0.5288738,0.56944436,0.571163,0.575125,0.5762929,0.55972385,0.56012666,0.5398924,0.54353815,0.55501556,0.5373567,0.5689251,0.5718419,0.5791707,0.5702824,0.582944
361,0.7043347,0.47568074,0.52087164,0.6037349,0.6026049,0.5824129,0.50195056,0.5074221,0.53632313,0.55983704,0.5626356,0.5830227,0.5234456,0.6281903,0.6179022,0.49239475,0.39875838,0.47891855,0.5249302,0.47683108,0.45555776,0.5259361,0.47275457,0.6363447,0.5700613,0.5387616,0.6088071,0.55406576,0.6072489,0.57956624,0.61989915,0.5860379,0.5615362,0.61243564,0.5544636,0.6139806,0.68885297,0.65346307,0.6895338,0.5869267,0.71065,0.65184915,0.58415824,0.6144427,0.6377824,0.5517351,0.42877647,0.47839487,0.40142152,0.4890354,0.43107033,0.42318422,0.52452743,0.4404082,0.6149865,0.38351253,0.5953268,0.55938554,0.6627191,0.6574533,0.5279738,0.52142507,0.59902155,0.5558634,0.55927044,0.58785194,0.5487753,0.5535317,0.5078325,0.50191474,0.5256316,0.5685798,0.57302475,0.6196862,0.55323404,0.51711375,0.53473604,0.5504687,0.5551703,0.5751449,0.57474357,0.622019,0.63304716,0.6283881,0.58801305,0.5648162,0.53461075,0.5581579,0.54781806,0.5348291,0.5454501,0.5943952,0.5484914,0.53829026,0.57896537,0.553266,0.6189236,0.5495403,0.59509903,0.4766168,0.5287955,0.58551323,0.6142103,0.54045516,0.6122214,0.55562335,0.5099504,0.5897346,0.6122858,0.5314856,0.55646497,0.52551156,0.6284654,0.63628554,0.44915777,0.4056833,0.3679859,0.5436463,0.59282595,0.53941756,0.59391516,0.5647985,0.52830654,0.49939403,0.47139263,0.53926855,0.5504253,0.49040556,0.49932227,0.5489769,0.53456414,0.48510993,0.58051926,0.5472194,0.55687624,0.57011694,0.5907555,0.48651814,0.48473793,0.5540583,0.5694769,0.5472444,0.582963,0.627412,0.6404921,0.5572668,0.49420932,0.6302953,0.59285754,0.5351309,0.59218407,0.5345791,0.5165334,0.5014787,0.58065945,0.4113054,0.39511585,0.44914228,0.5214255,0.4911168,0.56466275,0.6601684,0.47929645,0.54533094,0.54112065,0.5614386,0.6484532,0.48119286,0.5994116,0.5882704,0.6068139,0.5308891,0.58414143,0.57941437,0.44867733,0.49923757,0.510319,0.5783112,0.5868231,0.59476984,0.6981754,0.4445342,0.50015855,0.59308356,0.60933226,0.5682372,0.5579939,0.49986115,0.54901665,0.58082396,0.5099406,0.57715535,0.5513431,0.6143258,0.6094506,0.4891545,0.33600202,0.45496726,0.5033607,0.44776392,0.4380811,0.5127257,0.44445938,0.6330403,0.59030175,0.61122704,0.60414755,0.5583319,0.5438943,0.5450583,0.611529,0.60634893,0.5699391,0.65567875,0.6115596,0.58275867,0.66788375,0.63587123,0.6881322,0.5614017,0.6390708,0.63562,0.57666904,0.60254157,0.6071656,0.4769284,0.42479944,0.43219218,0.41724488,0.39855564,0.4472496,0.45221362,0.5158028,0.434421,0.6138038,0.39876664,0.61670196,0.5718984,0.64597625,0.6257306,0.5481654,0.5811466,0.59272254,0.5613249,0.58832383,0.5948594,0.57293856,0.54748064,0.515707,0.55994785,0.50795996,0.5628098,0.57265055,0.6146218,0.61443186,0.58358246,0.55415577,0.52270037,0.546496,0.53577083,0.61049384,0.60422593,0.5929976,0.5880439,0.5580409,0.6017048,0.62242967,0.534008,0.53007585,0.5072559,0.5417588,0.57286674,0.525693,0.5483205,0.5964125,0.5073959,0.6179848,0.5643259,0.59456205,0.4616471,0.57877254,0.6456651,0.64173734,0.5791037,0.573958,0.5374857,0.523053,0.5630747,0.57829785,0.534208,0.5625584,0.5668756,0.62837195,0.5970038,0.4628121,0.34372902,0.3380396,0.5473364,0.5657304,0.5387368,0.5483895,0.5243453,0.5740349,0.51257265,0.45108336,0.52690595,0.49501136,0.55926424,0.5410633,0.56252795,0.5290896,0.51999146,0.5979744,0.55207354,0.5303394,0.5392215,0.5561857,0.38204738,0.5407228,0.5209216,0.5360776,0.5638578,0.5279107,0.56467164,0.61860096,0.46830776,0.39541122,0.57520044,0.58835816,0.56346726,0.5803411,0.5673643,0.5134347,0.47742063,0.51685953,0.467589,0.4006637,0.42021015,0.51569396,0.49158922,0.61488163,0.63946813,0.46573302,0.5273112,0.53337735,0.5387326,0.5966454,0.5215741,0.59741384,0.5612982,0.5927702,0.51686096,0.59250075,0.6048713,0.4652857,0.5544652,0.55038875,0.54111767,0.5899085,0.5938567,0.54167616,0.5453324,0.52952904,0.5242795,0.58417034,0.5844976,0.58177435,0.58344734,0.5608094,0.56258976,0.5352888,0.5392577,0.5568314,0.53910446,0.5775164,0.58018124,0.5820958,0.5711063,0.58358675
362,0.6998885,0.47569764,0.51769006,0.6003712,0.60019326,0.58226335,0.5134047,0.48437485,0.51074064,0.57426155,0.5712681,0.6048112,0.5183744,0.63533235,0.6335673,0.48936507,0.40787724,0.4825594,0.5248932,0.4865696,0.461298,0.5260624,0.47456986,0.62253004,0.58974487,0.5572959,0.61431324,0.559854,0.6182855,0.58564895,0.61437994,0.5824733,0.56449133,0.61124116,0.5656229,0.57020146,0.6655687,0.64621407,0.64400506,0.55877095,0.6834581,0.62116706,0.5853567,0.6201282,0.631819,0.5569356,0.4271463,0.4862372,0.41262722,0.5004215,0.41426864,0.412119,0.50130725,0.43605092,0.5866483,0.39323232,0.59148955,0.5588627,0.6603344,0.65786994,0.53079593,0.53072,0.6104721,0.5562508,0.55511856,0.5849636,0.5580465,0.5552789,0.5172892,0.50780463,0.53023475,0.5585025,0.59336644,0.6359412,0.5787222,0.5397228,0.53723204,0.5607513,0.57788664,0.5831145,0.5979127,0.6311075,0.6341785,0.63666403,0.60451424,0.58352655,0.5531407,0.5603172,0.5578316,0.5443905,0.5585586,0.58440447,0.54865605,0.5509021,0.592633,0.55445313,0.62524873,0.55564916,0.5774285,0.4644643,0.5071251,0.5607437,0.5970651,0.5169297,0.58804435,0.5476536,0.5009199,0.6009908,0.61790526,0.52907896,0.57245207,0.53680795,0.62172145,0.6250574,0.4476785,0.41153196,0.38628402,0.54131156,0.5896096,0.5330839,0.5827389,0.55693907,0.5377919,0.47945347,0.46972328,0.5368644,0.54354054,0.49915165,0.5175853,0.5630205,0.5366679,0.48583522,0.5754768,0.5476634,0.5548754,0.56711,0.5942694,0.49236798,0.49135092,0.55759925,0.5694232,0.54421264,0.582147,0.64268726,0.64604205,0.55911255,0.48992732,0.63514715,0.6033197,0.55214065,0.5962212,0.52395636,0.518285,0.5110025,0.5740384,0.41984916,0.4065196,0.45738193,0.52516675,0.4989503,0.58764666,0.6597068,0.48331162,0.53954244,0.5378668,0.5580227,0.64280874,0.4650538,0.6159478,0.6078059,0.60392535,0.5360635,0.56820065,0.5602437,0.43914005,0.5067537,0.5134547,0.5731734,0.5974867,0.6007562,0.6941001,0.4497995,0.49300295,0.5923038,0.607001,0.5720336,0.5666464,0.47657508,0.51839906,0.5877176,0.5212222,0.60144305,0.5491627,0.61922085,0.62315553,0.48436734,0.34630746,0.46512234,0.50354344,0.45943865,0.4465859,0.5195924,0.44650584,0.6206495,0.60073894,0.6299376,0.6088084,0.57058066,0.55639416,0.55055124,0.6062701,0.6035321,0.5629958,0.64710677,0.6129972,0.5316126,0.6401121,0.63010365,0.6329096,0.53044605,0.61298126,0.6067947,0.5791374,0.610064,0.60210866,0.48896927,0.41777194,0.44031549,0.42021617,0.41316867,0.4254668,0.4353898,0.491225,0.42678967,0.58331734,0.4053678,0.60913867,0.5681655,0.64471036,0.6290023,0.54670006,0.58607054,0.6042179,0.5680033,0.5735788,0.58519316,0.5790361,0.5435081,0.5214343,0.5548945,0.5210615,0.55552876,0.59013605,0.6280285,0.64083546,0.5860943,0.55222505,0.538296,0.56826913,0.5545531,0.6219679,0.60918796,0.6050194,0.6018776,0.5699505,0.62077844,0.6207028,0.53011155,0.5480261,0.5157934,0.5577703,0.56815064,0.52519226,0.55320454,0.6129897,0.5124573,0.6227966,0.5662924,0.58007956,0.45397255,0.554046,0.6175685,0.62394524,0.5506044,0.545982,0.5302045,0.51287115,0.5825114,0.58784103,0.53118026,0.5793582,0.5699461,0.62219006,0.5912381,0.4611878,0.34921238,0.35171258,0.5435207,0.55825007,0.5310187,0.54026115,0.52281547,0.58787185,0.49483907,0.45377734,0.5217413,0.49241248,0.56559116,0.5635796,0.5702963,0.53083116,0.51644677,0.59324056,0.5505964,0.5288952,0.5444288,0.565035,0.3914275,0.5588771,0.5338071,0.5404161,0.5644876,0.5321763,0.58056784,0.6273591,0.47592974,0.38985604,0.5807125,0.59864074,0.5665356,0.57829547,0.55570734,0.5194769,0.48979196,0.5116473,0.47071233,0.40946013,0.430897,0.5179194,0.5011741,0.6283148,0.63801575,0.4702399,0.5193668,0.52466345,0.53938955,0.5894955,0.50546086,0.614197,0.57320565,0.59580934,0.5220919,0.5753277,0.58651084,0.45515734,0.55032635,0.5502823,0.54074323,0.6061891,0.5964149,0.54285234,0.545453,0.5230505,0.5202875,0.59515226,0.5930259,0.58614767,0.58778673,0.55982894,0.561108,0.52706575,0.5299436,0.5565104,0.5389887,0.581396,0.5839521,0.5785795,0.56623274,0.57834625
363,0.6835819,0.4833973,0.5105322,0.5906876,0.5928381,0.58084786,0.53058916,0.45559677,0.475485,0.5846835,0.58034015,0.6129731,0.51577175,0.6346321,0.64022225,0.49264514,0.43145424,0.49098468,0.5314285,0.51019454,0.4789044,0.5293881,0.4852005,0.59731543,0.59823835,0.56068695,0.6120279,0.5619408,0.622599,0.58687776,0.5993173,0.5749897,0.56546396,0.604736,0.57219684,0.51267564,0.62880707,0.6322588,0.577758,0.51963085,0.63658994,0.5769548,0.5777406,0.6174399,0.6191017,0.5596182,0.42823282,0.5055166,0.438754,0.5165723,0.39665198,0.40205896,0.4697215,0.4310716,0.5458039,0.4076632,0.5781343,0.5541455,0.64828485,0.6468454,0.533265,0.53678524,0.6111162,0.55495906,0.5519416,0.5813142,0.5646948,0.55553025,0.52414274,0.50949,0.5338171,0.5492753,0.6052165,0.6405139,0.5927952,0.5543726,0.5373895,0.56876385,0.5903404,0.5861199,0.6112442,0.6337483,0.6295085,0.6412563,0.61463165,0.5962625,0.5654293,0.5589356,0.564097,0.54889786,0.5704985,0.57352084,0.5466803,0.5574246,0.60120016,0.5524707,0.6233791,0.5592331,0.5520054,0.44941223,0.47722644,0.52363795,0.57042956,0.4860983,0.55309117,0.5363424,0.4919928,0.60540795,0.6159456,0.5244595,0.57807213,0.54530203,0.6078265,0.6075162,0.4502486,0.42411536,0.41438314,0.53791654,0.58043313,0.5241452,0.56245905,0.54695386,0.5434374,0.45892644,0.46851787,0.5317172,0.5352635,0.50574034,0.52784175,0.57085264,0.5356136,0.48823047,0.5700314,0.5483317,0.55134577,0.5641181,0.5957362,0.5050653,0.49982637,0.56106174,0.5678102,0.53681886,0.5795129,0.64906627,0.6418158,0.56217575,0.4815712,0.6361657,0.6077024,0.5638843,0.59601945,0.51233953,0.5211567,0.52232367,0.5627807,0.44214824,0.43306524,0.4821508,0.5363199,0.5102278,0.60217524,0.65195006,0.4910811,0.53432786,0.53743756,0.55374575,0.62910044,0.44333732,0.62218356,0.6198888,0.5940844,0.53769773,0.54592764,0.5332482,0.43217117,0.5133479,0.51614463,0.56684786,0.5980692,0.59805226,0.67882144,0.4682507,0.4839806,0.5867716,0.60153836,0.577659,0.5779305,0.44813588,0.47790015,0.5932018,0.5369826,0.6160042,0.54898036,0.61770046,0.6282139,0.4847084,0.3770673,0.4813509,0.5138222,0.48778588,0.47018698,0.53565645,0.45965806,0.5984523,0.60968894,0.63247997,0.60758597,0.582119,0.5622405,0.5514037,0.59088796,0.5959481,0.5515952,0.6325094,0.6080578,0.46601358,0.6002537,0.61811125,0.5543419,0.48946697,0.5733478,0.5672526,0.57314944,0.611379,0.5916609,0.5031183,0.41267127,0.46003088,0.43458012,0.43837285,0.40240324,0.4182441,0.4584316,0.41904953,0.53984505,0.41462728,0.5942724,0.5603715,0.6347432,0.6241862,0.54595375,0.5849043,0.6061965,0.5739228,0.5588767,0.57295984,0.5818005,0.53925425,0.5247487,0.5476344,0.5327266,0.5479705,0.60252166,0.63040704,0.6536981,0.58344406,0.5475208,0.55198735,0.5805443,0.5749487,0.6268572,0.6135051,0.6087979,0.61448073,0.5766319,0.6343991,0.614795,0.5274627,0.5653108,0.52317977,0.57328427,0.56447875,0.5242472,0.55391616,0.6250468,0.51819324,0.61788744,0.5640518,0.5574173,0.44251323,0.51744884,0.5722535,0.5961809,0.5133891,0.5092157,0.52002966,0.50348383,0.59636647,0.5925345,0.5274666,0.58790225,0.56870717,0.60793537,0.58176607,0.46134508,0.3625007,0.37515104,0.53700817,0.54445964,0.5191953,0.52530444,0.5213068,0.59696186,0.4758104,0.45918348,0.51713246,0.49295226,0.5661889,0.5763092,0.57173884,0.5318472,0.5144095,0.58691007,0.5478744,0.52804756,0.55331856,0.57416487,0.4167486,0.573319,0.5498039,0.54933435,0.561211,0.5413566,0.5892982,0.62672365,0.49277273,0.38660797,0.5851554,0.60312116,0.5671137,0.5725078,0.54319274,0.5264379,0.5101512,0.50605386,0.485496,0.43235245,0.46027097,0.5295865,0.5164371,0.6338543,0.6286913,0.4821141,0.5123365,0.5182702,0.53966177,0.5774174,0.48107925,0.6231837,0.58062476,0.59224576,0.52659,0.5511384,0.5611006,0.44829774,0.5424256,0.5486125,0.54095083,0.6133242,0.5952602,0.54351753,0.5436245,0.51756376,0.51616335,0.60041106,0.5953219,0.5877686,0.5885985,0.55704844,0.5561598,0.5164071,0.51712304,0.55432075,0.5374967,0.5805323,0.58304805,0.5688894,0.55621785,0.56881684
364,0.65989095,0.49728033,0.501768,0.5774264,0.58306706,0.5800748,0.551244,0.4273234,0.43849933,0.5905851,0.5896895,0.60709316,0.5160634,0.6281748,0.6399457,0.5011244,0.46318814,0.5021824,0.54457635,0.54370624,0.5051502,0.53658396,0.50168455,0.5679181,0.59410715,0.5485421,0.6046064,0.55954695,0.62265795,0.5858075,0.5822416,0.5647713,0.567973,0.595176,0.57546043,0.45478743,0.5871046,0.61450964,0.5056466,0.4780385,0.5813205,0.5281189,0.5653279,0.60795915,0.6025764,0.55863726,0.42967927,0.5323868,0.4724158,0.5315022,0.37963143,0.39296618,0.43714377,0.4251316,0.5024377,0.42332003,0.5558205,0.5433694,0.6303713,0.6293149,0.53470385,0.5390024,0.6020587,0.5532676,0.5514565,0.5771388,0.5681495,0.5560631,0.5269662,0.5056115,0.5357422,0.54210055,0.60873,0.6332801,0.59320104,0.55739653,0.53414714,0.5717539,0.58990544,0.5829401,0.6129973,0.6274442,0.6206901,0.6416697,0.6176697,0.602192,0.5688819,0.5544945,0.5668585,0.54780424,0.57859075,0.5623259,0.54287213,0.55678964,0.6025622,0.5479143,0.6160457,0.5608351,0.5275714,0.43569422,0.44545713,0.4833298,0.5407566,0.4554267,0.51553273,0.52403486,0.4848069,0.6042765,0.60813487,0.51802313,0.57495034,0.54999346,0.5928014,0.59000474,0.4558576,0.43867967,0.4438638,0.53476584,0.5686625,0.5142188,0.539129,0.53646284,0.54487014,0.44105932,0.4669256,0.5279863,0.5283821,0.50899214,0.52798736,0.57191163,0.53215206,0.4923989,0.56422955,0.5490692,0.5467118,0.5601954,0.5920206,0.5201899,0.50708115,0.5628636,0.56573373,0.52871686,0.57669145,0.6460657,0.629,0.5662966,0.47057292,0.63243645,0.60605943,0.56982553,0.5943008,0.50235766,0.52532685,0.5343511,0.55182606,0.4729532,0.46809936,0.518721,0.55338514,0.5242623,0.6088514,0.6404255,0.5013452,0.5306244,0.53909314,0.5491397,0.6103851,0.4218655,0.6188306,0.62528867,0.5776123,0.5356659,0.5230297,0.50454026,0.42729506,0.519229,0.5180432,0.56075376,0.5899503,0.5880394,0.65669,0.49623308,0.4752319,0.5784658,0.5956018,0.58577466,0.5920615,0.4202317,0.4365684,0.5982854,0.5553874,0.61917454,0.5520534,0.61227274,0.626506,0.49039188,0.42198196,0.5006128,0.53364056,0.52829254,0.5047282,0.55917215,0.48064452,0.5730723,0.6159926,0.61878395,0.6022652,0.5910712,0.56267655,0.54980737,0.5730071,0.5852982,0.5410781,0.61476153,0.6003909,0.40096253,0.5573837,0.6032706,0.47066048,0.4470116,0.5301309,0.525038,0.56225276,0.608045,0.57836384,0.5167414,0.40857458,0.48757234,0.45637882,0.46761954,0.38117746,0.40286392,0.42489007,0.4108625,0.4937395,0.42549783,0.57466036,0.5486745,0.62020254,0.61498135,0.5462668,0.5788479,0.59922063,0.57875174,0.5484646,0.5599876,0.58152723,0.5378347,0.5253248,0.53932595,0.5406767,0.54092723,0.6087054,0.6227357,0.65139383,0.57565343,0.5407413,0.5617597,0.5810474,0.5934103,0.62451345,0.6146095,0.60569453,0.62489146,0.57701766,0.64162177,0.6053139,0.5264933,0.5788551,0.5272608,0.58462065,0.56035924,0.5227343,0.54995227,0.6312864,0.5244349,0.6068269,0.55901307,0.5345727,0.43076888,0.4767906,0.52008456,0.56532377,0.4763097,0.47235653,0.509957,0.4966339,0.603985,0.59259963,0.5231811,0.5885315,0.564386,0.5920091,0.5729006,0.46467084,0.3801561,0.40296242,0.52919817,0.52809143,0.5054908,0.5078095,0.5200825,0.6003345,0.45862004,0.4641224,0.5170365,0.49870446,0.56234956,0.5769278,0.5674978,0.5325666,0.5151904,0.5800631,0.54444057,0.5280781,0.56342745,0.58083487,0.45295754,0.580884,0.5651621,0.56198215,0.55695504,0.5545153,0.5899331,0.6180315,0.5160359,0.3867064,0.5879502,0.60167134,0.56724095,0.56634974,0.53350854,0.53391767,0.5358883,0.5039281,0.5086121,0.46472958,0.5028271,0.5494519,0.53638464,0.63358706,0.6151538,0.49983603,0.5073555,0.51471764,0.5384939,0.5640236,0.45479125,0.62395203,0.58369493,0.5817712,0.52876073,0.52599454,0.535045,0.4442425,0.53519356,0.5459589,0.5415076,0.611768,0.5912079,0.54301983,0.5401512,0.51303834,0.51145464,0.5998055,0.5919212,0.5870614,0.58625305,0.5535707,0.54935616,0.50550014,0.5036187,0.55110157,0.53540576,0.5761348,0.5787282,0.5553989,0.5434863,0.55791515
365,0.6349392,0.5152048,0.4956065,0.5647237,0.5742008,0.5817296,0.5732411,0.4055797,0.4083398,0.59286577,0.598365,0.590862,0.5206974,0.61942166,0.63629425,0.5147689,0.49718878,0.51417154,0.5637657,0.5821792,0.5357379,0.54733557,0.52080536,0.5415201,0.5795602,0.5259772,0.5945769,0.553274,0.62055,0.5853194,0.57017905,0.5543543,0.57453483,0.5865199,0.5777052,0.40851325,0.54876655,0.5958073,0.44356364,0.44289723,0.5308401,0.48339936,0.55225056,0.59376174,0.58385295,0.5531102,0.43010208,0.5622451,0.5058409,0.5406824,0.36626464,0.38614237,0.41127908,0.41980836,0.46584186,0.4372924,0.52855545,0.5282034,0.610543,0.6100269,0.535046,0.5385551,0.58776146,0.55207807,0.5542911,0.57343584,0.56942487,0.5588795,0.52655256,0.4982914,0.5366904,0.53806454,0.6062674,0.61827415,0.58287203,0.5505359,0.52922255,0.5686668,0.57917595,0.5748887,0.6058287,0.6133826,0.61033875,0.63726133,0.61491495,0.6018062,0.56473213,0.5488146,0.5680745,0.54318666,0.58191085,0.5521754,0.53823745,0.5510649,0.59742874,0.5414531,0.6069074,0.5615906,0.5103301,0.42686364,0.41830567,0.44903174,0.5140121,0.4314983,0.48211953,0.51280737,0.48028088,0.59879017,0.5966313,0.5110876,0.5665477,0.55122507,0.5796839,0.57667273,0.46246773,0.45034796,0.46738794,0.5331302,0.5582107,0.5060812,0.5199569,0.52755,0.5432595,0.42822075,0.46521664,0.528623,0.52479786,0.50974727,0.5201279,0.5683021,0.5280145,0.49870837,0.558923,0.549652,0.54165685,0.5549775,0.5821235,0.53394043,0.511807,0.56149954,0.56353164,0.5234242,0.5740588,0.6360906,0.6115809,0.571053,0.45806828,0.6225629,0.60045993,0.5719204,0.59409666,0.49739262,0.5313961,0.5469323,0.54492265,0.5067104,0.5040618,0.56094754,0.5743306,0.5402265,0.6106102,0.62874043,0.5130072,0.5289826,0.54180235,0.5447478,0.58991283,0.4064472,0.6085532,0.62693936,0.5578253,0.53136766,0.5043808,0.48009172,0.42446867,0.52536166,0.51974654,0.5554188,0.5765145,0.57365125,0.633607,0.52781266,0.4703216,0.57047766,0.59142685,0.596135,0.60846573,0.39865986,0.4034226,0.6031515,0.57394904,0.6130248,0.5597535,0.60645384,0.6217659,0.5019939,0.47324252,0.5198621,0.5606127,0.5742019,0.5434142,0.5863604,0.50466007,0.5506847,0.618327,0.5941245,0.59477246,0.59615314,0.56018955,0.5493552,0.5600461,0.5751077,0.5361958,0.59843373,0.59459585,0.34953552,0.5198915,0.58830565,0.40087375,0.41181996,0.49293396,0.48756567,0.5500735,0.6012347,0.5633746,0.5269351,0.40518907,0.51873076,0.48095044,0.49522626,0.36560637,0.39192012,0.39831653,0.40373978,0.45490193,0.436839,0.5535841,0.53508836,0.60457164,0.60424453,0.5474151,0.5708426,0.5871969,0.5824642,0.5451049,0.5492146,0.58011776,0.5417262,0.52477396,0.53279054,0.5453731,0.5364191,0.60996544,0.6095049,0.6372942,0.5656244,0.53471035,0.56682813,0.5716075,0.6074531,0.6170467,0.61169046,0.5991845,0.63162357,0.57311153,0.6424786,0.5941841,0.5280764,0.5872362,0.5282355,0.59047043,0.5558043,0.52115285,0.54358387,0.63227934,0.53008527,0.5946152,0.55409044,0.5174633,0.42244285,0.44104245,0.47334036,0.53720236,0.446945,0.4418217,0.50242174,0.49288082,0.6055741,0.5894168,0.5189717,0.58378005,0.5588156,0.5784441,0.5671532,0.47105375,0.3984601,0.42967805,0.5222121,0.5135785,0.4934405,0.49356437,0.5197362,0.59884655,0.4457899,0.46710715,0.5231581,0.5104498,0.55679363,0.5676968,0.5604437,0.5338783,0.5195298,0.5745168,0.54128146,0.52911663,0.572334,0.5832817,0.49331045,0.5814152,0.5766718,0.5761101,0.55470765,0.56881875,0.58453715,0.60555357,0.54172534,0.38974333,0.58765805,0.5963512,0.5696976,0.563628,0.5298779,0.5423667,0.56385404,0.5073487,0.5355101,0.4998696,0.5509473,0.57472444,0.5594853,0.63159114,0.60173464,0.5210341,0.50491846,0.5139238,0.5354363,0.5517995,0.43321428,0.6186618,0.583901,0.56802714,0.5283437,0.5052038,0.51368415,0.4426419,0.5325847,0.54361254,0.5415552,0.60401976,0.58535206,0.54092306,0.5357831,0.5097024,0.50645334,0.59452456,0.5846152,0.58466405,0.5816175,0.5504845,0.5425634,0.4970003,0.49275488,0.54758173,0.53320533,0.5696358,0.5725153,0.5414135,0.5311142,0.54836994
366,0.6141379,0.5347946,0.4961657,0.5561962,0.5687584,0.5863982,0.5948128,0.39400697,0.39057323,0.59312785,0.6047503,0.57078886,0.5308226,0.6119327,0.63313276,0.53345025,0.5293386,0.5255961,0.58725536,0.6207518,0.56633335,0.5602334,0.53988075,0.52312684,0.56003916,0.5020468,0.5845675,0.5453807,0.61780703,0.5882358,0.5671071,0.5469298,0.5861562,0.5827853,0.5817575,0.37961516,0.51893795,0.5781077,0.40043142,0.41979757,0.49414292,0.44842267,0.54145557,0.57725865,0.563731,0.5433122,0.42991948,0.590896,0.53369904,0.54246265,0.3598083,0.3837304,0.3970628,0.41768748,0.44113725,0.4485602,0.5022738,0.51257646,0.5918695,0.59240395,0.53515446,0.5382631,0.57425296,0.55203027,0.55994916,0.57112527,0.5710551,0.5655315,0.5259695,0.4923834,0.53893304,0.5377282,0.60159034,0.6016459,0.56854963,0.54003024,0.52625,0.5600687,0.5647439,0.5643472,0.5953071,0.59500426,0.60063666,0.62767935,0.6087923,0.5971496,0.5577324,0.54469705,0.5704592,0.53936994,0.5813289,0.5439898,0.5339949,0.5444241,0.5885299,0.53394175,0.59933674,0.56314504,0.50231457,0.42469174,0.40037206,0.4266805,0.49385628,0.4181672,0.45669726,0.50373703,0.47858897,0.5900892,0.58340615,0.50520355,0.55678445,0.55041707,0.56857973,0.56833863,0.46779832,0.45639384,0.4819018,0.5336783,0.5520566,0.5022603,0.51058483,0.52163357,0.5407878,0.4218918,0.46467742,0.5345947,0.5248443,0.51032096,0.5098037,0.5642983,0.52536434,0.5083712,0.5552891,0.5499313,0.536808,0.5484278,0.5672229,0.54422,0.5145288,0.5564022,0.5615537,0.5232658,0.57140493,0.6230814,0.5946245,0.576048,0.4453545,0.6057572,0.594472,0.57431513,0.5979294,0.49997115,0.54013354,0.56023693,0.5435096,0.53893495,0.5351718,0.6027541,0.59696627,0.55737776,0.6121743,0.6195009,0.5251827,0.52941066,0.54484713,0.54074407,0.57005006,0.4006515,0.59489524,0.62825483,0.53930223,0.52707523,0.49275836,0.46413648,0.4245589,0.53333807,0.5227904,0.5503696,0.5621986,0.55838585,0.6146865,0.5568857,0.4723961,0.56543356,0.5897879,0.6074544,0.62557507,0.38700473,0.38369364,0.60699064,0.5898235,0.60192096,0.5723599,0.6033233,0.6179442,0.5191033,0.5234473,0.53698665,0.59078497,0.6185963,0.5793092,0.6127635,0.52715963,0.5351512,0.61572707,0.56706333,0.58704495,0.59717405,0.5575417,0.5540141,0.5564668,0.5692241,0.53980976,0.58749133,0.59449303,0.3174545,0.4924671,0.5745841,0.354242,0.38910538,0.46730667,0.45894352,0.53919816,0.5916543,0.5472708,0.5323003,0.40313944,0.5496372,0.5043884,0.51810044,0.3585452,0.38757533,0.38348824,0.40002498,0.42884764,0.44799003,0.53415257,0.522251,0.5897921,0.5935245,0.5490512,0.56407964,0.57515943,0.58530897,0.54901636,0.5425876,0.57994455,0.5518444,0.52605456,0.53088963,0.54980874,0.53642905,0.6090499,0.59602225,0.6179151,0.5573845,0.5326402,0.56725496,0.5568891,0.61550075,0.6075734,0.604714,0.5929883,0.6332725,0.5683347,0.6379027,0.5834889,0.533309,0.5909512,0.5285863,0.59178615,0.55117637,0.52039236,0.5382553,0.6295412,0.5340399,0.58526266,0.55219597,0.50815207,0.41991222,0.41665018,0.44072232,0.51515675,0.42934698,0.42041016,0.49813467,0.49180835,0.6020443,0.58432305,0.5153765,0.57694864,0.55365324,0.5681002,0.5645648,0.4788201,0.4148732,0.4519074,0.5180055,0.50448024,0.4862227,0.48742002,0.5207633,0.5945431,0.43910402,0.46885285,0.53479385,0.52726585,0.55236244,0.55415976,0.55466604,0.53659874,0.5275037,0.5716311,0.53926533,0.53099155,0.5780391,0.58099806,0.53151274,0.5770079,0.5826201,0.5891755,0.55643183,0.5811409,0.57644033,0.59415567,0.565959,0.39465395,0.58292145,0.5903794,0.57692677,0.5670335,0.53340125,0.5525188,0.5911553,0.5161685,0.561783,0.5314198,0.5971657,0.6016986,0.5838195,0.6322692,0.59178305,0.5430757,0.5048418,0.5157043,0.53062534,0.5413867,0.42062244,0.6104058,0.58316255,0.5561175,0.52619374,0.4918782,0.50007004,0.44367033,0.53652054,0.5431021,0.53998685,0.5935306,0.5785973,0.5370196,0.5311146,0.50769097,0.5019024,0.5866088,0.5757473,0.5812242,0.5758368,0.54835844,0.5372014,0.49289304,0.48691806,0.54415786,0.53111553,0.5622567,0.5656097,0.5299111,0.52149194,0.54176164
367,0.60026747,0.5534649,0.50489384,0.55326396,0.56734216,0.5931182,0.6139675,0.39340022,0.3867367,0.59275347,0.6074826,0.5538425,0.5455754,0.6081433,0.6332206,0.555438,0.5571744,0.53542966,0.61186665,0.6550647,0.5932549,0.573145,0.5565401,0.51511943,0.5422226,0.48588926,0.57709306,0.5388575,0.615258,0.5962042,0.57303154,0.5450771,0.60190094,0.5860073,0.589629,0.36854446,0.49942213,0.56248575,0.3778103,0.41009325,0.47402236,0.42548987,0.53411895,0.5608416,0.5433558,0.5308041,0.4304945,0.61530375,0.5538272,0.5378315,0.3619546,0.38715193,0.3957432,0.4204885,0.42917612,0.45733017,0.48232898,0.5002881,0.5763307,0.57836336,0.5362349,0.5409528,0.5665617,0.55323493,0.5670442,0.57036906,0.575553,0.5760096,0.5286975,0.4927168,0.5447456,0.5407152,0.598298,0.588967,0.5576824,0.53315777,0.52834326,0.54756814,0.5538878,0.5533462,0.5871153,0.57613885,0.5926659,0.61336005,0.6016424,0.59105855,0.553604,0.5446291,0.57590324,0.540658,0.5785795,0.5377814,0.53111386,0.540962,0.57912284,0.526367,0.5952628,0.5665543,0.5021868,0.42894602,0.39338037,0.4182208,0.4818053,0.4165967,0.44063935,0.49699053,0.47948843,0.5794552,0.570103,0.5014789,0.54900354,0.5492374,0.5582016,0.56362796,0.470068,0.4566198,0.48821968,0.536209,0.55129796,0.50362843,0.5128324,0.5188949,0.5395081,0.42285177,0.46669877,0.5448391,0.52749825,0.5128512,0.5031496,0.5642191,0.5258401,0.5224528,0.55390775,0.54988974,0.5325764,0.540691,0.5498785,0.550447,0.5164304,0.5481305,0.56035936,0.5286557,0.56862205,0.61079115,0.5820194,0.58091074,0.43379232,0.582897,0.59145427,0.58098525,0.6065437,0.51023215,0.5513807,0.57362723,0.5467789,0.56623673,0.5584266,0.6391753,0.6187511,0.57454777,0.6179403,0.61379313,0.53676355,0.5313833,0.5478072,0.53710043,0.55234635,0.40507513,0.5814325,0.63149947,0.525818,0.5249234,0.48914176,0.45882082,0.4287217,0.54409635,0.52860266,0.5451056,0.55106544,0.54542917,0.6024133,0.57896245,0.48207754,0.5641635,0.5900086,0.6178741,0.64106846,0.3860059,0.3783336,0.6086195,0.60068506,0.5904343,0.5881627,0.60443586,0.61764264,0.53939724,0.56710374,0.55068177,0.6196419,0.6560875,0.60756975,0.63483757,0.5448384,0.52806085,0.60816336,0.54585445,0.5807954,0.59487724,0.55669385,0.56604534,0.5625698,0.5699541,0.5519509,0.58343863,0.6014809,0.30462128,0.47622278,0.56246144,0.3310455,0.3798403,0.45439157,0.44017655,0.5306848,0.5798249,0.53118616,0.533615,0.40321937,0.57712996,0.5242345,0.5355978,0.36079788,0.3903645,0.38148522,0.4010396,0.4164515,0.4583567,0.51869786,0.5121924,0.576705,0.5833791,0.5509186,0.5606545,0.5670227,0.58745515,0.5580898,0.5400171,0.5824461,0.5669762,0.5316033,0.53492296,0.5572007,0.54143876,0.6085788,0.5861981,0.6001731,0.5541473,0.5362659,0.56344455,0.54208565,0.6168944,0.5986367,0.5938975,0.5894944,0.62910956,0.56532145,0.6294939,0.57479864,0.5425182,0.59157795,0.5312266,0.59054357,0.5464372,0.5212006,0.53667426,0.6247429,0.53577185,0.5803648,0.5547358,0.5054654,0.4234344,0.4058958,0.42531067,0.5007316,0.42429924,0.40826494,0.4963315,0.492733,0.5946782,0.5780745,0.5125339,0.5709139,0.5499901,0.55976236,0.56348956,0.48539737,0.42802465,0.4685007,0.5174979,0.5023999,0.48508468,0.49108547,0.5231633,0.5895684,0.43960539,0.4710472,0.5495598,0.54676694,0.550844,0.5423642,0.5536682,0.54089665,0.53836316,0.57157665,0.5387476,0.5332218,0.579321,0.5746111,0.5632679,0.5703976,0.5827824,0.59921205,0.5624166,0.589507,0.5684124,0.5869555,0.5859738,0.40015197,0.5733827,0.5864957,0.5896057,0.5768713,0.5426691,0.56408954,0.6152476,0.52841777,0.58394223,0.55525345,0.6360624,0.62641,0.6069568,0.6383222,0.58663744,0.5634153,0.50648916,0.5198164,0.5246571,0.53244656,0.4182199,0.6019648,0.5828978,0.54973036,0.5234974,0.48716992,0.49534974,0.44771364,0.5463602,0.5454718,0.53624505,0.5835138,0.57169926,0.53147954,0.52633256,0.5068143,0.4984879,0.5782949,0.56749856,0.57736886,0.57013303,0.5472525,0.5339724,0.49366695,0.48668128,0.54104483,0.5293479,0.5549927,0.5588226,0.5227774,0.5157601,0.5384494
368,0.59249073,0.56861824,0.519877,0.55462295,0.56837946,0.5995911,0.6284519,0.40283325,0.39593026,0.5925409,0.606135,0.5453102,0.5618939,0.6082061,0.63701826,0.5774449,0.5799405,0.5427063,0.63371825,0.6816405,0.61373836,0.5838047,0.56844574,0.5181786,0.5318394,0.4837849,0.5736891,0.5362259,0.6130016,0.6081942,0.5842441,0.5492953,0.61826044,0.5944636,0.6009833,0.37320018,0.4895043,0.54922503,0.37314922,0.41224214,0.4685727,0.41442695,0.5298221,0.54632205,0.5244491,0.5186244,0.43344593,0.6339881,0.5670177,0.53010297,0.3730656,0.39681453,0.40633696,0.42854193,0.4281065,0.46460244,0.47184926,0.49340934,0.56453973,0.568253,0.53881145,0.54771227,0.5670682,0.5546454,0.5730245,0.5698034,0.5837275,0.5879257,0.53658384,0.5018563,0.55454123,0.54479575,0.5985965,0.5835085,0.55565083,0.53520525,0.5362369,0.53339756,0.551494,0.5433502,0.58493745,0.5595736,0.58614814,0.5952294,0.5948538,0.5858799,0.5563584,0.54917043,0.5845555,0.5492052,0.5751593,0.53261214,0.5300124,0.54318875,0.57213163,0.51985157,0.5946301,0.5713341,0.5068978,0.43858975,0.39692515,0.42311504,0.4784311,0.42672834,0.4336946,0.49268195,0.4830448,0.5682189,0.5579532,0.50039816,0.5456821,0.5489066,0.5466539,0.56036294,0.46904063,0.453147,0.48986042,0.53964794,0.5549428,0.5090448,0.5243048,0.5184401,0.54068094,0.432013,0.4725132,0.55682045,0.5314363,0.5184561,0.50464547,0.5703921,0.52988607,0.54043025,0.55401903,0.54947716,0.5290198,0.5319154,0.53291196,0.553396,0.5186846,0.5380019,0.56011397,0.5384451,0.5661235,0.6015609,0.5750349,0.5855602,0.4247094,0.5565042,0.5929238,0.5933385,0.61790395,0.52587235,0.56365156,0.58579165,0.5525795,0.5860613,0.5735106,0.66695744,0.6368111,0.5903172,0.62960756,0.6107541,0.54665804,0.5337772,0.5501376,0.5335714,0.5378934,0.41885227,0.57102203,0.6369978,0.5190471,0.5264347,0.49397877,0.46514803,0.4382001,0.5568517,0.5374738,0.5399757,0.54554117,0.5369779,0.595812,0.59183776,0.49728695,0.5653578,0.59015924,0.62529594,0.652442,0.3947281,0.38599506,0.6070983,0.60565275,0.58178586,0.603749,0.60918605,0.62140435,0.55935127,0.60186094,0.56026334,0.64340633,0.68331504,0.6258094,0.65048,0.55592483,0.5299344,0.5966822,0.535802,0.577183,0.59059066,0.5590619,0.5845056,0.5750308,0.57664055,0.56901765,0.58428407,0.6135403,0.30878618,0.46990559,0.5518575,0.32771382,0.38230282,0.45236784,0.43046048,0.52419513,0.5663547,0.5171948,0.53432196,0.4062482,0.5994421,0.5400701,0.5495327,0.3719586,0.39954785,0.39135215,0.406702,0.41569027,0.46754488,0.50842685,0.5058962,0.5655114,0.5737504,0.5523507,0.56107366,0.5648542,0.58860147,0.5682071,0.53933,0.5875599,0.5839318,0.5419078,0.5441582,0.56901175,0.5497131,0.6102248,0.5821325,0.5890329,0.55734265,0.54529715,0.55641246,0.5315999,0.6124991,0.5916152,0.5798621,0.58934927,0.6193464,0.5650251,0.61909,0.5688405,0.5542773,0.59083956,0.53803915,0.5887323,0.5410584,0.52380884,0.53988254,0.61970985,0.5358245,0.57947713,0.56139904,0.50651866,0.43219715,0.40790957,0.42621973,0.4949467,0.43100548,0.40432018,0.4961678,0.49555838,0.5850073,0.5711481,0.5103252,0.567824,0.5482652,0.55120283,0.56174684,0.48886994,0.43808252,0.48073772,0.520251,0.5069501,0.48911467,0.50296193,0.5264672,0.58533305,0.448399,0.47545072,0.56440604,0.5664438,0.5525772,0.5368662,0.5591918,0.5460999,0.5504596,0.57328796,0.53947556,0.5351826,0.57606673,0.5657223,0.58714443,0.56397635,0.5781096,0.6051637,0.5717495,0.59396416,0.5623729,0.58465993,0.60109025,0.40559733,0.5600234,0.5860882,0.60596067,0.59089154,0.5545709,0.57550293,0.6342423,0.54158884,0.5993803,0.5701059,0.665012,0.64532363,0.62656504,0.649493,0.58558804,0.58030003,0.50870615,0.52537495,0.5182139,0.52475446,0.42566416,0.59550273,0.58378345,0.55001223,0.52125746,0.49161163,0.5000385,0.45563734,0.5594067,0.55080485,0.53089195,0.57629913,0.56512547,0.5247512,0.521312,0.5065448,0.49649295,0.571145,0.56113863,0.57342976,0.56526244,0.5468302,0.5328139,0.49823314,0.4909448,0.5382455,0.52813834,0.5485193,0.55252886,0.5205119,0.5139161,0.53780323
369,0.5867645,0.57819676,0.5370816,0.5569156,0.56872666,0.60283554,0.6363926,0.42086098,0.4164325,0.59300506,0.6014335,0.54792756,0.57585174,0.60999143,0.6428883,0.5960456,0.598893,0.5467151,0.64968693,0.6985478,0.62617725,0.5903886,0.57357335,0.5320999,0.5324848,0.49836943,0.57447875,0.53894615,0.6106632,0.62041646,0.5947997,0.55740446,0.6298626,0.60290504,0.6130295,0.39059126,0.48670986,0.5378098,0.38209975,0.42326784,0.47317788,0.4133343,0.5272442,0.5344197,0.5087132,0.51109535,0.44041207,0.64726985,0.57659316,0.5244099,0.39312547,0.41264892,0.42720053,0.4412595,0.43471476,0.47216198,0.47131246,0.49180236,0.55553323,0.56092405,0.54213893,0.5570567,0.5751233,0.5539935,0.5743241,0.56635916,0.5940633,0.5968608,0.5489115,0.5192608,0.56612873,0.545585,0.60292476,0.5858551,0.5646103,0.54804766,0.5478404,0.51988447,0.5588853,0.5356745,0.5900138,0.54635864,0.57950383,0.5740235,0.5885663,0.58256453,0.56696135,0.556373,0.59474725,0.56420517,0.5716306,0.5266449,0.5304494,0.5515605,0.57007134,0.51550686,0.59570944,0.5752821,0.5131487,0.4530486,0.40960848,0.43982086,0.48408577,0.44840825,0.43455735,0.49147424,0.49000093,0.55751497,0.54765826,0.50194055,0.5483665,0.5498975,0.5317485,0.5564568,0.4664432,0.44971862,0.49201018,0.5422916,0.5604276,0.5159104,0.5397132,0.51875234,0.54497904,0.4508816,0.4834205,0.56753826,0.53598845,0.5275934,0.5165887,0.58252144,0.5367289,0.55979174,0.55355626,0.5484754,0.5257995,0.5221242,0.5184978,0.55513144,0.52257717,0.52771336,0.5603824,0.5510624,0.5650989,0.59610105,0.5724183,0.59078866,0.41922665,0.5297416,0.5979796,0.6096743,0.6276657,0.5434505,0.5747729,0.59564036,0.55849516,0.5968891,0.58235997,0.68501335,0.64880323,0.6037756,0.64556545,0.60776514,0.5543936,0.5349519,0.55085033,0.52956074,0.52732426,0.44135666,0.56528634,0.6433496,0.5181627,0.5325462,0.50787616,0.4837647,0.4544218,0.56939703,0.5482339,0.53625107,0.54583126,0.5337662,0.59097856,0.595553,0.514543,0.56617135,0.58745366,0.6276755,0.657615,0.4118193,0.40471005,0.60221887,0.6057326,0.5774219,0.6153661,0.61527574,0.6282519,0.5758446,0.6289957,0.5657745,0.66008765,0.6990065,0.63355243,0.65892434,0.5602762,0.54106516,0.5832168,0.53854734,0.5767889,0.5860615,0.56616277,0.60546315,0.5886811,0.5855648,0.5845257,0.5850442,0.6259454,0.32741296,0.47087586,0.5425793,0.3395872,0.39358273,0.45789844,0.42810875,0.5185933,0.55193776,0.50793934,0.5403995,0.41329014,0.6168442,0.55375373,0.5642231,0.39158818,0.41401967,0.41171598,0.4160575,0.42315778,0.4758728,0.5032963,0.50326544,0.5559346,0.56426615,0.55187935,0.5641836,0.56898236,0.5879059,0.57404506,0.5369327,0.593752,0.5983718,0.5552047,0.5560519,0.5842462,0.5575293,0.6146113,0.5844642,0.5865029,0.56634206,0.557702,0.5481075,0.5288604,0.6050896,0.5868762,0.5637097,0.5917869,0.60502344,0.56695,0.60825145,0.5651036,0.5654063,0.5898632,0.5493491,0.58776563,0.53409606,0.52783227,0.5471295,0.6167193,0.5359191,0.5811891,0.57049906,0.5081039,0.44571292,0.4201607,0.44062683,0.498776,0.4483765,0.40714243,0.49779895,0.50109273,0.5748369,0.5641072,0.50857306,0.56904596,0.5482398,0.5399576,0.55754787,0.48912835,0.44708994,0.4923838,0.5246739,0.51628,0.4959069,0.51939595,0.5300429,0.5824016,0.46724436,0.48370665,0.57664156,0.5850469,0.5569436,0.54020786,0.57102126,0.5509457,0.561469,0.5748806,0.54069614,0.53632814,0.5693943,0.55668175,0.6047134,0.5596586,0.5704758,0.6071306,0.58346325,0.59680724,0.5598627,0.5863118,0.6132848,0.41158977,0.54485345,0.58900154,0.62229866,0.60515416,0.5657922,0.5847267,0.64741814,0.55396163,0.60640687,0.5774174,0.68419784,0.6562572,0.6414198,0.66306335,0.58668244,0.59342855,0.50977826,0.53046596,0.51174563,0.51862204,0.44261643,0.5926191,0.58574486,0.5556732,0.52011645,0.5059577,0.5148024,0.46906906,0.5720684,0.55813164,0.5255901,0.57293844,0.55878884,0.5172948,0.51580346,0.50613654,0.4956878,0.56543577,0.5565912,0.5691983,0.5610947,0.54649687,0.53303224,0.5043924,0.49756888,0.5354281,0.5276249,0.5429989,0.5465715,0.5222562,0.5150971,0.5385061
370,0.5774361,0.58122236,0.55230165,0.55611914,0.56486547,0.6000499,0.63690704,0.44592467,0.44610593,0.594612,0.59492713,0.56178826,0.5843363,0.61001456,0.6479911,0.6090429,0.61667293,0.5473493,0.6583285,0.7056079,0.6302537,0.59191644,0.57092285,0.5557568,0.54533154,0.5285711,0.57835495,0.547457,0.6075829,0.6278686,0.59864664,0.5651903,0.6312176,0.60468215,0.62175924,0.41723067,0.4876776,0.52712315,0.399563,0.43965062,0.4821948,0.4193878,0.5249868,0.52458775,0.49717748,0.512397,0.4526759,0.6568287,0.58711463,0.5259481,0.42193508,0.4343469,0.45652258,0.45754638,0.44533944,0.4821928,0.47895333,0.4935056,0.54713625,0.55424756,0.5443478,0.5652573,0.58745754,0.54858404,0.5673942,0.5561848,0.603334,0.5978369,0.56276804,0.5415814,0.575413,0.53781176,0.61009544,0.59420717,0.5834634,0.5699065,0.5590853,0.5086935,0.5741887,0.53153104,0.60154116,0.53585833,0.57040673,0.5500782,0.5818716,0.580421,0.58334947,0.5626157,0.60342497,0.582334,0.56751066,0.51759785,0.5316292,0.5646019,0.57470137,0.5139832,0.5958623,0.575052,0.5185654,0.47257107,0.4297132,0.46627066,0.49880242,0.48138383,0.4415035,0.4944899,0.5016337,0.5481008,0.5394311,0.505702,0.5572863,0.5519326,0.5119498,0.5506695,0.46526253,0.45030898,0.49979827,0.5422716,0.56455827,0.52120847,0.55308807,0.5182222,0.5529953,0.4811608,0.5008692,0.574493,0.5412458,0.5406989,0.53926605,0.59816843,0.54485345,0.57688755,0.5499664,0.5465547,0.5223558,0.5112715,0.50762767,0.55825007,0.52973324,0.51903653,0.56050664,0.5653181,0.5671537,0.59369665,0.5713252,0.59812826,0.4181552,0.5052006,0.60376084,0.6262762,0.6308516,0.560019,0.5829087,0.6027961,0.56252533,0.59860426,0.58817595,0.69425017,0.65381795,0.6148624,0.66195273,0.6013648,0.56036776,0.5331843,0.5486412,0.52425086,0.52064997,0.47256663,0.5643806,0.64797574,0.5203013,0.5436529,0.53125495,0.5147842,0.4789674,0.5793228,0.55864793,0.5356798,0.5500007,0.5349,0.58263487,0.59203327,0.5305796,0.563345,0.57906795,0.62340313,0.65532196,0.43591252,0.43236244,0.5946739,0.6033306,0.577294,0.62031144,0.61966085,0.63637775,0.58730364,0.65221065,0.5680405,0.6695859,0.7036283,0.6318241,0.6604683,0.55937994,0.56129354,0.5701866,0.5523314,0.5796595,0.583263,0.57927257,0.62363833,0.59849143,0.59128195,0.5914552,0.57964206,0.6332276,0.35773012,0.4759786,0.5344369,0.36160496,0.41046163,0.46730724,0.4312501,0.51275855,0.53719586,0.5057053,0.5582326,0.42558435,0.63126785,0.5685138,0.5849219,0.41947478,0.43283647,0.44116846,0.4278694,0.43507382,0.48446554,0.5022718,0.5032514,0.5474048,0.55456746,0.54756224,0.56741047,0.5781052,0.58424836,0.5706583,0.5290526,0.5984681,0.60609114,0.56820655,0.56695503,0.59981865,0.56036407,0.6213361,0.59240216,0.59170747,0.57866734,0.5704373,0.5410137,0.5361592,0.59866536,0.58400494,0.546776,0.59515375,0.5876952,0.56989056,0.5977834,0.5617717,0.5721016,0.5887821,0.56401205,0.58812815,0.5244474,0.5324204,0.5562009,0.6179979,0.5383085,0.58378875,0.5794143,0.50785846,0.46437636,0.43948996,0.4647938,0.51272976,0.47534978,0.41545978,0.5024789,0.51082253,0.56611466,0.5577339,0.50716084,0.5748359,0.54909474,0.52438056,0.55030304,0.48794767,0.45836383,0.5084093,0.52860504,0.5276869,0.5025755,0.5362235,0.53336656,0.58092034,0.49814498,0.49743003,0.5846176,0.6027769,0.5632244,0.55304134,0.58723325,0.55409193,0.56896156,0.57426995,0.5414332,0.53639835,0.56125945,0.5499819,0.61949295,0.55899936,0.56229943,0.6063086,0.5971044,0.60160154,0.5619828,0.59011793,0.62626904,0.41986373,0.5302183,0.59368664,0.63432354,0.61539394,0.5741956,0.59027785,0.65525585,0.5650888,0.60460824,0.5805104,0.69585097,0.6589806,0.65172505,0.67527586,0.5876155,0.6038352,0.50789636,0.5326166,0.5054663,0.51478,0.46900544,0.5940731,0.58793646,0.56371063,0.5203145,0.530838,0.5402305,0.49019906,0.5811496,0.5656493,0.522673,0.5728923,0.5519509,0.5094437,0.5095939,0.5049413,0.49551728,0.5601005,0.5525164,0.56397307,0.55665016,0.545559,0.53356147,0.5096455,0.5041468,0.53201777,0.52778226,0.5379987,0.54029983,0.52597207,0.5177513,0.5389377
371,0.5594639,0.5784498,0.56284,0.5492634,0.5545296,0.58973587,0.6305819,0.47606468,0.48185855,0.59778535,0.5885011,0.58423805,0.5864353,0.60449207,0.6487658,0.61629075,0.63575685,0.5456307,0.6600531,0.7043017,0.62725335,0.5887338,0.5616696,0.5861794,0.56893903,0.56900656,0.58332896,0.56143266,0.60282737,0.6264535,0.59162253,0.56789327,0.6184699,0.5944886,0.6235242,0.44900548,0.48922718,0.5160153,0.42040414,0.45796454,0.49061903,0.4297085,0.52255136,0.51544076,0.48985672,0.5241839,0.47060755,0.6646931,0.6021592,0.5372946,0.45834944,0.4610998,0.49187037,0.47603518,0.45677036,0.4967738,0.49158496,0.49584854,0.5370794,0.5462253,0.5432551,0.5677693,0.5991229,0.53671485,0.5505139,0.5366277,0.60791993,0.58746004,0.5743955,0.5637668,0.5781044,0.51815623,0.6175934,0.604941,0.6080834,0.5957142,0.5656887,0.50051963,0.5932574,0.5316213,0.6170273,0.5264611,0.55700815,0.5240769,0.57359433,0.57756376,0.6011824,0.5643183,0.6070573,0.5988811,0.5616969,0.5039798,0.5324811,0.57929295,0.58602846,0.51506615,0.5924672,0.5673995,0.52272713,0.49775255,0.45528817,0.4994763,0.5214345,0.5241058,0.45312783,0.5027435,0.5193187,0.54053277,0.5334214,0.5110615,0.5708387,0.5542632,0.48830494,0.5434613,0.46866387,0.4577231,0.51621133,0.5383232,0.56448025,0.5228312,0.56012654,0.5158524,0.5654411,0.52329564,0.52607995,0.5764238,0.54746985,0.5583778,0.57074094,0.6135723,0.5526861,0.5884289,0.541475,0.5434712,0.5182882,0.49960062,0.50001574,0.5645147,0.5420451,0.51366526,0.5601125,0.5803067,0.5731684,0.592406,0.5683562,0.6086768,0.42228588,0.484323,0.6064975,0.63900304,0.62375635,0.5743157,0.5874645,0.6075071,0.5633752,0.59312624,0.5941655,0.6969947,0.65286684,0.6240051,0.67415845,0.58850366,0.5657574,0.52748007,0.54262936,0.5170674,0.51721984,0.5119364,0.5671645,0.6476831,0.52186185,0.5592984,0.56307703,0.55639726,0.51302916,0.5853202,0.56626487,0.5398622,0.5546245,0.5381413,0.5661533,0.5849032,0.5436031,0.55461127,0.56349516,0.6120091,0.645537,0.4653394,0.4662615,0.5860947,0.6012396,0.58034354,0.6179233,0.61922437,0.64314044,0.59414506,0.67528415,0.5687679,0.6732168,0.6990665,0.6234787,0.6564827,0.55646414,0.58868545,0.56009907,0.5724253,0.58517545,0.5840356,0.59813577,0.63453025,0.6010591,0.5887234,0.58502376,0.5634975,0.63116187,0.3960446,0.482455,0.5273076,0.3886668,0.42999274,0.47764328,0.43845582,0.5065931,0.5228625,0.5111841,0.5904645,0.44407293,0.6451008,0.5870377,0.6145094,0.4549258,0.4553098,0.47762075,0.44119638,0.44819376,0.4951554,0.5039523,0.5043587,0.53947574,0.54485446,0.53802955,0.56767756,0.58949864,0.57679117,0.55570346,0.5135728,0.59912634,0.60460126,0.5775694,0.57344604,0.6116043,0.5549322,0.6289829,0.6035806,0.60134304,0.5907875,0.5805953,0.53745925,0.5538869,0.5969225,0.58203316,0.5305103,0.5976447,0.56931305,0.57285047,0.58760387,0.5566141,0.5717654,0.5868481,0.57976645,0.58931804,0.5116608,0.53660834,0.564158,0.6244243,0.5447316,0.5856035,0.585376,0.50540954,0.4891417,0.46271223,0.49435133,0.5356782,0.51021796,0.42859146,0.5119366,0.5262608,0.5607256,0.5532058,0.50620496,0.58401734,0.5498195,0.5052069,0.54146993,0.4885898,0.47529507,0.5326603,0.53011656,0.53830236,0.5070306,0.5502119,0.5362255,0.58119327,0.5415034,0.5181346,0.5880675,0.620264,0.57132137,0.5740825,0.6045501,0.554738,0.5712523,0.5700388,0.540924,0.5356229,0.55392545,0.54746026,0.63511956,0.5631874,0.55615914,0.60462224,0.61220443,0.61104304,0.568835,0.5938794,0.6431777,0.432915,0.51825315,0.5977753,0.6386689,0.61844933,0.5796217,0.5919299,0.6589892,0.5753964,0.5956911,0.5834773,0.7030791,0.6553846,0.658616,0.6825097,0.58625895,0.6131527,0.5021601,0.5300934,0.49954355,0.5141283,0.5040559,0.59933764,0.589017,0.57075673,0.5216569,0.56514966,0.575393,0.52089125,0.5848577,0.57119006,0.52446014,0.5741018,0.5435207,0.50158435,0.5027905,0.5029386,0.49558854,0.5533511,0.5469945,0.5569932,0.55061245,0.54338396,0.53328735,0.51229936,0.5089642,0.5275389,0.5284592,0.5327811,0.53299576,0.528835,0.51982987,0.53768915
372,0.5310627,0.5732553,0.5686666,0.5362734,0.5385499,0.573122,0.6199142,0.5087628,0.51940835,0.6030495,0.58429587,0.61011463,0.5844592,0.59065515,0.64141315,0.6202544,0.6569631,0.54426074,0.65714025,0.69787514,0.62054867,0.58299476,0.55030257,0.6177973,0.5990444,0.6100322,0.58698905,0.5799715,0.5954446,0.6145187,0.57303226,0.5620337,0.5910538,0.570871,0.61618125,0.48160902,0.48950398,0.5042459,0.44052944,0.475741,0.4955914,0.44192943,0.5213098,0.50597775,0.48588443,0.5437568,0.49336454,0.67242813,0.6222837,0.55663705,0.4995636,0.49147704,0.52978,0.4956496,0.4672742,0.5177093,0.5056536,0.49715945,0.52463305,0.5364534,0.53755,0.5613627,0.6050349,0.51916826,0.5257098,0.5087528,0.6050306,0.56611305,0.5806934,0.58048546,0.5716293,0.4884637,0.6221222,0.6135983,0.6320179,0.61822325,0.5651077,0.49589187,0.61086816,0.5359525,0.63267124,0.51701087,0.53958046,0.49840236,0.5635762,0.572153,0.6149133,0.5595985,0.60306877,0.60897,0.5533088,0.48688963,0.5320452,0.591562,0.60162723,0.5179141,0.58403265,0.55098474,0.5275117,0.52866447,0.48394936,0.53506094,0.5486347,0.5721661,0.4686258,0.51638556,0.54373956,0.5357704,0.5304175,0.51755035,0.5857576,0.5560799,0.46593034,0.5373777,0.4792218,0.4730537,0.5408615,0.5307512,0.5586079,0.52084196,0.5600488,0.5120438,0.58259445,0.57416505,0.5590781,0.5739014,0.5545094,0.58084625,0.6064758,0.6244511,0.5590722,0.59261584,0.52832216,0.53924125,0.5137284,0.48833063,0.4947978,0.5739235,0.5611675,0.51337594,0.55953574,0.59496623,0.5821875,0.5897024,0.5608616,0.62182206,0.43278822,0.46795154,0.6028213,0.6444121,0.60542387,0.5872133,0.58972406,0.61054146,0.5606375,0.58507323,0.6026542,0.6964728,0.6490635,0.63168097,0.6778442,0.5680414,0.5722315,0.5184754,0.533435,0.5082049,0.5160166,0.5566809,0.5720063,0.63958967,0.5202963,0.57760894,0.59940475,0.60320425,0.5559601,0.58773214,0.5692674,0.5494996,0.5562094,0.54082453,0.53994536,0.5793628,0.5540323,0.54034364,0.5422318,0.5951966,0.63013077,0.49792948,0.5027171,0.57925606,0.6019839,0.585248,0.6104129,0.61156267,0.6451061,0.5988769,0.69979113,0.5706105,0.6733364,0.6886905,0.6135982,0.6496011,0.55640274,0.61831945,0.5553682,0.59223396,0.59200877,0.5897228,0.61988187,0.63580686,0.5955173,0.5752724,0.56481063,0.5361688,0.6180942,0.43764865,0.48872405,0.52126384,0.41644755,0.45009047,0.48748887,0.44883,0.5019414,0.5105141,0.5225243,0.6322217,0.46857595,0.65997225,0.60957587,0.65051335,0.495854,0.4809423,0.51765805,0.45595518,0.46068472,0.5104545,0.5072275,0.5056203,0.5323012,0.53653085,0.5237379,0.5630042,0.5997188,0.5657371,0.53156626,0.4922327,0.59433466,0.5944801,0.58130324,0.57383555,0.6157838,0.5413347,0.6353289,0.6144997,0.6106589,0.5993858,0.5864341,0.5393365,0.5797531,0.6018984,0.58004993,0.51687694,0.5982042,0.55248517,0.5755689,0.5773133,0.5487509,0.5645115,0.58296967,0.59353656,0.59021175,0.497201,0.5397418,0.5682749,0.63467467,0.5555378,0.5855019,0.58658695,0.5030462,0.5205169,0.4868929,0.52450275,0.56367046,0.5494695,0.44631842,0.5272795,0.54777753,0.56039035,0.5522759,0.50624996,0.5942737,0.5497468,0.48663867,0.5348259,0.4951533,0.5000701,0.565607,0.52828866,0.54597414,0.5092273,0.5603909,0.5389197,0.5838872,0.5933782,0.54645246,0.58816963,0.6372012,0.5818335,0.59998447,0.6189308,0.5530349,0.5680744,0.5624057,0.53901184,0.5347392,0.5498109,0.54979616,0.6534968,0.57293105,0.5545789,0.60432327,0.6274527,0.6248147,0.5792361,0.5954678,0.66426265,0.45332512,0.51076835,0.5991115,0.63409007,0.61329293,0.5840055,0.591166,0.6601572,0.5852838,0.5843077,0.59001195,0.70866656,0.6492604,0.66347975,0.68193215,0.58124346,0.6227526,0.49349555,0.5232889,0.49418682,0.5174872,0.5449201,0.6068101,0.5878139,0.5746581,0.5235016,0.60418445,0.61590487,0.5608626,0.58306414,0.5727991,0.5322755,0.5738317,0.5327732,0.4944946,0.4962473,0.5011404,0.49620304,0.54391867,0.5387316,0.5481212,0.5421788,0.5396038,0.53144246,0.5125197,0.51196814,0.52197504,0.52937835,0.527049,0.5247027,0.5282321,0.5194332,0.53419405
373,0.49581087,0.5710822,0.5727899,0.52087486,0.5215332,0.5547051,0.6090305,0.54166335,0.5548193,0.6110547,0.584547,0.6333852,0.5835021,0.5687507,0.6238577,0.6252901,0.6788919,0.5469392,0.6533226,0.69062686,0.6147401,0.5782205,0.54347533,0.64438105,0.6294415,0.641191,0.58754444,0.6016329,0.5855445,0.5932586,0.54681623,0.5468562,0.55328274,0.5375173,0.59967226,0.5119665,0.48886165,0.49328667,0.4581047,0.4924733,0.497169,0.454274,0.5243147,0.49701446,0.4843757,0.5653017,0.51911855,0.68082476,0.6447394,0.5790078,0.5419545,0.5239477,0.566713,0.5163905,0.4772119,0.5460213,0.5182748,0.49790245,0.51168776,0.5269518,0.52776664,0.5460576,0.60203046,0.49965525,0.49894485,0.47834074,0.59339935,0.5386671,0.57998323,0.58739287,0.55634725,0.45605984,0.62092024,0.6165521,0.6486339,0.63041973,0.5574218,0.49617192,0.62220514,0.544197,0.6444772,0.50812554,0.52113456,0.4772878,0.5533488,0.5639099,0.61935985,0.5489095,0.5912516,0.60875875,0.542406,0.47046605,0.5298703,0.5972246,0.61766744,0.5221062,0.5712681,0.5279551,0.5360409,0.5643142,0.51334596,0.5684646,0.57568705,0.61902165,0.48736817,0.5343807,0.5739644,0.53543353,0.53200746,0.52517974,0.5986814,0.55689424,0.45219696,0.5359934,0.49832135,0.49602342,0.57054555,0.5218362,0.5476568,0.5176896,0.5561969,0.50880814,0.6032222,0.6266335,0.59755707,0.56970155,0.5622746,0.6069172,0.64024293,0.6270623,0.5633126,0.58919317,0.5129539,0.53410125,0.5094096,0.47996882,0.4917033,0.5851821,0.5873164,0.51979685,0.5599282,0.60857344,0.5920006,0.5839694,0.5486377,0.63547885,0.45088145,0.4573567,0.5911051,0.6403472,0.5783585,0.6009438,0.59272635,0.6134888,0.5554029,0.5804178,0.6144747,0.6958244,0.64670557,0.638751,0.6697809,0.5421484,0.581384,0.508631,0.52353257,0.49869627,0.51645947,0.601865,0.5778577,0.6227546,0.51512814,0.5954136,0.6343175,0.64752144,0.60379046,0.5879434,0.5668169,0.563818,0.55322367,0.54134506,0.5074064,0.5805339,0.5644884,0.5244397,0.52025235,0.5770647,0.61307997,0.53146964,0.5379697,0.5776276,0.60747707,0.5911487,0.6027699,0.5965949,0.6397045,0.60523677,0.7240572,0.5762564,0.6728034,0.6767538,0.6076703,0.6430196,0.5639301,0.64406025,0.557804,0.60573167,0.59869903,0.60068613,0.64001966,0.6273927,0.58428776,0.5518992,0.53537726,0.50249195,0.59564275,0.4781764,0.49465892,0.5168134,0.44230863,0.47009793,0.4971099,0.4613253,0.5021754,0.50287175,0.5359889,0.6729221,0.4970386,0.67598236,0.6334563,0.68593985,0.53891593,0.50929326,0.5573152,0.4729551,0.47252053,0.5327406,0.5114966,0.5072541,0.5268565,0.5321977,0.5073727,0.5537618,0.6056863,0.55281156,0.5053088,0.47120297,0.5843983,0.5793483,0.57913285,0.5686379,0.61023164,0.52324545,0.6380216,0.6218288,0.61532104,0.6024242,0.58733433,0.54787105,0.60918486,0.613444,0.5779581,0.5083832,0.59686416,0.54034853,0.57774603,0.5671328,0.5395908,0.5529723,0.5763223,0.60179573,0.5895038,0.4845377,0.54169935,0.56677336,0.64596295,0.5695599,0.58345085,0.5829213,0.5048614,0.55743086,0.5098548,0.5512265,0.5910646,0.58814216,0.46807343,0.5479774,0.57367826,0.5662788,0.5566929,0.50809556,0.60320055,0.5489322,0.47493598,0.5349915,0.5110539,0.53250134,0.6036222,0.52362263,0.5502728,0.51139057,0.56874543,0.54230803,0.5893559,0.6454795,0.5806864,0.5873379,0.6523169,0.5951086,0.6259953,0.62678,0.5499062,0.5605001,0.55327106,0.5360777,0.53461665,0.55114865,0.55638117,0.67368436,0.58804995,0.559325,0.6073157,0.64125276,0.6395841,0.59111744,0.59376884,0.6866425,0.482362,0.5090997,0.59659654,0.6218128,0.6012401,0.59038746,0.5910946,0.6604854,0.5948507,0.5765386,0.6018501,0.7138679,0.6449151,0.66773075,0.6722692,0.5731209,0.6332014,0.48443276,0.51480484,0.48946598,0.5252898,0.5868387,0.61483824,0.58391804,0.5748596,0.5249785,0.6407587,0.6547457,0.6060851,0.5768701,0.569213,0.5455362,0.57025814,0.52020407,0.48923275,0.49151143,0.5011018,0.498265,0.53208774,0.5280121,0.538124,0.5316814,0.534364,0.5279731,0.51237816,0.51493144,0.51576066,0.5300632,0.5215289,0.5166698,0.52327675,0.5159104,0.52912813
374,0.46172792,0.5762854,0.57988113,0.508997,0.5097852,0.54052734,0.6022067,0.57334095,0.58649206,0.62178606,0.5904369,0.6498099,0.58852357,0.54322267,0.598438,0.63487923,0.6985611,0.5561221,0.6522733,0.6858381,0.6130698,0.57762855,0.5460752,0.66286594,0.654477,0.6564966,0.58505726,0.62440175,0.5755443,0.5666497,0.5215125,0.5247792,0.5145302,0.5021149,0.5764022,0.5391334,0.48935595,0.48594794,0.47358847,0.5094101,0.4977105,0.46533805,0.5340432,0.4910489,0.48498774,0.58367854,0.54516965,0.68963856,0.6649533,0.5993816,0.58275944,0.5571167,0.6005992,0.5390023,0.48828283,0.5803034,0.5278711,0.50002575,0.5017958,0.5209989,0.5164549,0.52577484,0.5906228,0.48382884,0.4776976,0.4533459,0.57398266,0.51276314,0.57225287,0.58237904,0.5357447,0.42975244,0.61360264,0.61281675,0.6539677,0.62836796,0.54469526,0.50268537,0.6243685,0.55604625,0.6500453,0.5019853,0.50610065,0.46456647,0.5451912,0.55447876,0.61176807,0.53454876,0.57418376,0.59677607,0.5299742,0.4595502,0.5261825,0.5937213,0.631072,0.5280927,0.5574636,0.50407463,0.5505436,0.6026222,0.5420966,0.59738463,0.5992664,0.6594243,0.5081628,0.554971,0.60733193,0.5406601,0.5393398,0.53423643,0.60799015,0.5569287,0.4517697,0.5416335,0.525142,0.52475274,0.60052735,0.51479894,0.53505903,0.51686144,0.5544627,0.5088688,0.62454504,0.6731688,0.6370363,0.56828123,0.5718308,0.63395405,0.6667615,0.61981523,0.5651777,0.57920176,0.4988368,0.52841204,0.5064024,0.47732255,0.4913287,0.5968953,0.6180798,0.5330344,0.56282187,0.6217531,0.60119176,0.5758605,0.53482217,0.6478493,0.47620872,0.4538079,0.5726016,0.6268324,0.5485419,0.6171514,0.5996646,0.6186791,0.55114245,0.5828441,0.6283492,0.69660866,0.64893746,0.6467832,0.64928585,0.51652706,0.5940251,0.501285,0.51631206,0.48993304,0.519018,0.6430161,0.58439916,0.59979695,0.5075966,0.6096762,0.6634296,0.6838711,0.6501483,0.58772725,0.5591899,0.5808332,0.5471194,0.5401142,0.47607073,0.590194,0.57837343,0.51275283,0.503749,0.56244195,0.59929526,0.5642033,0.56996137,0.5831756,0.61802554,0.5977745,0.60038346,0.57773334,0.6276041,0.6159197,0.7441916,0.58660597,0.6736988,0.6665606,0.6079196,0.6388034,0.58037055,0.66253465,0.5671935,0.61002743,0.60460836,0.61575645,0.6552587,0.6113936,0.5734181,0.52295196,0.5049737,0.47068772,0.56885976,0.51498944,0.5009214,0.5148528,0.4653904,0.49057552,0.50762653,0.47405437,0.50970274,0.50223666,0.54780334,0.703275,0.5254996,0.6914283,0.6542034,0.7137012,0.58072186,0.53947246,0.59374285,0.49291193,0.48475716,0.5620919,0.51645696,0.5102191,0.5244116,0.5340319,0.49292943,0.5425184,0.6057209,0.5412068,0.4856122,0.45802686,0.5710663,0.5645177,0.57215977,0.55989975,0.59575963,0.50563145,0.6358296,0.62387305,0.6133539,0.5995488,0.5832592,0.56249654,0.6372685,0.6292745,0.5767208,0.5068279,0.59429497,0.5351961,0.5781255,0.5581139,0.53159964,0.5407655,0.56696826,0.60176444,0.5859211,0.47710207,0.54271317,0.5594128,0.65565443,0.5845017,0.5807335,0.5759002,0.51426405,0.59691393,0.5308462,0.5730237,0.613763,0.6222824,0.49215552,0.5718256,0.600899,0.57791275,0.56670773,0.5122869,0.60930866,0.54824036,0.4744677,0.5444446,0.53657395,0.5691502,0.6402461,0.51784503,0.55283034,0.51663226,0.5790638,0.5474016,0.59703445,0.6899735,0.61661714,0.58863235,0.6649482,0.6104096,0.6478585,0.62662697,0.5466014,0.5504732,0.54506505,0.53263426,0.5358968,0.5587418,0.56538635,0.6923525,0.60690624,0.569996,0.6142043,0.6532967,0.65148365,0.6022238,0.58960944,0.7063711,0.5180908,0.51310986,0.5904356,0.60532534,0.5857212,0.6008881,0.595085,0.6616373,0.6048658,0.5759612,0.61726224,0.7178495,0.64492106,0.6727115,0.6551079,0.5652626,0.6442447,0.4777751,0.50809884,0.48523664,0.5371747,0.6253246,0.6223375,0.57808787,0.571568,0.5254881,0.6696686,0.68654186,0.6500676,0.5686437,0.5603625,0.5618466,0.5636971,0.50787914,0.48652244,0.4899419,0.5036903,0.5024377,0.51956326,0.51651025,0.52821654,0.52043056,0.5284231,0.52365625,0.5145809,0.52031916,0.50945675,0.5300157,0.51750064,0.5105616,0.5155018,0.51037794,0.52408946
375,0.43773645,0.58952284,0.5936217,0.50595695,0.5082892,0.53560543,0.6022738,0.602862,0.61474264,0.63367915,0.60082215,0.65842175,0.6013705,0.521039,0.5718599,0.64938426,0.71233404,0.5714714,0.6557197,0.6844511,0.6158307,0.5825463,0.5588609,0.6738472,0.671026,0.6561405,0.58125925,0.64569503,0.5693286,0.5411069,0.5075157,0.5011036,0.48634258,0.47360772,0.55122715,0.56345993,0.49287567,0.48492938,0.48839945,0.5279065,0.50028205,0.47396737,0.5501484,0.49052182,0.48701045,0.5958066,0.5678752,0.6971072,0.6779421,0.613675,0.62015307,0.5890861,0.6306138,0.5635988,0.50191796,0.61579615,0.5345496,0.5057164,0.49807557,0.520882,0.5074157,0.5072999,0.5752199,0.4776413,0.46819726,0.44038385,0.5506571,0.49618453,0.5595306,0.56666535,0.5157296,0.41607046,0.6029074,0.6045588,0.64799404,0.6125502,0.53020155,0.51490104,0.6175076,0.57095563,0.6495182,0.50117815,0.49853316,0.46150026,0.54099405,0.546459,0.5932852,0.5200425,0.55654067,0.5749809,0.5176674,0.45719886,0.5217822,0.5816582,0.640124,0.53604454,0.547499,0.48698404,0.5705225,0.64018553,0.56949973,0.6218719,0.61818475,0.6908368,0.52874035,0.57599205,0.6398713,0.55064017,0.55165917,0.5446928,0.61391085,0.5571811,0.46367717,0.553688,0.55569905,0.55475956,0.6250592,0.5121045,0.5257296,0.521305,0.56030947,0.51420987,0.64358425,0.70891947,0.6724617,0.5737226,0.5846853,0.6589884,0.6835783,0.60442656,0.5651224,0.56524515,0.48923042,0.5227529,0.5056912,0.4818827,0.49429867,0.6076996,0.64868516,0.55060947,0.56934255,0.63569266,0.60941684,0.5679263,0.5245624,0.65782344,0.5054011,0.4569278,0.5517013,0.606971,0.52425957,0.63541967,0.6117537,0.627838,0.55278414,0.59193397,0.64092165,0.69811857,0.65609074,0.6568182,0.61958754,0.49850348,0.60961604,0.49933743,0.5147724,0.48323563,0.52466327,0.67748904,0.59125215,0.57673556,0.5002015,0.618774,0.68506193,0.7105287,0.68891734,0.5891746,0.548162,0.59793377,0.54132426,0.53911275,0.4543166,0.6052805,0.59769404,0.5102679,0.497266,0.55479187,0.5926433,0.5945884,0.59837985,0.5942737,0.6313225,0.60537755,0.60595053,0.56058514,0.6127215,0.63077235,0.7559145,0.6000271,0.6759458,0.6590857,0.6120826,0.6368728,0.60236764,0.67371327,0.58033997,0.60627896,0.6099553,0.63236636,0.6645043,0.5925898,0.570739,0.49547017,0.48314404,0.44916728,0.54534775,0.5469196,0.5078263,0.5159399,0.48584414,0.5121174,0.5198275,0.4844992,0.52380437,0.5085009,0.5546376,0.71818185,0.5490069,0.70301807,0.6668001,0.72901624,0.6184007,0.56951326,0.62543666,0.51543623,0.4983156,0.59490377,0.5220298,0.51556146,0.5253956,0.5417545,0.4844841,0.533229,0.60048383,0.53505164,0.47953624,0.45795974,0.55754685,0.55577,0.56307757,0.550875,0.5768297,0.4932553,0.6298662,0.62138104,0.6061449,0.5923908,0.5753986,0.57997656,0.6606237,0.64549404,0.57807386,0.5122828,0.5916468,0.53708994,0.57582325,0.5515482,0.52684844,0.5317098,0.5565893,0.59326756,0.5788534,0.4767262,0.5431432,0.5481993,0.6618139,0.5970372,0.5796282,0.56859785,0.5317656,0.63463795,0.55019325,0.59076816,0.6300384,0.64997464,0.515558,0.595548,0.62609375,0.5925644,0.58038104,0.51885784,0.61237204,0.54902256,0.4849738,0.56158453,0.5674011,0.6036307,0.6681498,0.51328766,0.55634195,0.5272814,0.5944225,0.554587,0.6061072,0.7227683,0.6493054,0.59436554,0.6752839,0.62639326,0.66356385,0.6201068,0.54452837,0.5406799,0.5398819,0.52930355,0.5389458,0.5708526,0.57404107,0.7051336,0.6266089,0.583591,0.6237887,0.6642456,0.65760434,0.6106161,0.58550775,0.71976453,0.55468297,0.52025086,0.5824132,0.5900351,0.571908,0.6151955,0.6047569,0.6642907,0.61660314,0.5817865,0.6311684,0.7182537,0.64901704,0.6788598,0.63544303,0.5625969,0.65478957,0.47555932,0.5063932,0.4815134,0.551627,0.6574493,0.62865996,0.57263565,0.5660051,0.52504164,0.6893947,0.70928603,0.6867887,0.56239563,0.5480281,0.5778199,0.5565917,0.49884242,0.48653293,0.4921135,0.5085813,0.5086207,0.5088834,0.5067148,0.5196948,0.5102459,0.52295786,0.5199179,0.52114743,0.52988255,0.50369585,0.52911305,0.5159972,0.50753295,0.5080505,0.5051825,0.52084994
376,0.4310753,0.6081333,0.61468196,0.5148624,0.5193826,0.54255253,0.60969543,0.6287679,0.639743,0.6439486,0.61239094,0.6607183,0.6202597,0.50874174,0.5519676,0.6661324,0.71628714,0.5901319,0.6624045,0.68524766,0.6211168,0.59208155,0.57946104,0.678609,0.6782669,0.6443746,0.57796746,0.6623905,0.56922054,0.5237246,0.51240975,0.48321554,0.47791326,0.46001717,0.53052074,0.5852163,0.5001115,0.49165455,0.50387967,0.54832566,0.5076004,0.47984073,0.56974953,0.4966815,0.48872858,0.59907836,0.5835923,0.6998712,0.6789793,0.61799866,0.65205336,0.6171555,0.65563935,0.58907473,0.51856166,0.64619684,0.5401815,0.5167764,0.502336,0.52708274,0.5044716,0.4980209,0.5624799,0.48528212,0.47404933,0.4437332,0.5296122,0.4945964,0.54588574,0.54498005,0.50294,0.41873154,0.593419,0.59588677,0.6339654,0.5876429,0.5181598,0.5304706,0.6049367,0.58741724,0.6448051,0.507879,0.501026,0.46702528,0.54208434,0.5423362,0.5689732,0.50969857,0.54375154,0.5488425,0.50780356,0.46451935,0.5179419,0.5649718,0.64337975,0.5448456,0.5456794,0.48326653,0.5926561,0.67226815,0.5944649,0.64206177,0.63164425,0.7115972,0.5461592,0.5948423,0.6666029,0.5627868,0.56658864,0.55587155,0.6173096,0.5590322,0.48310155,0.56896466,0.5836858,0.5796679,0.63835263,0.5147576,0.5238975,0.5327877,0.57628286,0.5250728,0.657901,0.7308848,0.69933593,0.5869913,0.60028917,0.6791438,0.6904126,0.58547914,0.5641629,0.5513622,0.4865213,0.5180151,0.50777036,0.49304846,0.50052387,0.61538094,0.6735209,0.568228,0.5792743,0.6498531,0.6152666,0.56300986,0.5223661,0.6633049,0.5331614,0.4645066,0.5346186,0.58632153,0.5130388,0.6531484,0.6272575,0.64037955,0.56324136,0.60470015,0.64777607,0.6976927,0.6657602,0.66749495,0.5878139,0.49386835,0.6258317,0.5043295,0.52057636,0.4797812,0.53391606,0.70319617,0.59770745,0.5606863,0.4965247,0.62222767,0.6980898,0.7267996,0.7154267,0.593908,0.5370592,0.61206394,0.5395234,0.54097605,0.4489457,0.6198155,0.62164366,0.51958704,0.5029258,0.55550236,0.59447163,0.620794,0.6229285,0.606384,0.64302105,0.6144863,0.6184249,0.550481,0.6000947,0.6469371,0.7552297,0.6132556,0.67699295,0.6530644,0.6157396,0.6354975,0.6239191,0.67802083,0.5921143,0.5987006,0.6146316,0.6471112,0.66736114,0.5779219,0.58168054,0.47831511,0.47825336,0.44480312,0.53309244,0.57329035,0.5150841,0.519683,0.5043131,0.53449523,0.5338115,0.49082917,0.5412464,0.519367,0.553208,0.714228,0.5634649,0.7066035,0.666604,0.72841704,0.6491638,0.5965495,0.6510917,0.5392285,0.51373315,0.62533176,0.5286289,0.52435493,0.52901846,0.5527444,0.48547864,0.53068537,0.593427,0.538092,0.4910929,0.47333375,0.5484979,0.5580736,0.5563112,0.54602414,0.56078714,0.49091354,0.62346435,0.61726356,0.5980598,0.58469284,0.56724656,0.59567183,0.67731225,0.6576064,0.58366793,0.52348,0.5908535,0.5440193,0.57245904,0.5484977,0.52715397,0.5297203,0.54874605,0.5795879,0.5694217,0.48418143,0.54353976,0.5375959,0.66267186,0.6032612,0.5825824,0.56520486,0.55480015,0.66580284,0.56832683,0.60587,0.6387488,0.6697739,0.5348064,0.6154189,0.6455355,0.60625094,0.59476423,0.5274506,0.61340386,0.55262923,0.50254136,0.5816263,0.59626406,0.6289452,0.6810646,0.5123132,0.5630854,0.54419553,0.6152428,0.563079,0.61608505,0.74174696,0.67442924,0.6042571,0.6824308,0.6415455,0.6730909,0.6113168,0.54503214,0.53428006,0.53938013,0.5270679,0.54364496,0.5835168,0.5793053,0.7075081,0.64384484,0.59582436,0.6331001,0.67356604,0.6550711,0.61527085,0.5843835,0.7228216,0.58461857,0.5265263,0.5759893,0.5819736,0.5654168,0.6305626,0.61886966,0.6671825,0.62937963,0.59056735,0.637248,0.71198386,0.65450424,0.68458927,0.6201434,0.5684227,0.66254246,0.4788566,0.5121513,0.47878313,0.5661619,0.68116087,0.6336468,0.57119286,0.5615731,0.5241879,0.6996329,0.7218269,0.7116498,0.56262296,0.5360522,0.58965355,0.5526923,0.49625424,0.4893034,0.49818438,0.5147884,0.5161941,0.5032062,0.5018083,0.51405793,0.50322574,0.5192579,0.51840913,0.5329152,0.5440705,0.49942523,0.52769345,0.51791346,0.50849503,0.50448775,0.50317454,0.52085274
377,0.44640362,0.6280157,0.64017165,0.5361698,0.5427703,0.56122404,0.6222468,0.6489019,0.66052634,0.6498726,0.6211808,0.65888584,0.64118147,0.5102877,0.54384047,0.6808732,0.7064508,0.60797817,0.66849595,0.68533295,0.6265011,0.60395336,0.60410047,0.67683756,0.67654896,0.6268733,0.57570404,0.6709779,0.5736267,0.5192916,0.53723854,0.47847098,0.49275246,0.4668629,0.5200993,0.60403156,0.5112608,0.50595814,0.5213252,0.5703915,0.52201074,0.48469558,0.58969915,0.509686,0.48871708,0.5906859,0.5904716,0.69381505,0.6642352,0.6089531,0.67581576,0.63854766,0.67376643,0.61364645,0.5381978,0.66666955,0.547817,0.5340353,0.5153783,0.53914726,0.510127,0.50313574,0.5584064,0.50700724,0.49538127,0.46554703,0.5169181,0.509682,0.5363318,0.52427894,0.50227946,0.43910456,0.58894134,0.59084624,0.616891,0.56122136,0.51299876,0.5467208,0.59175384,0.6024793,0.6379702,0.5229448,0.51398546,0.47932732,0.54889727,0.5436207,0.5461448,0.5074811,0.5399958,0.52572745,0.5028537,0.48145467,0.5161881,0.54946935,0.6390436,0.5526027,0.5535506,0.4955647,0.61284816,0.69412005,0.6154445,0.65690815,0.6382685,0.71949387,0.5583503,0.60892355,0.6824746,0.57434213,0.5816952,0.56665266,0.6185697,0.56352955,0.5055498,0.5837516,0.6031683,0.5939512,0.6364043,0.52262205,0.53133243,0.55169284,0.6009736,0.5398752,0.66536,0.73629403,0.71386683,0.60458064,0.6147016,0.691308,0.6875313,0.5684788,0.5633898,0.5417117,0.49162677,0.5152088,0.5124844,0.5084684,0.5090255,0.6165006,0.68771106,0.58160937,0.5904175,0.66088,0.6149113,0.56275,0.52991873,0.6603143,0.5554307,0.47411662,0.526718,0.57049227,0.51809347,0.66647553,0.6419995,0.652866,0.58027965,0.6177481,0.64472544,0.69141245,0.67363304,0.6745657,0.5625933,0.5043351,0.638721,0.51592636,0.5332544,0.48068368,0.546506,0.71767485,0.60320264,0.556767,0.5002023,0.6199032,0.7004117,0.7307478,0.72615886,0.60165244,0.52975744,0.62012744,0.54427534,0.54809827,0.46426493,0.6282011,0.6465535,0.54066515,0.52095366,0.56422704,0.60317117,0.640837,0.642378,0.61484253,0.6485453,0.6250998,0.6341244,0.5506461,0.5935165,0.6604712,0.73814493,0.62285966,0.6728917,0.64585155,0.6153789,0.63261575,0.63945526,0.6743735,0.59788495,0.59249467,0.61727023,0.65615034,0.6630413,0.5738187,0.6056547,0.47987002,0.495174,0.46208265,0.53754205,0.5937617,0.52283967,0.5251068,0.522315,0.55708313,0.54964375,0.4938146,0.5588466,0.53238475,0.5414353,0.6878879,0.56772536,0.69829863,0.65046597,0.7086414,0.67035073,0.61796355,0.66912395,0.5630978,0.5318888,0.6483579,0.53736275,0.53753144,0.5342234,0.56423897,0.4978524,0.53928655,0.5896997,0.55156904,0.52054787,0.5042399,0.54877084,0.5734745,0.55669826,0.5498614,0.5548431,0.5028094,0.6202323,0.6151162,0.59455025,0.5812655,0.5639378,0.60595316,0.68568456,0.6615391,0.5938793,0.53849304,0.5942273,0.5531223,0.57193446,0.549529,0.5345349,0.5377204,0.5475148,0.5661834,0.5605443,0.49989668,0.544605,0.53323454,0.6563907,0.60025275,0.59115267,0.56951463,0.57948905,0.6864415,0.58549774,0.6191712,0.6385459,0.6795698,0.54781795,0.62821376,0.65510756,0.6154299,0.6075778,0.5375399,0.61408406,0.55989414,0.5229337,0.5994711,0.61680603,0.6404064,0.675218,0.51681966,0.57392246,0.56673867,0.6389053,0.57106096,0.62624735,0.7443409,0.6883023,0.6147612,0.683129,0.6538879,0.6767984,0.60477054,0.54889035,0.5338383,0.5445646,0.5271479,0.5490935,0.59220845,0.578909,0.69529116,0.6555151,0.6029514,0.6379694,0.6783684,0.64032304,0.6165626,0.58815986,0.7108324,0.60263515,0.5289208,0.57512856,0.58524024,0.56994146,0.6430245,0.6335962,0.6670563,0.63890016,0.59881324,0.6306314,0.69574237,0.6572521,0.686103,0.6146796,0.5819426,0.6640616,0.48793355,0.52605665,0.4779278,0.5782342,0.6947121,0.6376093,0.5771058,0.5632981,0.5237509,0.69908607,0.7217131,0.7209346,0.571803,0.52922225,0.5937469,0.5555815,0.5025051,0.49512923,0.50835156,0.5213489,0.5244364,0.50569355,0.5051421,0.5129905,0.5014812,0.5184562,0.52044415,0.54954475,0.5621592,0.49794897,0.5263038,0.5244003,0.5146772,0.5078553,0.5071195,0.52503425
378,0.48438275,0.6452847,0.66460204,0.56725526,0.5753666,0.58849204,0.6355524,0.66117334,0.675476,0.65011674,0.6244092,0.65474665,0.6598393,0.5259049,0.54783684,0.6897029,0.68025875,0.62109613,0.66977483,0.6813766,0.63040435,0.6157239,0.6284765,0.66719955,0.66706246,0.6091945,0.57397723,0.6684119,0.5778952,0.5283547,0.5751975,0.49124238,0.5269613,0.49525002,0.52325433,0.6194079,0.52735513,0.5263505,0.54247093,0.5937116,0.54563904,0.49319142,0.60848385,0.5289147,0.48816353,0.5695973,0.58958673,0.6761117,0.6325928,0.5857104,0.6888629,0.6512375,0.68324995,0.6351027,0.5609284,0.67513186,0.56047636,0.5562165,0.5371624,0.55682427,0.5242906,0.5233186,0.56551176,0.53802603,0.52788293,0.50434875,0.51596594,0.5379595,0.53526926,0.51155823,0.5148047,0.47539893,0.5903629,0.59167165,0.6019665,0.5414231,0.51762474,0.561343,0.5826575,0.61209655,0.63042986,0.54447913,0.53497833,0.497081,0.56010616,0.55049354,0.5318017,0.51526594,0.5463435,0.51226526,0.5044267,0.5064209,0.5177302,0.5405568,0.6260603,0.5579683,0.5688521,0.52075875,0.62887776,0.70272523,0.63113886,0.66499466,0.63708735,0.71252066,0.5659369,0.6165492,0.6839062,0.5839678,0.5956187,0.5759888,0.6172563,0.57066834,0.5297986,0.59623027,0.61086375,0.595227,0.6185884,0.5347395,0.54641694,0.57633567,0.62959933,0.5558223,0.6644298,0.7226869,0.7130505,0.6199808,0.62215245,0.6926122,0.6754729,0.5578322,0.5638092,0.5391112,0.50353235,0.51508796,0.5191218,0.52487147,0.51819843,0.60774964,0.6883126,0.5881734,0.5993182,0.66420597,0.60409653,0.566873,0.5452281,0.6449415,0.571589,0.48476747,0.53006506,0.5630362,0.5366768,0.6721456,0.651118,0.66034865,0.5968533,0.62832737,0.6294598,0.67600095,0.67523044,0.6726803,0.5506242,0.52684534,0.6440892,0.53170055,0.54963917,0.48692447,0.5614975,0.71879387,0.60758835,0.56589144,0.5127395,0.612258,0.6898835,0.7198232,0.71856606,0.6099934,0.52898395,0.6200289,0.55615115,0.5616067,0.5006482,0.62783194,0.6671641,0.57052374,0.5496155,0.5793933,0.61502504,0.6532049,0.65525395,0.6176067,0.6449537,0.63597286,0.64878815,0.5612981,0.59409994,0.6683689,0.70171636,0.6266285,0.6609201,0.6351922,0.6103963,0.62752765,0.64604336,0.6612367,0.59606284,0.59189,0.6160732,0.6561753,0.6510526,0.5829592,0.6356509,0.5042617,0.5326941,0.5010052,0.5591579,0.6090325,0.5331318,0.5319308,0.54289365,0.5795526,0.5681341,0.49822184,0.575535,0.5467587,0.5215798,0.6381185,0.56464833,0.6763831,0.6190928,0.668193,0.6801182,0.6323496,0.6782907,0.5860149,0.55425245,0.66157275,0.54978013,0.55482745,0.54121023,0.5755213,0.52056664,0.56046206,0.5933197,0.5725304,0.5630465,0.54729277,0.56094813,0.59904814,0.56706196,0.56449604,0.56226474,0.52991146,0.62163603,0.6172441,0.5993978,0.58560044,0.5693677,0.6096173,0.6842375,0.65465045,0.6071951,0.5548455,0.6029445,0.5620973,0.57766235,0.55483705,0.5503666,0.55548877,0.5547914,0.55798244,0.5555626,0.5229799,0.5467417,0.539277,0.6421759,0.588262,0.60494983,0.5827039,0.6027794,0.6945816,0.60190845,0.63132495,0.6293262,0.6776449,0.5556193,0.63246524,0.6515476,0.6184091,0.61782503,0.5484165,0.61561704,0.5706323,0.5445359,0.6125358,0.62648004,0.63701576,0.6504736,0.5273602,0.58787495,0.5925686,0.66082484,0.5763689,0.63503623,0.7275913,0.68786263,0.6207489,0.6732625,0.661112,0.6746001,0.6032665,0.5558946,0.53997827,0.5552582,0.5304603,0.5538223,0.594096,0.57263505,0.66631037,0.65922576,0.603265,0.6349047,0.67487246,0.6112237,0.6158722,0.59679306,0.6802186,0.60817266,0.5276436,0.5820986,0.5997492,0.58509696,0.6494915,0.6441027,0.6602062,0.63904613,0.60490465,0.6105823,0.6677328,0.6537591,0.6790229,0.62043065,0.598567,0.656249,0.5021149,0.5454883,0.47987673,0.5864436,0.69716895,0.64054793,0.59090877,0.5747694,0.5245013,0.6860497,0.70609397,0.7118182,0.5884818,0.5309334,0.5880256,0.5667927,0.518075,0.5043154,0.5224659,0.5275745,0.5325102,0.5179718,0.5185865,0.51790076,0.50659525,0.52126503,0.52653974,0.5693702,0.5823288,0.50052226,0.5255194,0.5363161,0.5271032,0.51961595,0.51869875,0.53372705
379,0.5379193,0.6568017,0.6817999,0.6014583,0.61037374,0.61788726,0.6447203,0.66405594,0.6826594,0.64503694,0.6214918,0.64943,0.6723767,0.5514647,0.56023306,0.69005555,0.63941467,0.6271691,0.66397285,0.6714849,0.6318666,0.6254143,0.6478952,0.6506266,0.65239114,0.59576637,0.5729371,0.6546119,0.5783806,0.5480259,0.61421,0.52070343,0.5694111,0.53970355,0.5399467,0.63107806,0.5496243,0.5502959,0.568488,0.6167497,0.5790211,0.51071864,0.6255847,0.5524408,0.490766,0.5392658,0.5837889,0.6473217,0.5877925,0.55239254,0.68903697,0.6538821,0.6832878,0.65013635,0.5859363,0.6714549,0.5792727,0.57942414,0.5659561,0.5796947,0.54401994,0.5543106,0.58193046,0.5706091,0.56370705,0.5521033,0.5269192,0.5719955,0.54542476,0.51189893,0.53764457,0.5214348,0.59603816,0.5981052,0.5928825,0.53418535,0.5317939,0.5721986,0.58021563,0.61296505,0.6232957,0.5673897,0.559198,0.5192668,0.5729526,0.5620235,0.53038746,0.53192186,0.5607643,0.51248544,0.5128407,0.5352152,0.5227343,0.54164714,0.6061477,0.5607922,0.5867417,0.5509638,0.6410138,0.69769716,0.6408347,0.66601783,0.629559,0.69152653,0.57273304,0.61781615,0.6709162,0.59185183,0.60808975,0.5831598,0.6132653,0.57981867,0.55688775,0.60736704,0.60708314,0.5848287,0.5885212,0.5491105,0.5644689,0.60232204,0.6557268,0.56991655,0.6556235,0.69087255,0.6961646,0.62755567,0.6189098,0.6824638,0.6564491,0.55620205,0.56645125,0.54480886,0.51977885,0.5179174,0.5266452,0.53905714,0.52651715,0.5890039,0.67567164,0.58813053,0.60345626,0.65702903,0.58254,0.5737171,0.56369394,0.6171901,0.58358645,0.49715078,0.5433104,0.56526065,0.5621118,0.66899866,0.65159625,0.659045,0.60594624,0.63405585,0.60362613,0.65131706,0.6683219,0.65880555,0.5546043,0.5552348,0.6399467,0.5477943,0.5653418,0.4984963,0.5775909,0.7062599,0.61064875,0.58428764,0.5323048,0.6009779,0.6676637,0.69432753,0.6928455,0.61639994,0.53544563,0.61238956,0.5733727,0.5806759,0.551106,0.61966944,0.6784659,0.60251725,0.58358496,0.5978605,0.6258685,0.65699404,0.660583,0.6157692,0.6319474,0.64459556,0.658594,0.5790917,0.6000612,0.66895056,0.64780444,0.6243437,0.64187896,0.6207993,0.60312146,0.6216113,0.643716,0.64022046,0.5893169,0.59858376,0.61075336,0.6466531,0.6327476,0.6032927,0.6618591,0.5478347,0.5815499,0.55400753,0.59270024,0.62039757,0.54896337,0.5412724,0.56904316,0.6008832,0.59005475,0.5107515,0.59155554,0.5629745,0.5012098,0.5721055,0.5593511,0.6431504,0.5789343,0.6115936,0.6777465,0.6391624,0.6781574,0.6055926,0.5809232,0.66457,0.5668264,0.57381296,0.55158454,0.5876732,0.5490613,0.5908976,0.60473186,0.59514034,0.6083782,0.5933459,0.5836511,0.62789464,0.5866438,0.58808064,0.5809784,0.56763935,0.6266246,0.6239535,0.6120161,0.5977656,0.5836848,0.607818,0.6730263,0.6370912,0.62081313,0.5697965,0.61594754,0.5701885,0.59036344,0.56467354,0.57373816,0.5789373,0.56886506,0.5576361,0.5567992,0.5495396,0.5497351,0.5560825,0.6221226,0.5716253,0.6213995,0.6026432,0.62311673,0.6905733,0.61745274,0.64327407,0.61462533,0.66534704,0.56217194,0.62945753,0.6353087,0.61604524,0.6255047,0.55881584,0.6184132,0.58392745,0.5681948,0.6215948,0.6267193,0.6213322,0.611703,0.54210526,0.60241425,0.6175277,0.6762485,0.5774168,0.6407059,0.6918805,0.6724896,0.61883384,0.6514997,0.66189444,0.66689724,0.6075045,0.56480485,0.55117923,0.5701805,0.53705996,0.5566855,0.5895731,0.5631351,0.6238228,0.6542073,0.59792614,0.6236951,0.661357,0.5710825,0.61478597,0.6083905,0.6327116,0.60468286,0.52637917,0.59643215,0.62147665,0.6067305,0.6491352,0.6468422,0.6451531,0.6264625,0.6091025,0.58209336,0.63019663,0.6434996,0.6613524,0.6344937,0.6126002,0.638935,0.5192792,0.56509066,0.4849559,0.5913964,0.6895195,0.64149636,0.60941756,0.5955463,0.5266101,0.66193354,0.6759859,0.6848875,0.6079303,0.5413224,0.574025,0.58483064,0.5408482,0.5162133,0.53892815,0.5329377,0.5392265,0.5383704,0.5403998,0.5289861,0.5185647,0.52746636,0.5360035,0.58920455,0.601535,0.50743717,0.5259304,0.55271024,0.5449162,0.53804,0.53656584,0.5461404
380,0.5918346,0.66045,0.6872308,0.62962925,0.63885623,0.6414031,0.64637244,0.65757483,0.68088067,0.63557327,0.6136467,0.6436107,0.67538387,0.57878536,0.5744329,0.6804817,0.5911048,0.62646,0.6508979,0.65534145,0.6289999,0.63123024,0.6582335,0.63215756,0.63669103,0.58876574,0.57344717,0.63469476,0.57535076,0.5733937,0.64366037,0.5601317,0.60627407,0.5883749,0.56555706,0.6392416,0.57642025,0.5745877,0.59797513,0.6363425,0.6184246,0.53822106,0.6395945,0.5768703,0.4988981,0.5074723,0.5757666,0.61093545,0.5372919,0.5177157,0.6762159,0.64658386,0.6746575,0.65585446,0.61041194,0.6575644,0.602369,0.599843,0.597175,0.60514,0.5650655,0.5889756,0.60323244,0.59858114,0.59531623,0.59631175,0.54736775,0.6043724,0.56644803,0.52663475,0.5660411,0.5682221,0.60380715,0.60835004,0.5903944,0.5409378,0.55244786,0.57878315,0.58449376,0.6057324,0.61751705,0.58685243,0.5822811,0.5437475,0.5853373,0.57597595,0.54199183,0.5539494,0.57955796,0.52620405,0.52677125,0.56244695,0.53001297,0.55290085,0.5840579,0.5619767,0.6030276,0.57850236,0.65010864,0.6818268,0.64494854,0.661665,0.62013745,0.6624779,0.5833065,0.6149565,0.6489818,0.59817845,0.6192394,0.5878272,0.60803425,0.5902273,0.5861444,0.6186852,0.59630513,0.5679129,0.5538226,0.56283724,0.5800043,0.6243185,0.67374635,0.58054924,0.6424591,0.6489611,0.6676861,0.62583506,0.606618,0.6646246,0.635283,0.5640692,0.5718625,0.5583897,0.5380324,0.52335465,0.5341079,0.5495042,0.5342374,0.5653693,0.65450954,0.5845863,0.6029772,0.6399083,0.5558361,0.58155155,0.5810079,0.5827879,0.59388864,0.5125096,0.56333274,0.5760139,0.58790904,0.65764534,0.6436563,0.648461,0.6062066,0.6327285,0.5731918,0.6199685,0.65344125,0.6345272,0.57138795,0.58298916,0.62822026,0.56092525,0.5782838,0.51317436,0.5936378,0.6831695,0.61177236,0.6048581,0.5560895,0.58851063,0.6406358,0.6606382,0.6554057,0.6204374,0.5481491,0.6013979,0.59205765,0.60241586,0.6012975,0.6063711,0.67757845,0.6280455,0.6140146,0.61445826,0.6321483,0.6526563,0.6586298,0.6110768,0.6117617,0.64877456,0.65995014,0.59714913,0.60694665,0.66079795,0.58539754,0.6173616,0.61852133,0.602932,0.59594905,0.6159185,0.63407004,0.61755115,0.5824698,0.6112819,0.6029257,0.6312541,0.61182225,0.6294721,0.6773573,0.59918827,0.627739,0.6074499,0.62878114,0.62874144,0.5701742,0.55388445,0.60038155,0.61859614,0.61402047,0.5340232,0.6059863,0.58054525,0.48787066,0.50506115,0.5556856,0.60372996,0.53870744,0.55049014,0.664626,0.6386894,0.6697653,0.6188706,0.60872316,0.65853983,0.58760893,0.5913423,0.5655775,0.60058016,0.57701397,0.6242984,0.6214039,0.61461514,0.64576894,0.63126546,0.61242336,0.65394074,0.61181664,0.6164757,0.60605085,0.60775566,0.63370025,0.63480395,0.62774456,0.6150768,0.6041044,0.6034698,0.6554681,0.61280644,0.6325312,0.5821043,0.6308259,0.57770973,0.6084567,0.5785456,0.6014446,0.6028092,0.5857004,0.5652987,0.56455624,0.57435083,0.55314505,0.58008844,0.6009826,0.5563545,0.63741064,0.6260905,0.6396887,0.67722005,0.6315804,0.6556352,0.60093355,0.6483031,0.57161033,0.622888,0.6127365,0.6108182,0.63109475,0.56717026,0.622652,0.59857285,0.5936262,0.62852055,0.6212785,0.599077,0.5685071,0.55738384,0.6148141,0.63740623,0.6823168,0.5743192,0.6431002,0.64578223,0.64729,0.60936964,0.6214581,0.6575135,0.6562195,0.61723113,0.57382536,0.5648523,0.58792657,0.54602927,0.55772084,0.581829,0.55517524,0.57713974,0.6425539,0.5903115,0.60771406,0.6395161,0.528781,0.61495435,0.62066555,0.57746035,0.5973015,0.5293549,0.61607254,0.6451718,0.629894,0.64245117,0.6408805,0.62355584,0.60401434,0.61123735,0.5530557,0.5883958,0.6281348,0.63492954,0.6510868,0.6204326,0.61570615,0.5362134,0.58102053,0.49234086,0.59528893,0.67551917,0.63960445,0.6282103,0.6224145,0.52938306,0.6336818,0.63950616,0.6480329,0.625438,0.55754846,0.557328,0.6058742,0.56636846,0.5286504,0.55469674,0.5372793,0.5438422,0.56197804,0.5651655,0.5443531,0.53489155,0.5354046,0.5468424,0.6056113,0.6166139,0.5172342,0.5279433,0.5704171,0.5647205,0.55800045,0.55581623,0.5598573
381,0.63266045,0.6565009,0.67988384,0.64572847,0.6550996,0.65395176,0.639703,0.6444888,0.6716788,0.6229469,0.6032662,0.6381061,0.66752666,0.59970665,0.5839732,0.66120726,0.5450509,0.6210829,0.63152725,0.6334638,0.61991864,0.63178456,0.6583653,0.6176165,0.6243241,0.5881774,0.5757768,0.61607116,0.5709822,0.59786284,0.658127,0.5999516,0.6280037,0.6287435,0.59196484,0.64505506,0.6036818,0.5967798,0.6276285,0.6503217,0.65660006,0.5719114,0.64897346,0.59959763,0.51269436,0.4831504,0.569256,0.57187074,0.48979297,0.49157128,0.6545934,0.63296807,0.66024065,0.6534174,0.6315004,0.6387391,0.6265946,0.61618876,0.62525886,0.6289132,0.58354795,0.6203372,0.6247654,0.6185674,0.6176886,0.62829053,0.57290953,0.6297676,0.59412366,0.552547,0.59520435,0.6074237,0.6120172,0.62002355,0.5930561,0.5587445,0.5755428,0.5836779,0.5939306,0.5948064,0.61360043,0.60180104,0.60195327,0.56768936,0.5963044,0.58976656,0.56277317,0.576778,0.5985562,0.5488368,0.5434874,0.5843216,0.5377413,0.57070607,0.5651569,0.56369805,0.6155983,0.59958637,0.65630877,0.6606057,0.6457703,0.65500087,0.61389124,0.63401204,0.5997048,0.6115268,0.62644345,0.60278493,0.62924004,0.5903189,0.60343057,0.60037297,0.6141804,0.6300052,0.5859136,0.5531722,0.524579,0.5733225,0.5892551,0.6389577,0.6806328,0.5878071,0.62931395,0.6097624,0.6363164,0.6161437,0.5904553,0.64515483,0.6173819,0.5791257,0.5793544,0.5773077,0.5565127,0.5306359,0.5408106,0.5569417,0.5440096,0.5445116,0.63194203,0.58222234,0.60035336,0.6161235,0.5317422,0.58922774,0.594833,0.5498473,0.6053265,0.53221554,0.5861636,0.59147906,0.60898435,0.6397075,0.62966657,0.63098943,0.6002754,0.6239342,0.54607,0.5852288,0.6325224,0.60462165,0.59322405,0.60495096,0.6130822,0.5693811,0.5888741,0.52713406,0.60933155,0.6556436,0.61074233,0.6210108,0.58188736,0.57721305,0.61767405,0.6286387,0.61747676,0.62256944,0.56475466,0.59226686,0.60819954,0.6231402,0.63885725,0.59115654,0.6649024,0.64179325,0.6339205,0.6245643,0.63167953,0.6429678,0.6515308,0.6046766,0.5887795,0.64858466,0.65087444,0.60874957,0.6099774,0.643668,0.5268164,0.6077463,0.59313184,0.58131886,0.5894279,0.6095426,0.61985224,0.6000362,0.5794821,0.627144,0.5947548,0.61561674,0.59255457,0.6546041,0.6796307,0.6453959,0.6604089,0.6492021,0.6577688,0.63500345,0.5930475,0.5688239,0.6331701,0.6309034,0.6368425,0.56498,0.6172068,0.59808373,0.48519644,0.45201546,0.55641854,0.563877,0.50540715,0.498274,0.6453851,0.6334065,0.6561961,0.6259482,0.63366973,0.64713484,0.6099364,0.6055441,0.5807242,0.6124616,0.599045,0.6545115,0.63967943,0.6284736,0.6687782,0.65557104,0.6416781,0.6738279,0.6377279,0.6452804,0.6330229,0.64256287,0.6418632,0.64863545,0.642159,0.63393104,0.62657297,0.60016745,0.6374852,0.5880799,0.6413458,0.59269774,0.64475006,0.58511037,0.62857187,0.5947434,0.6293828,0.6229135,0.60178643,0.578909,0.577113,0.59416324,0.5566551,0.6057676,0.58324456,0.54720557,0.6504357,0.64971477,0.6519578,0.65919334,0.64374185,0.6679319,0.59375674,0.6330657,0.5857141,0.61666495,0.5925528,0.60525364,0.6349794,0.57269865,0.62793213,0.6126054,0.6178614,0.6339913,0.6144171,0.5782507,0.53209704,0.5695809,0.6232954,0.64994276,0.6788399,0.5687767,0.6435603,0.6031557,0.6214651,0.59443,0.58922577,0.65059274,0.64644045,0.6314117,0.5811507,0.5780563,0.60655797,0.55578136,0.55763936,0.57479846,0.5533065,0.53656894,0.6286098,0.5844014,0.5915526,0.61314434,0.49354547,0.6173945,0.6314899,0.5265698,0.591581,0.539019,0.6379527,0.66607493,0.6500599,0.630226,0.62742245,0.59859806,0.5777123,0.61036026,0.5302699,0.5474613,0.60914797,0.60379785,0.6639901,0.6213643,0.5915519,0.5497909,0.5926064,0.5001955,0.6003886,0.6604622,0.6354898,0.64417225,0.65090185,0.5320021,0.6100941,0.6073627,0.61369264,0.6379305,0.5754568,0.54397875,0.6257539,0.5895149,0.53902596,0.5672051,0.54068905,0.54670507,0.5835867,0.58717686,0.56081176,0.5519667,0.5428206,0.5567557,0.61657673,0.6258028,0.52751344,0.5313188,0.5863877,0.58290523,0.57468295,0.5717466,0.5719164
382,0.6557003,0.64793634,0.6623169,0.6493136,0.65872544,0.6548845,0.6264241,0.62897515,0.65867066,0.60959655,0.59379476,0.6336121,0.6506923,0.6097719,0.5855742,0.6347711,0.50956357,0.61357754,0.6079561,0.6072891,0.6047735,0.6270687,0.65079236,0.61016303,0.61820805,0.5923487,0.57992214,0.6041146,0.56669647,0.6144859,0.6551083,0.6321042,0.6308175,0.65288967,0.61188114,0.64962983,0.62897563,0.61635286,0.6543813,0.65913254,0.6873054,0.6082366,0.65395784,0.6205079,0.53318477,0.47376916,0.5702005,0.53595704,0.45425218,0.48182267,0.6314835,0.61984676,0.64389354,0.6479807,0.6482792,0.6226748,0.6494449,0.6284259,0.64691085,0.64826596,0.59615993,0.64302677,0.64224344,0.6283849,0.6273901,0.64592016,0.5982554,0.64416075,0.6222402,0.58338994,0.6207516,0.6329069,0.61950463,0.6300487,0.59898084,0.582577,0.59708375,0.59080505,0.6063957,0.5846678,0.6118221,0.6132991,0.61659676,0.5897404,0.6047515,0.6020293,0.58753794,0.5960024,0.6137937,0.5740809,0.5601209,0.5986597,0.54448295,0.58943576,0.5535441,0.56945294,0.6231133,0.61274314,0.65986025,0.64017886,0.64703536,0.64891875,0.61405265,0.6127826,0.6217999,0.61104244,0.6098624,0.60648245,0.63849956,0.59154385,0.60001457,0.60795194,0.63846445,0.6406823,0.5832258,0.5506856,0.51074886,0.57900196,0.5902764,0.6450845,0.6756979,0.5921694,0.6190459,0.58326083,0.6099951,0.5995642,0.5750347,0.6285464,0.6059978,0.59719557,0.58736026,0.59774274,0.5732158,0.5390213,0.54613256,0.562978,0.5588684,0.5326481,0.6141156,0.58592397,0.59908265,0.5904263,0.516415,0.59568435,0.60379106,0.52471113,0.6217989,0.5584232,0.6073238,0.6069795,0.6207609,0.61794543,0.6129808,0.61043113,0.58957326,0.60997677,0.5295742,0.5507536,0.6083942,0.57465845,0.61258346,0.6177023,0.5985466,0.57207125,0.5971336,0.53681815,0.62528616,0.6301673,0.60820067,0.62919384,0.606247,0.5690925,0.6043732,0.6061861,0.5888312,0.6222782,0.58185667,0.5882584,0.6193352,0.6399106,0.6597873,0.5785217,0.6438824,0.6438064,0.64184463,0.6269208,0.6247041,0.63169086,0.6421877,0.59874487,0.5689957,0.6458288,0.63253796,0.6107189,0.60667956,0.6199475,0.48187113,0.5982013,0.56826633,0.5566788,0.58383536,0.6015754,0.6058669,0.59150726,0.5835158,0.64301884,0.5883335,0.6047748,0.5779733,0.671996,0.6677559,0.67765373,0.6746025,0.67268634,0.6728426,0.64011616,0.61468524,0.585212,0.66312665,0.6382587,0.6562424,0.599846,0.6253244,0.61575305,0.49573138,0.4228441,0.5655788,0.52978885,0.48533905,0.464736,0.62636715,0.6279401,0.6412841,0.63048863,0.6541469,0.636086,0.632086,0.61542374,0.5946353,0.6229178,0.6116695,0.6764426,0.65529096,0.6348531,0.67444205,0.66656625,0.6658335,0.6848599,0.65956336,0.6698691,0.6583231,0.6664995,0.64997065,0.6625272,0.6534042,0.65035856,0.64614177,0.6011219,0.6245806,0.5691785,0.64651126,0.6028317,0.65437084,0.59339726,0.6458541,0.61153674,0.6531692,0.6359381,0.6150318,0.59520054,0.59187466,0.60755503,0.5599756,0.6274243,0.5716231,0.54785264,0.65772784,0.66924614,0.6601062,0.6415184,0.653939,0.6789763,0.59611326,0.6236951,0.60479254,0.61342615,0.58076245,0.6018931,0.6373487,0.5757484,0.6326481,0.62328637,0.63848585,0.63867694,0.61058336,0.56740296,0.51215166,0.57597053,0.62680715,0.6544407,0.6672802,0.5626522,0.64315176,0.5748635,0.60260445,0.57536006,0.5601442,0.642716,0.6402592,0.6476333,0.5852834,0.58765674,0.6227371,0.56452644,0.55684376,0.57198036,0.56023556,0.50920254,0.61701965,0.5842742,0.5799008,0.58669335,0.4719532,0.6213362,0.63815457,0.4893243,0.59354496,0.5572387,0.6577591,0.68000007,0.6623919,0.61415833,0.6092596,0.57410425,0.5518038,0.6068398,0.51947486,0.51188964,0.5883868,0.5726587,0.66853124,0.6159568,0.57088006,0.5574573,0.59953386,0.50625515,0.608407,0.6488772,0.6307501,0.654984,0.6750678,0.53430516,0.59701735,0.5866154,0.5913252,0.6430077,0.5906891,0.53745574,0.6411999,0.6061077,0.5455819,0.57544935,0.54295385,0.54844445,0.599943,0.6030253,0.57554525,0.56714386,0.5481466,0.564184,0.6212527,0.6284844,0.5364163,0.53512514,0.59961015,0.5978987,0.58616155,0.58254236,0.58026415
383,0.6619523,0.6386841,0.63916767,0.6430841,0.65231633,0.6461523,0.61007035,0.6142542,0.64500076,0.598832,0.5888857,0.6303612,0.6289035,0.6077587,0.57896954,0.6052573,0.49011853,0.60646766,0.5836002,0.5793192,0.5857843,0.61881584,0.6395077,0.6102131,0.61934286,0.59882,0.5860559,0.60143197,0.5634246,0.6188749,0.6339438,0.6517008,0.61432534,0.6581113,0.6214634,0.6526424,0.6518941,0.6336049,0.67585766,0.6642062,0.70755345,0.6452592,0.6560517,0.640411,0.56196606,0.48400816,0.58382744,0.50875634,0.4376629,0.49273348,0.6135656,0.61376256,0.6286579,0.64508176,0.6609987,0.6161315,0.66912746,0.63661003,0.6610459,0.6622597,0.6005413,0.65384287,0.65285367,0.6266983,0.6223984,0.65039986,0.6195088,0.6455623,0.6454968,0.61338234,0.639629,0.64186615,0.6255249,0.6363759,0.6068897,0.6078226,0.61458534,0.60297775,0.6201889,0.5783722,0.61284804,0.62244993,0.6254083,0.60987353,0.6098555,0.6119374,0.61178005,0.60860306,0.6226676,0.5967104,0.57415664,0.6044702,0.5495939,0.60436594,0.55195576,0.58252126,0.6251671,0.6174888,0.6615323,0.62527156,0.6521079,0.6451057,0.6212146,0.60195744,0.64862144,0.61570984,0.60279304,0.6106587,0.6472246,0.5923491,0.5972577,0.6106554,0.65869844,0.6507199,0.5930471,0.5677927,0.51916677,0.57949305,0.5825001,0.6428174,0.66011524,0.5942353,0.6131342,0.57376444,0.59337705,0.5773338,0.5637071,0.6169452,0.60196036,0.6144098,0.5944645,0.6165332,0.58648247,0.54796094,0.54968613,0.56887424,0.5802813,0.53330547,0.604791,0.5991161,0.6023452,0.5679741,0.5138478,0.6002521,0.60744447,0.51142395,0.64639056,0.5923613,0.6234575,0.6194571,0.62081426,0.5960482,0.5975689,0.5911549,0.5746531,0.59469694,0.5287755,0.52081794,0.58465534,0.55025667,0.6251844,0.61987746,0.58796895,0.56837094,0.6024628,0.540098,0.64181876,0.611349,0.60506546,0.62872106,0.6257027,0.56555796,0.60220766,0.59694475,0.57474196,0.6189051,0.5963407,0.5902389,0.6242557,0.65037197,0.6652867,0.5733014,0.6196618,0.6369594,0.6398448,0.6230609,0.6138492,0.6215367,0.6325443,0.59631234,0.55827296,0.64207673,0.60856897,0.6027849,0.596863,0.5939215,0.4558911,0.5917448,0.5475123,0.5315875,0.58043396,0.5925852,0.59764755,0.5926889,0.59648025,0.65563375,0.58536106,0.60184914,0.5701888,0.67737454,0.6418734,0.69191104,0.66905236,0.6759369,0.6705538,0.6439762,0.6343556,0.6029785,0.6868878,0.6421946,0.6715211,0.6364464,0.6318236,0.63469136,0.5219817,0.42247492,0.58704084,0.5074085,0.48408955,0.45490828,0.6127282,0.62683517,0.62779576,0.6368087,0.67036223,0.6309338,0.6528928,0.6202815,0.6063203,0.6330603,0.6128261,0.6864539,0.6644877,0.6319929,0.66183376,0.6664177,0.6808019,0.68501985,0.67362803,0.6863957,0.6783399,0.67662525,0.65658414,0.6730375,0.66054904,0.6612089,0.65887076,0.60853046,0.6196408,0.5606787,0.6475551,0.61281395,0.65720046,0.60373145,0.6560213,0.6269208,0.66912097,0.63989073,0.6234139,0.6107254,0.60605633,0.6138978,0.56289595,0.64054096,0.5677169,0.56111175,0.6573908,0.68088156,0.6649653,0.6282124,0.66269654,0.687561,0.60870814,0.6217282,0.6288598,0.6144934,0.57993567,0.6027626,0.63820696,0.5771771,0.63464195,0.6278412,0.65519136,0.6441032,0.6139903,0.5730624,0.51494175,0.5752078,0.6249141,0.65094316,0.6500357,0.55743086,0.6419586,0.5656295,0.5943892,0.55375344,0.53871256,0.63419974,0.6380558,0.6624739,0.5853847,0.5911384,0.6333421,0.5709055,0.5554892,0.5758789,0.57656693,0.49873173,0.6109717,0.5930294,0.5770655,0.5647727,0.468413,0.6251399,0.63852173,0.47095853,0.608109,0.58515626,0.6713076,0.6842138,0.6634872,0.5971161,0.5903924,0.5544229,0.52923864,0.6025885,0.52520025,0.48587406,0.5691173,0.54666877,0.66220033,0.60535634,0.55731726,0.5576738,0.60107756,0.50843513,0.6200879,0.6433451,0.6267284,0.65870166,0.6897785,0.5366149,0.59639573,0.5798247,0.5849166,0.63883406,0.59997404,0.5388234,0.649586,0.61304444,0.54744047,0.57926625,0.5436724,0.54929304,0.60971034,0.6114661,0.58670837,0.57901144,0.55073994,0.568396,0.6194862,0.6247106,0.5430545,0.5383954,0.6103698,0.60970926,0.592295,0.5880724,0.5840081
384,0.6539031,0.6315422,0.61533576,0.6302521,0.6390921,0.6308124,0.5946117,0.6016696,0.63206923,0.593327,0.5907483,0.6282279,0.6066481,0.59492093,0.56596446,0.5771441,0.48951727,0.6018517,0.5627561,0.55316275,0.5666997,0.6099415,0.6278166,0.6164747,0.6267404,0.6056545,0.59361017,0.6080711,0.56203485,0.6114278,0.59787965,0.6569168,0.58154964,0.6464621,0.6207893,0.65230286,0.6714353,0.64762175,0.68967706,0.66600305,0.7165549,0.68014735,0.6561593,0.6583123,0.5971965,0.5137867,0.610487,0.49413455,0.44287685,0.52355653,0.6041188,0.6174209,0.6160244,0.64734876,0.6694424,0.62160075,0.68376327,0.6409581,0.6671313,0.6699758,0.5964843,0.6526658,0.656889,0.6139785,0.60371435,0.6447766,0.63580865,0.6357017,0.6611582,0.6400259,0.65123177,0.63632697,0.6295781,0.64023054,0.6165102,0.6319191,0.6285924,0.62053895,0.6343863,0.57783306,0.61800444,0.63043565,0.62992644,0.62734896,0.61204547,0.61797357,0.63261616,0.6139805,0.6251398,0.61376053,0.5836143,0.6028348,0.5532189,0.6137527,0.56152517,0.6033514,0.6234136,0.6150571,0.66196233,0.618154,0.66187674,0.6439743,0.6336363,0.6019775,0.67764384,0.625545,0.60644937,0.615374,0.6545906,0.5931614,0.5948641,0.6074973,0.67457587,0.6598988,0.6157331,0.60460764,0.5508798,0.5758766,0.5673558,0.6334328,0.63704866,0.5951596,0.6120498,0.5812314,0.58802426,0.5526119,0.5589413,0.61077577,0.6045704,0.6287431,0.59993744,0.6324579,0.5960603,0.5569743,0.55168253,0.57512164,0.6070238,0.5469384,0.60491675,0.6211267,0.6110334,0.5527921,0.5250105,0.60364205,0.6074383,0.5122498,0.6778764,0.6308705,0.6338226,0.62849885,0.6112667,0.57760316,0.58696526,0.5771031,0.55778277,0.5819711,0.54497045,0.49993932,0.56491554,0.5360448,0.6305365,0.61247706,0.5835691,0.55911475,0.60514486,0.53680366,0.6576677,0.6013483,0.6021963,0.6217204,0.63991874,0.5668775,0.60997933,0.6009809,0.5765826,0.6130634,0.60679793,0.59718955,0.6227775,0.6525115,0.6576219,0.57812864,0.5971673,0.6243114,0.6306826,0.6155482,0.6027145,0.6133796,0.623071,0.5987897,0.55964994,0.63704014,0.5835032,0.5866866,0.58187145,0.57030135,0.45118076,0.5904036,0.5346912,0.51041985,0.5812227,0.58450675,0.5982736,0.6020608,0.61640674,0.66164494,0.5858312,0.6061758,0.5704405,0.67020464,0.6051989,0.6877392,0.64531153,0.6608413,0.6509884,0.6450658,0.6513532,0.62101746,0.70182276,0.64362186,0.68208617,0.67203224,0.63717157,0.65366393,0.5624565,0.45109764,0.62041533,0.5007875,0.5039023,0.4697718,0.60657346,0.63195884,0.6167498,0.64681965,0.6820973,0.634339,0.67042446,0.6200389,0.6150001,0.6427639,0.6020985,0.6831089,0.6653956,0.6189581,0.6332885,0.65798104,0.6849425,0.6742166,0.6777063,0.69312173,0.6892854,0.67303455,0.659576,0.67772776,0.66165835,0.66533387,0.6637664,0.6223905,0.6216167,0.5635614,0.6445287,0.6216956,0.6532018,0.6152124,0.65691805,0.63725346,0.6753046,0.6351039,0.62433463,0.62205094,0.616678,0.6135999,0.5654115,0.642969,0.5718075,0.5867133,0.64992297,0.68285763,0.6671172,0.6213595,0.67038685,0.69275635,0.6296141,0.62694603,0.65643716,0.61971116,0.59024763,0.60738564,0.63709694,0.5777868,0.63233644,0.6244394,0.6677974,0.65110064,0.62660676,0.59666574,0.5416262,0.5679985,0.6182552,0.6403391,0.63023144,0.55439657,0.6389743,0.5751965,0.5969425,0.5330178,0.52874315,0.62459487,0.63776404,0.67217267,0.58154494,0.58778924,0.6372586,0.57430154,0.5538621,0.5866819,0.60009205,0.50633204,0.61049384,0.61003035,0.58462137,0.5510841,0.4843411,0.62782544,0.63280857,0.47343484,0.6356113,0.6202657,0.6758169,0.6782123,0.65353805,0.58231,0.5748289,0.54339916,0.5134329,0.5997101,0.54850954,0.47309658,0.5551624,0.5305266,0.6449742,0.5912508,0.5533774,0.55099094,0.5974554,0.5054702,0.634147,0.6441328,0.6236794,0.6543588,0.693121,0.5390968,0.60718596,0.58656096,0.59404755,0.62493855,0.602364,0.5473928,0.64875555,0.6088081,0.54464513,0.5786838,0.5426551,0.54912233,0.6131244,0.6127977,0.5931034,0.5868658,0.550722,0.56920487,0.6121979,0.61555713,0.5471721,0.5406817,0.61884594,0.6184599,0.5935966,0.5885503,0.58316654
385,0.63420415,0.6272564,0.59417653,0.6134514,0.6219613,0.6123927,0.5827199,0.59141326,0.6201136,0.59343654,0.5985453,0.6265583,0.58751494,0.5744305,0.5491045,0.55416346,0.50713813,0.6008345,0.54903823,0.5328499,0.55195326,0.6032294,0.6178408,0.6257503,0.6370777,0.6116461,0.60022616,0.62100506,0.5626574,0.597116,0.5556172,0.6483047,0.54008853,0.62411124,0.61265105,0.64679193,0.6846108,0.65576166,0.6934738,0.66360813,0.7141774,0.7079218,0.6535415,0.6708103,0.63178617,0.55664945,0.6441123,0.49311024,0.4675466,0.56741023,0.6026087,0.62838566,0.60637325,0.6532857,0.67233634,0.63622034,0.69135064,0.642168,0.66437334,0.6696652,0.58633524,0.6424672,0.65708053,0.5933982,0.57676965,0.6338902,0.6484926,0.62027746,0.66889316,0.6635277,0.6570592,0.62332433,0.63076633,0.64521927,0.6274448,0.6535949,0.64185107,0.6411545,0.64787143,0.5836276,0.62787205,0.6384783,0.63383746,0.63986266,0.6125247,0.6178508,0.64849466,0.61385024,0.6233205,0.62405217,0.5873797,0.59733796,0.5559389,0.6183024,0.5806039,0.6281421,0.620986,0.60872966,0.66099423,0.61850226,0.6735696,0.6448115,0.6476023,0.6106678,0.7037663,0.6383373,0.61933655,0.6182948,0.65828973,0.5939508,0.59237707,0.59894174,0.68410224,0.66671324,0.6465682,0.65243345,0.5994424,0.5704309,0.5485087,0.61959803,0.6112782,0.59647393,0.6147166,0.6017658,0.5927628,0.53034055,0.56156945,0.6090182,0.6118029,0.63964385,0.6034612,0.6458273,0.60318387,0.56535494,0.55294347,0.58160245,0.6352633,0.57058567,0.612411,0.6462003,0.6225753,0.54587895,0.546425,0.60750854,0.60693336,0.52686226,0.7098991,0.6661063,0.6397156,0.63528365,0.598552,0.56455195,0.582508,0.5701994,0.5432338,0.5747696,0.57447946,0.49136788,0.5514931,0.53348243,0.6302216,0.59847206,0.5854135,0.54716456,0.6067585,0.52866906,0.6697001,0.6001674,0.5996588,0.61234164,0.6517996,0.57157856,0.62408715,0.6148114,0.59213483,0.6066841,0.61354303,0.60641843,0.6155812,0.6448301,0.63890815,0.5917572,0.5793548,0.60804754,0.6166198,0.6065706,0.5937411,0.60690755,0.6136493,0.604102,0.57138085,0.62860113,0.56132627,0.5656375,0.56351393,0.5527745,0.46760827,0.5940328,0.5318987,0.49797288,0.5876145,0.5794378,0.60666215,0.6157261,0.63651747,0.6581832,0.5872649,0.6128837,0.57797515,0.6535857,0.5650589,0.6674141,0.60884833,0.63314795,0.6180871,0.6416151,0.66339236,0.6358272,0.70600736,0.6422106,0.6864078,0.7017843,0.6395389,0.6678914,0.60850835,0.50214666,0.6590784,0.5103067,0.5406728,0.5057655,0.60690653,0.6413385,0.608061,0.65866613,0.68774223,0.6447677,0.68164295,0.61554015,0.6190118,0.64908147,0.58122206,0.66727376,0.6580101,0.5964495,0.59617203,0.64526767,0.6788474,0.65488786,0.6710416,0.69063973,0.68817645,0.658842,0.6559781,0.6753457,0.65378827,0.66330063,0.6625966,0.6396628,0.6256537,0.57412446,0.6378863,0.6277779,0.6445085,0.62390906,0.6485769,0.63758075,0.6718957,0.62447786,0.61527103,0.62592506,0.6207142,0.6086911,0.56759065,0.6352663,0.5816702,0.6192761,0.6380361,0.67564005,0.66629547,0.6208603,0.6761683,0.6938303,0.65355295,0.63710314,0.6830406,0.6273271,0.60920817,0.6117874,0.6328492,0.57805604,0.6246085,0.61269385,0.67450976,0.6582145,0.64635503,0.6328937,0.58655864,0.55711764,0.608552,0.62480426,0.61102986,0.5544661,0.6323594,0.5987574,0.60740596,0.51759416,0.5317424,0.6131262,0.6355842,0.67334783,0.5747837,0.57923704,0.6356388,0.57477415,0.5524991,0.6017912,0.6256867,0.5303297,0.61213726,0.6298051,0.59951544,0.5464231,0.51606315,0.62921315,0.62341094,0.494953,0.67008764,0.6553039,0.67018193,0.6637844,0.6364749,0.5717689,0.56470364,0.54224724,0.50764966,0.59939605,0.58479095,0.47543755,0.54885876,0.5262068,0.61921865,0.5755564,0.5592248,0.54053074,0.59048915,0.49778482,0.6467939,0.64924383,0.62011015,0.64245766,0.68638945,0.5414273,0.6253544,0.60320634,0.61441195,0.6029895,0.5992183,0.56066936,0.63729286,0.5940963,0.53856325,0.5740898,0.54037577,0.54796404,0.611531,0.60839427,0.59405845,0.59044594,0.5488178,0.5668328,0.60174423,0.6034416,0.5488009,0.5420331,0.6243293,0.6234799,0.5910234,0.5844624,0.5784931
386,0.60676473,0.6251078,0.5771443,0.5952531,0.6038487,0.59472984,0.5750746,0.5840359,0.6097132,0.5961944,0.6077561,0.62397534,0.57366717,0.550641,0.53063536,0.538644,0.5372498,0.603371,0.5438357,0.5212976,0.5449674,0.5998915,0.6110652,0.6322079,0.64471877,0.6157422,0.6020327,0.63408923,0.56392527,0.58320314,0.5197133,0.6285781,0.5016847,0.60010546,0.600762,0.6364575,0.6873197,0.6548584,0.68633384,0.6561631,0.70070904,0.7232416,0.64641446,0.67394716,0.65602314,0.6006437,0.6751275,0.5028567,0.50348073,0.6124376,0.6065247,0.64123654,0.59987813,0.6591637,0.6684792,0.6537049,0.6907067,0.64194566,0.6520124,0.65943056,0.5742991,0.6284328,0.6562264,0.5708024,0.5509382,0.6237003,0.6588866,0.60713536,0.669944,0.6841851,0.65956366,0.61288434,0.62766194,0.65383005,0.6378188,0.67100096,0.6566036,0.6605332,0.65875185,0.59457415,0.6404719,0.6470842,0.6404682,0.64399874,0.6118741,0.60941595,0.6585578,0.6113708,0.61966985,0.62733215,0.585138,0.5928204,0.55815274,0.6189961,0.6038696,0.650077,0.62058735,0.6028538,0.65739286,0.6237083,0.6820695,0.6458662,0.6575919,0.6226252,0.7202466,0.65017956,0.6362513,0.6152725,0.6548759,0.5942634,0.5877805,0.5856601,0.6839641,0.6679791,0.6774157,0.6976671,0.65180665,0.56561786,0.53100204,0.6054527,0.5883119,0.5994611,0.6182814,0.62682223,0.60365164,0.515448,0.570216,0.60963315,0.6203275,0.6468404,0.60473543,0.65728587,0.60980755,0.57180583,0.55442303,0.58802086,0.6600759,0.5984005,0.6225069,0.6657869,0.63233083,0.5447693,0.570424,0.6126527,0.6087946,0.55095005,0.7342454,0.68899935,0.6425926,0.6408839,0.590508,0.5563811,0.5825148,0.5694858,0.5356491,0.57448757,0.6089124,0.49513227,0.54437435,0.5396591,0.6255433,0.58178383,0.59127855,0.536713,0.6091504,0.51872194,0.67367804,0.6058755,0.59572184,0.604638,0.6646066,0.5763738,0.63774186,0.63085824,0.61498195,0.60231507,0.617627,0.6135378,0.6038274,0.62677115,0.6123511,0.6090574,0.5670862,0.5901416,0.5997229,0.5972392,0.5869823,0.6021914,0.60505784,0.60694027,0.58696276,0.6148186,0.5446117,0.5435173,0.5432375,0.54300594,0.5005633,0.60022444,0.53752863,0.49676287,0.5983204,0.57758427,0.6182749,0.62685597,0.64748406,0.64422905,0.5856851,0.6150994,0.5890709,0.6333059,0.5314747,0.6359688,0.5702866,0.60209966,0.5796956,0.6340067,0.66705245,0.6422279,0.69927907,0.63757235,0.68269616,0.72028357,0.63588697,0.67123115,0.646757,0.560073,0.6932049,0.53108114,0.5829696,0.55295837,0.6113854,0.65081185,0.60182804,0.6686096,0.68559694,0.6576843,0.68351865,0.608407,0.6156656,0.6470777,0.5542642,0.6419007,0.64347523,0.5675282,0.5623595,0.6335467,0.6645947,0.6321359,0.65504444,0.6815072,0.67471963,0.6397421,0.6431772,0.6656577,0.6351506,0.65647644,0.65812343,0.65487725,0.6254471,0.58493936,0.62855875,0.6294814,0.6335296,0.62411743,0.63261366,0.6235904,0.6608231,0.6130213,0.5948427,0.620414,0.6154762,0.6026424,0.56936055,0.6204632,0.59210193,0.6492574,0.6249286,0.66152745,0.6615749,0.6248076,0.67799723,0.6902353,0.6719371,0.64748836,0.7020428,0.6342475,0.63069123,0.60979486,0.6235515,0.578074,0.61006606,0.59362674,0.67216414,0.66144955,0.6672745,0.6714932,0.6373265,0.5466377,0.5981972,0.60812306,0.59515977,0.55775815,0.620565,0.62649196,0.6209053,0.5106053,0.5451816,0.5996045,0.62799275,0.6643225,0.5668805,0.568823,0.6310354,0.57283574,0.5520698,0.6167342,0.6467955,0.5645866,0.61086035,0.6442375,0.6149945,0.5476868,0.5537969,0.62875664,0.6132361,0.528236,0.7018404,0.6807,0.65482706,0.64489603,0.6183077,0.56520724,0.5592863,0.54806596,0.5131667,0.6013173,0.6237634,0.4907893,0.5493075,0.5312107,0.5892522,0.5603748,0.57163745,0.531067,0.583346,0.4880689,0.6526753,0.65515476,0.6129087,0.6247861,0.6726913,0.5429281,0.64323837,0.6215655,0.63801116,0.57757825,0.59300584,0.5739926,0.61513054,0.5716666,0.5316763,0.56659603,0.53818023,0.5466243,0.6065299,0.60013133,0.58961564,0.5898526,0.5460274,0.56208366,0.59176093,0.5918973,0.548164,0.54267097,0.62530535,0.6234451,0.58610344,0.5771567,0.5713336
387,0.5774581,0.62349594,0.56474924,0.5782265,0.587422,0.581054,0.5708709,0.5803632,0.6015782,0.59610784,0.6115696,0.618808,0.56523764,0.5291175,0.5137817,0.53093624,0.56921005,0.6081129,0.5456784,0.51877564,0.54613674,0.5988841,0.60766286,0.62939036,0.6434787,0.61734194,0.5951995,0.64013577,0.5623883,0.57644993,0.501433,0.6031188,0.4792939,0.584498,0.5895446,0.6237269,0.6758501,0.64218706,0.6694987,0.6441559,0.6775238,0.7224647,0.63316053,0.66466427,0.66111207,0.6317126,0.69539934,0.5168231,0.53815967,0.6456832,0.61291665,0.65092963,0.5961495,0.66192245,0.65793866,0.66747004,0.68200326,0.6422797,0.62998223,0.63836384,0.56528676,0.61668754,0.6556869,0.5526843,0.5362754,0.61991054,0.667278,0.602521,0.666768,0.7014288,0.66140515,0.6137622,0.619585,0.66502565,0.64551,0.68215334,0.6728436,0.6732209,0.6657639,0.60733885,0.6519948,0.65532345,0.6495918,0.63558966,0.6090595,0.5918398,0.6632106,0.61067784,0.6155545,0.6247278,0.5772742,0.5926177,0.5598133,0.6164756,0.6234142,0.661872,0.6226617,0.6003519,0.64914584,0.62952876,0.6831769,0.64471376,0.6578743,0.6306422,0.7216992,0.6561707,0.649696,0.60207605,0.64124036,0.5932018,0.57833135,0.56877375,0.671057,0.65964067,0.69965386,0.7284494,0.69344425,0.56294477,0.51957226,0.59547573,0.5725667,0.604296,0.6194303,0.6455418,0.6147504,0.5106425,0.5813939,0.6104297,0.6267697,0.65050215,0.6037955,0.6677443,0.6172909,0.57468975,0.5566228,0.5936716,0.6766903,0.6229606,0.6292018,0.6720466,0.63604146,0.5449523,0.58738786,0.61786413,0.6143835,0.57596433,0.7447776,0.6923229,0.6429084,0.64598477,0.59273326,0.5507,0.58324057,0.57183397,0.53718495,0.5799223,0.63786346,0.507529,0.5412405,0.5486083,0.61799216,0.5656603,0.5977154,0.53131896,0.61297786,0.51029104,0.6658019,0.6145081,0.5875686,0.6010664,0.6788075,0.57748336,0.64290243,0.63984,0.6361317,0.6026506,0.62000847,0.61336476,0.58898807,0.5997619,0.5830512,0.6225338,0.55998325,0.5726906,0.5819585,0.5874933,0.58082354,0.5996776,0.59853566,0.60087216,0.5975035,0.59552747,0.5337949,0.5245066,0.5231933,0.5400108,0.53984416,0.6052511,0.5461607,0.50535774,0.6089133,0.5762714,0.62677544,0.6280143,0.640904,0.62148994,0.5768581,0.6065971,0.5968112,0.616059,0.5129951,0.6016486,0.54363453,0.5780412,0.5464057,0.62483644,0.6589701,0.63502145,0.68343186,0.6304318,0.6701281,0.72347474,0.62400717,0.6584195,0.66471463,0.60428715,0.7148628,0.5534453,0.61643225,0.59628856,0.61750984,0.6565722,0.5980108,0.6740888,0.6753213,0.66805327,0.6739644,0.5999037,0.60209095,0.6319394,0.5271942,0.6116065,0.62347233,0.53723073,0.5435237,0.62797093,0.6445384,0.61224806,0.63394713,0.66917044,0.6527611,0.62219536,0.6204574,0.64927167,0.607589,0.64636916,0.6521865,0.66172254,0.61631083,0.58751464,0.61759514,0.62497604,0.62094563,0.60987633,0.6112835,0.59325904,0.64406645,0.60653263,0.5635948,0.60642713,0.59930617,0.5985561,0.5706016,0.6034964,0.5960674,0.6664882,0.61161286,0.6432423,0.6519476,0.62992066,0.67433244,0.6816847,0.67606777,0.652391,0.7079128,0.63645035,0.64658505,0.5957693,0.60709983,0.577445,0.58777785,0.56975305,0.657982,0.6557466,0.6818466,0.70203936,0.6792806,0.54028845,0.5894542,0.5946248,0.58432674,0.5632541,0.6035537,0.64656353,0.632305,0.51181096,0.56264853,0.5851315,0.6137284,0.6464234,0.5599668,0.5601121,0.6255248,0.5690339,0.5528754,0.62577987,0.65706474,0.598825,0.6025839,0.6458056,0.62311435,0.5492518,0.5836992,0.62442684,0.60406166,0.56065625,0.7224247,0.68795633,0.63104,0.6265854,0.6042077,0.5601967,0.55580056,0.555392,0.5273393,0.6032417,0.6535227,0.5126785,0.55241257,0.5395373,0.5610072,0.54702604,0.58484805,0.52719617,0.57952297,0.48035112,0.6469039,0.65790164,0.59902716,0.60280585,0.6551718,0.54284364,0.65192467,0.6312771,0.65552765,0.5556993,0.5858289,0.5815184,0.58423054,0.5458096,0.52625567,0.55767894,0.53752,0.546388,0.5992752,0.589683,0.58022994,0.58524454,0.5431652,0.55629575,0.5857534,0.5840999,0.54566914,0.5427461,0.6204736,0.6174186,0.580592,0.56867534,0.5630093
388,0.55151093,0.6197764,0.5562302,0.56289834,0.572956,0.5717221,0.5678934,0.5797176,0.5947192,0.5877858,0.6042815,0.609915,0.55900246,0.51571447,0.5032952,0.52823013,0.5917404,0.6125732,0.54998654,0.5218256,0.5520131,0.5973017,0.60517704,0.6143091,0.6295633,0.61705285,0.5779863,0.63442475,0.5535365,0.58130646,0.5055432,0.57987434,0.4821858,0.58538973,0.58463246,0.6105993,0.64841294,0.61620754,0.6454809,0.62896997,0.64746565,0.7045707,0.6129437,0.6414431,0.6414968,0.63903177,0.7012566,0.5270245,0.5602571,0.6580156,0.6183106,0.6542831,0.5931028,0.66008943,0.64192265,0.6730144,0.666678,0.6438675,0.59953076,0.60706425,0.56391186,0.6128706,0.65589523,0.54348105,0.53901726,0.62590855,0.6740119,0.6083844,0.6632465,0.7153165,0.66515017,0.62963915,0.6079255,0.6754577,0.650209,0.6873158,0.68926185,0.674235,0.6694875,0.61688215,0.6592125,0.6609662,0.6574455,0.6109753,0.6020101,0.5663039,0.6649728,0.61599857,0.61174786,0.6196793,0.56515545,0.5968014,0.56081,0.6126828,0.63193977,0.6584682,0.62532103,0.601216,0.6342977,0.63142294,0.67559636,0.63900924,0.64531547,0.6294114,0.70657754,0.65190893,0.65370834,0.5763753,0.61644155,0.58983725,0.56325406,0.5514569,0.644233,0.6386863,0.7072664,0.7387246,0.7151732,0.5626564,0.5168896,0.59222424,0.56496984,0.6096474,0.6159427,0.6504957,0.620353,0.5150816,0.5903901,0.6096126,0.62913066,0.6522805,0.60146785,0.67909473,0.6254134,0.5731506,0.5594485,0.59692794,0.6813697,0.6374511,0.6275754,0.6603974,0.63129663,0.5416853,0.58929235,0.62072116,0.6231686,0.59170836,0.73897505,0.67208815,0.64090294,0.6518149,0.6066943,0.5441362,0.58051777,0.5729883,0.5457684,0.587014,0.65320903,0.5221892,0.53804255,0.5538608,0.611559,0.5517437,0.6011474,0.5323104,0.6176867,0.5059865,0.6444544,0.6208096,0.573521,0.60268426,0.69214714,0.5724888,0.6347692,0.63566405,0.6484957,0.60974586,0.62192196,0.6023164,0.57296115,0.5681209,0.555575,0.6252314,0.55608,0.5561739,0.56381375,0.57603204,0.57297754,0.5986012,0.5936343,0.58134645,0.5958462,0.5720311,0.5259488,0.5123156,0.5070036,0.53969955,0.5736309,0.60562783,0.55064553,0.5187367,0.6144399,0.57137185,0.62612355,0.61541903,0.612294,0.59388965,0.5575848,0.58382416,0.5936633,0.607723,0.51231605,0.57487106,0.54034853,0.5685053,0.5282642,0.61617064,0.6372515,0.61105305,0.6611228,0.6220498,0.6493733,0.70965207,0.60350305,0.62653965,0.65479857,0.61962247,0.72077596,0.56727993,0.6314574,0.6226966,0.622349,0.6562565,0.59499854,0.67465955,0.65806216,0.6723182,0.6525982,0.59023523,0.5767944,0.60102665,0.50670916,0.5821909,0.6005642,0.5109613,0.5455182,0.631016,0.621287,0.60012275,0.61428756,0.6571691,0.6298704,0.6113915,0.58999383,0.62793756,0.5766224,0.6349013,0.64578974,0.6554826,0.59682506,0.5757599,0.60556406,0.6120173,0.6062625,0.5769576,0.58716786,0.5480223,0.6228727,0.6094707,0.5248469,0.58818424,0.57300246,0.5972802,0.5714589,0.5902522,0.5877433,0.6643281,0.5966062,0.62309694,0.636768,0.6322834,0.66549975,0.6681257,0.6614833,0.6479808,0.6989045,0.63019174,0.65116227,0.5671833,0.58260953,0.5755704,0.55942005,0.5452773,0.6313261,0.6374139,0.6842779,0.7183163,0.7027785,0.5399848,0.5836558,0.58691317,0.5779934,0.5690407,0.58291423,0.65103966,0.63810456,0.5175793,0.5763849,0.5713828,0.59399766,0.62411255,0.5558484,0.5559424,0.61962706,0.56385964,0.5544913,0.62327975,0.6521204,0.6231073,0.5856563,0.63028234,0.61773986,0.5455942,0.593862,0.61391187,0.59630275,0.57919514,0.7278726,0.6721132,0.6011809,0.61334884,0.59692824,0.5532559,0.5507494,0.5592261,0.5435845,0.6016549,0.6662375,0.53283304,0.55263823,0.54449785,0.54085994,0.5349555,0.59304756,0.53174525,0.581734,0.4777487,0.62725836,0.65423244,0.5777331,0.5772723,0.6365503,0.5407964,0.6460618,0.6254938,0.66067666,0.5438801,0.57928085,0.5789935,0.5488725,0.52173907,0.5232952,0.5485411,0.53885776,0.54795814,0.5907437,0.5783828,0.5666178,0.5768628,0.54073954,0.5508462,0.5851853,0.58106315,0.5420659,0.54250705,0.61003053,0.6059868,0.575791,0.5607616,0.5541946
389,0.5309586,0.6111519,0.5495812,0.54741645,0.5582162,0.56400985,0.5629315,0.58007634,0.5870387,0.5689605,0.58435583,0.5971648,0.54962844,0.5136776,0.5022819,0.52529204,0.59797585,0.6145065,0.55051655,0.5239062,0.55695975,0.59195185,0.5998037,0.58928597,0.60333335,0.61602443,0.55201596,0.61671865,0.53453326,0.59855276,0.529402,0.5663755,0.51206434,0.6053142,0.59072876,0.5977836,0.6073131,0.5784452,0.61766726,0.61262363,0.6150616,0.67212474,0.5868101,0.6056428,0.5970928,0.61863667,0.69362235,0.52723485,0.5646709,0.64652455,0.619718,0.6505258,0.5881019,0.6538875,0.6227654,0.66946435,0.6475678,0.6462593,0.56405556,0.5682536,0.57322335,0.62028426,0.6571907,0.54475427,0.5593871,0.6414988,0.6798088,0.6226959,0.66367745,0.72679913,0.67210925,0.6584017,0.59571,0.6821506,0.6529794,0.68899816,0.70450974,0.6617414,0.6711611,0.61908966,0.66073984,0.66196036,0.6601669,0.5700112,0.58930165,0.5357908,0.66709,0.6295139,0.6092087,0.6165196,0.5509312,0.6034943,0.5612643,0.61122096,0.6256593,0.6391742,0.6259406,0.6035104,0.6126575,0.62705785,0.66118616,0.6279069,0.62108773,0.6181,0.67817664,0.63588727,0.6465298,0.5397092,0.58308554,0.5843287,0.5452023,0.5388837,0.6062774,0.60540754,0.69890296,0.7283842,0.71535647,0.5644751,0.5229045,0.5955858,0.5632914,0.6138172,0.60730326,0.6406062,0.6172685,0.5254346,0.5934429,0.60609514,0.6267655,0.6543495,0.59913987,0.6930065,0.6325945,0.567817,0.56258273,0.59621483,0.67266226,0.63797224,0.615836,0.631146,0.6179817,0.5319284,0.5728054,0.61921614,0.63303244,0.5908738,0.71849626,0.6292423,0.6371992,0.65956795,0.6297225,0.5338907,0.57148635,0.5690962,0.55686045,0.59069604,0.651535,0.53182524,0.53033143,0.55077267,0.61130434,0.5406053,0.5991471,0.53892195,0.62244207,0.50721437,0.61186224,0.6209266,0.5548444,0.60933435,0.7021193,0.56113404,0.61405754,0.61791664,0.6496517,0.6238117,0.6247887,0.5804804,0.55804724,0.53836966,0.5317201,0.61357087,0.55233675,0.53913164,0.54416996,0.56100893,0.56127644,0.5972914,0.58847344,0.5484597,0.57981086,0.54643327,0.5157977,0.5083469,0.4976133,0.5365058,0.59375966,0.59977657,0.54501987,0.5297986,0.61192054,0.5594985,0.61298627,0.5906071,0.5634944,0.5664093,0.52757055,0.547726,0.5756629,0.6117383,0.5261465,0.56400675,0.5641105,0.57573783,0.53049654,0.6086254,0.6034479,0.5715094,0.6356127,0.6137917,0.6231197,0.68037194,0.57643086,0.5774707,0.6157037,0.6013302,0.7121018,0.5666457,0.62621945,0.6266233,0.6233611,0.64952695,0.5905246,0.6715375,0.636531,0.66985714,0.6218849,0.57977194,0.5414965,0.5561351,0.4982992,0.55964726,0.5787889,0.4928415,0.56727314,0.64176404,0.59847426,0.59776837,0.60286677,0.648898,0.613976,0.610267,0.55678356,0.60509,0.548924,0.62500024,0.6400988,0.63568884,0.56951714,0.54905474,0.5933296,0.59009564,0.59001905,0.5260912,0.5631173,0.49360323,0.5993177,0.6232456,0.48448223,0.57145625,0.54041386,0.59793097,0.57233363,0.58588934,0.56551427,0.64191717,0.57893306,0.6033821,0.61682206,0.6294731,0.6537488,0.6504159,0.62964195,0.63411283,0.6778538,0.61431205,0.64355063,0.52646977,0.5521345,0.5725666,0.5302314,0.5255039,0.595189,0.6065309,0.6731673,0.71967554,0.7058962,0.54568344,0.5811974,0.5853953,0.5739884,0.57337564,0.56128114,0.6383848,0.6372721,0.523197,0.58052176,0.5598073,0.5714159,0.6031776,0.55559236,0.5580332,0.61320835,0.55802286,0.556227,0.6066835,0.63141984,0.6318796,0.5614148,0.5986673,0.5970823,0.5335414,0.5792072,0.59719616,0.59004694,0.57632005,0.7192226,0.63353586,0.56940484,0.6079535,0.59704554,0.54172003,0.54146403,0.55647767,0.554753,0.59339565,0.65997183,0.5439522,0.5452487,0.54118055,0.5327925,0.5226195,0.5925624,0.54509586,0.5910263,0.48099077,0.59586656,0.64314497,0.5519408,0.5497762,0.61976296,0.5372652,0.6258929,0.6036409,0.6524387,0.54531544,0.5748534,0.565849,0.515014,0.5044128,0.5230209,0.5403889,0.54168206,0.55119514,0.5824361,0.5676926,0.5501125,0.56547755,0.5391612,0.54678327,0.58936137,0.5819197,0.53843516,0.54245657,0.5962229,0.5915714,0.57238543,0.55444336,0.5452585
390,0.51528674,0.5961326,0.54319227,0.5301071,0.5412757,0.5547231,0.5534026,0.57989645,0.5778089,0.5418479,0.5549385,0.58109695,0.53344566,0.5222855,0.5099708,0.5173654,0.58707774,0.61290586,0.54248744,0.5184324,0.55589205,0.5811459,0.58901936,0.5609109,0.5690489,0.61430466,0.52189666,0.5908486,0.5064371,0.624255,0.5651827,0.5656848,0.5617959,0.63937324,0.60810447,0.58569306,0.56020474,0.53507125,0.5901276,0.59797955,0.5858867,0.6316565,0.5584972,0.5624433,0.5358219,0.57436466,0.67640257,0.51504666,0.5527551,0.6144402,0.61641645,0.64133763,0.58037204,0.6451103,0.60379344,0.65939415,0.62839067,0.64877206,0.52929145,0.5273462,0.59289956,0.6379353,0.6593245,0.55560935,0.5921957,0.6632726,0.6841872,0.64070004,0.6699562,0.73579484,0.6807455,0.6933975,0.5856884,0.68350446,0.65420586,0.68924826,0.71676475,0.638496,0.67046034,0.6131527,0.6566635,0.6578398,0.6561257,0.5186591,0.5711949,0.50443405,0.67071784,0.6494464,0.60832435,0.61733806,0.5369768,0.6109667,0.5613687,0.6149509,0.6053385,0.60816336,0.6223791,0.6047658,0.58731914,0.6179715,0.6442504,0.6132957,0.59089327,0.60032994,0.644179,0.6112594,0.63071704,0.49819988,0.5474496,0.5783536,0.5291163,0.5361207,0.564549,0.5648297,0.67812574,0.7020965,0.6977682,0.5680376,0.5353588,0.6036786,0.56448567,0.61606246,0.5944539,0.62018067,0.6055836,0.5378876,0.58965325,0.59969854,0.61961746,0.65702075,0.5978396,0.70827764,0.6367627,0.5603516,0.565786,0.59166765,0.65216815,0.62460876,0.5958011,0.5899549,0.5979409,0.51597303,0.54054666,0.61281085,0.6412269,0.572306,0.68952596,0.57200193,0.63192004,0.66826963,0.6558244,0.5193517,0.5559656,0.5587665,0.5663712,0.5869669,0.6335954,0.53060067,0.51544315,0.5382056,0.6189875,0.5324891,0.5916056,0.54917616,0.6262962,0.51408833,0.57476854,0.614817,0.53564364,0.6191097,0.7070276,0.5450651,0.58646655,0.591449,0.641176,0.64225155,0.6286323,0.55201966,0.54637176,0.51694,0.511399,0.5882717,0.54681826,0.5204792,0.522306,0.5415244,0.54481536,0.5947629,0.5821463,0.50772667,0.5524139,0.52108675,0.4994395,0.51127934,0.49557224,0.52652496,0.5972194,0.58842415,0.5268213,0.5319042,0.60051817,0.5394511,0.5880097,0.55971605,0.5037017,0.54330784,0.49065012,0.50423294,0.54444504,0.62702596,0.5481785,0.5708159,0.6090298,0.5966456,0.55139697,0.60235536,0.563445,0.5231375,0.6106808,0.60721415,0.59599787,0.64102215,0.54739267,0.51965725,0.55387765,0.5538737,0.692819,0.55082905,0.6043708,0.6095804,0.6198982,0.6382079,0.5839158,0.66669905,0.61459094,0.66281945,0.5872616,0.57008404,0.50215995,0.50489295,0.50419146,0.5479697,0.5622882,0.4846796,0.60257155,0.6572106,0.57969904,0.60358256,0.60322565,0.6461814,0.60866636,0.6183632,0.52666616,0.58478945,0.5291768,0.61945575,0.63569236,0.6068461,0.5401216,0.51288635,0.5827382,0.5624687,0.5739886,0.4652134,0.5412946,0.4391425,0.5769121,0.6452819,0.448911,0.5603768,0.50709796,0.5994575,0.5734598,0.59243006,0.53271204,0.60409665,0.5598835,0.5857639,0.59519804,0.6222144,0.64242065,0.63130945,0.5879152,0.6143444,0.65125304,0.5917764,0.6270902,0.48110566,0.5210378,0.5695749,0.5069033,0.51518476,0.5564779,0.5682105,0.65218794,0.70956093,0.69202673,0.555748,0.58177537,0.5892816,0.5704458,0.57552457,0.5414869,0.61261714,0.6306773,0.52535,0.57295156,0.5514466,0.5488366,0.5877369,0.5592422,0.5661246,0.6062808,0.5522682,0.55761075,0.5783962,0.5988357,0.6242934,0.5336945,0.5571628,0.5641975,0.51367694,0.5421968,0.5773167,0.58552337,0.55206305,0.7013985,0.5794292,0.5404714,0.61010265,0.6027649,0.5254012,0.5276875,0.5462481,0.5568058,0.57680666,0.63703007,0.54138255,0.5282064,0.5280199,0.5364767,0.50924885,0.5826739,0.56519306,0.6057758,0.4887925,0.5594353,0.62683666,0.5273379,0.52299076,0.60713404,0.53343433,0.5965947,0.5712663,0.6341728,0.5586654,0.57317626,0.54534703,0.4884724,0.49721053,0.52566916,0.53473943,0.5451622,0.55555505,0.5759712,0.5590277,0.5325545,0.5523552,0.5387021,0.544579,0.5964891,0.5852908,0.53557885,0.54293126,0.5823788,0.57732034,0.57050496,0.5501411,0.536806
391,0.50354195,0.5752723,0.5367057,0.51163095,0.5226909,0.5424072,0.538761,0.5787993,0.5683302,0.51226807,0.52265817,0.5626403,0.5109306,0.5378395,0.52270514,0.5025665,0.56318635,0.6075883,0.5248576,0.5021563,0.54626876,0.5654661,0.57287204,0.537469,0.53359604,0.6103674,0.49377364,0.56307626,0.47421616,0.65028995,0.6022811,0.57496285,0.6168814,0.67648125,0.63140965,0.5752848,0.5182401,0.49574605,0.56709456,0.58789754,0.5647578,0.5923525,0.5333445,0.5200541,0.4735796,0.51823443,0.6546074,0.49266535,0.53027123,0.5709111,0.6097671,0.6296253,0.5713948,0.63591653,0.58832747,0.64658874,0.61233664,0.65015906,0.5020187,0.49174148,0.61820436,0.6599082,0.6599635,0.5728296,0.62864333,0.6856576,0.68428385,0.6558503,0.6796752,0.7397716,0.6865106,0.7253851,0.57844,0.678195,0.65233046,0.6874093,0.72267354,0.610702,0.6649399,0.60098934,0.64737916,0.6491365,0.6451438,0.46837828,0.5492329,0.47707212,0.6736379,0.6701754,0.6073571,0.62018734,0.52534395,0.6176306,0.5610707,0.62314785,0.57576627,0.5732263,0.61289847,0.6024539,0.563942,0.6080352,0.62959903,0.5991754,0.5634991,0.58228236,0.6139098,0.5850306,0.61160904,0.46081707,0.5175387,0.57383525,0.5190974,0.5451717,0.5287422,0.52589786,0.6519452,0.66824013,0.6693973,0.5723273,0.55038774,0.61332786,0.56565624,0.61623317,0.57916343,0.59669584,0.5880521,0.54889303,0.5807492,0.5908816,0.6077944,0.6576842,0.59720325,0.7201796,0.63579816,0.55239683,0.5686731,0.58524215,0.6242189,0.6011306,0.57173526,0.5464204,0.5744594,0.49750543,0.5007037,0.6020407,0.6445897,0.54133177,0.6609953,0.5153754,0.62360144,0.6738816,0.67688715,0.5022759,0.53656334,0.5436153,0.5714828,0.57399666,0.60334575,0.5165223,0.49415895,0.5188739,0.63104296,0.5271214,0.5805206,0.56038827,0.62778914,0.5251733,0.5425158,0.6053807,0.5207706,0.6279312,0.7048116,0.52722067,0.5606309,0.5645803,0.6268513,0.6597424,0.63091284,0.5241654,0.5390805,0.50793004,0.49473196,0.55416507,0.539707,0.5013838,0.4998056,0.5188258,0.5248142,0.59109473,0.57567906,0.4683619,0.520256,0.49836197,0.47737038,0.5183664,0.49941632,0.5095554,0.5850352,0.5736548,0.4983057,0.5215505,0.5812361,0.51320016,0.5559405,0.531697,0.44726935,0.52656263,0.45435283,0.46268302,0.50631905,0.6468767,0.571122,0.58917,0.660932,0.6235388,0.58286315,0.5976979,0.5261091,0.47688937,0.59019274,0.603567,0.5731775,0.6002564,0.522151,0.46610358,0.48495758,0.49096447,0.6682856,0.5235353,0.5727495,0.57810456,0.6132171,0.6252808,0.57640004,0.66159534,0.59603333,0.6537445,0.55565333,0.5628029,0.46793237,0.45892462,0.52239454,0.5467828,0.55225354,0.48571584,0.6415842,0.6731499,0.5661192,0.6121718,0.61310506,0.647193,0.6112975,0.6306026,0.50346434,0.569053,0.5185954,0.61818445,0.6306875,0.5761901,0.51480734,0.47615477,0.57516533,0.53508306,0.5589493,0.4077259,0.5219449,0.39457354,0.55862856,0.6692491,0.42311475,0.55530345,0.47823587,0.60066885,0.5744089,0.6068486,0.49604517,0.5601724,0.5411722,0.569795,0.5762529,0.6131032,0.634416,0.6149192,0.5482464,0.5945863,0.62667775,0.56849426,0.60748047,0.44111004,0.4959981,0.5677953,0.49366468,0.51643664,0.5240101,0.53130174,0.6281163,0.69288826,0.66711164,0.567013,0.5840726,0.59646493,0.566231,0.5754378,0.5258245,0.5820437,0.62006277,0.5229009,0.5555518,0.5467475,0.52875894,0.5784192,0.56540555,0.5772454,0.59832096,0.5467611,0.55813015,0.5450622,0.5616548,0.60315096,0.50748944,0.51493376,0.52600086,0.49036348,0.49219584,0.55808675,0.5816488,0.5132811,0.6808533,0.5231963,0.5170632,0.6155996,0.6090745,0.50688845,0.511752,0.5300545,0.54962915,0.5527493,0.6029474,0.5244644,0.50329745,0.50729734,0.54759127,0.49546057,0.5654585,0.58790374,0.62157774,0.4990656,0.5272485,0.6094962,0.5092528,0.49925274,0.59782255,0.5304594,0.5668271,0.5387195,0.61168045,0.5783287,0.57266986,0.5235297,0.472844,0.50112015,0.5312461,0.5326565,0.54837835,0.5603008,0.57175,0.5529041,0.5158666,0.53890145,0.53921247,0.5439308,0.6040078,0.5894713,0.53354216,0.5436431,0.5711637,0.56562257,0.5695935,0.5476549,0.52953804
392,0.49600223,0.55166656,0.5303573,0.49512407,0.50558275,0.5280866,0.5208658,0.57705086,0.5606281,0.48721305,0.4957743,0.5437276,0.48634914,0.55538034,0.53595936,0.48254257,0.53378046,0.5990507,0.50062084,0.47670877,0.52906185,0.54781234,0.5541186,0.5256883,0.50483614,0.6025657,0.4739928,0.54043084,0.44532055,0.66781855,0.6305177,0.58793825,0.6615986,0.70458126,0.65244067,0.5682866,0.4917382,0.47026068,0.5527043,0.58391994,0.55437535,0.5637302,0.5161521,0.48782128,0.4283427,0.46795195,0.6335672,0.46634188,0.50530636,0.5297641,0.60175145,0.6182398,0.56341475,0.62786454,0.5788241,0.6341499,0.6016937,0.64903545,0.48817945,0.46882227,0.64186835,0.6782967,0.65526724,0.59194905,0.6596308,0.7030567,0.67660224,0.66220975,0.6880032,0.7351935,0.6846652,0.746152,0.5727294,0.66494066,0.6447845,0.6809924,0.71829736,0.5859331,0.6522375,0.5858116,0.6332834,0.63675416,0.62802964,0.43197113,0.52613646,0.45890576,0.672134,0.6850263,0.60307676,0.62067413,0.51762456,0.62156343,0.56008244,0.63156617,0.5446336,0.543693,0.5970158,0.59517014,0.54787815,0.600402,0.62053233,0.5895639,0.5473815,0.56978965,0.59471446,0.56510514,0.5951838,0.435992,0.5001966,0.5716213,0.51616365,0.56339294,0.5070438,0.49818924,0.6286152,0.6374293,0.639404,0.57556665,0.56341565,0.6208083,0.56424326,0.61419916,0.56378645,0.5779976,0.5691308,0.55536675,0.56985104,0.5806685,0.5920817,0.6527784,0.5956089,0.7233818,0.62851834,0.54510504,0.57064253,0.5797461,0.5957785,0.57452935,0.54897326,0.5114105,0.5523615,0.4817815,0.464787,0.58825755,0.64031726,0.5077834,0.6409418,0.47576606,0.61044526,0.671624,0.6855732,0.48550174,0.5174521,0.52690506,0.5707303,0.55310273,0.5682108,0.49227604,0.47051212,0.49788722,0.64101344,0.52390724,0.56884867,0.5697874,0.62582237,0.537459,0.5234573,0.5957086,0.5134731,0.63090044,0.69318736,0.51104224,0.5446747,0.5459314,0.61136174,0.6704922,0.6281609,0.50498956,0.5365125,0.51252866,0.48334694,0.51948303,0.5322234,0.48517692,0.48080668,0.49662128,0.50454086,0.5868985,0.5708512,0.43971884,0.4915376,0.48112187,0.45421505,0.5267687,0.5065835,0.4889379,0.5612211,0.55821735,0.46589795,0.49972752,0.5575711,0.48611864,0.5247612,0.5150936,0.40814906,0.5163311,0.42771325,0.43290713,0.47014347,0.661879,0.5881659,0.60873526,0.7038413,0.6468177,0.6136295,0.5951835,0.50036407,0.44419977,0.5779149,0.60311353,0.5587465,0.5681123,0.50555223,0.42927408,0.42939678,0.43304098,0.64471,0.49188074,0.5401886,0.54221755,0.6054145,0.6137392,0.5696896,0.65678513,0.58375984,0.6438498,0.53395724,0.5586341,0.44778964,0.42905095,0.5477391,0.5520059,0.5463711,0.49376667,0.67389446,0.6854176,0.556395,0.61703056,0.626214,0.6473782,0.6162633,0.63933975,0.4884831,0.55721724,0.51590234,0.6177134,0.6214652,0.5507814,0.4978185,0.44749838,0.5702728,0.5142565,0.5440639,0.36703143,0.5044619,0.36806318,0.54567116,0.6877955,0.410449,0.5537634,0.45779595,0.6001836,0.5742582,0.6223644,0.46345168,0.52165073,0.52348584,0.55392486,0.56354034,0.60418683,0.6309753,0.60483724,0.52292466,0.5807749,0.6099586,0.5505965,0.59087276,0.4152683,0.4822869,0.5675878,0.49055263,0.52794987,0.50515085,0.50463086,0.60764045,0.67451406,0.63855296,0.5755677,0.58607274,0.6035659,0.56055284,0.5732509,0.51616925,0.55687207,0.6078793,0.5163797,0.53336394,0.54561263,0.5136793,0.57362956,0.57149214,0.5867427,0.58850384,0.5412448,0.55722505,0.51565933,0.52904373,0.57454914,0.48795947,0.4814775,0.49164176,0.46986568,0.44351363,0.5420976,0.5757124,0.4714127,0.66320163,0.4799926,0.4995379,0.6184888,0.6094597,0.49030668,0.49701852,0.5113664,0.536026,0.52567583,0.5666003,0.49702647,0.47567156,0.48395485,0.55996484,0.48314473,0.5451708,0.60809296,0.6334801,0.5097186,0.5077912,0.5950696,0.500165,0.4804179,0.5880708,0.52891743,0.54589254,0.5172432,0.5915006,0.5968373,0.5702351,0.50724053,0.46920404,0.5148688,0.5390304,0.5340984,0.5503414,0.5645698,0.56893957,0.54906756,0.5023084,0.5269455,0.5401273,0.5440783,0.6090756,0.5924261,0.5319508,0.5439088,0.5640635,0.5579836,0.56886613,0.54648864,0.5240318
393,0.4946379,0.53069645,0.52481246,0.48498264,0.4945214,0.51521665,0.5037742,0.5749252,0.55611396,0.4726839,0.48199365,0.5277229,0.46574935,0.5708569,0.5466104,0.4617795,0.50721663,0.58918697,0.4759124,0.4480195,0.5085435,0.5330778,0.53740096,0.52853763,0.48935285,0.5904795,0.46771246,0.52887446,0.42785203,0.67132175,0.6441679,0.59862316,0.686458,0.7162754,0.6644937,0.56635267,0.48699355,0.46551964,0.5501087,0.5859366,0.5555711,0.55304384,0.5102811,0.47389495,0.41277796,0.43986946,0.6184989,0.44415915,0.48574898,0.5049644,0.5939111,0.6094218,0.5580964,0.622006,0.5767066,0.62451434,0.5981038,0.6452948,0.49156442,0.46413904,0.6576958,0.68726873,0.6429758,0.609308,0.6793335,0.7123373,0.65979177,0.65722835,0.69072783,0.71970654,0.67334175,0.7514347,0.56781644,0.64448225,0.6302396,0.66803396,0.7012831,0.57152504,0.63247174,0.57214195,0.6159269,0.62305194,0.6080587,0.41909713,0.5064612,0.45432365,0.6635507,0.68931097,0.5934182,0.61485016,0.5149478,0.6214701,0.55821294,0.63521034,0.5209984,0.5280251,0.57757586,0.5839391,0.54238725,0.5963537,0.61832005,0.58688986,0.5474813,0.5659477,0.59022766,0.5575084,0.5861308,0.4293712,0.4996121,0.5715832,0.5191582,0.58487374,0.5043394,0.48894665,0.6155836,0.6197101,0.61741364,0.57634354,0.57093954,0.62354046,0.5593942,0.6105003,0.5514061,0.5692795,0.5537153,0.55592173,0.5611314,0.5709798,0.57464075,0.64061433,0.5915455,0.71484715,0.6159883,0.53943616,0.5713758,0.5780765,0.5756163,0.55369365,0.5329251,0.49418852,0.53773934,0.47371545,0.4439817,0.57469684,0.6284133,0.4827334,0.6341158,0.46496803,0.59292704,0.6590701,0.67862606,0.47196203,0.50310755,0.5124635,0.5652459,0.52893704,0.5381489,0.46413127,0.4503583,0.48104638,0.6434793,0.5232435,0.55975753,0.57540905,0.62099,0.5473826,0.52259654,0.58777046,0.51492864,0.6253009,0.67189705,0.49968478,0.543072,0.54087883,0.5989273,0.67118627,0.61848897,0.500493,0.53887033,0.5293725,0.48027378,0.4934992,0.52571964,0.47613773,0.47059014,0.4803411,0.48876926,0.58280706,0.56864077,0.42853436,0.4742189,0.47278675,0.4362512,0.534812,0.5150005,0.46998352,0.53186965,0.5455064,0.43790784,0.4717928,0.5354596,0.46550232,0.5030257,0.5149623,0.39527628,0.51224023,0.41825613,0.42212826,0.44522798,0.66491956,0.59570324,0.620833,0.7276964,0.6595128,0.6344499,0.5947987,0.49247706,0.43350807,0.57645833,0.6051229,0.5551696,0.5529968,0.5007026,0.417394,0.4032588,0.39833936,0.62829775,0.4644305,0.5154913,0.5128215,0.5983504,0.6059886,0.56487966,0.6525432,0.57963824,0.63399523,0.5277244,0.5579057,0.4474981,0.42205745,0.5740399,0.55909896,0.5417433,0.50686675,0.69270784,0.69196814,0.5489376,0.61455417,0.63616043,0.6426961,0.61899537,0.6387788,0.4822215,0.54829025,0.51912695,0.6140487,0.605721,0.5365203,0.49157813,0.4337776,0.567425,0.5056211,0.529376,0.35217693,0.48972088,0.36469683,0.5385255,0.69576913,0.41269314,0.5527284,0.44853762,0.59762436,0.57225835,0.6323011,0.4427941,0.49910277,0.5082176,0.5381357,0.559315,0.5964968,0.63183117,0.6028618,0.5197861,0.57662886,0.6041037,0.542764,0.58210605,0.40912664,0.48275667,0.5686052,0.49537554,0.54606533,0.50424165,0.49446052,0.59586257,0.6591622,0.6144328,0.5784327,0.58646476,0.60758835,0.5537335,0.56956816,0.51444715,0.5450481,0.5972111,0.5077731,0.5132765,0.54786795,0.50618446,0.57174,0.57489145,0.5905283,0.5774022,0.53588057,0.554948,0.49914518,0.51007575,0.54682124,0.47966424,0.46463656,0.47017488,0.45823637,0.41058943,0.53154606,0.56636703,0.43874106,0.6522907,0.46146014,0.4881053,0.6147839,0.6001254,0.4798708,0.48669314,0.49468297,0.5209726,0.5026909,0.53849816,0.46617508,0.45215937,0.46397465,0.56879115,0.4757484,0.52729505,0.62126684,0.63846856,0.51878065,0.5062792,0.58628756,0.50036687,0.46894157,0.574936,0.5287676,0.5401323,0.51398605,0.5790062,0.60833824,0.56366974,0.5016601,0.47703212,0.53561157,0.54761815,0.53840685,0.55027384,0.56745344,0.5670218,0.5475672,0.49466366,0.51894706,0.5408914,0.544445,0.6098555,0.5927535,0.5306507,0.5432565,0.5621411,0.5557939,0.5681747,0.5464283,0.5209786
394,0.5018095,0.5187054,0.52209806,0.48542556,0.4940296,0.50838333,0.4927274,0.5728516,0.55553025,0.4730614,0.4868354,0.5179371,0.45551524,0.5818037,0.5533623,0.44666612,0.4905024,0.58100057,0.45842323,0.42423257,0.49104694,0.5265775,0.5279742,0.5451143,0.4906313,0.57413507,0.47759485,0.53155214,0.42801386,0.6582726,0.6422502,0.6022601,0.68863744,0.7082034,0.66341394,0.57021797,0.5063177,0.48439336,0.5604625,0.5930478,0.5678589,0.563852,0.5180636,0.4831046,0.43316394,0.44376275,0.6135732,0.43401468,0.47816274,0.5054491,0.58761215,0.60509443,0.5564254,0.619391,0.58262086,0.6199387,0.60163045,0.63921446,0.5130762,0.48064667,0.6616663,0.6830907,0.62257963,0.62257195,0.6852896,0.71232784,0.6338816,0.640961,0.6844572,0.69128567,0.6525086,0.73929507,0.56376576,0.618857,0.6086246,0.64677554,0.6704213,0.57213515,0.6071955,0.56477964,0.59769833,0.61088395,0.58966005,0.43484956,0.49482396,0.4655059,0.64596474,0.68017775,0.57772034,0.5995311,0.5170654,0.6166733,0.55518806,0.62967294,0.5121957,0.53157353,0.55927366,0.57065445,0.5491679,0.59631455,0.6230043,0.59164435,0.5641572,0.5710321,0.6009349,0.56482697,0.58664346,0.44414032,0.5171024,0.5731531,0.5263983,0.60300887,0.5230482,0.5023909,0.61748075,0.62126005,0.610218,0.5742211,0.5711097,0.620444,0.5526821,0.60612744,0.54506487,0.57195383,0.54573244,0.55170023,0.5590048,0.5641885,0.55813307,0.6207446,0.5842098,0.6930555,0.600293,0.5359979,0.570758,0.58208394,0.57043195,0.5459205,0.5280951,0.5007819,0.53623617,0.47755298,0.44643945,0.5649104,0.6111561,0.4749831,0.6417834,0.48817676,0.57272977,0.63575405,0.65593237,0.4654205,0.4978088,0.50434804,0.55834806,0.50843495,0.5223856,0.44016296,0.4401951,0.4740589,0.63462925,0.52620447,0.5560982,0.57617486,0.61443204,0.5521714,0.540962,0.5828301,0.52490264,0.6108578,0.64209175,0.4955038,0.55590254,0.5503625,0.5920667,0.6611022,0.6010999,0.5128756,0.54569423,0.55479646,0.48841286,0.4843645,0.52236015,0.47831157,0.4738904,0.47550672,0.48265547,0.5795071,0.5690886,0.43932658,0.47481507,0.47616994,0.42978582,0.54209083,0.5236353,0.4589029,0.5040791,0.53918874,0.4224539,0.4458652,0.52164423,0.4582106,0.4977666,0.53194296,0.4132299,0.5131681,0.43047827,0.43425387,0.43869302,0.65184695,0.59399897,0.61981195,0.728526,0.6580281,0.6398792,0.5959865,0.5056043,0.4493344,0.58627367,0.6088151,0.56366986,0.5595775,0.5096074,0.43469524,0.41529137,0.3975309,0.62371975,0.44943455,0.5059011,0.4984855,0.5934653,0.6038692,0.56261176,0.64926374,0.58475137,0.6259739,0.53958714,0.5602748,0.46925065,0.44157988,0.5957051,0.5640084,0.53601354,0.5232704,0.6953525,0.69255376,0.54213494,0.6040823,0.6380255,0.63023156,0.61580366,0.6259,0.48466337,0.5413872,0.52604747,0.60407376,0.58268994,0.5374324,0.49759147,0.44006938,0.5664882,0.51273257,0.5160794,0.36825892,0.47905895,0.38685298,0.53704786,0.69022155,0.4296041,0.5492999,0.45122486,0.59318167,0.5678198,0.6315707,0.44017017,0.49974638,0.49763995,0.5231547,0.56523895,0.59102124,0.63590324,0.608668,0.5407663,0.5830722,0.6101396,0.5476389,0.5833125,0.42586842,0.4980385,0.5702417,0.5055551,0.56612986,0.52346164,0.5048643,0.59626746,0.6508936,0.6015245,0.5741134,0.5848479,0.60687375,0.5476763,0.5654363,0.5218758,0.54977137,0.5906379,0.50044703,0.502288,0.5533725,0.50783545,0.5708475,0.57384175,0.5860114,0.5663376,0.5310851,0.5520146,0.50202763,0.51097244,0.5279731,0.48580703,0.46975002,0.46886757,0.46044227,0.40393096,0.5279076,0.55433637,0.4249971,0.65045536,0.47376868,0.48262304,0.60284865,0.58061576,0.47967136,0.4840089,0.48479626,0.5104912,0.49114233,0.5276476,0.440376,0.43984547,0.45350367,0.57122785,0.47729605,0.51723546,0.62416685,0.63519686,0.52443,0.5242732,0.58464915,0.509223,0.46708378,0.5567866,0.52960277,0.551184,0.5303786,0.57692254,0.60968006,0.5518926,0.5090581,0.4941221,0.5592642,0.55544406,0.54489195,0.54795164,0.5681863,0.56590056,0.54849917,0.49514455,0.516941,0.54120326,0.54474705,0.60572684,0.5900774,0.5298523,0.5415032,0.56602734,0.55999875,0.5677126,0.54741985,0.52116895
395,0.51827294,0.5207332,0.52537525,0.49862584,0.5064605,0.51091456,0.49180168,0.57156765,0.559009,0.49032027,0.5120647,0.5155936,0.46051437,0.5875517,0.5565677,0.44359788,0.48777708,0.57703227,0.4547903,0.41259485,0.48256662,0.53132325,0.5300439,0.57143545,0.50784016,0.5534573,0.503213,0.547809,0.44837707,0.6289476,0.6273514,0.59627527,0.6698534,0.67978454,0.6481208,0.5795697,0.54820585,0.52515846,0.58252335,0.6042432,0.5893978,0.5952081,0.53998226,0.51515603,0.48966113,0.48156875,0.62042075,0.4415979,0.4870669,0.5323953,0.5842439,0.60669607,0.5586523,0.6207108,0.59630525,0.6214343,0.61024934,0.63043475,0.5500205,0.5175985,0.6522888,0.66426903,0.5948872,0.6310718,0.6777142,0.7027591,0.5997119,0.6153636,0.6670621,0.64828473,0.6230864,0.7094224,0.5608858,0.5897156,0.5804973,0.6154822,0.62576854,0.5872177,0.57791734,0.5665922,0.5807091,0.60171545,0.5758821,0.47912666,0.4934466,0.4915092,0.6184016,0.6565103,0.5566934,0.5729395,0.52228314,0.60708785,0.55057025,0.61237895,0.5210582,0.55483514,0.5457922,0.55696744,0.5681775,0.60051197,0.6337483,0.60252416,0.5935006,0.5835003,0.624924,0.58555096,0.5958731,0.48058042,0.5502948,0.5759445,0.53666776,0.61349547,0.5621395,0.53864425,0.63403386,0.64175934,0.61867875,0.56980306,0.563818,0.6115943,0.5472352,0.60172755,0.5462109,0.5841229,0.54676545,0.5459501,0.5663158,0.56198967,0.5443686,0.5933616,0.57371324,0.65801615,0.58314705,0.5350047,0.5687276,0.5914883,0.58126193,0.5535823,0.53653073,0.5326899,0.5509178,0.49622792,0.47574696,0.56039286,0.59162235,0.48848537,0.6616118,0.5428262,0.5512938,0.6030176,0.6199029,0.47044423,0.50445575,0.5057006,0.55375576,0.49821883,0.5257687,0.42789713,0.44561443,0.48097727,0.6128706,0.5342321,0.55919373,0.572109,0.6068821,0.55105305,0.57533735,0.58180094,0.541917,0.5892085,0.6053252,0.4993427,0.5794053,0.5716188,0.5909258,0.6416254,0.575985,0.5397838,0.5557519,0.58382934,0.5084431,0.4970947,0.5249596,0.49369845,0.49282622,0.48539427,0.4896259,0.57759315,0.57172906,0.47405896,0.49640164,0.49151364,0.43933132,0.5491692,0.53213775,0.4610026,0.48433313,0.54161984,0.42547685,0.42986396,0.52085584,0.46815252,0.5127741,0.5623595,0.46263945,0.516689,0.4647176,0.4695762,0.45281413,0.6210902,0.5860513,0.6030964,0.7058062,0.64171386,0.62820137,0.5982705,0.53972334,0.49160522,0.60557747,0.61399794,0.58399826,0.5875859,0.53253144,0.48090953,0.467665,0.43386367,0.63212925,0.45285735,0.5158451,0.5030818,0.59154624,0.60817,0.5631485,0.6469336,0.5990829,0.6218233,0.5679264,0.5644677,0.51120067,0.48790255,0.60946256,0.5635744,0.52704674,0.54111385,0.68235964,0.687196,0.53387874,0.58634394,0.628838,0.6081345,0.6034003,0.60031086,0.494121,0.5346506,0.53371084,0.58548206,0.55219924,0.55377597,0.51582485,0.46840525,0.5671631,0.53512174,0.5048345,0.41664594,0.47200197,0.43349117,0.53992134,0.66980594,0.45822397,0.54109496,0.46373183,0.5864863,0.56046385,0.6170655,0.45786795,0.5253999,0.49313378,0.50855815,0.5817084,0.588782,0.6415084,0.61994016,0.58193946,0.59862983,0.627438,0.5650312,0.5933819,0.4658553,0.52595776,0.57216597,0.518639,0.5841055,0.56186813,0.5368548,0.6095618,0.65116155,0.60234743,0.56263745,0.5813531,0.6012849,0.5447964,0.5617397,0.53729427,0.5692254,0.5886687,0.49815977,0.50508934,0.56119204,0.51755506,0.56813735,0.5678602,0.5725949,0.55598205,0.52702695,0.5494167,0.5259848,0.53250396,0.52289206,0.5066984,0.4985926,0.49171057,0.4792149,0.42866364,0.53026843,0.5412022,0.43535358,0.6577423,0.51650655,0.4813729,0.58265626,0.552626,0.49301726,0.49150464,0.48529217,0.509412,0.495728,0.53842473,0.427042,0.44445726,0.45704108,0.56585026,0.49033695,0.5184224,0.6152559,0.62351483,0.5253985,0.5592613,0.58997196,0.52491975,0.47491136,0.5322427,0.5309054,0.57603836,0.56272227,0.5845897,0.6001699,0.53444123,0.52840966,0.5165514,0.58178395,0.56159157,0.55296695,0.5438431,0.56637955,0.5654353,0.55137396,0.50400144,0.52158165,0.541231,0.544986,0.59701467,0.58483046,0.53004634,0.5387681,0.57523894,0.5700738,0.5676177,0.54928994,0.52517474
396,0.5427582,0.5377502,0.5366438,0.5231279,0.5302326,0.52314556,0.50141686,0.57126254,0.56521934,0.52215517,0.55387425,0.51996034,0.48128632,0.5901833,0.5590518,0.45572448,0.49907166,0.57816654,0.46793464,0.4167437,0.48575556,0.5460694,0.5447426,0.60110277,0.5353214,0.530122,0.54138565,0.57336485,0.48824123,0.5901439,0.6063387,0.5833952,0.6376074,0.63691825,0.62319636,0.5930952,0.6060158,0.58122015,0.6128024,0.6179775,0.6169799,0.64091295,0.5725371,0.5639373,0.572251,0.54657644,0.6370826,0.46752393,0.5127489,0.57910395,0.58391523,0.6136892,0.5634742,0.6249994,0.6159245,0.62710243,0.62160337,0.6200777,0.59619457,0.5690569,0.6324291,0.6353054,0.56510204,0.63711977,0.6607041,0.6855551,0.56250155,0.5868355,0.6408945,0.5944264,0.58999425,0.6674806,0.5609493,0.5605603,0.5490987,0.57608956,0.5727328,0.6116211,0.5479508,0.57798153,0.56762505,0.5969793,0.56968343,0.5446498,0.50281113,0.5281744,0.5844156,0.6216135,0.5348332,0.5381181,0.529437,0.5950829,0.5445477,0.58576936,0.5458622,0.5931322,0.54047835,0.546681,0.59563774,0.6079448,0.6478436,0.61640537,0.6279085,0.59981465,0.6573566,0.6144926,0.60982114,0.53346145,0.5924191,0.58036935,0.5499239,0.61655265,0.61378103,0.59100384,0.6595078,0.67413956,0.6377211,0.5649741,0.5517928,0.5988955,0.54677,0.59821105,0.5540539,0.6006678,0.55497295,0.54300416,0.5834592,0.5647839,0.5345256,0.56232625,0.5619634,0.61495656,0.567449,0.5369562,0.5659594,0.60427076,0.60452545,0.57407725,0.55626816,0.584739,0.5813531,0.52929246,0.5296489,0.56188583,0.5754177,0.52152044,0.6876346,0.6165556,0.5323548,0.5673309,0.5791485,0.48966032,0.5226392,0.5169827,0.5551806,0.501076,0.5467819,0.43164924,0.46901286,0.5018631,0.5823787,0.5505703,0.56782967,0.56534773,0.600244,0.5461918,0.61854756,0.58448946,0.5633338,0.5655991,0.56684244,0.50992733,0.60635525,0.59862137,0.59284866,0.6175599,0.5464256,0.5739808,0.5686525,0.61197686,0.538101,0.5302002,0.53481007,0.5203401,0.5247869,0.50898755,0.5094197,0.5767082,0.57536894,0.52826864,0.53564095,0.5156234,0.46470255,0.5577552,0.5409597,0.47736886,0.4761251,0.55207366,0.4482689,0.42858192,0.5328696,0.493958,0.5457245,0.59835535,0.5354475,0.5205784,0.5156643,0.52247363,0.48415092,0.5768105,0.5772413,0.5741412,0.6639674,0.61531377,0.6030367,0.601184,0.59017783,0.5536216,0.6307641,0.62035006,0.6133597,0.63091433,0.5657141,0.5476247,0.5517361,0.5012218,0.64990103,0.47532168,0.5446558,0.52473515,0.59162724,0.6172695,0.56555575,0.64427245,0.6204253,0.62185687,0.6070222,0.56997013,0.5657184,0.5538696,0.6158583,0.5580581,0.5146441,0.55923873,0.65828246,0.6766588,0.52341056,0.56420344,0.60923445,0.5780163,0.58148134,0.5665581,0.50757277,0.5264382,0.53938586,0.558603,0.51628536,0.58095753,0.54319644,0.5150443,0.5694984,0.5683322,0.4963113,0.49073496,0.46699518,0.49731493,0.5460278,0.6363304,0.49257347,0.52768075,0.4815732,0.577712,0.55048454,0.5899444,0.49341398,0.57047075,0.4951096,0.49419823,0.6058361,0.5895494,0.6462227,0.63315016,0.63311017,0.6191536,0.6522662,0.5911616,0.60829324,0.5230829,0.56065494,0.57475936,0.53290075,0.5980749,0.61201054,0.58475673,0.6317568,0.6572974,0.61352307,0.5463509,0.5772544,0.592781,0.546864,0.55897295,0.55690056,0.596395,0.589111,0.50345516,0.52199125,0.5690574,0.53141165,0.5614361,0.55819803,0.55269414,0.5474303,0.5240733,0.54838127,0.5662111,0.56929326,0.5316257,0.53784996,0.5469373,0.537125,0.5131396,0.48321164,0.53586113,0.5302252,0.46919203,0.6702357,0.58016217,0.48247913,0.55736417,0.52116895,0.52024555,0.509034,0.496392,0.51948464,0.5157121,0.56801754,0.42977217,0.4681192,0.47479308,0.55401117,0.51533145,0.53060657,0.59620386,0.6056544,0.521795,0.6036355,0.59970814,0.5442771,0.48994318,0.50266564,0.5322411,0.6074537,0.60225236,0.5975374,0.5820402,0.51265764,0.5549318,0.5404037,0.6013523,0.5663624,0.562199,0.53903496,0.5620925,0.56651986,0.55602956,0.51952237,0.5326659,0.5420028,0.545903,0.5855461,0.5783807,0.53208256,0.5358853,0.58817315,0.5839592,0.5688402,0.55222136,0.5333338
397,0.5727365,0.5660053,0.5545959,0.55469185,0.56064725,0.5424654,0.5183773,0.57041,0.5708202,0.5617009,0.6031452,0.52905184,0.51366943,0.5936077,0.5650442,0.48119053,0.5217213,0.58357066,0.49609485,0.43629858,0.4992059,0.5659583,0.569708,0.6251755,0.5644034,0.5076897,0.5874148,0.60172963,0.5447794,0.5537303,0.58720833,0.57140476,0.603385,0.5922095,0.5976369,0.60801774,0.6678792,0.64296424,0.64557093,0.6309873,0.64496607,0.6909386,0.6081631,0.62021255,0.66177464,0.62589663,0.6596778,0.50680417,0.55160654,0.63592637,0.58487105,0.6235553,0.5674325,0.63015515,0.6372196,0.6336117,0.6340282,0.61184573,0.643756,0.62466794,0.6086029,0.60640955,0.54152405,0.6447815,0.6406748,0.6639076,0.53107965,0.56452423,0.6129592,0.5397468,0.5615123,0.6248982,0.5662381,0.5362651,0.51959133,0.5353022,0.5213475,0.63952476,0.52192694,0.5967481,0.5605645,0.59810233,0.5740188,0.61849236,0.52293825,0.570162,0.5515326,0.5823601,0.519372,0.5027173,0.5392868,0.5846234,0.53799856,0.5568729,0.58186305,0.63918054,0.5463986,0.54583484,0.622701,0.6146796,0.65968335,0.6274478,0.6570614,0.612833,0.6892827,0.6444432,0.621496,0.59206784,0.6341443,0.58679783,0.5662178,0.6154906,0.6641318,0.645726,0.68603885,0.7098775,0.6618403,0.56174546,0.53943396,0.58552486,0.5532949,0.596458,0.565245,0.6131289,0.56517744,0.54555297,0.60792524,0.57105637,0.52880543,0.5346591,0.5513302,0.57281095,0.55705464,0.5421197,0.56349134,0.61785895,0.6355047,0.60305035,0.5816396,0.64597034,0.62358177,0.5719456,0.59975445,0.57075244,0.5692799,0.5681392,0.71258396,0.69166416,0.5219384,0.5385667,0.54624426,0.5205099,0.54822344,0.5352917,0.5648537,0.5155239,0.5800821,0.45152527,0.50795996,0.5324433,0.5524914,0.5784229,0.57901335,0.5594111,0.59726995,0.5417003,0.6610715,0.5877906,0.58547807,0.54703325,0.5348313,0.5237848,0.6264781,0.62202466,0.5923379,0.59480554,0.5188698,0.6056143,0.58507544,0.63639176,0.57329386,0.57544225,0.5498997,0.55314744,0.5631913,0.5411467,0.5375853,0.57490623,0.57727885,0.58968914,0.5833002,0.54368865,0.5007239,0.5700175,0.55137277,0.5038403,0.47940454,0.56732583,0.4864013,0.44272134,0.5524666,0.529122,0.58862746,0.6285613,0.6141597,0.52471983,0.5746422,0.58216566,0.5264827,0.52900755,0.57271165,0.5423025,0.61268914,0.5883522,0.57257897,0.6031813,0.6468866,0.6229965,0.6563441,0.6256445,0.6453783,0.6791311,0.6013488,0.61980015,0.6472394,0.58460426,0.6713627,0.5114722,0.58648324,0.55811614,0.5910814,0.6275018,0.5669806,0.6396673,0.64364094,0.62402827,0.649223,0.5779993,0.6208191,0.62452126,0.61855054,0.5516125,0.50158817,0.5782334,0.6298859,0.66226315,0.5127991,0.5423553,0.5838738,0.54499424,0.55452585,0.53312343,0.5229289,0.5167652,0.54221815,0.52680063,0.47960785,0.61190134,0.57338446,0.57027775,0.57396036,0.60652804,0.4922078,0.5755877,0.46435744,0.5665967,0.55511874,0.5946942,0.52745247,0.51163477,0.50117075,0.56827587,0.5390153,0.5558991,0.5408958,0.6241307,0.5035263,0.48213837,0.630218,0.59029055,0.64601463,0.6431677,0.6795056,0.63669825,0.67653483,0.61923045,0.62151825,0.58539593,0.5943021,0.5782731,0.54747987,0.6080331,0.660472,0.63516146,0.6548907,0.66478264,0.6294433,0.5294642,0.5742418,0.5842627,0.5538552,0.5570251,0.5759441,0.6201048,0.5878837,0.51614463,0.5486873,0.573812,0.5449367,0.5507295,0.54695004,0.53031486,0.5424463,0.5228073,0.5498024,0.61362875,0.61311555,0.55037504,0.5713131,0.60489666,0.59734315,0.5562894,0.5587015,0.5428722,0.52591467,0.520525,0.68139285,0.6488135,0.48619148,0.532867,0.49335083,0.5568996,0.5331199,0.5141862,0.53877574,0.54574484,0.60817176,0.44746324,0.50777704,0.5020583,0.54019165,0.5509536,0.5499633,0.57150424,0.5855684,0.5157216,0.6462783,0.60862225,0.5636322,0.5097526,0.4731997,0.5335312,0.6345257,0.6357579,0.60820025,0.55890834,0.48980054,0.58113253,0.56426734,0.61860555,0.57089865,0.5721559,0.5345212,0.5556114,0.57072014,0.5631204,0.5394214,0.5495719,0.5446778,0.5486338,0.5739646,0.5722781,0.5366924,0.53383046,0.6020812,0.59856063,0.5728885,0.5568799,0.54525334
398,0.6045203,0.59883595,0.57555145,0.5886766,0.5925487,0.56487757,0.5386618,0.56715536,0.5728048,0.6005335,0.64900124,0.5389482,0.5523178,0.59958494,0.5762629,0.5154933,0.5532022,0.5909909,0.5348235,0.46851316,0.5195188,0.58525175,0.59952956,0.63487667,0.5864506,0.48821637,0.63510555,0.6256812,0.61192554,0.52722704,0.5728709,0.565761,0.5743234,0.5557379,0.57728815,0.62111187,0.7214684,0.7001961,0.6744552,0.6392958,0.66628575,0.7357727,0.63906044,0.6749186,0.740581,0.7060089,0.68456304,0.5523816,0.599065,0.69479316,0.58572435,0.6339996,0.56736964,0.6347959,0.65516794,0.6388908,0.6443623,0.6074941,0.68458396,0.6732199,0.5852998,0.5836663,0.5278496,0.65378255,0.62032646,0.6376665,0.51037467,0.5522798,0.587683,0.4925036,0.54186153,0.58880895,0.5749921,0.51829803,0.49410108,0.4985578,0.47902098,0.66637826,0.50085706,0.6175332,0.55786324,0.6027649,0.5878973,0.6871402,0.55150306,0.6111678,0.5241449,0.54318094,0.5140414,0.4729707,0.55168045,0.5770544,0.5316456,0.5307065,0.62267894,0.68590665,0.56310153,0.55666894,0.64007896,0.6153812,0.6632045,0.6290481,0.67156005,0.6143171,0.7107971,0.6683763,0.62372637,0.6446279,0.66638905,0.59386694,0.5823426,0.6111919,0.7013495,0.68887126,0.70770013,0.7433142,0.68863475,0.5603148,0.52946335,0.5731478,0.5651825,0.5959011,0.5742623,0.6132976,0.5712829,0.5528777,0.63503575,0.57700294,0.52498215,0.51429385,0.5419999,0.53627765,0.5532406,0.5492135,0.5612237,0.6290448,0.668836,0.63632405,0.6054011,0.7039732,0.6697394,0.61721534,0.6737486,0.5866305,0.57531595,0.62126786,0.7307663,0.753974,0.52291363,0.52149284,0.52796376,0.55662584,0.57561046,0.55617404,0.5818589,0.53801215,0.6198801,0.4850739,0.5557811,0.5671583,0.52961326,0.61565775,0.5895431,0.55633813,0.5984045,0.5401973,0.6937373,0.58714545,0.60291165,0.5363827,0.5133316,0.5364731,0.6305321,0.6326209,0.5834722,0.57456434,0.49839365,0.62664646,0.6026671,0.6533892,0.6091821,0.62249714,0.56643856,0.5867901,0.60087144,0.57515156,0.56741595,0.57040876,0.5747743,0.644793,0.6293676,0.57040113,0.54144025,0.5864423,0.56428283,0.53498816,0.49310663,0.58354735,0.5328248,0.47023296,0.57258284,0.565382,0.6321246,0.6424403,0.6815878,0.5292596,0.6334059,0.6372133,0.5751247,0.4866061,0.57392496,0.51541924,0.5605974,0.56833935,0.5437301,0.60258895,0.6982932,0.68696773,0.67666227,0.6265598,0.6724182,0.7225441,0.6317019,0.68411696,0.7338564,0.66868407,0.6927571,0.5541473,0.6341634,0.5983694,0.5883766,0.6359703,0.5648364,0.6329605,0.6630508,0.62554973,0.6866066,0.58847445,0.6655897,0.68504184,0.6195041,0.5469152,0.49066317,0.59751666,0.60120314,0.6433943,0.50477296,0.5240784,0.5572043,0.5135632,0.52729654,0.5063456,0.5386991,0.5062587,0.5416307,0.4937253,0.4470003,0.6404684,0.59839803,0.6228185,0.5795259,0.6435685,0.49375492,0.655356,0.4659243,0.62978315,0.56567055,0.54967815,0.56010836,0.49670905,0.52099746,0.5588509,0.52729046,0.5201398,0.59364516,0.67650425,0.5177553,0.4750232,0.6465093,0.5866866,0.6364437,0.6443487,0.7085588,0.642596,0.6916707,0.641928,0.62629914,0.64027846,0.6195719,0.58157235,0.5599758,0.6127982,0.695541,0.6741322,0.67168224,0.67072046,0.64719355,0.515767,0.57231057,0.5765136,0.56383854,0.55520666,0.5895154,0.6304236,0.58060867,0.534191,0.57963544,0.57193816,0.5543068,0.5369681,0.5352283,0.5081755,0.54161525,0.52315426,0.55325127,0.6593762,0.65646905,0.5744876,0.59909713,0.6609555,0.6608845,0.60140926,0.64216274,0.5512649,0.53091156,0.5813074,0.68623084,0.70872515,0.49375144,0.51363444,0.47434112,0.5957052,0.5589007,0.5332882,0.5639671,0.5792174,0.650141,0.47677,0.5563407,0.53262687,0.5286369,0.5939146,0.5713804,0.5452617,0.56609005,0.50965804,0.67729294,0.6112491,0.57905424,0.53269935,0.4486928,0.53472555,0.6468866,0.65130055,0.6092559,0.53289086,0.46942192,0.600205,0.5864867,0.6321543,0.5750215,0.5812423,0.53068125,0.5472234,0.57678604,0.57170874,0.5610835,0.56996846,0.548934,0.5531452,0.5635129,0.5668017,0.54349923,0.53249824,0.6126762,0.609853,0.5795665,0.56324923,0.5590447
399,0.63319474,0.62764907,0.5961553,0.62036335,0.6209975,0.58599234,0.5586626,0.56216687,0.57144505,0.6300803,0.6806201,0.54553133,0.5914032,0.6060314,0.5910562,0.5523222,0.5884387,0.5974523,0.5769784,0.5073091,0.54133946,0.5987545,0.6259403,0.62623274,0.59544027,0.47365627,0.67650557,0.638697,0.6787893,0.5141374,0.5643908,0.5661282,0.55335194,0.5322484,0.5641202,0.63063735,0.75774354,0.74288946,0.69440806,0.64047587,0.67592007,0.76800394,0.65957916,0.71925616,0.7972484,0.7736644,0.7073123,0.594503,0.64635533,0.74613535,0.5870788,0.64340955,0.56393933,0.63850975,0.6664875,0.6422579,0.64786637,0.6047247,0.7104231,0.70515066,0.5642665,0.56692845,0.5233128,0.6589812,0.5992268,0.60501385,0.50239897,0.54953194,0.5660984,0.4591129,0.53198475,0.56096774,0.58286345,0.50674665,0.47353542,0.4698177,0.45158818,0.6874404,0.4840233,0.63304734,0.55618685,0.60517246,0.6063824,0.7384781,0.58254176,0.6429479,0.5042786,0.50767654,0.51893765,0.45385718,0.56316805,0.57058436,0.52641505,0.5093744,0.66011107,0.7257984,0.5867524,0.5765267,0.6437361,0.60755754,0.65597284,0.6188467,0.6663049,0.6006833,0.7156442,0.6804716,0.61316556,0.6808866,0.6812568,0.59844285,0.5914139,0.6007328,0.7198107,0.7116278,0.7206276,0.769522,0.7149404,0.55956364,0.5232376,0.5623012,0.5797034,0.59543616,0.5765081,0.5980144,0.56958455,0.5633184,0.65945923,0.5792008,0.52088845,0.50302243,0.5338862,0.5082106,0.5550648,0.5556307,0.5581991,0.6335008,0.6972572,0.6679379,0.62028986,0.74705225,0.70912427,0.65756214,0.7376229,0.60614187,0.5908266,0.67219776,0.7385745,0.7947182,0.53448445,0.51708615,0.52650887,0.5905007,0.5996591,0.5751421,0.6041565,0.5626031,0.6578771,0.525545,0.60159636,0.6003825,0.5166261,0.65427154,0.5965479,0.5560463,0.6018807,0.5406947,0.7092351,0.5812548,0.6087948,0.53350246,0.50243664,0.54446745,0.61507994,0.6258209,0.56432706,0.55678326,0.48823434,0.6321428,0.61475587,0.65673584,0.64033186,0.66037285,0.5817214,0.61640775,0.6310779,0.6039008,0.5919248,0.56438524,0.56861687,0.6830161,0.6643232,0.59044784,0.58107686,0.604066,0.57880044,0.56576866,0.5141265,0.59671754,0.5782947,0.50549656,0.5858237,0.5939533,0.6663001,0.6348213,0.7261084,0.53375286,0.68333715,0.67714673,0.6260446,0.45785508,0.58142936,0.49709445,0.5163017,0.55805755,0.5214945,0.6003138,0.7348693,0.7346926,0.68825924,0.6217111,0.6888638,0.7538442,0.65157396,0.7313377,0.7980178,0.7399042,0.71147984,0.59464365,0.67844623,0.6389039,0.5851345,0.64182216,0.560181,0.62621707,0.67504555,0.6252552,0.71134603,0.5976246,0.6921818,0.7251401,0.61682343,0.54262555,0.48304147,0.61282367,0.5748884,0.61862487,0.50205475,0.51282966,0.5332908,0.48836696,0.5038886,0.4899315,0.55306655,0.49608588,0.5369881,0.46392992,0.42408562,0.6615215,0.61105794,0.6618221,0.58358604,0.67134094,0.5011222,0.71658826,0.47257644,0.6757266,0.57416403,0.5080704,0.58644813,0.48690197,0.53820276,0.54850835,0.51685625,0.48667395,0.64305073,0.7196939,0.5368181,0.47564238,0.650534,0.5774926,0.6169133,0.63484323,0.71362007,0.6330345,0.69316226,0.6532899,0.61911625,0.6773749,0.6296826,0.5824519,0.56499773,0.6089154,0.71147066,0.692947,0.67829007,0.6743481,0.66536593,0.5084081,0.57071835,0.5689242,0.57518065,0.5531192,0.5937752,0.62329715,0.5658141,0.55552435,0.6098035,0.56203574,0.5571006,0.5230717,0.52433926,0.48935834,0.5445756,0.5244933,0.557141,0.69495934,0.69167614,0.59817624,0.6146548,0.70368624,0.7141716,0.6414336,0.71747833,0.56103617,0.5448719,0.64045966,0.6834453,0.7506797,0.5057022,0.5037986,0.46876073,0.62872136,0.58165747,0.5488291,0.59277356,0.6082053,0.684811,0.51111734,0.6031773,0.5605813,0.5228871,0.63815784,0.5892596,0.52114815,0.5497995,0.50453085,0.6901514,0.6059289,0.5857098,0.5560868,0.4325731,0.5353688,0.6393939,0.6434712,0.59772027,0.5079125,0.45559567,0.60757536,0.6016543,0.6358732,0.5759905,0.58618575,0.52775884,0.5378722,0.5805755,0.57847816,0.5806025,0.58917964,0.5527735,0.55795574,0.5548373,0.5619273,0.55077237,0.5311987,0.615265,0.61374015,0.58662367,0.5699463,0.57153535
400,0.6531791,0.6447966,0.61377275,0.64455974,0.6411021,0.6012955,0.5746772,0.5582891,0.5697405,0.6438223,0.69044095,0.54723424,0.62387514,0.6096598,0.6063445,0.58383745,0.6189064,0.60001475,0.6125132,0.543022,0.55828387,0.60291827,0.64091253,0.6024136,0.5905993,0.46787414,0.7047341,0.6374621,0.7327975,0.5159026,0.56338817,0.5695765,0.5423114,0.5225509,0.55912745,0.6362888,0.77228475,0.764393,0.70239586,0.6344157,0.6723787,0.7828321,0.66662407,0.7464327,0.8277869,0.81933177,0.7225516,0.62268305,0.68168366,0.78061783,0.5903218,0.65012515,0.56086576,0.6409879,0.6694981,0.6432197,0.64143556,0.599999,0.7161663,0.71547824,0.54755086,0.555619,0.5256978,0.65637505,0.57787275,0.5670508,0.50749,0.55464655,0.54988825,0.4447785,0.53234106,0.54135704,0.5872705,0.50187963,0.45978242,0.45334828,0.4427162,0.69771695,0.47216064,0.63699865,0.5530173,0.5996556,0.62246025,0.76538926,0.60834616,0.6597446,0.49424344,0.48070395,0.5323156,0.44972718,0.56961757,0.56217587,0.5232979,0.49484134,0.68564445,0.7516478,0.6111035,0.60019124,0.6349703,0.5931978,0.6402372,0.6004111,0.6424017,0.57587683,0.7024053,0.6776127,0.5916742,0.6950693,0.6747876,0.59738034,0.58869,0.58278424,0.71854144,0.71117985,0.72239226,0.78373533,0.7350508,0.5581267,0.5213844,0.55370593,0.59403753,0.59362936,0.570485,0.5713156,0.5603576,0.5750362,0.6758609,0.5766093,0.5168779,0.5021746,0.52793384,0.49217668,0.56002504,0.5586245,0.55347866,0.62764466,0.71312994,0.690404,0.62168986,0.7680011,0.73252654,0.6863284,0.78052586,0.62370074,0.609545,0.7107461,0.73411274,0.81064284,0.55314296,0.5249011,0.54077727,0.6153405,0.6162273,0.5881076,0.6280553,0.5820718,0.6845341,0.56153595,0.6336404,0.6263887,0.5156316,0.6846703,0.5979734,0.5569878,0.60476357,0.5403006,0.70392954,0.5730917,0.5991792,0.53726065,0.5001404,0.5465018,0.5846139,0.60386884,0.53899115,0.5434647,0.48964524,0.6211658,0.616173,0.6433245,0.6612471,0.68042797,0.59423804,0.6375171,0.6485102,0.6214768,0.60567915,0.5602283,0.5627759,0.6988416,0.6805942,0.6005648,0.6131351,0.6179209,0.59253305,0.5910259,0.5363635,0.60330594,0.6124552,0.53922826,0.58724254,0.6082845,0.68323517,0.60820913,0.7431373,0.5383459,0.7168615,0.69555414,0.6727161,0.44991136,0.5948938,0.4886063,0.48841637,0.55584455,0.51027006,0.5991601,0.7510957,0.7597287,0.6901194,0.61244714,0.69206125,0.7680904,0.6583877,0.75654495,0.8348361,0.7885725,0.7243225,0.6239211,0.70926976,0.67097086,0.5845918,0.6451688,0.5569545,0.62214875,0.6778692,0.62321126,0.7183585,0.600554,0.69710356,0.7403972,0.60874575,0.5372469,0.47919065,0.62024426,0.55369407,0.588079,0.506835,0.5121632,0.51723444,0.47416878,0.4896454,0.4853577,0.5646255,0.4880865,0.5289944,0.44242853,0.4156416,0.6708068,0.6082585,0.6797902,0.5830441,0.68222195,0.5131137,0.75172013,0.4836499,0.698131,0.5770554,0.47817165,0.60327697,0.48590964,0.5493302,0.5358223,0.50939244,0.4605406,0.6793251,0.74752414,0.558148,0.4858663,0.6426574,0.5654293,0.5922153,0.6178361,0.69429964,0.6111389,0.6810097,0.65058005,0.6011157,0.691224,0.62137055,0.579083,0.5590863,0.595013,0.7073247,0.6887918,0.67367816,0.67538625,0.6812735,0.5090201,0.5694048,0.5615765,0.5864577,0.5506064,0.58795774,0.60188115,0.54657626,0.577156,0.63391924,0.5463744,0.553897,0.5141347,0.51629096,0.47806534,0.54979885,0.5260673,0.55946124,0.71347034,0.71183014,0.6150273,0.6149864,0.7252223,0.7463209,0.66990256,0.77041835,0.57098675,0.56386983,0.68519604,0.6742889,0.7700024,0.52131563,0.50663483,0.47933313,0.6492388,0.597387,0.5573344,0.6218144,0.6252831,0.7042218,0.5407689,0.63679135,0.5806612,0.52569467,0.67511386,0.59873784,0.50272775,0.5390473,0.5004097,0.68268883,0.5954105,0.5800366,0.57695824,0.42684883,0.5350373,0.6143964,0.61516356,0.57672465,0.49056584,0.45189002,0.6017358,0.60541075,0.62491435,0.5712423,0.584241,0.5258225,0.52922493,0.57857376,0.580227,0.59378386,0.60202765,0.5538673,0.5610941,0.54881924,0.55813664,0.5561772,0.52959937,0.6072572,0.60791755,0.59114635,0.5747062,0.5794406
401,0.65966964,0.6471005,0.6252787,0.65647566,0.6489318,0.60729045,0.58349866,0.5580101,0.5707923,0.6403496,0.6781119,0.54529566,0.64318866,0.6082773,0.6180755,0.6035739,0.63780665,0.5969846,0.6329715,0.5666048,0.56607795,0.5975519,0.64052796,0.5734873,0.57663363,0.47329572,0.7165911,0.62414515,0.7655076,0.52866054,0.568965,0.57298523,0.5403788,0.5226379,0.5608233,0.6380661,0.7651335,0.7635831,0.69759613,0.62321764,0.6573576,0.7787027,0.6600561,0.7537435,0.83391595,0.840996,0.7263917,0.63254136,0.69823444,0.7942529,0.595957,0.6527073,0.5616216,0.6413731,0.66351753,0.6411158,0.62598187,0.59187233,0.7023659,0.7049729,0.5372436,0.5502625,0.5315346,0.64643526,0.5582536,0.5286688,0.5209714,0.5641016,0.54115665,0.44870403,0.5403404,0.5281979,0.58803034,0.5022379,0.45378855,0.45064002,0.44960356,0.6942084,0.46598336,0.6276623,0.5467525,0.58422107,0.6296568,0.76701313,0.622581,0.66113603,0.4940874,0.4651954,0.54971015,0.46025088,0.5691304,0.55010504,0.52235955,0.4883677,0.6940482,0.75955284,0.62864095,0.62091696,0.6180435,0.5776874,0.6212088,0.5810064,0.60841435,0.550381,0.67452234,0.6613352,0.56586325,0.6875763,0.6495625,0.5899487,0.5761269,0.5609922,0.699249,0.6901961,0.7127429,0.7834164,0.7438509,0.5549462,0.5233504,0.54777837,0.60456395,0.58892244,0.5580786,0.5438248,0.5477899,0.58548903,0.68110716,0.57045513,0.51463395,0.50989085,0.5246937,0.48868018,0.5638822,0.55682707,0.5468952,0.611681,0.7119093,0.6987502,0.61057216,0.7660564,0.7360808,0.6999782,0.79911894,0.63332564,0.62299335,0.7300047,0.71745044,0.8027851,0.5722541,0.5403689,0.56302285,0.627182,0.6226425,0.59299767,0.6476711,0.5913115,0.69439995,0.5832653,0.6454726,0.6414605,0.5251135,0.7001402,0.593991,0.5571853,0.60423815,0.53743124,0.67984176,0.5674274,0.576837,0.5442762,0.5026835,0.54402095,0.5511088,0.57634795,0.51606435,0.53622425,0.49990836,0.59861535,0.6077089,0.61806613,0.667644,0.68009377,0.60230684,0.6465894,0.65076673,0.6251817,0.6068909,0.5604295,0.56114686,0.69292367,0.676482,0.6008969,0.6318218,0.62406677,0.60267174,0.60643053,0.5542324,0.6018942,0.6289665,0.5621856,0.57714313,0.60742587,0.6806886,0.5736127,0.73469126,0.54373586,0.7310009,0.6931472,0.7074104,0.46330598,0.61084855,0.48921326,0.4794781,0.5568449,0.5114372,0.60051507,0.74628145,0.761428,0.6827628,0.60146326,0.68222743,0.7634801,0.65191776,0.7593305,0.8462656,0.8125062,0.7280405,0.637632,0.72140545,0.68849754,0.5885191,0.6458067,0.55851954,0.62117445,0.67094225,0.6190334,0.70767194,0.5956472,0.68219244,0.7318934,0.5966028,0.5323747,0.48003525,0.6200083,0.53896457,0.55508375,0.51866215,0.5220914,0.51287085,0.4731206,0.48899862,0.49068582,0.5731578,0.48482364,0.5201411,0.43288356,0.42232943,0.6666794,0.5934409,0.6766756,0.576881,0.6742442,0.5269117,0.76054007,0.49726027,0.69822145,0.5737739,0.46451187,0.6109684,0.49450806,0.55338514,0.5212622,0.5060218,0.44670781,0.6967189,0.7571766,0.5774271,0.5043716,0.6258393,0.5548855,0.56957155,0.5990524,0.6578836,0.5857512,0.65863776,0.6360541,0.5780253,0.6829735,0.598551,0.571594,0.5454724,0.5751564,0.6853807,0.66472375,0.65916616,0.6728784,0.69105595,0.5161538,0.5687982,0.5554105,0.5953599,0.54774964,0.57530355,0.5759862,0.5289952,0.594798,0.6482532,0.5301431,0.54815924,0.51398623,0.5124796,0.4770281,0.55456376,0.52736485,0.5590711,0.71291614,0.7139533,0.6214025,0.60268223,0.7243794,0.7541568,0.6832769,0.79609597,0.5789556,0.5814927,0.70826006,0.66066813,0.7665687,0.5384211,0.5210456,0.50275654,0.6542345,0.60364825,0.5583452,0.645617,0.62678677,0.7050395,0.5582366,0.65032333,0.5904205,0.5367945,0.6977758,0.5987574,0.4919903,0.5343794,0.49777514,0.658467,0.5846343,0.56378484,0.59320426,0.4317451,0.53394634,0.5821833,0.5782244,0.55460113,0.4855989,0.45871714,0.5856142,0.5993184,0.6018477,0.5614922,0.57574177,0.52474,0.5229017,0.5703424,0.57609516,0.5983382,0.6053713,0.551282,0.5612229,0.54562336,0.5557548,0.558004,0.5279019,0.5902115,0.59341264,0.5910984,0.5757224,0.5809622
402,0.65011746,0.6353152,0.628417,0.6532865,0.6426087,0.60253924,0.5840236,0.56179214,0.5758814,0.6226883,0.6492421,0.5416445,0.64574426,0.6005721,0.62216157,0.6083904,0.6427601,0.5885169,0.63546336,0.5736952,0.5635268,0.58534354,0.6250153,0.552112,0.5603277,0.4883079,0.7122487,0.60495603,0.7745784,0.54449743,0.5776449,0.5732078,0.5438678,0.5252528,0.5649189,0.6350731,0.73886025,0.7424873,0.6805703,0.6099263,0.6347823,0.7561495,0.64212877,0.7413424,0.8180217,0.8406765,0.7175454,0.6260319,0.69553894,0.7869559,0.6031395,0.6503981,0.5675536,0.63836646,0.64907205,0.63577527,0.6050642,0.58058405,0.67339575,0.6779771,0.53335106,0.5504091,0.53721833,0.631969,0.5420555,0.49568254,0.5352046,0.57306725,0.54040325,0.46471295,0.5505245,0.5182159,0.586315,0.50494015,0.4551052,0.45960292,0.46508893,0.676633,0.465095,0.6078354,0.53730917,0.5605559,0.62437445,0.7450891,0.6222217,0.64959073,0.50115734,0.46096298,0.5652854,0.48050004,0.5620795,0.5347577,0.5227104,0.48966262,0.68410575,0.74916667,0.63378143,0.6326708,0.59877825,0.56749487,0.60453504,0.56780195,0.5771364,0.53587717,0.63975614,0.6370376,0.5442029,0.6630142,0.6132052,0.5779044,0.56007254,0.5411272,0.6660139,0.6555487,0.6936551,0.76842326,0.7388898,0.5496604,0.52790433,0.54394776,0.6085057,0.5806358,0.5434742,0.5275852,0.53750765,0.59289396,0.67576534,0.56331766,0.51525134,0.5216255,0.5238987,0.494752,0.5625407,0.5508082,0.5392063,0.5889694,0.69269,0.69202495,0.5921583,0.74375093,0.72061956,0.69882435,0.79518557,0.630649,0.6241502,0.7285032,0.69114494,0.7733322,0.58489317,0.556497,0.5825702,0.62557405,0.6188423,0.5910946,0.6584104,0.58833927,0.68684226,0.58720684,0.637412,0.64594096,0.53948605,0.6980351,0.5870469,0.55524254,0.59879863,0.53216404,0.643863,0.56839365,0.54928094,0.5498852,0.5057685,0.53996944,0.52848303,0.55608195,0.50414634,0.5351207,0.51359504,0.573167,0.59360397,0.5901466,0.6575128,0.6613265,0.604958,0.6418749,0.63797253,0.61542314,0.59759676,0.56483597,0.56523705,0.6697035,0.6558932,0.59351945,0.63420963,0.6206181,0.6069346,0.6095825,0.5649173,0.5935128,0.62725353,0.56915766,0.5593132,0.5945682,0.66101927,0.54605585,0.70608914,0.5498151,0.7267937,0.67556214,0.72536176,0.49159577,0.624847,0.49576783,0.48574632,0.55534184,0.5221225,0.6026446,0.7227986,0.74230605,0.6668874,0.5909455,0.6619323,0.7406116,0.63394916,0.74157137,0.83513343,0.8140345,0.7207271,0.6364226,0.714922,0.6899383,0.5959764,0.6429915,0.5657739,0.62096965,0.6549881,0.61255234,0.6828328,0.5842665,0.6529527,0.70391387,0.58289975,0.53049237,0.48639345,0.614326,0.5300684,0.5249872,0.5342122,0.53887695,0.52057046,0.48391587,0.50238067,0.5012069,0.5795043,0.4885156,0.513536,0.4368266,0.4409678,0.6505729,0.57423556,0.6580604,0.56694335,0.6504156,0.5391119,0.746171,0.5105048,0.6807918,0.5661141,0.4665259,0.6108061,0.5099452,0.5514194,0.5069314,0.50691205,0.44715852,0.6945253,0.74906987,0.5904868,0.5269329,0.6048531,0.5502584,0.5548111,0.58392686,0.6179072,0.5672404,0.6319642,0.6155185,0.5577421,0.65821725,0.5699323,0.5614888,0.5313054,0.5559281,0.65088296,0.6288805,0.6385071,0.66618437,0.69184417,0.52626234,0.5689906,0.551144,0.59996814,0.5449702,0.561023,0.55767983,0.5187748,0.60535353,0.6528364,0.51906586,0.54367983,0.52288973,0.51322395,0.48577756,0.55602396,0.528063,0.55622345,0.6951928,0.6986732,0.6174269,0.5838629,0.70436114,0.7400108,0.68218243,0.7966055,0.58251905,0.59175366,0.7094865,0.64501923,0.74270725,0.55392414,0.542036,0.5310614,0.64445126,0.60073036,0.55478287,0.6601525,0.612586,0.688252,0.561407,0.64341134,0.5915379,0.55264145,0.7034883,0.5922481,0.48881996,0.5344549,0.49693426,0.625469,0.57844543,0.54334766,0.6027136,0.44546762,0.5326518,0.5564798,0.5489158,0.54063165,0.49380413,0.47297984,0.56538415,0.58817565,0.57398355,0.54940337,0.56314653,0.5241877,0.519625,0.5576844,0.5670346,0.59409213,0.5986682,0.54570657,0.5579973,0.544228,0.5543703,0.5557019,0.5264395,0.5687478,0.57374096,0.58566236,0.5721965,0.5761875
403,0.625188,0.61246175,0.6231838,0.6349928,0.62275535,0.5877707,0.57744724,0.56804687,0.5840555,0.59687424,0.6129357,0.5375056,0.6320239,0.5858283,0.6157766,0.5991278,0.63486737,0.5759199,0.62263983,0.5657497,0.5520544,0.5698659,0.59766376,0.54809487,0.5474689,0.50805926,0.69403887,0.5868673,0.7604445,0.55545765,0.5844281,0.56784815,0.5474381,0.52347845,0.5664211,0.62625426,0.69900066,0.70519376,0.6536224,0.5972707,0.61021876,0.7179708,0.6169021,0.7110285,0.78177536,0.8196712,0.6964555,0.6086579,0.6768898,0.7593436,0.6096426,0.64270425,0.5776704,0.6302063,0.62843525,0.62707275,0.5828659,0.56619775,0.635931,0.64128536,0.53318447,0.55287355,0.540214,0.61471325,0.5291611,0.4719581,0.5440881,0.5764614,0.54535913,0.48499677,0.5570787,0.50783163,0.5831222,0.50724983,0.46284866,0.4761959,0.4819109,0.64685184,0.4684605,0.5822019,0.526733,0.5322716,0.6059556,0.7027687,0.60736763,0.62816966,0.51200724,0.46582758,0.57382804,0.50395155,0.55013967,0.5179427,0.5232554,0.4971954,0.6578342,0.7223601,0.6242722,0.631284,0.58341736,0.56683546,0.5940132,0.5650844,0.55968,0.5396818,0.6081237,0.61161155,0.53368765,0.6288181,0.5756799,0.5640299,0.54664916,0.52757233,0.62611544,0.6174296,0.66798025,0.73968816,0.719419,0.5425219,0.5335726,0.5406453,0.6051501,0.56926507,0.53149295,0.5305687,0.5336481,0.5965206,0.6627719,0.5577004,0.5186631,0.53278774,0.5250436,0.5060324,0.5539402,0.54256505,0.5316468,0.5635806,0.65739715,0.67193615,0.5727468,0.7052981,0.6899433,0.6857733,0.77192235,0.6138693,0.6096494,0.70854044,0.65967333,0.72601956,0.586935,0.5674978,0.5911689,0.61350363,0.607815,0.58578235,0.65834785,0.57369685,0.663987,0.57636476,0.61508423,0.6430144,0.55217695,0.67866504,0.57990605,0.5505886,0.5881683,0.5250714,0.60582745,0.5773934,0.52483904,0.5501884,0.5055836,0.5372816,0.5265642,0.55322784,0.50797415,0.53848314,0.52539283,0.55349797,0.5774075,0.5669346,0.6319144,0.62891984,0.6027301,0.6239317,0.61242944,0.5950772,0.58231026,0.57106096,0.573986,0.6361195,0.62617457,0.5805412,0.6213317,0.60754174,0.6039105,0.60094446,0.5683121,0.5805816,0.6115915,0.56071025,0.5387587,0.5749184,0.6295444,0.5375617,0.6653042,0.55508417,0.70722634,0.6501692,0.72516716,0.52432096,0.6329224,0.5037568,0.50011533,0.54705006,0.53621894,0.602482,0.6860448,0.7068912,0.6440189,0.5818864,0.6359192,0.7027128,0.6082547,0.70668155,0.802834,0.7959361,0.7018514,0.6239346,0.69319063,0.67685777,0.60387856,0.6356093,0.5771156,0.6174953,0.63260645,0.6039492,0.649395,0.56849104,0.61741287,0.6638725,0.5691037,0.53184897,0.4976277,0.6044785,0.524872,0.50209224,0.5488214,0.5565392,0.5366472,0.5022986,0.52503324,0.5113611,0.58440053,0.49933034,0.511528,0.45329753,0.46618974,0.62595713,0.5580391,0.6315067,0.5561403,0.6160352,0.5465199,0.71290654,0.5199221,0.6515345,0.5562772,0.479966,0.6029399,0.5277353,0.54545045,0.49472836,0.51115996,0.45977148,0.6751722,0.72559404,0.59423107,0.54788417,0.5854255,0.553997,0.55045944,0.57625765,0.5890574,0.5629394,0.60776645,0.595377,0.5470811,0.6251826,0.5444024,0.5503938,0.522606,0.54228264,0.61219716,0.59282327,0.6165367,0.6547658,0.68218535,0.5354414,0.56917703,0.5482472,0.5996729,0.5426058,0.54947627,0.5560458,0.5184538,0.6081718,0.65050966,0.5167549,0.5423075,0.537915,0.51783234,0.50100625,0.5522459,0.5278694,0.5518846,0.6641253,0.6688881,0.60583436,0.5648081,0.6705805,0.708857,0.6703163,0.77558964,0.57943845,0.5907022,0.69276994,0.62948114,0.7028827,0.56477314,0.56296945,0.5553883,0.6239141,0.5915582,0.5512792,0.66417855,0.5856812,0.65785015,0.55350244,0.6213124,0.5883511,0.567805,0.69275045,0.58362365,0.49146497,0.53676516,0.4972945,0.5934114,0.5796807,0.5262907,0.6029939,0.46417305,0.53135806,0.54826427,0.5405845,0.54062873,0.5120938,0.48980492,0.54797757,0.5757527,0.5481513,0.5370494,0.54881155,0.52372926,0.5189715,0.54280394,0.5543556,0.58224833,0.583454,0.5387173,0.5518714,0.54276484,0.5527357,0.5497564,0.5253586,0.5480532,0.55315465,0.57491016,0.56411344,0.56664586
404,0.59013945,0.5830378,0.6108822,0.6048786,0.59296244,0.5660566,0.56627625,0.57398254,0.5927233,0.5711169,0.57968616,0.5339519,0.60625523,0.56446713,0.5975828,0.58033013,0.61708766,0.56087273,0.6005124,0.5488129,0.5352423,0.55433255,0.5645324,0.56566095,0.5420452,0.526692,0.6657206,0.57518965,0.7235896,0.55597025,0.58412087,0.5560819,0.54575235,0.5134836,0.56119865,0.6118557,0.6552363,0.65912056,0.62145907,0.5868703,0.5895279,0.6702114,0.58973444,0.667086,0.7288165,0.7777107,0.66389316,0.5876574,0.64776355,0.7126851,0.6118974,0.6284607,0.5890586,0.6145365,0.60521585,0.6138152,0.563531,0.5489689,0.59860224,0.60396653,0.5330657,0.55261856,0.5391516,0.5948892,0.51875097,0.45991573,0.54456663,0.5699039,0.55150354,0.5023424,0.5555469,0.4950759,0.5782994,0.5077783,0.47599226,0.4954915,0.494501,0.60893536,0.47484592,0.5560029,0.5185953,0.5045426,0.5765197,0.6470824,0.58037025,0.6004269,0.5233773,0.4769871,0.5714306,0.5241176,0.53567547,0.50265896,0.52328765,0.5086069,0.620542,0.6828485,0.60077953,0.61442155,0.57634634,0.575086,0.590062,0.5733725,0.5615112,0.56231934,0.58765167,0.59098667,0.5379764,0.5944339,0.5468794,0.55099034,0.53928405,0.5225113,0.5890413,0.58687234,0.63789445,0.69826674,0.6849907,0.5342893,0.53887045,0.5361498,0.5955047,0.55637884,0.52599895,0.5542572,0.5373843,0.59573543,0.64530486,0.5547281,0.523787,0.5397548,0.52751654,0.5177277,0.5387864,0.53452027,0.5256493,0.53954643,0.6113474,0.6417427,0.5574563,0.6573454,0.6501442,0.664465,0.73337185,0.58425546,0.5801206,0.6748768,0.6270723,0.66903776,0.5772054,0.5696617,0.5844086,0.5962544,0.5942589,0.5799583,0.64723736,0.55003554,0.6294753,0.55804825,0.58746254,0.6355061,0.55770034,0.6447102,0.573907,0.5435091,0.5730417,0.51685834,0.5759428,0.591718,0.5106793,0.5432129,0.4999262,0.53775096,0.5487946,0.5718222,0.5271768,0.5431689,0.53129923,0.54585195,0.56115454,0.5522299,0.59641516,0.5902547,0.5964539,0.59617805,0.5793109,0.56941175,0.5664909,0.5757529,0.5846809,0.6014686,0.59609497,0.56432676,0.5978977,0.58633083,0.5925526,0.58393794,0.56571853,0.5657043,0.5895514,0.542307,0.52067363,0.5548389,0.593756,0.5535214,0.62339646,0.55807424,0.67666775,0.6242601,0.70632774,0.5503104,0.63147634,0.50890046,0.51472366,0.5308434,0.5464583,0.59782016,0.6451385,0.66249484,0.6176114,0.5742025,0.6100429,0.6562483,0.5802228,0.660921,0.7516778,0.7604733,0.6708512,0.6053277,0.6612887,0.6521354,0.6079967,0.62202525,0.5890709,0.606001,0.60775006,0.5922369,0.61452097,0.5509267,0.5852761,0.62254435,0.55606663,0.5343737,0.5114638,0.5908742,0.52145314,0.4892428,0.55799484,0.56846136,0.5546511,0.5223904,0.5484783,0.5166775,0.58771837,0.5149848,0.5158188,0.47903347,0.4915911,0.5970973,0.54944885,0.6046751,0.5473262,0.5781961,0.54631054,0.66719365,0.5220593,0.6171899,0.54675984,0.49892408,0.5871891,0.543261,0.5379499,0.48620027,0.5170073,0.47976443,0.64348966,0.6902139,0.5865352,0.5612206,0.57195497,0.5643766,0.55558336,0.57773846,0.58158237,0.57467234,0.5905048,0.58008265,0.5494733,0.5933019,0.5285893,0.5398502,0.52205724,0.53644335,0.57880276,0.5676395,0.5964903,0.63631904,0.6604811,0.5404694,0.567957,0.5451589,0.59472024,0.5406629,0.54330385,0.5742076,0.52687836,0.604048,0.6439587,0.5239193,0.54397184,0.5544399,0.5248336,0.5180237,0.5431803,0.5266914,0.5470116,0.6255958,0.6297692,0.5902914,0.5506174,0.6304059,0.6680221,0.6522359,0.7368113,0.5681029,0.5766278,0.663845,0.6133796,0.6547236,0.5684397,0.5772904,0.5681446,0.5991529,0.57998466,0.55149215,0.65771616,0.5525533,0.61983865,0.5410571,0.59305656,0.5847666,0.5765832,0.6674747,0.5762893,0.49740463,0.5386942,0.4979237,0.5708433,0.58769596,0.5191023,0.5921481,0.4828273,0.52978015,0.5625621,0.5594497,0.5550833,0.5344464,0.50447637,0.53892434,0.5640833,0.529251,0.52579623,0.5344986,0.5230668,0.51999074,0.5280145,0.5396203,0.56525445,0.5630598,0.53225505,0.5440075,0.5393564,0.5492756,0.54141915,0.5246813,0.532568,0.53587353,0.56011003,0.55241984,0.5547975
405,0.55592185,0.5528775,0.59398836,0.5705777,0.5610204,0.5438712,0.5545308,0.5765138,0.5988483,0.5542026,0.5583991,0.5324534,0.5764617,0.5397883,0.5697059,0.55950433,0.5934439,0.54532,0.57714343,0.53178823,0.51866394,0.542065,0.53335947,0.6023228,0.54577154,0.5393569,0.63224673,0.57188374,0.66714483,0.54411703,0.5748756,0.53831524,0.5364409,0.49604136,0.5472479,0.59313697,0.61898744,0.6148558,0.5897685,0.5789624,0.57707816,0.6211622,0.5669785,0.6178068,0.66789126,0.71632767,0.6210407,0.5703742,0.6146311,0.6517316,0.6061665,0.60639745,0.597931,0.5901117,0.58318216,0.5946518,0.5499896,0.5302679,0.5707375,0.5760874,0.5304946,0.54547656,0.5339712,0.5730391,0.5112486,0.4617767,0.5360804,0.55178463,0.5530673,0.5108542,0.5439316,0.48075515,0.5711894,0.5074081,0.49271703,0.51189774,0.49942786,0.56953293,0.48262113,0.5348668,0.51642376,0.48382252,0.54167545,0.59050125,0.5464039,0.57135564,0.53156406,0.49133375,0.55674994,0.5352329,0.52143335,0.4926256,0.52275234,0.5206461,0.5811218,0.6366904,0.5678037,0.58282167,0.5790493,0.5875554,0.5903864,0.5898727,0.5813465,0.5972676,0.58085674,0.5784798,0.55612636,0.569354,0.5343502,0.5407144,0.53912026,0.5262413,0.5639338,0.5721678,0.6052129,0.6461086,0.6362351,0.5264701,0.5431119,0.52984065,0.5827751,0.54447097,0.5283104,0.59242743,0.5463909,0.59062666,0.6262235,0.5535263,0.5285648,0.53978634,0.53019947,0.5246689,0.52048403,0.5284787,0.52249783,0.5210329,0.56335825,0.6061361,0.5488302,0.6087932,0.608669,0.6390994,0.68592435,0.5475533,0.5414182,0.6352321,0.59562933,0.6148997,0.55702335,0.56097186,0.56248647,0.57987773,0.5830878,0.575678,0.6269569,0.5222356,0.5884213,0.54112464,0.5644547,0.6252609,0.55272543,0.60240406,0.5691191,0.5351389,0.5551351,0.5088757,0.56165737,0.60575944,0.51203316,0.530568,0.48909983,0.5414302,0.59103703,0.6080965,0.5557995,0.5456409,0.5285869,0.55240965,0.54718095,0.5473606,0.5621776,0.55419844,0.5869558,0.5659645,0.5475116,0.5462104,0.5559372,0.5756604,0.5939078,0.5758234,0.5733348,0.54844797,0.5723063,0.5608584,0.57362413,0.5647952,0.5585466,0.5511019,0.5702538,0.52271736,0.50941604,0.5408304,0.5612734,0.5918117,0.59201247,0.5583778,0.6411813,0.603338,0.66936326,0.5608628,0.61933917,0.5082232,0.5234538,0.5096447,0.5476217,0.5871811,0.6103634,0.61896616,0.59167796,0.56708115,0.58933705,0.6095242,0.5564152,0.61427265,0.6888754,0.7111685,0.6270944,0.58615994,0.624772,0.61925614,0.6043136,0.6009405,0.5973802,0.5832758,0.584213,0.5756895,0.58529806,0.534833,0.5659098,0.59175277,0.54486537,0.5353699,0.52454007,0.574492,0.51965165,0.48875263,0.5584085,0.5695068,0.56687826,0.5377262,0.5630004,0.5146387,0.588287,0.5314228,0.52699345,0.5083396,0.5106762,0.568579,0.54943573,0.5840255,0.54284924,0.5451702,0.5371559,0.6185241,0.5145214,0.5854944,0.54000795,0.5172378,0.56497055,0.5519574,0.5309979,0.48290774,0.52230227,0.50117075,0.6070098,0.6475372,0.56760055,0.56200224,0.5664373,0.57604545,0.56700695,0.58770734,0.5978568,0.5983109,0.5806157,0.57118446,0.56363535,0.57109046,0.5262869,0.53139174,0.5293521,0.5381996,0.55872303,0.5602774,0.57958186,0.6075816,0.6251944,0.5396215,0.56444305,0.540532,0.5866426,0.5391388,0.5431311,0.6076326,0.5395083,0.5950414,0.6346346,0.53838664,0.5473111,0.567236,0.5321665,0.5320584,0.5309954,0.52476126,0.5421753,0.58746594,0.58853126,0.5737841,0.5445676,0.59192634,0.6262365,0.63252527,0.6858557,0.5488846,0.5512781,0.62968993,0.5935134,0.60824615,0.56312484,0.5800505,0.5648606,0.57767975,0.5699471,0.5570059,0.64205664,0.52209324,0.58097875,0.53109854,0.56871843,0.5832889,0.57554793,0.6317038,0.5718224,0.50403506,0.5378839,0.49849498,0.56253445,0.59864205,0.52581364,0.5707286,0.49630755,0.5274372,0.5970108,0.6026668,0.57857287,0.5537799,0.5137251,0.540666,0.55468273,0.52080446,0.51718634,0.5221366,0.52174133,0.5214267,0.51630455,0.52543145,0.5467236,0.5420803,0.5282247,0.5361543,0.53315485,0.54317003,0.53245634,0.5244514,0.5255419,0.52571714,0.5443524,0.5395334,0.5435883
406,0.5358102,0.5282609,0.5769103,0.5428925,0.537681,0.53026825,0.5478236,0.57313806,0.6000294,0.5520175,0.55335814,0.53456706,0.5526597,0.518751,0.53993887,0.54477775,0.5690059,0.53150815,0.5612855,0.52380097,0.5086732,0.53673947,0.5106383,0.6486327,0.55736727,0.54362816,0.59959716,0.57531524,0.6018686,0.5225738,0.5616426,0.516338,0.52343965,0.47628176,0.52643096,0.57107514,0.597563,0.5824384,0.56237304,0.5726363,0.57430816,0.5779846,0.5540742,0.5740152,0.6116208,0.6434131,0.5712751,0.56256646,0.5836273,0.5863487,0.5904776,0.5770138,0.6009181,0.55933803,0.5647064,0.5698823,0.54281354,0.512644,0.55948746,0.56519765,0.5259129,0.531279,0.5262529,0.55245656,0.5093049,0.47924736,0.5201588,0.5259141,0.5456819,0.50672555,0.52374196,0.4681911,0.56274194,0.5088539,0.51052743,0.5204557,0.49555123,0.5363011,0.49049136,0.5237853,0.5221863,0.47599173,0.50976837,0.54673344,0.51372015,0.54733753,0.5328601,0.5057212,0.532837,0.5336255,0.51006836,0.4907541,0.5221013,0.5298689,0.5492063,0.59169817,0.53390896,0.5424476,0.5898827,0.5985362,0.591627,0.60950285,0.611927,0.6330844,0.5841411,0.5741317,0.58199376,0.55972034,0.54083806,0.5339956,0.5463762,0.5373357,0.5559353,0.5758623,0.57260835,0.58801454,0.5771093,0.52110237,0.5472095,0.5228369,0.572508,0.5361825,0.5370481,0.6320996,0.55578446,0.58391315,0.6087934,0.5523146,0.53064215,0.5317087,0.53173125,0.5229008,0.5036965,0.52506685,0.5226465,0.5117296,0.52302057,0.5710423,0.54640496,0.56817174,0.57263964,0.6152536,0.63875496,0.5132546,0.5037784,0.59933436,0.5663733,0.5749379,0.5303576,0.54208344,0.53133667,0.56934893,0.5780126,0.5754734,0.60277665,0.4968011,0.5474272,0.5332995,0.55375224,0.6150937,0.537664,0.561858,0.5657483,0.5274395,0.5371656,0.5035932,0.565259,0.6140053,0.53071,0.5181057,0.47553453,0.5470648,0.6412352,0.65085346,0.58352643,0.5442717,0.5163568,0.5706397,0.53927785,0.55225265,0.5424628,0.5278857,0.5762174,0.54331625,0.5276426,0.5341031,0.556133,0.5683649,0.598126,0.56627434,0.5622983,0.5377502,0.5547936,0.53781927,0.5519564,0.55091697,0.54808533,0.5387111,0.56169987,0.51106703,0.5074333,0.53766096,0.5367505,0.6427277,0.57842773,0.5569502,0.608229,0.5904016,0.6185627,0.55291253,0.60099214,0.5014961,0.52508324,0.4896161,0.54004955,0.5687717,0.5878135,0.5855867,0.56784433,0.5591694,0.57610935,0.5691067,0.54238576,0.57754016,0.6267684,0.65437084,0.5722005,0.5712314,0.5890288,0.5819967,0.590369,0.57285655,0.59820473,0.5501571,0.5638503,0.55394685,0.56611556,0.5229632,0.56492037,0.5792436,0.5373295,0.5337648,0.5338387,0.5585495,0.521477,0.50220907,0.5492844,0.5590113,0.5677339,0.5433655,0.5622873,0.5050802,0.5853987,0.54521847,0.5445399,0.53474367,0.51869404,0.5448232,0.5568605,0.57360595,0.54469156,0.5240668,0.52095395,0.57752436,0.49749568,0.5637185,0.537556,0.5303681,0.5403831,0.54984957,0.5255742,0.48606467,0.5252784,0.5188623,0.57432425,0.60319805,0.5418282,0.5489586,0.5684927,0.58316314,0.5803224,0.6026817,0.63121283,0.62520033,0.5749992,0.56793576,0.58380497,0.56353855,0.5378837,0.52629185,0.5426796,0.545637,0.55606365,0.5714586,0.56621534,0.5680664,0.57716864,0.5333148,0.5591821,0.5343906,0.5787877,0.5383949,0.54834735,0.64464307,0.5501898,0.5849053,0.62415695,0.5567214,0.55092233,0.5726831,0.5381355,0.53988546,0.5191209,0.5226855,0.5376714,0.55739653,0.55248255,0.5578914,0.54772997,0.5612924,0.59102356,0.61605006,0.63148135,0.5247099,0.52055496,0.59745586,0.5672283,0.57202375,0.549024,0.57047147,0.5466135,0.56564975,0.56528854,0.5682185,0.62097293,0.501913,0.5468919,0.5287767,0.55573153,0.58635235,0.5664264,0.59331995,0.57075477,0.509573,0.53282887,0.4997799,0.568357,0.6073414,0.54677534,0.5430747,0.5010506,0.52419984,0.64146787,0.6576565,0.6012887,0.565875,0.5164791,0.55179,0.5494297,0.52490556,0.5131458,0.51421887,0.51892835,0.52185774,0.51122755,0.5155812,0.53079677,0.5251762,0.5279181,0.53022903,0.5249439,0.53516144,0.5247737,0.5247756,0.5283797,0.52505505,0.5319076,0.52891076,0.53586406
407,0.53808457,0.5138383,0.5642283,0.5305416,0.5311844,0.5322427,0.5506696,0.5626693,0.5946969,0.56502885,0.56364274,0.54160196,0.54230183,0.5087064,0.5184699,0.54193276,0.5497962,0.5211705,0.5596284,0.5313577,0.5099767,0.5405939,0.49945885,0.69179463,0.5735413,0.540094,0.57373184,0.58216745,0.5439904,0.49731204,0.5523343,0.49431846,0.51400256,0.46070334,0.504141,0.5466159,0.59128755,0.56729674,0.54069155,0.56644243,0.5794219,0.5446388,0.5523975,0.54387367,0.57064825,0.5726243,0.52056485,0.56766504,0.560174,0.5284698,0.5652426,0.5428537,0.5957939,0.5271987,0.54984206,0.54075027,0.54106534,0.49910784,0.567033,0.5727456,0.5217311,0.5138793,0.5189152,0.5381424,0.515556,0.51105297,0.50021076,0.5001126,0.5291262,0.48976466,0.49931833,0.46095142,0.5560607,0.5147454,0.5275518,0.51927054,0.48391172,0.5143574,0.49927768,0.525324,0.53608435,0.4842568,0.4886085,0.5241984,0.49111795,0.5339531,0.5259658,0.51765156,0.50638086,0.5195236,0.50390923,0.49777973,0.5218954,0.5343624,0.5310418,0.55462104,0.5080661,0.5030631,0.6036621,0.6031305,0.5897887,0.6261257,0.64318067,0.6587238,0.5902786,0.5754525,0.6065215,0.56588036,0.5631393,0.53050953,0.56053567,0.55307955,0.5630704,0.5940352,0.54255956,0.5308411,0.5149269,0.519413,0.55262923,0.51693374,0.56924516,0.5327781,0.5498076,0.65992725,0.5610987,0.579489,0.59582436,0.5502281,0.5291745,0.51704824,0.5314373,0.51167387,0.49221045,0.52424043,0.5254446,0.5134254,0.49713704,0.54232347,0.54802155,0.54081225,0.5471631,0.59831244,0.60105866,0.4902111,0.47681,0.57526606,0.5387616,0.55415493,0.5032686,0.517104,0.5000569,0.56731397,0.579975,0.5816049,0.5809826,0.47969508,0.5134448,0.5397358,0.5589284,0.6085915,0.51711047,0.53343076,0.564413,0.52253634,0.5217922,0.503722,0.5837637,0.61272705,0.56356585,0.512267,0.4629147,0.55352473,0.6845835,0.68702507,0.6005048,0.5397207,0.49667123,0.59498364,0.5408304,0.56577057,0.5452997,0.514414,0.5669229,0.5358342,0.5269824,0.5388207,0.5700874,0.55290025,0.5943016,0.5740769,0.56352806,0.5365487,0.5526238,0.52413946,0.53484845,0.5477036,0.53682464,0.530029,0.56829697,0.5137231,0.515196,0.5472943,0.5214092,0.69248545,0.5831834,0.5560332,0.58466136,0.5867789,0.56273174,0.5295749,0.5839703,0.49197876,0.52228355,0.47724882,0.52900445,0.5414521,0.57758796,0.56742007,0.54537946,0.5488868,0.5695227,0.5380309,0.5393383,0.5568526,0.5771845,0.59834,0.51167303,0.5640044,0.5593864,0.54475874,0.56573164,0.53994304,0.58905077,0.5108051,0.5461064,0.52779794,0.5579913,0.5167335,0.58159846,0.5850826,0.5354606,0.53118336,0.5388377,0.54801065,0.52878773,0.5280197,0.53326696,0.54089457,0.55663997,0.538285,0.5467338,0.49023676,0.5805152,0.55601215,0.56747645,0.55421,0.51488537,0.52866495,0.5706148,0.57482046,0.5543312,0.51876324,0.5029271,0.55212426,0.47519732,0.55678666,0.5399439,0.53640705,0.51932085,0.53584284,0.52257276,0.4960427,0.52531797,0.5307116,0.5520623,0.56239796,0.51673806,0.52592283,0.57474846,0.5815609,0.5900945,0.61689466,0.6690731,0.6459987,0.56855357,0.5684832,0.6025314,0.5706112,0.5602509,0.52528834,0.56020314,0.55641204,0.56852716,0.595298,0.55549145,0.5211237,0.52077407,0.5235025,0.55352753,0.52782017,0.5741512,0.5386723,0.5586016,0.67239994,0.5542994,0.5773249,0.6147723,0.57622784,0.55485773,0.57064563,0.5422078,0.5407309,0.5108118,0.52145314,0.5338515,0.5401689,0.5267888,0.5439608,0.5592872,0.54139256,0.5668749,0.6067783,0.584024,0.49993753,0.49222693,0.5729789,0.5332758,0.54975736,0.52978617,0.5523368,0.5196893,0.56611186,0.5682245,0.5848382,0.59919983,0.4955031,0.52091235,0.53724253,0.55728704,0.59606063,0.5552265,0.56201476,0.5733826,0.51332504,0.52353436,0.50322676,0.5843662,0.60920495,0.57836837,0.51596576,0.49755335,0.5206325,0.6824733,0.7078651,0.6139345,0.57097155,0.5139762,0.5683533,0.55038667,0.5414586,0.5151757,0.512884,0.51430315,0.5204451,0.5155287,0.51368517,0.5211114,0.51593614,0.5315794,0.52766526,0.5163562,0.5268488,0.5199933,0.5257792,0.5399048,0.533577,0.52598256,0.52325094,0.53361446
408,0.56243396,0.5114584,0.55785006,0.5359937,0.543107,0.5507919,0.56377333,0.54477185,0.5810333,0.58897406,0.5848664,0.5535047,0.54748803,0.5144176,0.5130313,0.5527917,0.5404856,0.5146714,0.57434034,0.5567302,0.52428645,0.5529097,0.50021976,0.7213999,0.5905411,0.5311903,0.5587453,0.58940744,0.50533956,0.475987,0.55066836,0.47906914,0.5130522,0.4558582,0.4877934,0.52117836,0.5958442,0.5690418,0.52509826,0.5589234,0.58885056,0.52251107,0.5589234,0.5291766,0.5488195,0.5151756,0.47475964,0.58596295,0.54761845,0.4861659,0.5318054,0.5067022,0.5808172,0.49742258,0.5371271,0.50752103,0.54319155,0.49166226,0.58997756,0.5940777,0.5196218,0.49840957,0.515314,0.53303194,0.5298524,0.5515187,0.4814334,0.48174375,0.50780004,0.4647125,0.476388,0.46122944,0.5542136,0.52597946,0.5429476,0.5108087,0.46839288,0.5035991,0.5114677,0.5376741,0.55676323,0.5075564,0.4825714,0.52413213,0.48420313,0.5335542,0.51387084,0.526403,0.4847311,0.49835226,0.5050602,0.51235306,0.52259064,0.5347513,0.5280689,0.52802545,0.49556944,0.47319683,0.6135517,0.5967962,0.5805684,0.633441,0.66614044,0.66718507,0.59258515,0.5785382,0.6215545,0.5828678,0.59369,0.5293176,0.57913625,0.5704991,0.5780701,0.6189582,0.5146569,0.47903275,0.4568663,0.5211864,0.5597316,0.5133803,0.5729093,0.5331982,0.5638652,0.6678812,0.55989337,0.5782052,0.5869785,0.5472651,0.52527136,0.5007648,0.52977115,0.49425793,0.48833415,0.5261617,0.5297554,0.52478033,0.48777583,0.52305114,0.5515157,0.52805996,0.53453004,0.5900078,0.57735485,0.48342338,0.4660037,0.5659515,0.51044595,0.5507036,0.48275223,0.4930846,0.47681332,0.5737763,0.58684653,0.59349567,0.5639774,0.47457454,0.4912556,0.5626244,0.5796883,0.60716,0.4994222,0.52365416,0.5648214,0.5215508,0.5107681,0.51080835,0.6105128,0.5988341,0.60269326,0.5160716,0.4554534,0.56016326,0.7106031,0.70753944,0.60110533,0.5333212,0.47497642,0.61919004,0.55207986,0.58561146,0.5699901,0.51382613,0.5602691,0.5448667,0.5463934,0.5607419,0.5964812,0.5294063,0.5799692,0.59521073,0.57399493,0.54569453,0.5671571,0.5248219,0.5289197,0.5562425,0.52863073,0.52556443,0.58990467,0.5334377,0.532175,0.569504,0.5153241,0.7293605,0.6015398,0.5573395,0.5736777,0.59203315,0.5113536,0.49876845,0.5723636,0.48606843,0.51824665,0.4781186,0.5218378,0.5059319,0.5767593,0.56445146,0.5236432,0.53502405,0.56704,0.51714593,0.54402196,0.55136913,0.5452866,0.5496184,0.45318145,0.56598985,0.53982735,0.5122019,0.5312076,0.5046413,0.56840706,0.4698938,0.529576,0.4974416,0.5594825,0.5162794,0.6095976,0.603306,0.5402112,0.53085333,0.5418293,0.5466164,0.54129094,0.5600207,0.51584196,0.52071816,0.5374261,0.5255535,0.52220523,0.47466058,0.5761748,0.5652198,0.5931604,0.5660336,0.50337905,0.5197464,0.5881256,0.58572215,0.57095474,0.52875435,0.48968548,0.54482687,0.45580456,0.56563056,0.54691756,0.5357404,0.50759816,0.51379234,0.52406776,0.512059,0.52321535,0.5376351,0.5431878,0.5281486,0.4992053,0.49992096,0.5797766,0.5682502,0.5911179,0.6242758,0.69943297,0.653975,0.55679035,0.5700712,0.61356187,0.58772475,0.5879043,0.52817,0.5800523,0.56867605,0.5887252,0.62241954,0.5440794,0.47073516,0.46213236,0.5125629,0.5482959,0.52186394,0.5724101,0.5392895,0.5732017,0.6826173,0.5496593,0.57324004,0.607357,0.5942714,0.5595494,0.5634972,0.5445586,0.5359505,0.5084742,0.5220838,0.53112024,0.5361058,0.51322955,0.53383845,0.5762696,0.53244823,0.55517524,0.605519,0.55085146,0.47916394,0.47327113,0.5593401,0.49098733,0.54026216,0.5117241,0.53170484,0.49258092,0.57861024,0.57789147,0.6053466,0.5786126,0.5031685,0.5044204,0.5583943,0.57355684,0.61198527,0.5491916,0.5441707,0.5793344,0.5152688,0.5117129,0.5099061,0.60447115,0.6003599,0.6136741,0.49575734,0.49109557,0.517651,0.70962816,0.7414416,0.61116356,0.57096374,0.5092728,0.5857328,0.5585059,0.5679725,0.5231247,0.51828337,0.50884646,0.51731724,0.52939266,0.52123415,0.5199079,0.5162918,0.53853476,0.52890015,0.5087708,0.51938033,0.5191372,0.52741325,0.5566005,0.5483651,0.52705884,0.5230721,0.537332
409,0.6017618,0.5196658,0.55641305,0.55561656,0.56855357,0.58070874,0.58369464,0.5197687,0.5569919,0.6164607,0.61056924,0.5672755,0.565004,0.5374175,0.5267731,0.57445276,0.5413078,0.5112114,0.60174966,0.59594417,0.5495671,0.57004315,0.51120436,0.731172,0.60367435,0.5189647,0.5550536,0.5938351,0.48814154,0.46641436,0.5556068,0.47770506,0.52272916,0.4683841,0.48476735,0.49642807,0.6049017,0.5824411,0.51501983,0.54884934,0.5983951,0.51060057,0.56860083,0.52640593,0.54296285,0.47419327,0.43706024,0.6131243,0.5452936,0.4609731,0.49164903,0.47041607,0.5546618,0.47107103,0.52507305,0.4703762,0.54678166,0.49073568,0.62052345,0.62072766,0.52018356,0.4891943,0.51755697,0.5369659,0.5500673,0.59291446,0.4692162,0.4752834,0.48869875,0.4394056,0.46026552,0.47054997,0.5575842,0.5411107,0.5556087,0.50003237,0.45511466,0.5000749,0.52732575,0.55475235,0.5804232,0.5402225,0.4917764,0.5421447,0.49338785,0.5441681,0.5022442,0.53333956,0.47318977,0.47860295,0.5143621,0.53221023,0.5243489,0.5332486,0.5370752,0.5103532,0.49691755,0.45706037,0.61381435,0.5753202,0.56030947,0.6257093,0.6741194,0.6543921,0.58638203,0.5785484,0.62122357,0.60266006,0.62329423,0.5292403,0.59688103,0.58688587,0.59291685,0.64189214,0.48601437,0.43336612,0.407815,0.5256578,0.56786513,0.5128867,0.5794338,0.5350201,0.57526284,0.6520517,0.55033433,0.57732606,0.5786757,0.54264295,0.5196523,0.48923984,0.527586,0.47630915,0.49295875,0.53082275,0.5346618,0.5417113,0.49236417,0.5123505,0.554439,0.5274625,0.53362274,0.5873181,0.5655715,0.49366835,0.47253588,0.56842744,0.47899538,0.558231,0.47452095,0.47731626,0.46719408,0.5855948,0.5942377,0.60667497,0.5500249,0.48184472,0.48143694,0.5989525,0.6112591,0.6081792,0.4936746,0.5339391,0.56495357,0.5244543,0.5053581,0.52448726,0.6367318,0.56912726,0.6378872,0.5286193,0.45644927,0.56523764,0.7139151,0.70701075,0.5829832,0.5263153,0.4581039,0.6369406,0.56933355,0.6078669,0.6090208,0.5237458,0.5549619,0.5660354,0.5804231,0.5944727,0.62940246,0.49911526,0.55363,0.6223408,0.58816147,0.5616536,0.59406054,0.54217845,0.5381,0.57293177,0.526172,0.52451414,0.6211311,0.5679909,0.5561493,0.60121804,0.51760155,0.7460883,0.62528414,0.5606246,0.5734601,0.6026451,0.47062677,0.47113395,0.56589484,0.49123508,0.5167282,0.49722084,0.5260374,0.46511394,0.58130324,0.5724949,0.5027964,0.5172633,0.56551427,0.50566745,0.55141675,0.5555662,0.5286277,0.51017606,0.40337145,0.575379,0.5304948,0.48727214,0.48864466,0.46901798,0.5358396,0.43149865,0.51355207,0.46315798,0.5669978,0.5207801,0.6395279,0.6253122,0.5513062,0.5355391,0.5458305,0.55497,0.55825317,0.5907185,0.5034231,0.5037812,0.51657945,0.5109945,0.49704957,0.46478444,0.5736337,0.5735203,0.6169601,0.5717986,0.4911318,0.51519424,0.60323864,0.6008567,0.59094334,0.5496737,0.48638934,0.5525078,0.44794932,0.58624625,0.5576664,0.5313328,0.50855136,0.49115476,0.53181905,0.5324363,0.5206257,0.54216695,0.5468862,0.5010346,0.49286202,0.4778806,0.57862794,0.54109895,0.57987165,0.6199044,0.7137468,0.6448019,0.53707135,0.5687893,0.6120953,0.6072939,0.61442125,0.5333782,0.59913456,0.5810165,0.6082063,0.6436393,0.5275484,0.41998914,0.40730393,0.5032093,0.5433797,0.5172148,0.5702671,0.5389785,0.5895423,0.6706238,0.53517514,0.570647,0.5998793,0.60722506,0.5635178,0.554084,0.5455448,0.5285051,0.51342005,0.5249944,0.529785,0.54184127,0.5103344,0.5282991,0.5933169,0.53256506,0.55443937,0.6091456,0.5330667,0.46649182,0.468628,0.5555239,0.44130892,0.5392627,0.5008906,0.5151039,0.47329956,0.59902906,0.5904155,0.6260954,0.5576873,0.52264875,0.49661142,0.590516,0.6011035,0.62978476,0.5542363,0.5409038,0.5863112,0.5163532,0.5011069,0.51970047,0.62148887,0.5773205,0.6444044,0.48633033,0.48872724,0.51591825,0.7165489,0.7523978,0.5906089,0.567305,0.5060231,0.59882075,0.57226706,0.5998327,0.5349835,0.528115,0.50457215,0.5134108,0.54974765,0.5366116,0.5273662,0.5259036,0.54746616,0.53327054,0.5032476,0.5132891,0.5222001,0.5292265,0.5737633,0.5650666,0.53326,0.52704906,0.545723
410,0.64447,0.5338737,0.5569185,0.58158255,0.5982568,0.6126294,0.6040596,0.49058443,0.5236625,0.6385688,0.63250464,0.57750404,0.58790207,0.57381326,0.5564139,0.6002292,0.5482736,0.50978595,0.6328804,0.63873076,0.5797876,0.5864526,0.5282499,0.7173849,0.6070526,0.50483185,0.55880034,0.5912892,0.48841843,0.47344038,0.56467724,0.493422,0.5427947,0.50131917,0.4984792,0.47520223,0.6110939,0.59901994,0.50885415,0.5356057,0.60327667,0.505088,0.57598466,0.5297151,0.5450804,0.44765237,0.40853113,0.6405856,0.54880744,0.45011,0.44897997,0.43647164,0.51927894,0.44856104,0.51307654,0.43242583,0.5487773,0.4958125,0.6481274,0.6425027,0.52373564,0.48872325,0.52538514,0.54735035,0.57298756,0.6275712,0.4668497,0.48204085,0.47763386,0.42139536,0.45423055,0.48955968,0.5631356,0.5568976,0.56335527,0.49128,0.44987315,0.49955449,0.5426685,0.56908596,0.6005612,0.57335263,0.51234305,0.56920046,0.51429653,0.5599804,0.49566707,0.5400107,0.4741634,0.4672998,0.52988464,0.55438423,0.52688736,0.5319897,0.55139613,0.49845862,0.5089963,0.4553635,0.60120064,0.53784376,0.52804345,0.5998376,0.6622202,0.6185709,0.5681937,0.5708508,0.6024289,0.61659956,0.6430016,0.5289985,0.6071594,0.5991612,0.6005796,0.65433615,0.4554117,0.39457494,0.3714167,0.53200036,0.57586753,0.5157441,0.5841157,0.53626317,0.5792202,0.6113648,0.53134316,0.57380164,0.5672772,0.53468853,0.51160276,0.48655358,0.52521837,0.46301594,0.5051136,0.53703827,0.5393563,0.55859673,0.5050844,0.50748044,0.5535344,0.5329591,0.53952396,0.58485526,0.55961823,0.5174495,0.4936366,0.57607836,0.44436836,0.56795484,0.4806291,0.4737633,0.4737391,0.5971989,0.5972603,0.61465925,0.53744817,0.498764,0.4811627,0.6392456,0.64410317,0.6063784,0.50397974,0.559996,0.56199235,0.53042984,0.5064297,0.5420273,0.6529703,0.52409923,0.66007566,0.54671454,0.46681356,0.5654154,0.6917533,0.68186253,0.54693305,0.51964235,0.4513581,0.64217895,0.5860665,0.6264647,0.65063274,0.5390568,0.5487923,0.5914378,0.6183991,0.6298123,0.65947646,0.4663812,0.5177379,0.64617217,0.5996263,0.5781295,0.6247733,0.5732258,0.5610232,0.59150606,0.5293646,0.5251276,0.65226614,0.60917103,0.5817935,0.6349294,0.5250726,0.7382153,0.6441289,0.56430596,0.5785029,0.61198145,0.44394076,0.45645794,0.5632588,0.5116518,0.5216051,0.53561735,0.54536754,0.42570728,0.58588016,0.58414763,0.48395318,0.49703413,0.56152123,0.5006371,0.55657524,0.56227434,0.5204578,0.4788311,0.36671698,0.5871544,0.5275854,0.4706769,0.44364274,0.43631873,0.49509245,0.40015477,0.49851975,0.42816776,0.5749459,0.5288199,0.66138023,0.64161915,0.56675994,0.5457547,0.55234814,0.57032883,0.5788659,0.61410147,0.500924,0.49476004,0.5009553,0.50109744,0.47909278,0.46693984,0.57218784,0.5803841,0.63375646,0.57387996,0.4845523,0.51194894,0.60820496,0.6129552,0.6090533,0.57453793,0.49465996,0.5678676,0.45639294,0.6102073,0.5705584,0.52788264,0.52126884,0.4755472,0.5448959,0.5544274,0.5190679,0.5466367,0.5592441,0.48037413,0.49813297,0.46525767,0.56860733,0.50164545,0.5558364,0.6012858,0.7058588,0.61633635,0.50877905,0.5608904,0.5950457,0.6206554,0.6332078,0.53834635,0.6128756,0.5914768,0.6192966,0.65133786,0.5037392,0.37350222,0.36258185,0.49845994,0.5384641,0.5144836,0.5647046,0.53691113,0.602862,0.63403225,0.511404,0.5669426,0.5889437,0.61133283,0.5636939,0.5448347,0.5454462,0.5220395,0.52543575,0.5296878,0.5298758,0.5522612,0.51436436,0.52622473,0.6040476,0.53778166,0.56036496,0.612086,0.52665883,0.4646886,0.480097,0.5571693,0.38949454,0.54079735,0.50073445,0.50809485,0.46781418,0.62028664,0.6002381,0.6412842,0.53531176,0.54870635,0.4945856,0.62603235,0.63179296,0.6424207,0.57175666,0.5493191,0.5900835,0.51817286,0.49642232,0.53099954,0.62817925,0.5397523,0.6634142,0.48871738,0.4952287,0.5154386,0.6989474,0.7370088,0.552942,0.5612709,0.50726354,0.60233337,0.5874508,0.6299393,0.5474015,0.5385318,0.50347745,0.5100481,0.57074815,0.5551342,0.5409687,0.54143244,0.5563489,0.5391551,0.500865,0.5092092,0.5278574,0.53046167,0.5862228,0.57862157,0.54156464,0.53306043,0.55584466
411,0.6781642,0.5485489,0.557172,0.6050546,0.62238014,0.63704216,0.6182129,0.46371895,0.48816228,0.6473677,0.64188105,0.5790658,0.60898405,0.6139962,0.5933713,0.62330925,0.5560006,0.50945604,0.65769243,0.6743159,0.6070172,0.5965881,0.546004,0.6787399,0.5957501,0.49079058,0.5642918,0.5782422,0.5023803,0.4970108,0.5758862,0.523357,0.5695552,0.54979825,0.52565455,0.4624183,0.60801643,0.6099709,0.50553113,0.51960963,0.5993548,0.50066924,0.5758965,0.53334916,0.54577583,0.43361327,0.3891922,0.6593415,0.5520031,0.44966033,0.41223583,0.4090757,0.48228458,0.43113893,0.5016218,0.39926264,0.54601085,0.5051388,0.66248274,0.6502465,0.5293793,0.49649543,0.5367405,0.559062,0.59307325,0.6477171,0.47520584,0.5006722,0.47547588,0.41554826,0.4594977,0.5159319,0.56633204,0.56985706,0.5634691,0.4860538,0.4560668,0.4989281,0.5511754,0.5747619,0.60999215,0.5977391,0.53807354,0.5938794,0.54012537,0.5738976,0.495117,0.5455647,0.48818332,0.4678592,0.5473828,0.5744695,0.52964634,0.53149766,0.5642477,0.48952922,0.5279343,0.4675156,0.575962,0.4901898,0.48746094,0.5582743,0.6282969,0.5632758,0.5363958,0.55284,0.56640756,0.61762756,0.64539075,0.52730924,0.6046817,0.6030405,0.5950675,0.6498235,0.42515177,0.36454085,0.34989762,0.53891826,0.5823039,0.52133393,0.58461297,0.5360243,0.5721833,0.55101895,0.50506383,0.5668465,0.5515482,0.52243996,0.500721,0.49312907,0.5223679,0.45721212,0.5224571,0.5426386,0.5426254,0.5695055,0.51889145,0.50600797,0.5458234,0.53656423,0.5453377,0.57869864,0.5539509,0.54831505,0.5245565,0.5826047,0.40906838,0.57053006,0.4996288,0.482121,0.4962911,0.6038343,0.5931424,0.6123362,0.5275502,0.5209107,0.48633185,0.67218244,0.66805995,0.5974083,0.52735883,0.5934809,0.55358374,0.53786755,0.51339483,0.55891013,0.65130574,0.47243485,0.66310215,0.56736964,0.4849707,0.5579773,0.6443658,0.6323121,0.499269,0.5132684,0.45711544,0.63081264,0.59516746,0.63369423,0.6827073,0.5532795,0.5410756,0.6127138,0.64825356,0.6558025,0.6773831,0.43901944,0.48088038,0.6575815,0.6024981,0.5885646,0.65027493,0.60933703,0.5911273,0.60656065,0.5361299,0.52502054,0.6738544,0.6465982,0.6014959,0.6606276,0.53287697,0.7030584,0.64847565,0.5660707,0.58306414,0.61282784,0.43459797,0.46060872,0.5642566,0.54532164,0.53390133,0.58629054,0.5766903,0.39796096,0.5850297,0.59137404,0.4700914,0.4776696,0.55234456,0.49763918,0.55531985,0.5648079,0.5138946,0.4549104,0.3451068,0.5954869,0.5254835,0.4621906,0.4063214,0.411621,0.45590955,0.380425,0.48589432,0.39829665,0.57700884,0.5382946,0.66685057,0.64382714,0.5820536,0.55899984,0.5603548,0.5873072,0.5996542,0.6247073,0.5103867,0.49722126,0.49395135,0.50013936,0.47276106,0.48461705,0.570486,0.584261,0.63874793,0.5733785,0.48765415,0.50750667,0.5972725,0.6151938,0.61945295,0.595068,0.5130531,0.5825977,0.48071194,0.62793523,0.5829791,0.5283074,0.5416524,0.47198063,0.55985767,0.5734275,0.51912653,0.5509553,0.5752549,0.4651905,0.51405364,0.46636957,0.5498644,0.45723155,0.5224759,0.57000303,0.67183423,0.57090867,0.47394904,0.5446534,0.56299436,0.6203639,0.638135,0.5403757,0.61626345,0.5968553,0.6154228,0.6402371,0.4740206,0.33697712,0.3332052,0.5007242,0.5338557,0.51399004,0.5556145,0.53302896,0.60763204,0.5760709,0.4821165,0.56160676,0.5727483,0.60394543,0.55751735,0.5375934,0.5440576,0.51936406,0.5429847,0.535132,0.5308113,0.5615889,0.52047586,0.5252608,0.6032641,0.5426712,0.5670334,0.60955137,0.5264532,0.47469625,0.50648355,0.55969757,0.3437308,0.53851104,0.51207453,0.5138166,0.4799591,0.6351685,0.6026667,0.64504325,0.51408505,0.5745913,0.49447265,0.65481263,0.6561328,0.6437136,0.5979622,0.5652019,0.58629113,0.5211303,0.50014955,0.54097444,0.6187158,0.49380273,0.66583216,0.5026225,0.5114748,0.5154798,0.6552487,0.69303614,0.50442374,0.5543236,0.514839,0.5925556,0.5984551,0.64946467,0.556171,0.54543114,0.5064292,0.5080372,0.5853439,0.57024616,0.55612576,0.55744237,0.5627177,0.5444609,0.5024157,0.5080417,0.5340305,0.5303911,0.58880603,0.58375305,0.54890805,0.5389789,0.5642358
412,0.6945172,0.55931336,0.55595887,0.61937857,0.6344149,0.6480352,0.6214341,0.44639644,0.46067122,0.63837194,0.6323178,0.5695112,0.6231921,0.64734006,0.62767076,0.6393184,0.55971223,0.5089564,0.66922104,0.69612443,0.6244705,0.5965394,0.5599568,0.6187683,0.5689385,0.4787849,0.5666125,0.5545296,0.52702403,0.5314759,0.58745664,0.5593445,0.59625036,0.6018178,0.55693436,0.46301624,0.59275466,0.609473,0.50583094,0.50269026,0.58535504,0.4936358,0.5651129,0.53286576,0.5381386,0.4310326,0.37836254,0.6634796,0.5491289,0.45589057,0.3903007,0.3926248,0.45373935,0.4205214,0.49204758,0.3756746,0.53627825,0.51560503,0.6571637,0.6387063,0.5342557,0.5078416,0.54813164,0.56576777,0.6038083,0.6472142,0.4917107,0.5266192,0.47712797,0.4215169,0.47409266,0.54357636,0.5632467,0.5771591,0.55366164,0.4819078,0.47277385,0.4962862,0.54812413,0.56960434,0.6036938,0.6075698,0.5627991,0.6067006,0.5639552,0.5800131,0.49714777,0.54675037,0.51281327,0.4793767,0.56177855,0.5879047,0.5319907,0.5297951,0.5716027,0.48145345,0.55028045,0.49062902,0.54222053,0.443647,0.44648314,0.5097537,0.57581645,0.4997348,0.49382988,0.5256194,0.519904,0.6020669,0.6264933,0.5233028,0.5872402,0.5942667,0.57331073,0.6260842,0.39935955,0.34455174,0.34273675,0.5444946,0.5858829,0.5280291,0.5810152,0.53412414,0.5537031,0.48471418,0.47753826,0.5574283,0.532425,0.50675005,0.48801675,0.5055876,0.51833344,0.4579609,0.5418721,0.5455611,0.5431364,0.5705508,0.52804446,0.5057837,0.53042436,0.5320653,0.54526025,0.56779015,0.54554003,0.57933205,0.56022567,0.5842447,0.37703052,0.55933636,0.52667123,0.49764574,0.5307877,0.603568,0.5816388,0.5976986,0.5229597,0.5433817,0.49239022,0.689806,0.67670727,0.5795821,0.5552032,0.6252393,0.5385607,0.54475754,0.5233292,0.57128674,0.6282267,0.4279934,0.6445037,0.5878388,0.5076967,0.5429873,0.5782461,0.566292,0.45142928,0.50583243,0.4738434,0.6031794,0.5913814,0.62341887,0.69725084,0.56078243,0.53243524,0.623809,0.6616419,0.6650712,0.6769381,0.424482,0.45378482,0.65053356,0.5928825,0.5884879,0.66429096,0.64065266,0.6203339,0.61505264,0.54301906,0.5213785,0.6798925,0.67192805,0.60808027,0.669934,0.5362859,0.641766,0.63267225,0.56320673,0.5836181,0.6008689,0.44484076,0.4834792,0.56914574,0.5849188,0.5506704,0.6368089,0.6115719,0.3907448,0.5755923,0.5887611,0.46544877,0.46318078,0.5373762,0.49304485,0.54529136,0.55867165,0.5043185,0.43874234,0.33757472,0.5956398,0.51859975,0.4609194,0.38620383,0.39945272,0.4293243,0.3748775,0.4772513,0.37830302,0.56883514,0.5469023,0.6514451,0.62722653,0.59166265,0.57091314,0.5673072,0.59994686,0.61541045,0.61873114,0.52997077,0.5118404,0.49346367,0.5080319,0.47710836,0.5161981,0.56778985,0.5832529,0.6285247,0.569722,0.501356,0.50018066,0.5696567,0.603877,0.61808455,0.6049111,0.53846145,0.590382,0.51615256,0.63251776,0.59223807,0.5319165,0.5641929,0.48100203,0.5725675,0.5848823,0.52035344,0.55254525,0.5907427,0.454188,0.5392084,0.48298138,0.5251062,0.41812167,0.48667774,0.5320612,0.6127055,0.51700866,0.43767816,0.5214786,0.52145034,0.6025749,0.6255253,0.53797126,0.6060221,0.5938188,0.592882,0.6090897,0.44224536,0.31393892,0.32091203,0.51049435,0.5304023,0.5155117,0.5450792,0.52787215,0.6003275,0.5085469,0.45368415,0.5558813,0.5515013,0.58504796,0.5446177,0.53293705,0.5407295,0.5210581,0.56390715,0.54032046,0.5314201,0.5647533,0.5245604,0.5220833,0.58911955,0.5421925,0.56880015,0.59936994,0.52804196,0.49595314,0.5444146,0.5599486,0.31044808,0.5277459,0.5331556,0.5311535,0.5100883,0.6388405,0.5952846,0.6333654,0.49847847,0.59400994,0.49207586,0.66886944,0.6671019,0.6305012,0.6263589,0.5846884,0.5721426,0.52392983,0.5107818,0.54732615,0.5911268,0.45037493,0.6499708,0.526653,0.5351575,0.51510364,0.589944,0.62348264,0.45637053,0.54786956,0.5288058,0.5694626,0.6005915,0.65154254,0.55816,0.54641914,0.51289696,0.50746036,0.5882699,0.57649755,0.56818634,0.56877536,0.5646346,0.54748863,0.5077548,0.51034856,0.53904516,0.5286802,0.57837474,0.5770035,0.55305326,0.54332143,0.56845844
413,0.68957156,0.56329083,0.55167603,0.6205144,0.6314433,0.643251,0.61132896,0.44239998,0.44766828,0.61064076,0.6018496,0.548877,0.6268303,0.6664243,0.65079975,0.6450429,0.5553511,0.5069542,0.6634285,0.70042354,0.62777764,0.5845881,0.56717455,0.5467505,0.53048253,0.4687192,0.5614914,0.52352846,0.55535996,0.56622154,0.5960377,0.5908028,0.61521053,0.643814,0.5809195,0.47773504,0.56594527,0.5952548,0.5105783,0.48751974,0.5631841,0.48360854,0.5436946,0.52542394,0.5197134,0.4368718,0.37551895,0.6503355,0.53661525,0.46469808,0.38773003,0.38970914,0.43980563,0.41802508,0.4855547,0.36417997,0.5192286,0.5234805,0.6306251,0.6071684,0.53483486,0.5151653,0.5544193,0.5626889,0.60088336,0.6240244,0.5092904,0.55166584,0.4751906,0.4335315,0.49185526,0.5646053,0.5511564,0.575729,0.5327271,0.47409856,0.49413717,0.49069044,0.53171134,0.55474454,0.5793467,0.60106754,0.58116734,0.60274404,0.57974213,0.5742899,0.49559012,0.5402853,0.5408287,0.4967398,0.5685664,0.5919407,0.5331659,0.5234194,0.5710924,0.47250405,0.5710765,0.51730335,0.50648755,0.4091687,0.4137258,0.4650278,0.514831,0.44231638,0.44874465,0.49390656,0.47288767,0.57026637,0.58724487,0.5169121,0.555913,0.57111776,0.5375389,0.58590984,0.3819218,0.3349727,0.34729806,0.5466588,0.58538496,0.5338138,0.573151,0.5303767,0.5265145,0.4281981,0.4556713,0.5459196,0.5112149,0.4897463,0.4747719,0.5174859,0.512364,0.4610697,0.5591718,0.54462945,0.5401347,0.5613585,0.52903605,0.5039295,0.5091347,0.5176891,0.5360277,0.5520651,0.53207594,0.6039012,0.59382004,0.57811916,0.35313785,0.5331837,0.55337894,0.51180285,0.56746686,0.5957866,0.56311995,0.57142085,0.523293,0.56147,0.49477592,0.6875513,0.66714054,0.55324894,0.5763549,0.6466868,0.51745987,0.5492248,0.5316502,0.57784384,0.58603644,0.40088415,0.60559195,0.6033809,0.5303515,0.52319086,0.5062776,0.49767908,0.41435665,0.49555123,0.49610773,0.5645361,0.57255965,0.59428054,0.69034576,0.5583327,0.52311486,0.6212604,0.65504444,0.6543032,0.6552084,0.42578167,0.44227487,0.62334704,0.5698925,0.576196,0.6630164,0.6599407,0.6420263,0.6147076,0.54577273,0.5122631,0.6667565,0.6791819,0.59738255,0.6580894,0.53243023,0.5622774,0.5965627,0.55314815,0.57782614,0.5762955,0.47175416,0.5181972,0.5759124,0.62097836,0.5666892,0.67584604,0.640698,0.40667126,0.55720055,0.5744904,0.47217414,0.45637792,0.51822364,0.48573396,0.526765,0.54254884,0.48934177,0.4292206,0.34192404,0.5844091,0.50316525,0.46449494,0.38706714,0.40135306,0.4208989,0.38333797,0.4733655,0.37020227,0.5496515,0.55247056,0.61510545,0.5920289,0.5915598,0.5774027,0.57073915,0.60378134,0.62224287,0.5966204,0.55383384,0.5348673,0.49437928,0.5208856,0.48720205,0.55450803,0.56356776,0.57609797,0.6021892,0.5620578,0.52322996,0.49008337,0.53025585,0.5798326,0.60411793,0.60196674,0.5664217,0.5878267,0.5554993,0.620859,0.5960336,0.535996,0.58297646,0.49867097,0.57969433,0.58736,0.5218166,0.54873174,0.6018711,0.44592363,0.57007766,0.5121978,0.49876234,0.3925577,0.45594978,0.49484158,0.53745854,0.46605647,0.40727353,0.49549556,0.47882676,0.5683598,0.596092,0.53140277,0.58217686,0.5805916,0.55347157,0.5625294,0.41372758,0.30566594,0.32450134,0.5255381,0.5281811,0.5182647,0.5342495,0.52213734,0.5810685,0.4466453,0.4322187,0.5497113,0.5257948,0.557637,0.5266408,0.52960706,0.53504163,0.52550954,0.5849802,0.5443747,0.5305506,0.55885476,0.5243772,0.5131848,0.5636447,0.533788,0.56142455,0.5809248,0.5269407,0.52611977,0.58756083,0.554856,0.29336566,0.50767374,0.55924577,0.554012,0.5524195,0.6286964,0.5775847,0.60491145,0.48984766,0.6019928,0.48395497,0.6632977,0.66035837,0.6025245,0.64981097,0.60280395,0.5472514,0.52514654,0.5239635,0.5498718,0.5489672,0.41885766,0.6175751,0.55630684,0.5619273,0.5141139,0.51470196,0.53957117,0.4193849,0.5427002,0.54679674,0.5371953,0.5915087,0.6339322,0.5531469,0.5418169,0.5216182,0.50828433,0.577818,0.5716688,0.57380605,0.57190907,0.5613052,0.54723465,0.515491,0.51557714,0.5421064,0.52534527,0.55562514,0.5584539,0.5523734,0.5451082,0.56738997
414,0.6616779,0.55899477,0.543546,0.6067138,0.6128794,0.62247694,0.5883145,0.4508768,0.44921005,0.5660208,0.5532717,0.51832384,0.6174605,0.66774315,0.6576116,0.6377861,0.5403781,0.5026783,0.63863283,0.68474406,0.6151209,0.56136197,0.56600326,0.4746724,0.48641303,0.45847467,0.54532796,0.48995978,0.57647663,0.5903683,0.59698725,0.609218,0.62086374,0.66693413,0.5898031,0.5013885,0.5300961,0.56701386,0.5181338,0.4764088,0.53638315,0.47228983,0.5143447,0.50936496,0.491505,0.44482067,0.3806753,0.6197688,0.5141959,0.4709926,0.40394354,0.40051094,0.44072768,0.4239465,0.4822314,0.3654873,0.49592495,0.525393,0.5850601,0.558569,0.52873677,0.51200235,0.5505847,0.5479096,0.58308166,0.58058757,0.5196642,0.5669986,0.46516675,0.44458172,0.5052537,0.57261735,0.52899796,0.5623444,0.5015311,0.45974597,0.5128033,0.48112562,0.50286967,0.5318447,0.53715247,0.57840556,0.58862025,0.58082986,0.58318007,0.5543669,0.4855675,0.52514404,0.56308866,0.5136179,0.565056,0.5857292,0.53245336,0.5101806,0.56002533,0.46123058,0.583702,0.5377334,0.4750689,0.39289197,0.3948842,0.4313846,0.45763576,0.40109998,0.41112944,0.4634663,0.43396476,0.5259112,0.5331699,0.50871384,0.5145071,0.5358366,0.49468055,0.53617823,0.3748483,0.33553788,0.36026758,0.5440707,0.5799331,0.5372098,0.55996567,0.5242943,0.49511153,0.39080036,0.4437425,0.5316941,0.48868892,0.4737765,0.4615946,0.5227261,0.5043779,0.46244836,0.56977105,0.53968996,0.5336156,0.54382735,0.5194748,0.49698207,0.48536614,0.49540296,0.51680005,0.53153414,0.5107995,0.6161164,0.61710423,0.5611305,0.34175473,0.49520263,0.571058,0.51654184,0.5946616,0.5803945,0.5384873,0.53677666,0.52414256,0.5714844,0.49017856,0.6633056,0.63882416,0.52100503,0.5823492,0.6509673,0.49281254,0.5498965,0.53389543,0.5792329,0.53164417,0.39366364,0.55088437,0.6079093,0.54743683,0.50244814,0.44210237,0.4387764,0.39388424,0.48182377,0.5172358,0.5223958,0.5396672,0.5499471,0.66017264,0.545351,0.5137454,0.6038359,0.6282772,0.62322456,0.61260176,0.44098407,0.44545844,0.57828754,0.53563166,0.55183387,0.64473915,0.663517,0.6523765,0.60349196,0.54131323,0.49795112,0.6326602,0.6647078,0.5693368,0.62403035,0.52085364,0.4786366,0.54484594,0.5339814,0.5630593,0.5425776,0.506352,0.55425376,0.5799946,0.6460359,0.577332,0.69695234,0.6579798,0.4413235,0.53109163,0.54925245,0.48786265,0.45796555,0.4976661,0.4766139,0.50222653,0.5175303,0.467745,0.42292112,0.35650867,0.56087524,0.47918344,0.46939936,0.4068917,0.41577482,0.42957878,0.4036451,0.47381496,0.37422326,0.5212131,0.55265737,0.5617371,0.54277796,0.58007747,0.5760947,0.569048,0.5963041,0.6182972,0.5627547,0.5746938,0.5595144,0.49273902,0.53376853,0.49774358,0.5901276,0.55663484,0.5626134,0.5613585,0.55042267,0.5487789,0.47875506,0.48658836,0.546817,0.57874995,0.58682907,0.59179693,0.5736413,0.5918888,0.59243876,0.59191453,0.537984,0.5928026,0.5192074,0.57928693,0.5822948,0.5228397,0.5387259,0.6043002,0.43919593,0.60018927,0.54714286,0.475625,0.3846595,0.4356092,0.4635246,0.46073496,0.42689082,0.38965607,0.4714572,0.44277912,0.52294517,0.5547295,0.5217716,0.5479491,0.557656,0.50473374,0.510358,0.39384046,0.31290874,0.3418489,0.54192066,0.5259566,0.5212484,0.52260894,0.5162598,0.5526042,0.4005367,0.42107934,0.54114383,0.49660066,0.5260855,0.50556177,0.5252901,0.5274425,0.5304322,0.6015742,0.5464769,0.5276472,0.5428094,0.5185289,0.49678698,0.53084123,0.51743925,0.54245454,0.55452055,0.5185957,0.560321,0.62716126,0.54105365,0.2950312,0.48091742,0.58394694,0.57424897,0.5964686,0.60422546,0.5512678,0.56226486,0.4852874,0.5952948,0.46890944,0.6361423,0.63403374,0.56276083,0.66252804,0.61319894,0.51417696,0.52461797,0.5347388,0.54983616,0.4998695,0.40335384,0.5728217,0.5837963,0.586918,0.51322156,0.44380376,0.45711225,0.39878118,0.5388086,0.5647804,0.50212973,0.5710838,0.59846175,0.5428089,0.5332316,0.53121775,0.5104542,0.5550134,0.5562461,0.5709106,0.56483316,0.5529602,0.54318744,0.5235459,0.5220904,0.54288435,0.52047366,0.52429146,0.5309846,0.54531556,0.5432501,0.56073064
415,0.6122116,0.5460066,0.5323113,0.5787925,0.58039844,0.5877967,0.55614215,0.4672981,0.46056902,0.51003516,0.49445504,0.4804133,0.5947454,0.65095913,0.6468562,0.6164823,0.5160065,0.4962048,0.5970234,0.64886147,0.5875786,0.52997714,0.55526376,0.41323158,0.44255608,0.44633734,0.51722854,0.4585707,0.58146745,0.5982641,0.58744603,0.61097115,0.6117746,0.6693497,0.581882,0.52486193,0.48839387,0.5261485,0.52412033,0.47007158,0.5081991,0.46091202,0.48083055,0.4840436,0.4561767,0.44842896,0.39320615,0.574924,0.48521206,0.4707783,0.43401432,0.4224271,0.45243275,0.43688455,0.4805966,0.37886715,0.46831986,0.52030426,0.5259347,0.49881074,0.51612693,0.4969612,0.53574026,0.5223672,0.5523288,0.5240347,0.5186768,0.56800807,0.44801292,0.45142132,0.5097299,0.56575316,0.49849486,0.53715116,0.46454424,0.4410337,0.52500165,0.46717352,0.46638897,0.503111,0.48225495,0.5421373,0.58298874,0.54219973,0.5730139,0.5198172,0.46676078,0.50392526,0.5738594,0.5260786,0.55096763,0.57051855,0.52974147,0.49172533,0.5372882,0.44712,0.58361685,0.5449207,0.45147637,0.39536583,0.3912766,0.4108733,0.41275838,0.37932923,0.38740185,0.43854225,0.4078373,0.4747498,0.47280294,0.49959567,0.46957585,0.49440226,0.45245403,0.4848815,0.3777732,0.34520468,0.37864107,0.53686416,0.56991315,0.53768784,0.54125696,0.51592183,0.46396685,0.37438673,0.4421588,0.51491934,0.4661955,0.46051142,0.4487281,0.5191182,0.4952113,0.4608948,0.57099557,0.5314799,0.52446854,0.52103376,0.49899465,0.48328224,0.46272883,0.46895248,0.48932824,0.5070073,0.48090056,0.61288464,0.6248339,0.53281355,0.3445717,0.4504756,0.5752014,0.50904876,0.6057079,0.5581219,0.5102907,0.49951005,0.52101314,0.5710468,0.47804514,0.6187983,0.5941873,0.48789132,0.571139,0.6350412,0.4686659,0.5464032,0.5278705,0.57674694,0.47406915,0.40339985,0.48834938,0.59767497,0.5557813,0.48368457,0.39455116,0.3961488,0.39088222,0.46596798,0.53282446,0.48345548,0.4968124,0.4976348,0.60793984,0.52300894,0.5054674,0.57274485,0.5840168,0.5749819,0.554473,0.46450534,0.45833015,0.52111334,0.49498823,0.517022,0.61026853,0.6507124,0.6502542,0.5806059,0.529742,0.48054457,0.5797597,0.62841624,0.5280776,0.57091093,0.5023978,0.40564364,0.48517185,0.5056992,0.53745264,0.5041637,0.53783184,0.5829252,0.57741296,0.6568199,0.5804684,0.6989251,0.661624,0.48453158,0.49912998,0.51518553,0.50599974,0.46634254,0.47807717,0.46667084,0.47498843,0.48545375,0.43940735,0.41613522,0.3797155,0.5273413,0.45056808,0.472923,0.43957856,0.43871498,0.4500303,0.43223822,0.47671452,0.38925013,0.48642042,0.54605556,0.49863118,0.48638093,0.5580161,0.56705827,0.5625946,0.5769977,0.60377413,0.5236469,0.58722496,0.57925487,0.48784137,0.54338276,0.50489765,0.61610293,0.5455718,0.544602,0.5104261,0.5367488,0.5736964,0.46788964,0.44514868,0.5093699,0.54518664,0.56114477,0.6103891,0.5474276,0.62063736,0.54817057,0.57808983,0.5369928,0.589838,0.5379737,0.5707393,0.57215285,0.5234467,0.52448833,0.59484345,0.43307373,0.62297547,0.57985413,0.45854762,0.39423355,0.42761478,0.44024056,0.3955981,0.40324223,0.3881307,0.45254838,0.41809922,0.47323933,0.50860745,0.5103674,0.50929576,0.52769345,0.45592317,0.46256366,0.38581145,0.3357535,0.37045023,0.5562702,0.5224088,0.5235707,0.5096119,0.5105711,0.5184304,0.37345865,0.4203373,0.5288534,0.46646592,0.49451032,0.48260537,0.5180579,0.5191455,0.5340383,0.6094989,0.5460446,0.52294165,0.51702595,0.5060871,0.47436243,0.49468073,0.49454543,0.51209724,0.5220912,0.50080085,0.5921627,0.65587056,0.5174885,0.31635776,0.4511432,0.60154116,0.5858189,0.63246953,0.5676307,0.5202145,0.51230955,0.48122862,0.57275474,0.4483979,0.58989596,0.5898759,0.5176008,0.66161466,0.61093074,0.47819528,0.52351564,0.53988725,0.5486213,0.45201936,0.40321666,0.5221061,0.60127157,0.6068302,0.513189,0.3880363,0.3894936,0.3948776,0.53561795,0.57923245,0.47037736,0.5410951,0.5502841,0.5290546,0.5220348,0.5402961,0.5136165,0.5231791,0.53270644,0.55870944,0.5472737,0.5408769,0.5356131,0.53000104,0.5278904,0.5413195,0.5145855,0.48957893,0.49904162,0.53128326,0.53682613,0.54891574
416,0.5479933,0.52499855,0.5181853,0.5400532,0.53827536,0.54424125,0.5210555,0.48474616,0.47443223,0.45200154,0.43676543,0.43961045,0.5605659,0.6174222,0.61908877,0.5824284,0.48707068,0.48830357,0.54555076,0.59667224,0.5494585,0.49550685,0.53440815,0.3692253,0.40355456,0.4325325,0.4798898,0.43324387,0.56652653,0.5899102,0.5674357,0.596392,0.5897031,0.65357184,0.55958486,0.53816766,0.44432533,0.476794,0.52260494,0.46699214,0.48045248,0.4488182,0.44724855,0.45066118,0.41705444,0.44387537,0.4104319,0.52251685,0.45507216,0.46266454,0.4691119,0.4496227,0.4681362,0.45317078,0.47791636,0.4020041,0.43922347,0.5103759,0.46188748,0.43637598,0.49964982,0.47420517,0.5144938,0.489309,0.5136309,0.46562797,0.508054,0.55585647,0.42897,0.45584324,0.5051914,0.5474139,0.46412745,0.5057629,0.42932355,0.42435995,0.53209656,0.45050022,0.43089798,0.47262532,0.4258269,0.49877742,0.56569004,0.49095348,0.5514142,0.47333032,0.4436964,0.48230615,0.57232153,0.53341526,0.5284921,0.5501485,0.52579725,0.4732454,0.5052468,0.4309322,0.57063836,0.5374937,0.4361192,0.41268158,0.40030113,0.40147537,0.38309205,0.37516645,0.3787091,0.42114952,0.39580593,0.423823,0.41585797,0.49036562,0.4293125,0.45456,0.41669828,0.43846387,0.38861963,0.36181724,0.3996325,0.52645284,0.55683076,0.53524876,0.5181496,0.5063269,0.43634868,0.37655237,0.44797596,0.49726158,0.44602522,0.4500914,0.43624738,0.5085425,0.4861532,0.45793548,0.56344426,0.52148265,0.51447445,0.4969345,0.47070146,0.4643846,0.4440353,0.4423517,0.4573393,0.4795756,0.44508398,0.5945269,0.6164098,0.49691376,0.36018792,0.40500462,0.56637067,0.49204838,0.6004488,0.5301417,0.48228928,0.46611124,0.5123272,0.55922884,0.4606805,0.56139225,0.53943044,0.45938143,0.5460088,0.60005677,0.44928753,0.5393856,0.5145964,0.57142,0.42194566,0.4238312,0.42877254,0.5730238,0.55665326,0.46780896,0.36668846,0.37146744,0.4030072,0.45025215,0.54199034,0.4524114,0.45077407,0.44582355,0.5405348,0.49391773,0.4979277,0.53166926,0.5284366,0.5170327,0.49169835,0.48845625,0.47415382,0.46037626,0.45445487,0.4751021,0.56311697,0.62212586,0.63491166,0.54721993,0.51366395,0.46276155,0.51606184,0.5753539,0.48155802,0.50693494,0.4785419,0.3529414,0.42624715,0.47111142,0.5012747,0.4649233,0.5574261,0.59933555,0.5660807,0.6528943,0.5755885,0.6834236,0.6515186,0.52281797,0.46345612,0.47550088,0.5179637,0.47763142,0.46026185,0.45562696,0.4484585,0.4487281,0.40566677,0.40618557,0.4081864,0.48879033,0.42274928,0.4733992,0.47596148,0.4640347,0.4743827,0.46417993,0.4787097,0.41257855,0.44888362,0.53340745,0.43543398,0.43037975,0.5283474,0.5524605,0.5539274,0.54731756,0.58061713,0.48621786,0.58929247,0.58971244,0.48151335,0.5487726,0.50617355,0.62950313,0.5296263,0.52588993,0.45666698,0.52467924,0.5950329,0.45864922,0.41013035,0.47169957,0.5090907,0.5278046,0.6194764,0.50987923,0.6390839,0.4912001,0.55513114,0.5339315,0.5718762,0.5523226,0.5549371,0.5596035,0.5242029,0.51000637,0.57269263,0.42671233,0.6340652,0.60376805,0.44756225,0.4171432,0.43071222,0.42478043,0.34875464,0.3943962,0.40118477,0.43977723,0.40660793,0.42592826,0.46519792,0.4987551,0.47359893,0.49485934,0.4140347,0.42512935,0.38982186,0.3719828,0.40632576,0.5667992,0.5168125,0.5243463,0.4952809,0.5054875,0.4819029,0.36434513,0.4275677,0.5136232,0.4389895,0.4661506,0.45829692,0.5070075,0.51153463,0.5353225,0.6066974,0.54296565,0.51735467,0.48390245,0.4873208,0.45008662,0.4585834,0.46726027,0.47358194,0.48643768,0.47472692,0.615295,0.66942894,0.4867489,0.3550327,0.42159343,0.60819745,0.58593756,0.6542946,0.5234646,0.48897576,0.4641259,0.4761018,0.53608805,0.42592412,0.5328669,0.53424263,0.4747962,0.6457009,0.59352493,0.44569692,0.5235205,0.53887755,0.54737014,0.411635,0.41445118,0.47357905,0.6036041,0.6204847,0.5140747,0.35214135,0.3437004,0.40501988,0.53217983,0.58828616,0.44641608,0.5051927,0.49730912,0.5138503,0.5093591,0.5475108,0.51719046,0.48805395,0.5052774,0.53812444,0.5213131,0.52732617,0.52578187,0.5334382,0.5311865,0.53779346,0.50907314,0.45730734,0.46804377,0.5114979,0.5256806,0.533143
417,0.48165432,0.49877977,0.5008238,0.49669227,0.4936607,0.49943238,0.48945794,0.49723423,0.4844568,0.40205556,0.39011773,0.401927,0.5199721,0.5701319,0.5757765,0.5405023,0.4588749,0.4803058,0.49398732,0.53719246,0.50784254,0.46333286,0.5057605,0.3439774,0.37277898,0.419086,0.43877435,0.4156573,0.53314376,0.5685484,0.53973067,0.5676641,0.5585269,0.62353235,0.52689415,0.5352786,0.40225694,0.42609254,0.5098004,0.46483347,0.45426804,0.43474284,0.4183867,0.41362208,0.37820527,0.4303242,0.42792836,0.47117847,0.42874247,0.44709352,0.49981236,0.47507015,0.48126605,0.46818367,0.47229615,0.43090102,0.41215894,0.49916598,0.4030681,0.38107964,0.48267657,0.44987035,0.4929452,0.453634,0.47409365,0.4167126,0.49218163,0.53537226,0.41336268,0.46071973,0.49394193,0.5238352,0.43102142,0.47581106,0.40288052,0.41513258,0.53701425,0.43432447,0.40470555,0.44538006,0.37996468,0.45693925,0.54055816,0.43495145,0.5227525,0.42200717,0.42262706,0.46582386,0.56008834,0.5360171,0.5015097,0.52965045,0.52170974,0.45957372,0.4688913,0.41432837,0.54790074,0.518928,0.42812553,0.43827403,0.41702616,0.39941496,0.36715212,0.38352603,0.38196418,0.41124263,0.3963365,0.38067785,0.37065285,0.4816571,0.39988032,0.4224145,0.391234,0.40106913,0.40409687,0.3818089,0.41971454,0.51477957,0.5424585,0.5301699,0.49325198,0.49704838,0.4145022,0.39188373,0.45666066,0.4813995,0.43015027,0.44158676,0.4246244,0.49418294,0.47836846,0.45541978,0.54991674,0.5113734,0.5056181,0.4754636,0.43999487,0.4436768,0.4307053,0.41875607,0.42513287,0.45069692,0.40827852,0.5636589,0.5942637,0.4592603,0.38478675,0.36470273,0.5475811,0.4705555,0.5822619,0.49888098,0.45815203,0.44136083,0.4993593,0.5377661,0.44155383,0.50273216,0.48387635,0.43876797,0.512257,0.55096644,0.43751654,0.53009754,0.4972215,0.563728,0.38116786,0.44734997,0.3821868,0.5380295,0.5530368,0.45460224,0.35661873,0.3626099,0.42517874,0.43665996,0.54561174,0.43133533,0.40902337,0.40140918,0.47099766,0.4625564,0.48957115,0.48707345,0.47129765,0.4598567,0.4366414,0.5059776,0.48727134,0.40560222,0.41971523,0.43190575,0.5103689,0.5794755,0.6051553,0.5078917,0.49551553,0.4471904,0.45362923,0.5157037,0.4387645,0.44342875,0.45240143,0.3223113,0.37598118,0.43590167,0.45832035,0.4283452,0.5601593,0.6016374,0.54627955,0.63460493,0.56330854,0.65310746,0.62748694,0.5459916,0.4273194,0.43447596,0.51762563,0.48761803,0.4441343,0.44268772,0.42651567,0.4117189,0.36988738,0.3915305,0.43629912,0.45119095,0.39968753,0.46875182,0.50696,0.48545623,0.4950978,0.4939965,0.47689474,0.44014013,0.4128136,0.5171192,0.38182148,0.38225928,0.49547625,0.53457093,0.5454082,0.51071143,0.5522644,0.4560056,0.58092177,0.58887744,0.47573146,0.5497847,0.5003382,0.6300134,0.50918657,0.5098709,0.40906182,0.51688695,0.6101711,0.45131767,0.38421923,0.43716013,0.4766624,0.49108565,0.61729753,0.4647077,0.645395,0.42901406,0.5263238,0.5303057,0.5394799,0.5605875,0.53391117,0.54687244,0.52549475,0.49845406,0.53962505,0.4193401,0.6314058,0.6147289,0.44143674,0.4466613,0.44129103,0.41565534,0.32040456,0.3965376,0.42313045,0.43244144,0.4068081,0.38692236,0.43036935,0.48874646,0.44621256,0.46338457,0.3831004,0.39995876,0.40325496,0.4152767,0.44282034,0.57286495,0.5089315,0.5229765,0.480646,0.5015121,0.446894,0.369137,0.4390197,0.49791518,0.41697276,0.44380653,0.4340553,0.49238813,0.50574857,0.5340896,0.593378,0.5376389,0.5121245,0.44817504,0.4639876,0.42811087,0.42621166,0.43852043,0.43256176,0.45032746,0.4436513,0.6246176,0.6658269,0.4533463,0.40413043,0.3948454,0.602106,0.57450444,0.6590181,0.4780215,0.4615188,0.42511728,0.470432,0.49122074,0.4054283,0.47667798,0.47711676,0.44014895,0.6141531,0.5614577,0.42144635,0.5255598,0.5331807,0.5467347,0.38202518,0.4310621,0.43451917,0.58935267,0.62685025,0.51528794,0.3348984,0.3198154,0.42408943,0.52789915,0.5910059,0.4321201,0.46838418,0.4478463,0.49962252,0.49672264,0.5520434,0.52085686,0.45623505,0.4789477,0.51214284,0.4914194,0.514852,0.51562554,0.5332964,0.53112614,0.5332112,0.5055466,0.43264303,0.44322175,0.48895386,0.5110086,0.5154381
418,0.4272248,0.4725642,0.48185733,0.45729965,0.45517975,0.46162394,0.46584952,0.50272006,0.48817024,0.36782512,0.35969403,0.37426588,0.48125777,0.5176951,0.52408993,0.49944738,0.4362386,0.47391585,0.45179948,0.48302743,0.471375,0.4378296,0.47549778,0.3342904,0.35281825,0.41024208,0.40101135,0.40478128,0.48893747,0.5400622,0.5107996,0.5297944,0.5257527,0.58549917,0.49088028,0.5178018,0.3673388,0.38248384,0.48721462,0.46209782,0.43110472,0.4188555,0.39912322,0.3804873,0.34485048,0.41069758,0.4418641,0.42991912,0.41075274,0.42746678,0.52020556,0.49373204,0.4883253,0.4788482,0.4641985,0.4603397,0.39106002,0.48947048,0.3585062,0.34149608,0.4690053,0.42970014,0.4749831,0.42210272,0.44208068,0.3851697,0.47484058,0.5123555,0.4044427,0.46653795,0.479078,0.50121737,0.40406477,0.45305726,0.38951647,0.41491127,0.54015124,0.4221227,0.39203337,0.42573896,0.35214895,0.42397335,0.5121715,0.38481167,0.49254265,0.3772006,0.40881002,0.45730385,0.54005164,0.5340256,0.47517574,0.51288635,0.5182628,0.45292893,0.43500578,0.39990878,0.5204059,0.4957209,0.42602873,0.46436247,0.43546396,0.4010071,0.361018,0.39706546,0.39096946,0.4070942,0.4044206,0.35172012,0.34211463,0.4742071,0.3839693,0.40172863,0.37751266,0.37465847,0.4203621,0.4013059,0.43603683,0.5041954,0.52885604,0.5233244,0.4707079,0.4893753,0.4002398,0.41153204,0.4635405,0.47044462,0.4197342,0.43446866,0.41585484,0.47914556,0.47272393,0.45411223,0.5335366,0.5023667,0.4993059,0.45972824,0.4125839,0.42549542,0.42255872,0.39988413,0.3969352,0.4242774,0.37628672,0.5261608,0.56337625,0.42621332,0.41251996,0.3343702,0.5226939,0.4498268,0.5562873,0.46901503,0.44059214,0.42746696,0.48519662,0.5122136,0.42474768,0.45482704,0.43743533,0.42707226,0.47710782,0.4969763,0.43396318,0.520176,0.47951502,0.5544127,0.3541829,0.46716088,0.35499877,0.50111085,0.54592484,0.4443592,0.35857475,0.36410475,0.44906616,0.42708606,0.5442745,0.41915104,0.37847883,0.3695433,0.413965,0.4350193,0.48006085,0.4476252,0.42359522,0.4137477,0.3979068,0.5143075,0.49483585,0.36517236,0.39477065,0.39592534,0.4625559,0.5297167,0.5642593,0.47098795,0.47839835,0.4362926,0.4043428,0.46276996,0.40669468,0.39157617,0.4289013,0.30994132,0.33990863,0.4081188,0.41651383,0.3981404,0.54643655,0.59106696,0.5222545,0.6041118,0.5470696,0.6129319,0.5924529,0.55183166,0.3952965,0.397453,0.5046189,0.49364498,0.42982987,0.4280282,0.41295958,0.3808756,0.338069,0.37422672,0.4581653,0.42098635,0.38415614,0.45897475,0.52694273,0.49898508,0.5077471,0.51689535,0.4707002,0.4670272,0.38275924,0.50006884,0.34502247,0.34843794,0.46547273,0.51507485,0.5372662,0.4736518,0.5241514,0.43642437,0.5635626,0.57713884,0.47156778,0.54582965,0.48889256,0.6184789,0.48646376,0.49779558,0.37637573,0.5132427,0.6156217,0.445975,0.36932945,0.40915647,0.4523291,0.45648864,0.60342526,0.41977856,0.638036,0.3739062,0.49661565,0.5272519,0.49881607,0.5616038,0.5106107,0.53520066,0.5269542,0.49098566,0.50134194,0.41142735,0.6152967,0.61097735,0.4388237,0.4749285,0.45410877,0.41084364,0.30680355,0.40376177,0.44537738,0.42892307,0.4133558,0.36099723,0.4074358,0.4817447,0.42906383,0.43757862,0.3648667,0.3860733,0.42116332,0.4562891,0.4729902,0.57436687,0.49954993,0.5195569,0.4680256,0.49926978,0.41832635,0.38063502,0.45025867,0.48479983,0.40235317,0.4298513,0.413885,0.4762988,0.5024657,0.5308892,0.57189983,0.53078556,0.50820047,0.4166716,0.4398977,0.41193864,0.40182638,0.4123814,0.39614382,0.41806597,0.41265917,0.6183898,0.6458649,0.4230017,0.45256054,0.3733137,0.58379894,0.5542398,0.6465556,0.43869984,0.44115117,0.39967403,0.46592453,0.4482227,0.39061192,0.43230933,0.42906013,0.4169462,0.5710978,0.5200483,0.40757477,0.52908707,0.5250757,0.5467403,0.36384255,0.4466731,0.4094666,0.5615609,0.62341934,0.51619273,0.3308322,0.31287414,0.4439442,0.5230417,0.5869232,0.4262329,0.43690425,0.40929246,0.48921856,0.48613322,0.5535307,0.52441144,0.43324497,0.45833728,0.4857469,0.46368977,0.5054415,0.5070394,0.5300907,0.5281502,0.5286436,0.5046234,0.41868013,0.42809942,0.4682584,0.49585968,0.49860564
419,0.39383158,0.45171443,0.46514124,0.429289,0.4292535,0.43702176,0.45294428,0.5021491,0.48640665,0.35282904,0.3465855,0.3620399,0.45204774,0.47418728,0.4783223,0.467925,0.42422113,0.47064728,0.42585406,0.44556823,0.44785887,0.42255163,0.45029193,0.33656025,0.3453016,0.41175333,0.3733671,0.39817896,0.44608587,0.51287264,0.48944572,0.4926645,0.5013827,0.54899526,0.46253318,0.49252552,0.34362602,0.35271215,0.45974356,0.4583161,0.4129608,0.4026933,0.39194942,0.3588974,0.322102,0.3914624,0.45055878,0.40574792,0.40522358,0.41038764,0.5281871,0.5031555,0.48902723,0.4843531,0.45534688,0.48489618,0.37970883,0.48330462,0.33385044,0.3222378,0.4636494,0.42031482,0.46397415,0.40270242,0.4253218,0.37521178,0.46053573,0.49278268,0.40550306,0.4739022,0.4657386,0.4851452,0.38867897,0.441796,0.39165574,0.42458004,0.5408538,0.41676146,0.3936822,0.4165567,0.3450826,0.40468493,0.48569143,0.3499795,0.46726665,0.350213,0.40665618,0.45789415,0.5182868,0.52935934,0.45572004,0.5020657,0.5160948,0.45529845,0.41019598,0.39103296,0.49428335,0.47599292,0.42741007,0.48356995,0.44985098,0.4038963,0.3610279,0.4090918,0.39903435,0.40641546,0.41309404,0.34024414,0.3318837,0.46885023,0.38332304,0.39560685,0.37432846,0.35944495,0.43430194,0.41769344,0.4484955,0.4974624,0.5188285,0.5164839,0.45516247,0.4842653,0.3943064,0.42645264,0.46452624,0.46709815,0.41627017,0.4289007,0.41243216,0.46760827,0.4701755,0.45527092,0.5173416,0.49544716,0.4962729,0.4515426,0.39318362,0.41495392,0.4180124,0.3862149,0.3765384,0.4062161,0.35477644,0.49112904,0.53065115,0.40387788,0.43650126,0.31697464,0.49775174,0.43569046,0.529695,0.44564417,0.43127918,0.42517665,0.4742188,0.48994398,0.414967,0.42622882,0.40701947,0.42501536,0.45055047,0.45002094,0.43801045,0.51157266,0.46544668,0.54532063,0.34133497,0.4790095,0.34975186,0.4734359,0.5358357,0.43830624,0.36648282,0.3699799,0.46541283,0.42398456,0.53892106,0.41290653,0.36524177,0.35485935,0.3790543,0.41657326,0.47093475,0.42084867,0.39318833,0.38611245,0.37968916,0.51412266,0.49608824,0.3440094,0.3824814,0.37472898,0.42915952,0.48551613,0.5228406,0.44492227,0.4681127,0.432335,0.376396,0.42878222,0.3899501,0.36016572,0.41214094,0.31168976,0.32041866,0.39549205,0.38453642,0.37728295,0.5222929,0.5728524,0.50136554,0.5682493,0.53269553,0.571141,0.5552929,0.5431591,0.3715521,0.3700044,0.48224998,0.49437898,0.41802192,0.4129625,0.40931317,0.3618998,0.31679413,0.36087573,0.47029632,0.40413442,0.37913838,0.4490257,0.5337624,0.5031286,0.51122445,0.5295804,0.46153927,0.4883577,0.36284432,0.48558533,0.32833576,0.3323544,0.44549057,0.4977053,0.52988374,0.44534606,0.50293237,0.42921418,0.5417439,0.5582279,0.47103867,0.53799444,0.47757903,0.5980151,0.46648398,0.49078,0.3645695,0.5134046,0.6097191,0.44357875,0.3657343,0.39178386,0.43872923,0.43004742,0.5805465,0.38443494,0.61760205,0.33793268,0.4720245,0.52598023,0.461561,0.55624664,0.48967108,0.52551746,0.527924,0.48925057,0.46653542,0.40570962,0.58907866,0.594437,0.4381632,0.49482793,0.46408138,0.40873957,0.30401146,0.4105477,0.45985103,0.42771026,0.41964903,0.35080507,0.39772534,0.4779473,0.42361084,0.42237303,0.3591892,0.38091132,0.43798822,0.48728958,0.49378306,0.57186013,0.4910788,0.51491857,0.46016353,0.4993691,0.40038764,0.3912362,0.45705783,0.47715476,0.39786673,0.42496938,0.40241697,0.46317282,0.50189143,0.52734077,0.5468654,0.523523,0.506108,0.39593756,0.42062134,0.40575483,0.38838336,0.39302483,0.3708919,0.3957832,0.38860336,0.59955704,0.6140949,0.4024204,0.4893283,0.35962534,0.5575593,0.5311802,0.6208695,0.41147342,0.43053585,0.3908308,0.46479055,0.41711125,0.3848786,0.40793082,0.39765546,0.4077558,0.5277056,0.478936,0.40516707,0.53292036,0.51700574,0.5467926,0.3563272,0.45672482,0.40078792,0.5282086,0.609178,0.5165992,0.33447602,0.31693718,0.45608476,0.51868385,0.57741237,0.42551258,0.41787407,0.38808277,0.48490784,0.479415,0.55154335,0.5270452,0.42285502,0.44708845,0.46472922,0.4441076,0.50026786,0.5012994,0.52509904,0.5234521,0.52468854,0.50577384,0.41617364,0.42378914,0.45460758,0.48435405,0.48560113
420,0.38384274,0.43960217,0.45451674,0.4160387,0.41809568,0.4282316,0.45202228,0.49756384,0.48155814,0.35664365,0.34952354,0.36690667,0.43612155,0.4505774,0.45089298,0.45064223,0.42612085,0.4714535,0.41901198,0.43065757,0.44153523,0.41987556,0.4345205,0.34901682,0.35031113,0.42695698,0.3602113,0.39457235,0.41570836,0.49502158,0.48175228,0.46772394,0.49221432,0.523401,0.45104438,0.4672072,0.33312064,0.3401372,0.43318123,0.45417786,0.40214455,0.3886114,0.3958527,0.35311434,0.31305432,0.37927556,0.45423752,0.40121683,0.41368604,0.40182054,0.5245154,0.5030433,0.485162,0.48530653,0.4475993,0.50051975,0.38061973,0.4823238,0.3305859,0.32339716,0.47040087,0.42754522,0.46355152,0.40116328,0.42758834,0.38726744,0.4549547,0.48207942,0.41961554,0.48511305,0.46027744,0.4800888,0.389039,0.4445527,0.40935048,0.44522685,0.54015636,0.41938946,0.40840167,0.41844437,0.35794792,0.40096882,0.46650526,0.335268,0.45268524,0.34675372,0.41879725,0.46798068,0.50276244,0.5259829,0.44809878,0.49820805,0.51579124,0.46859527,0.39800757,0.39030582,0.4754491,0.46679944,0.4298258,0.49171743,0.4567653,0.40768653,0.36551338,0.4168851,0.4026744,0.4078253,0.41781247,0.34576827,0.33893,0.46630985,0.39866775,0.40566254,0.3789641,0.35489658,0.4442139,0.42962942,0.45824134,0.49657515,0.51498187,0.51182944,0.45000365,0.48250982,0.39615473,0.4328012,0.45831963,0.4723126,0.42123294,0.42566374,0.41557372,0.46408483,0.47176743,0.46132833,0.50465536,0.49178645,0.49679428,0.45107982,0.38475263,0.41573706,0.4158087,0.37824926,0.36694458,0.40059727,0.34757358,0.4666171,0.5028133,0.39592832,0.45115796,0.3134539,0.4801841,0.4332793,0.51017106,0.43211228,0.43099564,0.43402806,0.47042736,0.47668678,0.4155854,0.42008102,0.39515397,0.43299413,0.4408916,0.4200568,0.44854164,0.506298,0.4587096,0.5385309,0.3419781,0.48208657,0.3651243,0.46273243,0.5255783,0.43783206,0.3773416,0.37726083,0.4695149,0.42950395,0.5320961,0.41043216,0.37255746,0.36004448,0.3688307,0.4096273,0.46445042,0.41015354,0.38265476,0.38003072,0.38274917,0.50794095,0.49202472,0.34261173,0.38405424,0.37121406,0.41435137,0.45782638,0.49245375,0.4340579,0.47000447,0.4365438,0.3726224,0.42023057,0.39091808,0.35371014,0.4041429,0.32543573,0.3172959,0.40144932,0.36770168,0.36741966,0.49662182,0.55483073,0.48969296,0.5375482,0.52510417,0.5370509,0.5270549,0.5246738,0.358781,0.3561557,0.4557038,0.49002114,0.41027823,0.39980128,0.41394138,0.35706094,0.30986157,0.35784152,0.47261956,0.40364343,0.38641918,0.44536516,0.52832794,0.49867803,0.5071262,0.53120625,0.45200616,0.50082576,0.3558647,0.47725272,0.33112285,0.3337332,0.4407108,0.48832768,0.5255564,0.43360242,0.49360764,0.4342843,0.5230194,0.5389587,0.477257,0.5303226,0.4736887,0.575149,0.45529014,0.49056137,0.37455028,0.5181714,0.59533733,0.44521388,0.371702,0.38803187,0.43706137,0.41626644,0.5547478,0.3651916,0.58883464,0.326962,0.45837274,0.52787906,0.43878493,0.5480857,0.47640848,0.51898843,0.5282054,0.49566707,0.44248754,0.40547955,0.55924577,0.5715906,0.43820632,0.50267875,0.4687541,0.4091323,0.31002086,0.41471574,0.46317098,0.42821252,0.42235273,0.3559825,0.40084812,0.47681227,0.43140477,0.4213074,0.3643018,0.38213292,0.44981235,0.5048183,0.50568783,0.56675994,0.48660755,0.51051533,0.45891398,0.50188684,0.39488453,0.3974234,0.45764473,0.47672057,0.40579465,0.42792585,0.40181977,0.45787916,0.50397694,0.52592707,0.52435935,0.51745087,0.5061216,0.38936177,0.41086847,0.41291362,0.38623977,0.38333014,0.36072835,0.38798973,0.37740695,0.5743266,0.57814145,0.39648628,0.50819665,0.3558256,0.53126276,0.5130062,0.59011936,0.39904308,0.4308342,0.39982235,0.46841553,0.4035927,0.3900445,0.40713832,0.38609105,0.413767,0.49619105,0.44781238,0.41455922,0.5363225,0.5114851,0.5461031,0.35837853,0.46020928,0.40835893,0.4996293,0.5880407,0.51674587,0.3436607,0.32826784,0.45698178,0.5164092,0.566234,0.42730668,0.41631496,0.38777912,0.48716947,0.4775953,0.5460901,0.5277572,0.42650995,0.44707406,0.45363462,0.43650836,0.499773,0.4990561,0.5199554,0.51846355,0.52157485,0.5082032,0.42395672,0.42925304,0.45148095,0.47961444,0.4786849
421,0.3954145,0.437841,0.45263568,0.4178178,0.4211602,0.43476194,0.46253413,0.49217153,0.4772896,0.37591738,0.3660015,0.38721496,0.4343416,0.44921356,0.4454576,0.448628,0.4413769,0.4767775,0.43014836,0.43825343,0.4521423,0.42997265,0.43060133,0.37095705,0.36665,0.45421332,0.36358476,0.39546594,0.40393645,0.49095625,0.48847577,0.4623955,0.49892655,0.51379585,0.45887417,0.44925144,0.33674133,0.34562752,0.41416904,0.45217037,0.40102664,0.38030735,0.4078663,0.36369628,0.3187346,0.37812024,0.45505708,0.41445258,0.43380848,0.4040663,0.51340485,0.4961695,0.4802981,0.483883,0.4434169,0.50637037,0.3946625,0.4876291,0.34710968,0.34214303,0.48886296,0.45288604,0.4752212,0.41860914,0.4474772,0.4175072,0.462128,0.48387387,0.44720334,0.50178397,0.46722636,0.487738,0.40602398,0.45999405,0.43896368,0.4753888,0.54017943,0.4289363,0.43326947,0.42971185,0.38666812,0.4115877,0.45859796,0.34096733,0.45142773,0.3661888,0.44453186,0.48628393,0.4989965,0.52735704,0.4536611,0.5009624,0.517427,0.49175468,0.39850605,0.39866197,0.46789423,0.47168165,0.43246952,0.4899892,0.45712715,0.41400856,0.37484545,0.42238072,0.4032169,0.41166294,0.41925314,0.36495063,0.35989445,0.4672348,0.42708156,0.430041,0.38861236,0.36046582,0.45004603,0.43708688,0.4657717,0.50157005,0.518232,0.51121974,0.45646775,0.48471972,0.40512896,0.43341845,0.44853047,0.48501423,0.4347234,0.42685285,0.42556354,0.47119176,0.47816738,0.4744427,0.4985348,0.49230614,0.5006288,0.45712158,0.3885163,0.4282006,0.41704208,0.37768567,0.37045932,0.4079994,0.35602942,0.45602897,0.48460525,0.40246195,0.45490503,0.32335237,0.47533536,0.4450121,0.50298625,0.42998737,0.4397098,0.45190847,0.4757338,0.47501644,0.42713,0.43456942,0.40127057,0.44984525,0.4503238,0.4120386,0.46388507,0.50590914,0.46182933,0.5348812,0.35484588,0.47922143,0.3957308,0.46954378,0.5189859,0.44378436,0.39148796,0.3869247,0.46420583,0.44445437,0.5274818,0.41195938,0.39898354,0.3842032,0.38147694,0.41407746,0.46297792,0.4153665,0.39077458,0.39444077,0.40457568,0.49995697,0.48626798,0.35805672,0.3982253,0.38439938,0.41760248,0.45052278,0.4786074,0.43849722,0.48452017,0.44851,0.39093813,0.43628606,0.40898773,0.37191123,0.40596944,0.35007256,0.32907102,0.42447641,0.36795315,0.3699345,0.47746676,0.5444534,0.48972648,0.52134603,0.5267554,0.5176303,0.5151622,0.50335467,0.35876384,0.35754922,0.43271938,0.4834663,0.4092661,0.39210537,0.42360333,0.3655471,0.31777948,0.36708876,0.4684863,0.41835272,0.40495113,0.45067632,0.51546246,0.48947838,0.49969018,0.5245355,0.44578144,0.5042292,0.36329848,0.477506,0.34993395,0.34957558,0.4521946,0.4914422,0.52687657,0.44136575,0.49748772,0.44956994,0.5146682,0.52709436,0.49276555,0.5279821,0.4825934,0.5577765,0.4572466,0.49792132,0.4028292,0.5278962,0.57868063,0.4506349,0.3852411,0.39802623,0.44695038,0.41657305,0.5330935,0.36434495,0.55975676,0.34077743,0.45923626,0.5339265,0.43601456,0.5419959,0.4742049,0.516405,0.5282298,0.51089483,0.43232226,0.41235828,0.5335828,0.55161333,0.43905854,0.49990347,0.46954477,0.4137227,0.32470465,0.418307,0.45772165,0.43107623,0.42320162,0.373414,0.41451728,0.47823876,0.4514029,0.43456194,0.3773608,0.3884859,0.45553362,0.50925326,0.5099165,0.561133,0.48850268,0.5084004,0.46503252,0.50618166,0.40212756,0.4013105,0.45451918,0.48356083,0.4255832,0.4374636,0.4121936,0.46390712,0.50881016,0.5287861,0.510004,0.51426214,0.50831884,0.39690942,0.412372,0.4331084,0.39451912,0.38488716,0.3668208,0.39547884,0.38150144,0.5490601,0.54627097,0.40581074,0.5090946,0.36246985,0.51342577,0.50641876,0.56409776,0.401655,0.4411675,0.42426884,0.4766284,0.4086866,0.4052672,0.4278711,0.39397112,0.43304813,0.4834976,0.43313023,0.4342263,0.5391083,0.5110009,0.5442803,0.36908314,0.45996812,0.4287958,0.48406884,0.5676757,0.51705974,0.35926437,0.3459237,0.4504458,0.5182245,0.5576707,0.43116632,0.4326345,0.40743047,0.49446148,0.4806974,0.5384693,0.52652687,0.4428011,0.45780557,0.45443726,0.44173047,0.5036456,0.50062734,0.5165665,0.51494056,0.519713,0.51148385,0.4394687,0.4421679,0.45933634,0.4825926,0.47896394
422,0.42453104,0.44710732,0.46090037,0.43340108,0.4368683,0.45427182,0.48214957,0.49044555,0.4786463,0.405443,0.3927417,0.41927397,0.44615376,0.4655123,0.45837805,0.4610711,0.46620327,0.4863256,0.4553426,0.46408823,0.47555938,0.45064524,0.4393156,0.40241998,0.3926201,0.48805752,0.3839464,0.40456152,0.41204965,0.50081015,0.50684357,0.47782,0.5176354,0.51968104,0.48214853,0.44487858,0.35487378,0.36852884,0.4091802,0.45618078,0.4116435,0.3821601,0.4248145,0.3883401,0.33843234,0.3889074,0.4565508,0.44068426,0.46022582,0.41585538,0.50248927,0.48853987,0.4796469,0.4840242,0.4458791,0.505122,0.4210837,0.49949482,0.37967548,0.3740055,0.5145436,0.49234474,0.49744782,0.45175534,0.4794237,0.4582164,0.4822639,0.49914524,0.48505607,0.5230264,0.48749867,0.5059408,0.43735012,0.48336333,0.47397324,0.5102815,0.5427323,0.44275206,0.46422958,0.44727954,0.42478636,0.43274772,0.46332133,0.36397433,0.4624649,0.40312496,0.4797272,0.50952035,0.5081641,0.5349515,0.46996787,0.50871086,0.5203939,0.5200978,0.40992177,0.41555434,0.47302034,0.4901612,0.43669373,0.48435354,0.45623565,0.42633498,0.39117903,0.4311627,0.40543014,0.4198672,0.42268512,0.39284143,0.38985157,0.47232664,0.46215227,0.46331227,0.40079936,0.37559444,0.45329252,0.44156146,0.4710148,0.51064026,0.527535,0.5157819,0.47399324,0.49113905,0.42112043,0.43583933,0.4425219,0.5031149,0.455508,0.43549275,0.44229558,0.4885916,0.48921314,0.49492672,0.5004244,0.4969411,0.5068421,0.46755603,0.40391567,0.4497407,0.4246386,0.3867442,0.38832262,0.4268116,0.37943164,0.45839188,0.47816864,0.421075,0.45067266,0.3448912,0.4846047,0.46990728,0.5096103,0.43978778,0.45652154,0.47556424,0.4901568,0.48424858,0.44748473,0.4641976,0.4230081,0.47296694,0.47540247,0.42618847,0.48216677,0.5109621,0.47534418,0.5337179,0.3784098,0.47643283,0.433359,0.48906994,0.51858574,0.45607275,0.41168806,0.40337798,0.4581187,0.467889,0.52828586,0.41997948,0.43863407,0.42285842,0.4129121,0.4280509,0.4686945,0.4342653,0.41421878,0.4249741,0.439743,0.49552566,0.4847673,0.38526538,0.42158538,0.41134435,0.43589422,0.4613539,0.48052025,0.45584705,0.50699294,0.46619362,0.42560658,0.46965334,0.43955728,0.40977022,0.4177725,0.38489634,0.3534977,0.4599225,0.38551164,0.38627943,0.46999574,0.54633045,0.50162387,0.52376455,0.537815,0.5152115,0.52115947,0.48780584,0.37264445,0.37375033,0.42205557,0.4797754,0.4177745,0.3936089,0.4352736,0.38472676,0.3387866,0.38651195,0.4632296,0.44385305,0.4310194,0.46293873,0.503347,0.48184133,0.4951429,0.51538056,0.44678766,0.50137347,0.38538912,0.48677692,0.3795856,0.3753448,0.47700012,0.5079035,0.5352552,0.46657616,0.5127224,0.47196385,0.52047616,0.5286372,0.5181295,0.53482723,0.5061734,0.55148494,0.47432604,0.5123367,0.44352672,0.5421114,0.56656456,0.4581702,0.4056557,0.41915184,0.46669504,0.42945755,0.5210084,0.38065332,0.5385558,0.37517628,0.47480157,0.54437435,0.45273075,0.54213864,0.483236,0.517771,0.52879107,0.53279746,0.43580437,0.4257746,0.51831216,0.5427031,0.44217953,0.49227303,0.47113797,0.42596707,0.34937388,0.42659602,0.44948822,0.43786585,0.42746016,0.3984542,0.43521622,0.48280793,0.47943002,0.45921928,0.3949135,0.39952824,0.4566067,0.50382394,0.5075252,0.5571281,0.49787593,0.51087356,0.47884572,0.5114446,0.421734,0.40939113,0.45354193,0.49663135,0.45424893,0.45362923,0.432977,0.4827037,0.51654446,0.5365197,0.5069451,0.5150645,0.5126653,0.41606227,0.42394096,0.46178028,0.41238132,0.39802706,0.388365,0.41639546,0.39977947,0.5281786,0.52464336,0.42721206,0.4967909,0.37816313,0.50979507,0.51523536,0.5505274,0.4181044,0.4590911,0.45823494,0.48894155,0.429543,0.42712837,0.46297693,0.41818804,0.46094263,0.49076322,0.43751672,0.46082777,0.5413134,0.5172666,0.5413189,0.38783818,0.46164548,0.4568554,0.4852775,0.5555885,0.5179225,0.38397476,0.37173653,0.44553918,0.5262744,0.55445963,0.43839186,0.46294102,0.4417405,0.5040411,0.48769242,0.5309292,0.52454597,0.46773502,0.47665605,0.46626732,0.45779446,0.51082176,0.50600725,0.5168611,0.51490986,0.51953936,0.5154743,0.45956665,0.45986384,0.47612524,0.49243334,0.48625812
423,0.46501446,0.46665967,0.47908834,0.46013272,0.4627252,0.48301196,0.5072299,0.49629533,0.49019128,0.43955743,0.42601293,0.45812982,0.4693342,0.4915922,0.48266464,0.48532817,0.49522942,0.49886996,0.48875138,0.50057465,0.5049124,0.4779788,0.45912427,0.44393373,0.42649105,0.5221461,0.4198047,0.4254576,0.43799436,0.52114034,0.532665,0.50912875,0.54219764,0.5359135,0.5134258,0.45696795,0.38671017,0.40638673,0.4218068,0.46934474,0.43476132,0.39710918,0.44428632,0.42275673,0.36982608,0.41045642,0.46197933,0.47355777,0.4865231,0.4342094,0.49980304,0.48688728,0.48811764,0.48990893,0.45723495,0.50141317,0.45709065,0.51683825,0.4228782,0.41376007,0.54130536,0.5379101,0.5265793,0.49416727,0.51555187,0.4998047,0.51161957,0.52560854,0.5270122,0.545744,0.5180809,0.5292515,0.47832024,0.50927025,0.507582,0.5438387,0.54841083,0.4582697,0.49668005,0.46792713,0.4653771,0.45942566,0.47928494,0.39882526,0.48233303,0.4492144,0.51785743,0.5331671,0.5278705,0.54800224,0.49235195,0.519177,0.523825,0.547741,0.42999363,0.4394856,0.4898257,0.5187548,0.44519797,0.48244804,0.46109906,0.4484703,0.417631,0.4498629,0.41474703,0.43502003,0.43493757,0.4245528,0.423984,0.4821357,0.49739602,0.49876672,0.41388443,0.39964706,0.45666215,0.4459461,0.47451946,0.5212357,0.54053533,0.5254924,0.50035346,0.50138175,0.44393387,0.4486256,0.44754726,0.52428216,0.4816589,0.45364583,0.46480772,0.51316684,0.5036783,0.5204169,0.5092961,0.5045732,0.5139561,0.48005643,0.42843205,0.47621933,0.44091672,0.40645105,0.41944483,0.45459524,0.41503954,0.47058094,0.4831645,0.44823775,0.4444072,0.3751523,0.505796,0.5036645,0.52778673,0.46055946,0.47952643,0.5016605,0.5122813,0.5006469,0.47266826,0.5006895,0.45604998,0.4993457,0.5096086,0.45876604,0.50180036,0.52068025,0.49747196,0.53356034,0.41117343,0.48057827,0.4702445,0.5148901,0.52464294,0.47352087,0.4416668,0.43235317,0.46095037,0.49684924,0.53561234,0.43766028,0.48347703,0.46929592,0.456675,0.4482957,0.48265058,0.46306467,0.44798756,0.46470997,0.48100865,0.49892002,0.4929746,0.4183913,0.4497002,0.44759572,0.46454743,0.48456573,0.49410346,0.4820577,0.5303146,0.4864371,0.46824613,0.5085845,0.47464243,0.45794216,0.4379657,0.4294481,0.38746408,0.5014263,0.41894516,0.41668794,0.47619072,0.5606691,0.52399015,0.5425031,0.55584806,0.5269336,0.5412557,0.4846355,0.40011352,0.40274176,0.42943543,0.48342383,0.4369915,0.40629047,0.44725966,0.4113487,0.3697203,0.4123912,0.4616846,0.4741311,0.45944634,0.47801408,0.49994487,0.48167372,0.49913794,0.5098164,0.45732898,0.49661434,0.42043385,0.5035344,0.41457322,0.40647364,0.5095292,0.5349588,0.5503144,0.5035758,0.5354031,0.49800694,0.5394705,0.5451783,0.55072343,0.5514732,0.5417502,0.55704343,0.50544965,0.53238726,0.48962146,0.5597041,0.5635871,0.46623293,0.4331407,0.44714826,0.49328974,0.45140812,0.5209177,0.41053203,0.5303172,0.42297247,0.50173885,0.558247,0.48390627,0.5500848,0.5009893,0.52225125,0.5305745,0.5571533,0.45090118,0.4439366,0.5162245,0.5487842,0.4496155,0.4870837,0.4789833,0.4493352,0.38600275,0.44550142,0.44506377,0.4502238,0.44099343,0.4268783,0.45962834,0.49104118,0.5103903,0.49066287,0.41393042,0.4153848,0.4562298,0.49379736,0.5004769,0.55597895,0.51429725,0.5194308,0.50004095,0.5172088,0.45202073,0.42946023,0.46077722,0.51429385,0.48796135,0.47674227,0.46274674,0.51275325,0.5267809,0.5478545,0.514795,0.5197653,0.51891094,0.44256812,0.4426981,0.492003,0.43864775,0.42126533,0.42245373,0.44758293,0.42855442,0.5142721,0.5158793,0.45547912,0.47894454,0.4002621,0.5215234,0.53877896,0.5522313,0.44548702,0.4815148,0.4943262,0.50533736,0.459882,0.4507977,0.50203776,0.4530026,0.4919049,0.5147262,0.45978853,0.490268,0.54295516,0.530136,0.53712726,0.4141742,0.4711121,0.48775616,0.5026019,0.55547625,0.51953816,0.4208765,0.40937653,0.4518537,0.54159474,0.5568994,0.45072228,0.5011144,0.48277313,0.5133263,0.49692142,0.5253525,0.5233319,0.49603537,0.49979076,0.48580125,0.4806079,0.51969343,0.51456326,0.5219835,0.5199092,0.5209901,0.5199391,0.48145688,0.47994736,0.4982857,0.5070517,0.49906608
424,0.5082046,0.49385354,0.5054229,0.49346077,0.4946538,0.51561505,0.5331927,0.5114959,0.51380765,0.47325096,0.46171606,0.49814302,0.49969536,0.51919365,0.5106025,0.5164161,0.52259153,0.51288354,0.5233248,0.5380091,0.5324743,0.5072056,0.48655313,0.49453586,0.46605906,0.5513527,0.46659857,0.45933485,0.47703212,0.54635274,0.5610049,0.5474216,0.5659506,0.55523413,0.5446157,0.48452172,0.42940804,0.45423734,0.45168757,0.49236074,0.4690398,0.4252947,0.46486345,0.46174327,0.40911704,0.44006827,0.47310928,0.5061258,0.5070794,0.45573616,0.5104871,0.49572858,0.50816834,0.5039711,0.4778311,0.49983543,0.49788007,0.5371271,0.47013804,0.45600396,0.56387365,0.58064866,0.5577018,0.5381266,0.54808885,0.53397447,0.54408765,0.55807704,0.5658596,0.5661328,0.5531482,0.5515901,0.5222837,0.5335308,0.5345564,0.5707718,0.5565345,0.4741271,0.5258455,0.48889494,0.5023899,0.48692253,0.50317854,0.43909207,0.5067013,0.49553126,0.55184245,0.5526938,0.55361253,0.5636804,0.51587206,0.5302063,0.52707946,0.5698411,0.45578638,0.46815524,0.5151249,0.5524861,0.46084872,0.49050283,0.47708938,0.48227698,0.45628387,0.48296103,0.43516576,0.45885134,0.46112368,0.45640713,0.45872426,0.49668956,0.5283457,0.5308798,0.42774725,0.43176657,0.46337125,0.4535861,0.47773588,0.53117883,0.55429673,0.5392066,0.5318402,0.51443285,0.47250488,0.47793227,0.46801096,0.54604626,0.5106136,0.48126253,0.49117413,0.54009867,0.5196035,0.54661256,0.5224877,0.5136047,0.5205875,0.49280503,0.45805806,0.50304043,0.466325,0.4357299,0.45974597,0.48828197,0.4577806,0.48893917,0.49732816,0.47948,0.4428154,0.41072196,0.5343326,0.53966767,0.55264467,0.48952,0.5061458,0.52717763,0.5390764,0.5190238,0.4977802,0.5345632,0.49401292,0.5260653,0.5452561,0.50251794,0.52138,0.53319633,0.524741,0.5329224,0.4511555,0.4964443,0.50121224,0.54106617,0.5357801,0.49421176,0.4836174,0.4773783,0.47953388,0.5270654,0.54801244,0.46659955,0.52591485,0.5161501,0.503565,0.471198,0.504513,0.49657503,0.4856764,0.5053408,0.52062416,0.51194,0.5134227,0.45216703,0.47795433,0.48717648,0.4976863,0.5128028,0.51393485,0.511934,0.5477683,0.5060224,0.50939137,0.54096943,0.50600505,0.5051193,0.4638513,0.4820055,0.42703164,0.5415174,0.4638553,0.45866197,0.49486354,0.58347726,0.55321723,0.5705106,0.5760643,0.5463578,0.5682953,0.49666652,0.43860692,0.44096252,0.45599392,0.49652433,0.4658462,0.42978635,0.45933113,0.44225627,0.40634912,0.44069007,0.4667772,0.5030493,0.48504367,0.49192384,0.509954,0.49228862,0.51461023,0.5118088,0.47738156,0.49444398,0.4641089,0.5247504,0.45012447,0.4394229,0.54325414,0.5672959,0.5693418,0.5447708,0.5604177,0.5239104,0.5668664,0.5731273,0.58482224,0.5749751,0.5822572,0.57117105,0.5452214,0.55534256,0.53314644,0.5782337,0.57056576,0.47443882,0.4668678,0.47692722,0.52212477,0.47789523,0.5321218,0.44905367,0.53572303,0.47497922,0.5342048,0.5730071,0.52216405,0.5640029,0.52328604,0.5283794,0.53379864,0.57880896,0.47394127,0.46475396,0.5264965,0.5686696,0.4634586,0.49054155,0.49666104,0.4849652,0.4352892,0.4787339,0.4499268,0.46909037,0.4677296,0.45586437,0.48524743,0.5027371,0.5397308,0.5237844,0.4329917,0.43662786,0.4584004,0.48518,0.49202308,0.55752176,0.53568554,0.5341122,0.5269484,0.52328527,0.48924783,0.46702388,0.4800716,0.53429097,0.5224632,0.50558156,0.49832466,0.54905605,0.53822494,0.560357,0.53028136,0.5270742,0.5264266,0.4713183,0.46508428,0.51722103,0.47097588,0.45121285,0.46367297,0.48479906,0.46223018,0.5088461,0.5192833,0.48461264,0.4641976,0.42604634,0.5454718,0.57167196,0.5670579,0.47932854,0.5055858,0.52596223,0.52521133,0.49193227,0.47180054,0.5344437,0.49090993,0.5209033,0.54844517,0.49499804,0.5184319,0.54403895,0.5475382,0.5314943,0.4471446,0.49196655,0.5174349,0.5319544,0.5663531,0.5218661,0.47113332,0.46132594,0.47574976,0.5627933,0.56313723,0.46926025,0.54048336,0.5223411,0.5207952,0.5068628,0.522732,0.5239633,0.5224248,0.52292156,0.5082459,0.50510436,0.52839553,0.52481484,0.5319045,0.5303953,0.52336615,0.5243537,0.5027811,0.5000912,0.52147007,0.5234082,0.51483095
425,0.5444616,0.5249077,0.5371511,0.5273618,0.52706206,0.545726,0.55531484,0.5357311,0.5481465,0.5028159,0.49563357,0.5339986,0.5322426,0.54129905,0.53474414,0.54849684,0.54325104,0.52731067,0.552564,0.56781167,0.5525205,0.5337632,0.5177352,0.5499235,0.5080144,0.5723943,0.5163893,0.5037422,0.5212981,0.5700114,0.5861499,0.58302855,0.5827031,0.5707892,0.56878877,0.52401555,0.47802356,0.50467634,0.4951912,0.5234758,0.51083165,0.46392027,0.48592332,0.49996716,0.4510233,0.4728991,0.48979434,0.532456,0.5184349,0.4763607,0.53562224,0.5161021,0.5392471,0.5259197,0.50614524,0.50355166,0.53775686,0.55690026,0.51448,0.4955139,0.57869744,0.6132572,0.58519775,0.5763146,0.5712653,0.5559789,0.5732799,0.58975184,0.5954413,0.5810668,0.58595145,0.5686773,0.5616271,0.5529862,0.5517297,0.58738935,0.56562096,0.4895178,0.54755443,0.507715,0.5311987,0.51163113,0.5303898,0.4786218,0.5311421,0.5347354,0.57607406,0.56482357,0.5798033,0.57790226,0.53640676,0.5402342,0.5298245,0.58309686,0.48288062,0.49809068,0.5435041,0.58557045,0.4856714,0.5117478,0.5059758,0.52626747,0.50601315,0.53067315,0.4682532,0.4907812,0.5024214,0.48598924,0.4916604,0.51509136,0.5520119,0.55598146,0.44376877,0.470403,0.47573334,0.4663974,0.48164484,0.53899926,0.5657782,0.55500275,0.56407154,0.5287373,0.5047606,0.52540207,0.504585,0.56576467,0.5389158,0.5162303,0.51913834,0.56421715,0.53496945,0.56902355,0.5370211,0.5224876,0.5259947,0.5045887,0.4880681,0.5257548,0.49989578,0.4715332,0.50296056,0.52389306,0.50060064,0.5092197,0.51653975,0.50924015,0.4509726,0.44780877,0.5641728,0.5707905,0.577869,0.5230437,0.5339282,0.5494326,0.5657466,0.53545177,0.5184895,0.55838513,0.5301986,0.5503502,0.5745384,0.5476402,0.5394415,0.5459783,0.5528754,0.5308579,0.49492624,0.52526546,0.5235826,0.56226563,0.54979104,0.51616174,0.53606695,0.5368223,0.51617974,0.5543,0.56216675,0.505215,0.55999786,0.55659217,0.54343337,0.49431345,0.53297603,0.52902895,0.52065146,0.53935593,0.55195385,0.53434646,0.545443,0.4829306,0.5022838,0.5236841,0.52972263,0.53848124,0.5337467,0.5407638,0.5554115,0.52285767,0.541543,0.5592059,0.5289392,0.5423974,0.4932124,0.5381314,0.46803373,0.57301414,0.51233166,0.5067063,0.52126396,0.6081341,0.583104,0.5990812,0.5926357,0.56593484,0.5940979,0.52390224,0.4834877,0.48311356,0.49923176,0.51901656,0.50157017,0.4620101,0.47216043,0.47432235,0.44346604,0.46679267,0.4792948,0.5259914,0.50421596,0.5015258,0.53429306,0.5141213,0.54155123,0.52253413,0.5052816,0.4984302,0.50997525,0.5465555,0.48244128,0.47158942,0.5720809,0.598367,0.58770025,0.5822433,0.5823816,0.5457916,0.5961639,0.60529625,0.6136732,0.6002758,0.6187406,0.5889697,0.5846414,0.57697886,0.56636906,0.5939485,0.58488846,0.483037,0.5038066,0.5034222,0.5476357,0.50409317,0.5510693,0.49032673,0.55153275,0.5219909,0.5658044,0.585109,0.55976933,0.57952714,0.54534465,0.53454965,0.5381525,0.5930226,0.49928534,0.48588443,0.5451477,0.5970767,0.4852897,0.50647485,0.5247053,0.53044605,0.49454093,0.5260252,0.46771678,0.49419847,0.507922,0.48348138,0.51002854,0.5167984,0.5635093,0.55371743,0.45256513,0.4638824,0.46665442,0.48270857,0.48529032,0.5604959,0.55862105,0.55348057,0.556504,0.52943265,0.52790016,0.52251357,0.512114,0.5538193,0.55315393,0.53698933,0.53492105,0.5844564,0.54899484,0.57144886,0.54879755,0.53514117,0.5342481,0.4975733,0.4872385,0.53344566,0.5060128,0.48347914,0.50510615,0.52271897,0.49413282,0.51172113,0.5312232,0.5089823,0.45986786,0.45304245,0.57556814,0.60573596,0.5894717,0.515047,0.52919924,0.5489736,0.5461705,0.5199536,0.48767722,0.55330914,0.52529794,0.5443134,0.58241403,0.5350356,0.54184955,0.54448205,0.56623137,0.5245621,0.484628,0.5245148,0.5418767,0.56667656,0.5840364,0.52453,0.53179336,0.52554744,0.5186693,0.5858709,0.570171,0.4938225,0.5745033,0.5538238,0.52596396,0.5165091,0.5235856,0.5268907,0.5423122,0.54168063,0.52866703,0.52647775,0.5351198,0.534615,0.5455236,0.54555273,0.5256099,0.52803993,0.52126634,0.517688,0.5412821,0.5380269,0.5305726
426,0.56686234,0.5558388,0.57070166,0.5561114,0.5544695,0.568077,0.57030237,0.5663179,0.58855087,0.5264612,0.52437973,0.5622818,0.56265044,0.5533315,0.54920787,0.5768584,0.55453014,0.5415072,0.57245344,0.5855511,0.5632539,0.5544917,0.5490772,0.6029144,0.54830974,0.5843019,0.55995613,0.55254346,0.56112194,0.5859942,0.60228884,0.60881555,0.58758295,0.5777578,0.5812875,0.56967384,0.5263074,0.54979414,0.5456343,0.5587734,0.5544684,0.50751984,0.50726086,0.53296643,0.4896099,0.5023515,0.51005995,0.5492668,0.52008414,0.4918733,0.57169425,0.5453119,0.5774228,0.5527489,0.53875387,0.51374125,0.5718896,0.57287794,0.55041444,0.528331,0.5841142,0.6317413,0.60438496,0.6033594,0.5821606,0.5649882,0.59415126,0.6141002,0.6122033,0.58892065,0.61078167,0.5783718,0.5901422,0.56547856,0.558505,0.5924031,0.573657,0.5035598,0.55971,0.52246433,0.5493619,0.53129077,0.55562913,0.512771,0.5519155,0.5627933,0.5878065,0.56833166,0.6009973,0.5868659,0.5514446,0.54831976,0.5319023,0.5862071,0.50613934,0.52504456,0.5684967,0.61238086,0.5192429,0.5451379,0.54494816,0.5750613,0.561216,0.58738655,0.51192737,0.5272927,0.55436426,0.51214033,0.52141637,0.53521514,0.56718135,0.57253355,0.4636584,0.51260203,0.4939074,0.48384976,0.4860022,0.5438264,0.57244354,0.57044715,0.59282774,0.5422571,0.5376744,0.58589214,0.5530292,0.5807904,0.56249446,0.5543787,0.5466084,0.58137244,0.5480847,0.5841895,0.5500905,0.53001106,0.53006446,0.5146171,0.514092,0.5410064,0.5393479,0.50952536,0.54237115,0.5567262,0.5362222,0.5269091,0.535319,0.5320522,0.47056723,0.48256233,0.5891415,0.59134746,0.5969033,0.5573577,0.5608857,0.56654596,0.58648235,0.54853314,0.53257626,0.56936604,0.55982935,0.5698913,0.59116566,0.5845712,0.55463475,0.556269,0.5775785,0.52714586,0.5376339,0.56379247,0.5372398,0.57423383,0.56400335,0.5376074,0.59296936,0.60256547,0.56708735,0.5750008,0.5742244,0.5483518,0.5826292,0.5862131,0.5691305,0.5166492,0.5653954,0.555691,0.5480131,0.56243336,0.5713917,0.5636953,0.58505243,0.5089771,0.52006644,0.55247927,0.5568114,0.55553293,0.5475965,0.56551045,0.5530594,0.53640115,0.56150126,0.56223625,0.5434977,0.56622237,0.52440417,0.5911924,0.50691485,0.5916794,0.554992,0.5535893,0.547907,0.6273798,0.6061464,0.62094194,0.600189,0.57934445,0.61174977,0.5630959,0.52877903,0.52292836,0.5528554,0.5486091,0.5400837,0.49933392,0.4866125,0.50457734,0.47577348,0.48599488,0.4978998,0.54086405,0.5158403,0.5049881,0.5698087,0.5446432,0.57672065,0.54043865,0.5379122,0.51015943,0.5513818,0.5653637,0.5091082,0.50100505,0.5916844,0.62263924,0.6009988,0.60987407,0.59654045,0.5603429,0.62131983,0.63355106,0.632138,0.6220396,0.6439779,0.60555893,0.6148303,0.59309685,0.58456326,0.603262,0.6017563,0.4920726,0.5395536,0.5229897,0.56516737,0.52577144,0.57228,0.5283145,0.57216954,0.55775666,0.59147453,0.5910749,0.5907622,0.5919701,0.56337553,0.5394584,0.5429771,0.5971196,0.52055997,0.50476015,0.5661817,0.6266006,0.5147579,0.534926,0.56025124,0.57977045,0.55685836,0.58179206,0.4987602,0.5235875,0.556838,0.5083369,0.5324226,0.5313534,0.579526,0.57687414,0.47394916,0.496637,0.48261926,0.48831096,0.48192,0.5630747,0.5791843,0.5747462,0.5848162,0.53504205,0.56213516,0.5889743,0.55342674,0.56982213,0.5758068,0.5666539,0.56768763,0.6124086,0.55717045,0.57895684,0.56570506,0.5422362,0.541184,0.5180752,0.5056056,0.5400036,0.5401391,0.51394767,0.540345,0.5557332,0.5181177,0.5204993,0.5459743,0.524758,0.46955943,0.47897494,0.6048305,0.6328446,0.6122347,0.54897434,0.5509039,0.5622444,0.56404287,0.5420443,0.49852213,0.5574679,0.552488,0.56044245,0.6074581,0.5707156,0.5584851,0.5439241,0.58253926,0.51716125,0.52309763,0.565259,0.55809665,0.5992772,0.60322315,0.52690786,0.5950915,0.5939873,0.5753509,0.6052755,0.5751785,0.5224823,0.59848344,0.5737224,0.52903664,0.5252972,0.527779,0.5316953,0.5530127,0.552845,0.5433468,0.5413273,0.5386152,0.54190385,0.5606944,0.5631395,0.52682626,0.5305205,0.5351861,0.5305485,0.5544293,0.5480366,0.54366356
427,0.5739566,0.5830502,0.6016362,0.5762338,0.5735704,0.58044213,0.5773551,0.59797895,0.62772536,0.54411656,0.5461889,0.5821875,0.58776504,0.55417424,0.55156076,0.59864676,0.5565879,0.5546328,0.58199614,0.59124625,0.5662822,0.56816876,0.5771986,0.64604855,0.58314604,0.58831286,0.59052306,0.5977026,0.5889385,0.5903754,0.6057914,0.6217305,0.57879734,0.57443833,0.5806961,0.61354357,0.5679922,0.58390975,0.5939991,0.5926652,0.59330857,0.54892033,0.52826506,0.55804807,0.5200514,0.52279,0.53065574,0.5563271,0.5141902,0.4998943,0.61096346,0.5774655,0.61564916,0.5796075,0.57055247,0.5292652,0.59745955,0.58322793,0.57544523,0.5526337,0.58061135,0.63597065,0.61323935,0.6171443,0.58109003,0.5633272,0.6040423,0.62708753,0.61581606,0.58967763,0.62447584,0.58032227,0.6051859,0.57042027,0.55686164,0.5873306,0.5785029,0.51553375,0.5631675,0.5325202,0.55714506,0.5451541,0.5744436,0.5391841,0.56688327,0.57934225,0.5874801,0.56420404,0.6134603,0.5884798,0.5603855,0.553984,0.53319544,0.58031005,0.5220059,0.5454524,0.58519363,0.6292327,0.5571033,0.5845965,0.58687395,0.6205048,0.6128929,0.64244753,0.5595928,0.5626945,0.6072954,0.5345591,0.54720914,0.5540186,0.5748854,0.58105004,0.48744422,0.55350155,0.51547647,0.5033575,0.4899619,0.5454138,0.5730881,0.5830709,0.6146195,0.5529534,0.56756693,0.647326,0.60416895,0.5891431,0.57793075,0.5900427,0.5715109,0.5894618,0.5576929,0.590334,0.5593757,0.5354183,0.532957,0.52254844,0.5334317,0.5476069,0.5802901,0.5450101,0.57281667,0.58235157,0.55968505,0.5387642,0.54888755,0.5446534,0.49898058,0.51190835,0.60481817,0.5986829,0.6050681,0.58840996,0.5848647,0.5777575,0.596727,0.5585302,0.54020864,0.56904465,0.5807243,0.58310765,0.59242207,0.6074971,0.5659305,0.5619875,0.59548414,0.5222545,0.5742336,0.6044094,0.54439205,0.57523245,0.57571447,0.5567579,0.64507914,0.6624152,0.62206995,0.58685625,0.5812227,0.5887253,0.59410715,0.60414004,0.5791305,0.5374868,0.5972399,0.574117,0.56583816,0.57413554,0.57903475,0.59490144,0.62514746,0.52986187,0.5306774,0.5721236,0.5769565,0.5612385,0.55201745,0.58453083,0.5433259,0.5469381,0.5698652,0.5539176,0.55232877,0.577622,0.5550246,0.63446635,0.5409022,0.5977094,0.58485466,0.5927281,0.5676597,0.63578457,0.61677396,0.63211316,0.59582984,0.5833862,0.61752737,0.60662484,0.56823015,0.5549404,0.60676616,0.5804617,0.57617503,0.5363784,0.50282,0.53056216,0.49943605,0.49534288,0.5192335,0.547759,0.5206602,0.5023459,0.6092084,0.5782828,0.61354005,0.56166095,0.5704941,0.52826756,0.58354175,0.5789365,0.52922463,0.5260871,0.6005435,0.63736624,0.60710317,0.62501365,0.6001734,0.56605524,0.6382085,0.6516899,0.638265,0.63614535,0.65477246,0.6170193,0.6308781,0.60140854,0.5879169,0.60436684,0.61584455,0.50118834,0.57025766,0.5345272,0.5728049,0.54047817,0.5902279,0.55835736,0.59182215,0.5804747,0.6084119,0.58896786,0.61202246,0.59833103,0.5755274,0.5423801,0.5474227,0.5914623,0.53335136,0.5191114,0.58375764,0.6503208,0.5481522,0.57086456,0.5972816,0.62480927,0.6128321,0.63585716,0.5383051,0.55333215,0.605489,0.5295552,0.5514501,0.5442314,0.58807427,0.5916781,0.4972785,0.531785,0.5047421,0.50058687,0.4818104,0.5636347,0.5941342,0.59432507,0.60798204,0.53921515,0.58776474,0.6531812,0.59653085,0.57968247,0.5876666,0.5905638,0.5933641,0.629144,0.56144035,0.58143765,0.5774327,0.5471313,0.5460758,0.53159475,0.51804423,0.53868186,0.5701185,0.53964657,0.56525266,0.5793885,0.530554,0.5313897,0.55789346,0.5307836,0.49151605,0.5017733,0.6275155,0.64757234,0.62859476,0.57802796,0.56923544,0.56696665,0.57461965,0.5587337,0.50585043,0.55024123,0.5713541,0.56915265,0.6181778,0.5951976,0.567862,0.5419515,0.59330916,0.5106508,0.55806816,0.60704905,0.56557333,0.6238228,0.61913973,0.52851063,0.6507115,0.65500903,0.63402593,0.6162454,0.5764295,0.55155784,0.61117935,0.58220816,0.5306301,0.53287584,0.53411967,0.53721046,0.55487376,0.5558426,0.55073977,0.5484753,0.53868806,0.5456201,0.5746019,0.5798552,0.526743,0.53174525,0.54412365,0.5380227,0.5598008,0.5522374,0.55246335
428,0.5695108,0.6040153,0.6254945,0.5872792,0.58413947,0.5840693,0.5780184,0.62444973,0.6583516,0.5566643,0.5610647,0.5947743,0.6057545,0.5465407,0.54394174,0.6129016,0.5520394,0.5654046,0.582865,0.58816975,0.5648795,0.5753783,0.59937614,0.674607,0.6098731,0.5868394,0.6061513,0.6324924,0.60220754,0.58321935,0.59731257,0.62240624,0.5593177,0.5627046,0.56939083,0.64779365,0.5985843,0.60507464,0.63186777,0.61960024,0.62195396,0.58168495,0.5475322,0.5744794,0.54029924,0.5324726,0.5482582,0.5560663,0.504728,0.50137526,0.6444218,0.6056054,0.6463149,0.601586,0.596351,0.5468676,0.6137043,0.5878987,0.59004664,0.5687563,0.57067335,0.6287991,0.6126667,0.6188947,0.5714322,0.5555074,0.60313636,0.628262,0.6088007,0.5845023,0.62683076,0.57586473,0.6080383,0.5690756,0.55044913,0.57577986,0.57876825,0.5252674,0.5610854,0.538778,0.55735654,0.5539321,0.58483577,0.55765814,0.5757295,0.58662397,0.5782696,0.55516195,0.61611277,0.58295774,0.5640836,0.55711746,0.5336059,0.5685436,0.5303304,0.55783784,0.5921277,0.6351972,0.59201026,0.62106884,0.6231469,0.6551079,0.6527231,0.68526137,0.60221165,0.59142554,0.6508215,0.5531265,0.568315,0.5686419,0.57748985,0.5833044,0.5126762,0.58763695,0.53642297,0.52155566,0.49312374,0.544249,0.56832653,0.59111613,0.6272967,0.5595964,0.5911224,0.6965111,0.64754146,0.5903243,0.58404636,0.6178961,0.5916582,0.5888144,0.5631667,0.5878222,0.56369907,0.5384873,0.5348055,0.52854705,0.5457501,0.5469883,0.616533,0.5740234,0.5920819,0.59819037,0.5701054,0.5442055,0.5553877,0.5474848,0.53006697,0.53432757,0.60979694,0.5939015,0.60147333,0.6124419,0.6032637,0.5833657,0.59544706,0.566084,0.54316705,0.5616532,0.59300596,0.58942103,0.5804534,0.61572045,0.5728175,0.5626251,0.60492736,0.51721853,0.6012604,0.6382409,0.5482901,0.56714,0.58289725,0.5718731,0.6840912,0.70634633,0.66882604,0.5896031,0.58196497,0.6200114,0.59707016,0.61222816,0.5770523,0.5557296,0.62311745,0.5843452,0.57509357,0.5770348,0.5779673,0.62159705,0.6577601,0.5457718,0.535589,0.5838993,0.5897114,0.5572087,0.5476914,0.59724075,0.53033763,0.55474406,0.5696293,0.54040545,0.5580208,0.5800526,0.5816737,0.6635968,0.56804556,0.5947569,0.6000327,0.6203244,0.5770611,0.6317074,0.61411965,0.6321141,0.58092564,0.57865036,0.6117263,0.64447737,0.59718204,0.5762723,0.6504128,0.60835624,0.604769,0.5673074,0.5197283,0.5507063,0.5135877,0.49567685,0.53892416,0.5485336,0.5206295,0.49589455,0.6434156,0.6079575,0.64418125,0.5812555,0.59766376,0.5486255,0.6045522,0.5865674,0.54321164,0.54587126,0.5998985,0.64241093,0.6063546,0.6284095,0.5939272,0.56433845,0.6450429,0.65717465,0.6332118,0.6405934,0.6519357,0.62106913,0.63295686,0.60209715,0.5810498,0.5979315,0.6231251,0.5099506,0.59385735,0.53962594,0.5719404,0.54835814,0.60126567,0.57843727,0.6061067,0.59193134,0.61609256,0.5795572,0.62288237,0.5979345,0.58167285,0.5433575,0.5505713,0.5790472,0.53738207,0.52795786,0.594268,0.66373163,0.57932776,0.6056402,0.6286064,0.6585381,0.6547399,0.6780503,0.5774786,0.5786409,0.6445875,0.5468181,0.5665908,0.55376196,0.59095806,0.598444,0.5206898,0.5642095,0.5285972,0.51562595,0.48394302,0.56142014,0.6018622,0.60890085,0.6231193,0.54134595,0.6034952,0.70255315,0.63290006,0.5822984,0.5887477,0.60644746,0.61074674,0.6341659,0.56160766,0.57857215,0.5824277,0.549281,0.54828966,0.53897035,0.5247514,0.5327221,0.5936212,0.55909747,0.5789551,0.5919643,0.53188837,0.5408898,0.56381965,0.528951,0.51917124,0.5200004,0.6403555,0.64854443,0.6345287,0.59965724,0.5825649,0.5656477,0.5761111,0.5709452,0.5113428,0.53736633,0.5823225,0.5714561,0.614643,0.60626847,0.57089615,0.53855914,0.59687376,0.5062319,0.5855245,0.6416272,0.5664707,0.6373646,0.62847406,0.5292484,0.6905919,0.69931114,0.68185264,0.61703914,0.5734729,0.57663774,0.61436224,0.58217674,0.5314728,0.5389249,0.5406796,0.54215616,0.5509215,0.5528904,0.5516987,0.5491465,0.5362827,0.54603153,0.5846978,0.5924922,0.5257729,0.5319594,0.5490457,0.54128987,0.5587561,0.5515087,0.55665463
429,0.5604724,0.6178581,0.63932157,0.5913613,0.58848417,0.58270884,0.5753649,0.6408327,0.6757241,0.56590605,0.5706907,0.602219,0.616589,0.5363029,0.53238726,0.6206477,0.54569083,0.5724708,0.5790941,0.5820365,0.56297153,0.57813406,0.61429167,0.6877355,0.6277682,0.58303636,0.6091898,0.65349376,0.60266143,0.5683374,0.5810634,0.6143609,0.53594404,0.54735017,0.5531216,0.6675257,0.6166761,0.61473984,0.6543805,0.6359766,0.63803613,0.60246444,0.5635486,0.5832126,0.55148154,0.5337566,0.5607146,0.55332774,0.49709523,0.5003105,0.66533417,0.62428504,0.66416717,0.61533123,0.61267716,0.5623238,0.6216913,0.5881105,0.5970252,0.5789241,0.5581231,0.614868,0.60593045,0.61191475,0.55828774,0.54727757,0.5942374,0.6197677,0.59574604,0.57564163,0.6200475,0.5675231,0.6028692,0.5646027,0.5440507,0.5628466,0.57460564,0.53325874,0.55792123,0.54305315,0.55493855,0.55972546,0.58746874,0.56960887,0.5796434,0.5884957,0.5655115,0.54478014,0.6104903,0.5727229,0.5645278,0.5581649,0.53324294,0.5554884,0.53436095,0.56304497,0.59091735,0.63124186,0.61738384,0.6464431,0.6472073,0.6748283,0.6765287,0.7099149,0.63227934,0.6102454,0.6783123,0.56802267,0.5846118,0.57749164,0.5780402,0.58203423,0.53560185,0.61145824,0.5528164,0.5356552,0.49612832,0.54152125,0.56022507,0.59400207,0.6305049,0.5620379,0.6064973,0.72566545,0.67580456,0.58521396,0.58211136,0.6345857,0.6054641,0.5820808,0.564724,0.57902384,0.5633515,0.5395991,0.535631,0.5332004,0.5526837,0.5427175,0.6424478,0.594242,0.600777,0.6044039,0.570277,0.5454621,0.5560825,0.5444765,0.556663,0.55008334,0.6057249,0.58137345,0.58870494,0.62741506,0.61409396,0.58471245,0.5847861,0.57194084,0.5442654,0.5533565,0.598989,0.589694,0.562072,0.61231625,0.5755462,0.55914307,0.6058964,0.513433,0.6180261,0.65888995,0.55248445,0.5551928,0.5849562,0.5819587,0.70590013,0.73034567,0.6986276,0.5848787,0.5770901,0.63907784,0.59543514,0.61406654,0.5696734,0.5706693,0.6389164,0.58844995,0.57892555,0.5757047,0.5732496,0.6384819,0.6769718,0.55784535,0.53798646,0.59040713,0.596442,0.54879194,0.5392787,0.6044924,0.5195503,0.56009054,0.5659064,0.528885,0.56273997,0.5785623,0.601504,0.67777795,0.58779854,0.5882028,0.6032255,0.63574433,0.5767041,0.61717343,0.6013782,0.62336457,0.56035537,0.5686042,0.59791017,0.6684971,0.61413795,0.58728296,0.67703617,0.6269251,0.62269896,0.5882188,0.5356434,0.56467104,0.52067626,0.49204642,0.55319303,0.54707086,0.51931334,0.49019757,0.66507196,0.62764025,0.66256624,0.59460753,0.6153359,0.565867,0.6152857,0.58880335,0.55283093,0.5607695,0.59289664,0.6393958,0.6009189,0.62302166,0.58130074,0.5591601,0.6421156,0.6505066,0.62019503,0.6356023,0.6391056,0.6172097,0.6250052,0.5974572,0.5711967,0.5870791,0.62202364,0.5182514,0.61004156,0.54180133,0.5663907,0.5519757,0.6043667,0.58925754,0.6128478,0.596206,0.6159839,0.5658538,0.6249156,0.592101,0.58330935,0.5433155,0.55172837,0.5645668,0.5363513,0.53214234,0.5966927,0.6649617,0.6023701,0.6307505,0.6485846,0.6774526,0.67958665,0.70249593,0.607175,0.59588057,0.6682579,0.5606822,0.57816654,0.55931705,0.5908241,0.5990812,0.5413708,0.589319,0.5488512,0.5287807,0.48751935,0.5565092,0.60254997,0.6162826,0.62914234,0.54152423,0.610561,0.73089963,0.65626854,0.57838833,0.5821848,0.61397445,0.6203386,0.62963027,0.5584826,0.5712077,0.58128035,0.5489044,0.54795206,0.5426153,0.528134,0.52666503,0.6096012,0.5722441,0.58354473,0.59505343,0.5264679,0.54709625,0.5636901,0.5240207,0.54392266,0.5335221,0.64265686,0.6377921,0.6292035,0.6128454,0.59006757,0.5619475,0.56954604,0.5798151,0.5168553,0.5262164,0.58740157,0.5698063,0.6015632,0.6055269,0.5699702,0.5341616,0.59313023,0.5043128,0.6034843,0.6630073,0.56511575,0.63992894,0.62991446,0.52933025,0.7117983,0.72345704,0.710767,0.6088435,0.56707877,0.59414035,0.61171824,0.5781595,0.53221834,0.5432108,0.54544735,0.54547274,0.5455739,0.54787934,0.54894876,0.5464422,0.5331192,0.54434633,0.58941454,0.59895027,0.5246866,0.53143036,0.551849,0.5427244,0.55453044,0.54832643,0.5572059
430,0.5541347,0.6253986,0.6425924,0.59191984,0.59003985,0.58091,0.57295793,0.6448007,0.6783122,0.574657,0.5779811,0.6073011,0.6221021,0.5303789,0.52438104,0.62457895,0.54355663,0.5752014,0.57623404,0.5797972,0.56451887,0.5792493,0.6223745,0.687397,0.63803613,0.58041996,0.6042443,0.66056865,0.59426916,0.5514196,0.5622206,0.602878,0.5159037,0.5344178,0.53906953,0.67153764,0.6237034,0.61632115,0.660691,0.64070016,0.6421713,0.6112628,0.57557625,0.58640003,0.55682,0.53123295,0.5674502,0.55437577,0.49716097,0.50199527,0.670553,0.63077104,0.66726047,0.6194953,0.61837125,0.57204694,0.623736,0.58571094,0.6003563,0.5863758,0.54691416,0.59930426,0.5977115,0.59990424,0.5463992,0.5439878,0.5819676,0.6049032,0.58196443,0.5663312,0.6077856,0.5581821,0.5950316,0.56163526,0.5428069,0.5541365,0.5679286,0.540597,0.55832,0.54741746,0.55583024,0.56568974,0.5850296,0.57746583,0.5809863,0.58935696,0.55533963,0.5364442,0.6001123,0.56155264,0.56441605,0.55827785,0.53260785,0.5461139,0.539234,0.5634845,0.58499825,0.61931086,0.62973565,0.65610313,0.65586925,0.6790653,0.6842338,0.7152486,0.64611304,0.6187301,0.6877341,0.5799982,0.5970952,0.58057404,0.57972693,0.58043903,0.5530408,0.62451446,0.5621614,0.5442303,0.5005326,0.5388336,0.5513792,0.592263,0.6256603,0.5610246,0.6137047,0.73306113,0.6861974,0.57542706,0.57487845,0.6392684,0.61279136,0.57349813,0.56338614,0.5674577,0.5599667,0.5396602,0.53551376,0.5373721,0.5569586,0.53928137,0.65532655,0.60538286,0.6013988,0.60343313,0.5649715,0.54668444,0.5542895,0.54143196,0.573263,0.5607696,0.5965795,0.5671978,0.57133657,0.63376945,0.6172576,0.5840148,0.56827307,0.57727236,0.54686236,0.5512702,0.60270345,0.58630043,0.5463914,0.6021771,0.5751824,0.5531857,0.5997062,0.51216394,0.62624854,0.6637287,0.5602282,0.5462091,0.5832402,0.58722144,0.71037585,0.7350442,0.7081448,0.57529944,0.56860274,0.6459475,0.5933914,0.613772,0.5642849,0.5828659,0.6431825,0.58962387,0.58143747,0.5754522,0.5705307,0.6427722,0.6800723,0.5683824,0.5417832,0.594369,0.60024565,0.542845,0.5333111,0.6085654,0.51716125,0.56367695,0.5652889,0.5265852,0.5689386,0.579174,0.61374384,0.67904156,0.60131174,0.5833437,0.5994032,0.6406395,0.5697277,0.59648395,0.58325523,0.61017907,0.5396419,0.5579929,0.58122,0.67474693,0.620591,0.5907783,0.6846299,0.63311666,0.6293652,0.598295,0.5491276,0.573358,0.5251393,0.49165675,0.55996555,0.5487547,0.5216058,0.49097234,0.67031807,0.6339946,0.66583115,0.5984266,0.62174594,0.5754941,0.61841697,0.5871391,0.5607072,0.5725733,0.58320314,0.6310178,0.59399074,0.6126575,0.56670415,0.5551249,0.6314719,0.63389724,0.60312563,0.62325364,0.6211957,0.6066542,0.6125541,0.5911587,0.5654804,0.5764271,0.6136386,0.52656585,0.6195207,0.54519385,0.56082034,0.55516523,0.60099536,0.59338653,0.61224955,0.59823334,0.6110994,0.55147356,0.6215238,0.5832729,0.58331144,0.54386854,0.5507832,0.5529334,0.53604203,0.5339147,0.592158,0.6543659,0.6137287,0.64086837,0.6544281,0.6814294,0.68851477,0.7078735,0.62157923,0.60381407,0.67474,0.57248,0.5874747,0.56126237,0.59076416,0.59639645,0.5571008,0.6050134,0.5615526,0.53646976,0.49256623,0.5494816,0.59768075,0.6157372,0.6268476,0.5404836,0.6114389,0.7377594,0.66387975,0.56995964,0.57302576,0.61404175,0.6237272,0.6192194,0.55333835,0.56095314,0.5762567,0.5469052,0.5457785,0.54569346,0.53170484,0.52579725,0.61837155,0.58020526,0.5829699,0.59269303,0.5206832,0.55028015,0.5599058,0.5223217,0.5585845,0.5436418,0.6359599,0.6193803,0.6144247,0.6187967,0.59260833,0.56032693,0.5575224,0.58730644,0.52466947,0.5246919,0.5902806,0.5680369,0.5859886,0.59653157,0.568566,0.5292094,0.5831145,0.50438887,0.61229855,0.6688461,0.56657577,0.6338518,0.6244769,0.5290328,0.7154894,0.7285169,0.71834344,0.5941269,0.5590761,0.60238504,0.607549,0.5749411,0.53333056,0.545743,0.54699117,0.54635864,0.5430718,0.5447637,0.54596335,0.54413724,0.53103995,0.54201674,0.58836997,0.5985931,0.5241839,0.5303509,0.5546087,0.54479194,0.55086553,0.54555094,0.5559037
431,0.5555873,0.6287947,0.6373226,0.59246945,0.59210867,0.5825494,0.5740531,0.63674504,0.6672115,0.58615,0.5864553,0.6126548,0.6253721,0.5341209,0.5261797,0.62818265,0.55097467,0.5745526,0.57993704,0.5874929,0.57263553,0.58175397,0.6256341,0.67709774,0.6428852,0.5814207,0.59673125,0.65627044,0.5827329,0.5382226,0.5453713,0.593197,0.5041454,0.52937764,0.5331944,0.6617996,0.6230251,0.6139686,0.6529744,0.6347925,0.6370229,0.6103533,0.58413523,0.58706814,0.560423,0.5305476,0.5693215,0.5650041,0.5094808,0.51155037,0.6601045,0.62502855,0.6566669,0.6145536,0.6144169,0.57458055,0.6223399,0.58271277,0.6037581,0.59410745,0.5398262,0.5862481,0.5926595,0.58610207,0.53883195,0.5484487,0.5714624,0.58770144,0.57167315,0.5597156,0.5941034,0.5504369,0.5893006,0.5649427,0.5501714,0.5534588,0.56162167,0.5489188,0.5652908,0.5540713,0.5648598,0.57494503,0.5817036,0.58419377,0.5828592,0.59266025,0.5521814,0.53235173,0.5895086,0.5529107,0.56604177,0.5589366,0.53245986,0.5437991,0.5502882,0.5625521,0.57894075,0.6024536,0.62921476,0.64942026,0.64888155,0.6695752,0.6782011,0.7030099,0.6437116,0.61875933,0.6804011,0.59017414,0.60734177,0.5792632,0.584642,0.5808265,0.56380683,0.6290466,0.56438243,0.5478078,0.50862956,0.53784186,0.5442359,0.5872437,0.6157773,0.55815184,0.6143936,0.72037613,0.679733,0.5634107,0.56611645,0.6336902,0.6150354,0.56751937,0.5606599,0.55667007,0.55615413,0.53984135,0.5348445,0.54211515,0.5617436,0.54105574,0.65611184,0.6093632,0.5979028,0.5992434,0.5600226,0.5527581,0.5545241,0.54457617,0.57757246,0.5688853,0.58756214,0.55731684,0.5550249,0.6340975,0.6149964,0.58402497,0.55032676,0.58371466,0.5542597,0.56142896,0.6087765,0.58284163,0.54110324,0.5911672,0.57357544,0.5466013,0.58914655,0.51379305,0.62873954,0.6536065,0.5731022,0.54607856,0.5805691,0.5888446,0.6998717,0.7232867,0.6979869,0.56397134,0.559277,0.6427296,0.5939945,0.6143119,0.56620026,0.5941815,0.6373161,0.5911092,0.5862795,0.5807331,0.5744745,0.6345816,0.66735697,0.58043635,0.55082244,0.5981621,0.6050896,0.5452489,0.53576726,0.6123893,0.5283036,0.56691754,0.57396203,0.539029,0.57920146,0.58739763,0.62012494,0.67106414,0.61108166,0.58357084,0.59416646,0.6383456,0.5613012,0.5750845,0.5647435,0.59736985,0.522785,0.55169064,0.5670254,0.6632522,0.61988765,0.5908866,0.67457706,0.6264878,0.6264575,0.5994122,0.5596543,0.57889324,0.531888,0.5014038,0.55941254,0.5588396,0.53214467,0.50355464,0.65882325,0.6268025,0.6544239,0.59146845,0.6175965,0.5758184,0.61728746,0.58372223,0.56936187,0.583655,0.5737848,0.6204487,0.58885443,0.6011263,0.5541254,0.55543625,0.61675847,0.61112094,0.58557564,0.60707545,0.6027861,0.59231156,0.6009171,0.58723086,0.56798035,0.5701456,0.6011144,0.53634524,0.6234934,0.55373245,0.559575,0.56172,0.59482604,0.59464896,0.6066263,0.602169,0.605287,0.5394209,0.6165764,0.5738596,0.5848116,0.54663974,0.54834634,0.54737175,0.54275674,0.5365527,0.5842233,0.63467395,0.61316943,0.6348534,0.6460247,0.67262584,0.6848483,0.6958822,0.6191669,0.6038258,0.6655571,0.5837128,0.59615517,0.56064063,0.59324795,0.5930469,0.56728756,0.612095,0.56585294,0.53763896,0.50030434,0.5413666,0.5896468,0.60809547,0.6187424,0.53944314,0.6089015,0.7255179,0.6561576,0.5600934,0.56673175,0.6083682,0.6229895,0.60697013,0.54753834,0.549816,0.57091606,0.5446158,0.54288673,0.551723,0.5390731,0.5347995,0.6214839,0.5853437,0.5824415,0.59022117,0.52139777,0.5530789,0.5569512,0.53019375,0.5598782,0.55284446,0.6238132,0.5987162,0.5946286,0.6207485,0.5926988,0.56491596,0.5438059,0.59597427,0.5371569,0.53881514,0.5956904,0.5704951,0.575151,0.5845156,0.570391,0.52391404,0.5690093,0.50521857,0.6140192,0.6601971,0.57448363,0.6231783,0.6152353,0.52858186,0.7050543,0.7177657,0.7057891,0.5756441,0.55192363,0.60188663,0.6052272,0.5757916,0.5348735,0.54683834,0.5449661,0.5443818,0.5460635,0.54617447,0.54580265,0.5452932,0.53138995,0.5402811,0.58239454,0.59228927,0.5246344,0.528986,0.5588011,0.5491263,0.5505374,0.54519325,0.5547437
432,0.5667105,0.63092715,0.6274284,0.59574896,0.59714955,0.5900799,0.5811257,0.6194326,0.6457389,0.60303736,0.5995215,0.62016726,0.62977564,0.5493504,0.54076123,0.6347922,0.5710758,0.5731223,0.59451854,0.6083366,0.5888441,0.5883657,0.6269814,0.6613211,0.6446092,0.5862397,0.5917699,0.64517796,0.5749917,0.53285164,0.5339506,0.58866876,0.50231326,0.53542787,0.5380745,0.6427492,0.61888576,0.61176646,0.6353962,0.62080956,0.6262166,0.6030164,0.5907687,0.5886026,0.5662779,0.53757703,0.56816703,0.5887617,0.53590816,0.5329407,0.63662535,0.609249,0.63600516,0.60246503,0.6033768,0.5711376,0.6194488,0.58110493,0.6096319,0.60389996,0.5377822,0.5778734,0.5939738,0.57303965,0.53666985,0.55988914,0.56676817,0.572532,0.5666954,0.55750823,0.58236855,0.5460215,0.58863467,0.5778091,0.5663019,0.5611147,0.5581696,0.5601601,0.5790384,0.5653862,0.5839327,0.5894268,0.5822376,0.59264594,0.5882555,0.59973395,0.556899,0.5329251,0.5827967,0.5484218,0.57030314,0.5613511,0.5334413,0.5490021,0.5716469,0.5640518,0.57766044,0.584923,0.6187751,0.62928116,0.62828845,0.6498353,0.6620867,0.67702883,0.6276443,0.61377126,0.6600017,0.5996389,0.6166703,0.57575,0.5929682,0.58360964,0.5687091,0.62879723,0.56195146,0.548883,0.5229715,0.53987235,0.5407053,0.5806736,0.6049997,0.55567324,0.61132216,0.6913555,0.6602372,0.55253536,0.56026626,0.6218084,0.6145536,0.5672772,0.5580288,0.5491843,0.5547183,0.54120827,0.53432757,0.5485429,0.57018214,0.55161655,0.6487862,0.6099295,0.59519434,0.5964242,0.5616242,0.567788,0.5613026,0.5593961,0.5704499,0.57736576,0.5835121,0.55573857,0.5453365,0.6322092,0.61124974,0.58750355,0.5361547,0.5929164,0.5691412,0.5869056,0.6210578,0.58334625,0.5493995,0.585373,0.5730677,0.5411932,0.5783334,0.51740265,0.6282936,0.6323442,0.59022564,0.5575945,0.57995284,0.5884619,0.67854905,0.69945693,0.6714627,0.5540218,0.5518711,0.632722,0.5983084,0.6165626,0.5776364,0.60701424,0.62495947,0.5953852,0.5956759,0.5939617,0.5876666,0.6166796,0.6419113,0.5969057,0.56837857,0.60383576,0.6145584,0.559012,0.55005157,0.6186776,0.5553209,0.5716942,0.5957437,0.5683532,0.59529465,0.6064904,0.6241351,0.6584814,0.6201486,0.589643,0.5927038,0.63341904,0.55801994,0.55811167,0.5506771,0.5886902,0.51141745,0.55358815,0.5595966,0.6371347,0.6160059,0.5919565,0.6505251,0.60893244,0.6172245,0.59498405,0.56765443,0.58428496,0.54512703,0.52613825,0.55370957,0.58071464,0.55363584,0.53155893,0.6334751,0.60872006,0.6318153,0.57481855,0.60559505,0.5685205,0.6150593,0.5810394,0.58034265,0.5959385,0.5663342,0.6108154,0.58817565,0.5917129,0.5464409,0.56095105,0.6025853,0.58740264,0.57022864,0.5913083,0.5869468,0.5781979,0.59415805,0.58910066,0.57865196,0.57046443,0.58839303,0.549923,0.6236106,0.5707593,0.5660126,0.5744622,0.5908057,0.5974602,0.5995844,0.610225,0.6022593,0.5315187,0.6128105,0.5654005,0.5899487,0.5525648,0.5455362,0.54847556,0.5620265,0.54378676,0.57857645,0.6110492,0.6033517,0.61535734,0.6254502,0.65480167,0.6728816,0.6704979,0.6018239,0.5993725,0.6448692,0.5954891,0.6054905,0.5588339,0.5993411,0.5907862,0.57283866,0.6133621,0.5642345,0.53407943,0.51287895,0.5335886,0.58136135,0.59556466,0.6086404,0.5398082,0.6055657,0.6984114,0.63609797,0.55263186,0.5679444,0.5993683,0.62028044,0.5963208,0.5423312,0.53976136,0.56939596,0.54341894,0.5405972,0.5642,0.5531964,0.55638266,0.6214429,0.59110856,0.58775836,0.59303457,0.5347555,0.55967194,0.5603436,0.55264044,0.5487723,0.56407976,0.6111614,0.5816196,0.5761908,0.6230685,0.5935849,0.57822996,0.5331621,0.608007,0.55607307,0.57066035,0.60808617,0.58076733,0.5745003,0.57627654,0.5784169,0.5181803,0.55403006,0.5052483,0.6116123,0.6409562,0.5898406,0.6126465,0.606365,0.5281147,0.6854658,0.6960266,0.67690015,0.55607307,0.5480215,0.59502596,0.606311,0.58147293,0.5363477,0.54699135,0.540058,0.5395474,0.5550315,0.55285114,0.5503036,0.5513362,0.5347252,0.5400437,0.5732855,0.5821109,0.5260421,0.52783424,0.56496286,0.5562546,0.55465543,0.5479211,0.55538625
433,0.58659714,0.63459134,0.61726576,0.6032215,0.60644317,0.6043038,0.59545696,0.5971276,0.6189061,0.62642246,0.61942655,0.6307053,0.6379572,0.5736798,0.56665474,0.6467611,0.6039715,0.5739986,0.62163335,0.6417548,0.6126909,0.6007617,0.6291668,0.64495486,0.6451427,0.5932704,0.5925924,0.63263935,0.5769103,0.5363151,0.5295226,0.5897807,0.50848174,0.5522953,0.5520329,0.62004864,0.615028,0.6128335,0.6129905,0.6021807,0.613218,0.5924365,0.5972326,0.59363997,0.5769348,0.5565516,0.56609344,0.6255724,0.57481986,0.56767714,0.6049355,0.5871763,0.6105554,0.58619124,0.5884804,0.5649263,0.61638427,0.58284026,0.61855274,0.61592436,0.53993255,0.5743269,0.6029535,0.56201255,0.5390622,0.57497984,0.56974494,0.56286305,0.56632084,0.55981463,0.5745553,0.5455033,0.5937287,0.6013168,0.5885158,0.5745349,0.5590781,0.5760715,0.5977652,0.58354074,0.6117134,0.609719,0.59054875,0.604575,0.59915966,0.6095297,0.567086,0.5369888,0.5823777,0.5476668,0.5767348,0.5663914,0.53584033,0.5597328,0.60499597,0.57103825,0.58506495,0.5711663,0.60271287,0.6012832,0.5981461,0.6246081,0.64028746,0.643129,0.60208845,0.6078449,0.63213706,0.60905904,0.6258429,0.5722868,0.60353273,0.5874476,0.5694386,0.62754846,0.55891734,0.5509225,0.54527235,0.54551446,0.5417607,0.5742649,0.59746844,0.55584824,0.6074876,0.6520526,0.6336534,0.54591304,0.56113875,0.60842013,0.61377305,0.57362425,0.55639637,0.54583013,0.55775577,0.5443654,0.534675,0.55756,0.5847751,0.5728703,0.63889456,0.6113187,0.5975833,0.5986371,0.5743909,0.59362584,0.5775529,0.5889853,0.5550589,0.588605,0.5873981,0.56338036,0.54587173,0.63182694,0.61006325,0.59644556,0.5302399,0.6058329,0.59285593,0.62669635,0.64130056,0.5907648,0.5690628,0.5892612,0.57574755,0.5382484,0.5714699,0.5212161,0.62718844,0.60588634,0.6091593,0.5797196,0.58391106,0.5875793,0.65203065,0.6696114,0.6345167,0.5474546,0.54826653,0.6197525,0.60567355,0.61959904,0.5979658,0.62311745,0.6107078,0.60368645,0.6100482,0.61504054,0.6101592,0.5936446,0.6092582,0.619211,0.5961962,0.61284137,0.63058436,0.5831658,0.57558066,0.62928194,0.5967776,0.5794842,0.6307756,0.6122516,0.6171388,0.636103,0.62931556,0.64612776,0.63087445,0.6002624,0.5982819,0.6302555,0.5655669,0.5483821,0.544445,0.58569735,0.5044896,0.56522757,0.5604077,0.60186297,0.6122991,0.5972304,0.61780965,0.5841951,0.6053718,0.58856595,0.57409644,0.5922716,0.5669146,0.5669282,0.5459386,0.6145004,0.5857187,0.5753513,0.5999385,0.5845084,0.6036905,0.5516109,0.58948255,0.55755967,0.61404663,0.58146584,0.593681,0.6100084,0.5609676,0.6046816,0.5937289,0.5863101,0.5446358,0.570562,0.59302306,0.5678467,0.5582828,0.5797013,0.5747119,0.5680401,0.59446603,0.5989344,0.59444916,0.5776673,0.57901794,0.5695063,0.62191826,0.59810394,0.5817491,0.59470266,0.5934426,0.605305,0.5949387,0.62221867,0.604591,0.5280647,0.61098814,0.5584344,0.5993185,0.56186396,0.5435392,0.5547762,0.59661794,0.5583825,0.58101803,0.5899146,0.58839214,0.58779925,0.5967039,0.63283324,0.6571821,0.63772285,0.57372767,0.5947153,0.6188038,0.6082039,0.6162221,0.55722356,0.6089313,0.5901287,0.57512724,0.61211807,0.5611523,0.5293707,0.53218347,0.527567,0.57550955,0.58112764,0.60067266,0.5426664,0.6033024,0.66284764,0.60870016,0.5508887,0.5791904,0.58951706,0.6173502,0.58928543,0.53846264,0.53192365,0.5750872,0.5443463,0.54003024,0.5853524,0.5755065,0.59021145,0.62096864,0.60080785,0.6033067,0.60479516,0.5641951,0.57393456,0.57438856,0.5915833,0.5292971,0.5794833,0.60282207,0.5722824,0.56503874,0.6296455,0.59788007,0.6003007,0.5298603,0.6242426,0.5817499,0.61749935,0.6298744,0.6003464,0.5857888,0.57806385,0.59395564,0.5116723,0.5413715,0.5032579,0.6081107,0.6169974,0.6115866,0.6060876,0.6020598,0.5276349,0.6629055,0.6695507,0.6382287,0.53730315,0.54899174,0.58520794,0.61065936,0.59046227,0.53675634,0.5466051,0.5333951,0.53221,0.5687418,0.56394386,0.5596674,0.5618733,0.5408381,0.54181397,0.5632607,0.57065266,0.52815795,0.5275421,0.5728998,0.5659008,0.56292576,0.55340695,0.55869645
434,0.6122459,0.6415761,0.6099254,0.6147276,0.6198197,0.62423766,0.61664194,0.57415605,0.5919149,0.6550615,0.6459164,0.6438829,0.65080243,0.60181427,0.5986804,0.6645321,0.6461712,0.57926464,0.65910673,0.68332726,0.6416627,0.6187568,0.63379884,0.63165325,0.645703,0.6003322,0.5992876,0.62281895,0.59039474,0.54671556,0.5317032,0.59442264,0.51862156,0.57654077,0.570463,0.5984263,0.6131921,0.6181706,0.59000844,0.5823097,0.6003409,0.58078504,0.6047609,0.6028389,0.5922271,0.5875671,0.56483924,0.6708891,0.62092596,0.6132215,0.57096624,0.56323826,0.5855052,0.5691429,0.5726583,0.55991876,0.61382616,0.5892767,0.62925744,0.62894386,0.5444249,0.57428706,0.61889255,0.5529542,0.5440699,0.5901525,0.57978785,0.5600977,0.568363,0.56569785,0.5710875,0.5485018,0.6033332,0.6338995,0.6130462,0.59013927,0.56487656,0.59736985,0.6191757,0.60927117,0.64457256,0.6350349,0.608061,0.61972106,0.6156978,0.61946106,0.57907736,0.542789,0.5883096,0.5491847,0.58406687,0.57451516,0.53952384,0.5729796,0.6483,0.5844364,0.6024164,0.5639483,0.58528507,0.5721734,0.5639762,0.5987617,0.61691815,0.60780084,0.57193434,0.60430014,0.60303366,0.6183762,0.6350351,0.57040346,0.61474305,0.5902199,0.5678126,0.62776494,0.55927026,0.5568953,0.5752939,0.55435485,0.54712415,0.56940424,0.59576094,0.5600202,0.6051711,0.60982895,0.60649794,0.5449048,0.570185,0.59736264,0.6143263,0.5851533,0.5559191,0.54600394,0.5658632,0.54917675,0.53621066,0.569388,0.606182,0.6039061,0.63128495,0.6163488,0.6068877,0.6070342,0.59885365,0.628744,0.60322505,0.63183635,0.5360953,0.6031878,0.59929776,0.5782793,0.5570064,0.63511103,0.6136678,0.6112478,0.53438693,0.6222397,0.62442607,0.67535084,0.66825515,0.6054503,0.5943383,0.603512,0.58265674,0.5380771,0.5709627,0.5235615,0.6267469,0.58044946,0.6274128,0.60859525,0.59381205,0.58704406,0.6257466,0.6399838,0.5947299,0.5446704,0.54886276,0.6071045,0.61437315,0.62157434,0.624259,0.64256996,0.59842116,0.6156827,0.6279891,0.6414325,0.63946795,0.5702878,0.5756078,0.64621633,0.63307524,0.6254616,0.6525042,0.6132579,0.6080709,0.64453393,0.647212,0.590625,0.6748363,0.6639816,0.6424174,0.6719585,0.6374667,0.63720506,0.6437274,0.61309767,0.61090404,0.63118666,0.58585256,0.54579794,0.5470008,0.58751476,0.49967596,0.58507526,0.5677776,0.56363326,0.61028457,0.6074918,0.58207726,0.5568443,0.5937821,0.58250296,0.5801075,0.60391974,0.5958064,0.61941874,0.53888357,0.6563282,0.62456506,0.63050735,0.5650424,0.55956584,0.575953,0.5263109,0.5727494,0.5475988,0.615063,0.58629173,0.6078726,0.62490004,0.5564267,0.6031694,0.60580814,0.5847468,0.54791665,0.5825259,0.5899095,0.55555236,0.5493979,0.5742469,0.56555766,0.56379277,0.60181415,0.6168192,0.61148506,0.5906736,0.5751402,0.5958005,0.62044907,0.634597,0.6059438,0.6216547,0.6048612,0.61899924,0.59529686,0.63589686,0.61276865,0.52835375,0.61003435,0.5528731,0.61186635,0.5742816,0.54313666,0.5639555,0.6442366,0.5806427,0.5945969,0.5762933,0.5723965,0.55874145,0.564925,0.6113928,0.64126796,0.6040156,0.5403417,0.5931672,0.59348685,0.62149024,0.62846035,0.55678254,0.6210439,0.59038144,0.5753806,0.61096305,0.56102115,0.5274067,0.558699,0.52414674,0.57360584,0.56768286,0.5977986,0.5483896,0.6028102,0.62603354,0.5797786,0.55608684,0.59982955,0.58068377,0.61516637,0.586074,0.53601724,0.5262512,0.58908725,0.54769754,0.541678,0.61459225,0.6050689,0.632449,0.62201387,0.6158822,0.629604,0.62567896,0.6079625,0.59737784,0.5999366,0.6437157,0.5071781,0.59917426,0.6013952,0.57174253,0.5640871,0.64196134,0.60641915,0.62856984,0.5357653,0.6436596,0.61260676,0.6721372,0.6598325,0.6277099,0.6066514,0.5923352,0.6159942,0.5041874,0.5329136,0.49883458,0.60560775,0.5942662,0.63756233,0.6050187,0.6050122,0.52704823,0.6427189,0.6441296,0.5978167,0.5202576,0.55500257,0.5754433,0.6168838,0.5998768,0.5350525,0.5458432,0.52601796,0.52307814,0.58509713,0.57768214,0.57250947,0.57510954,0.54888433,0.5455448,0.5543361,0.5602336,0.53061754,0.5285274,0.582052,0.5773941,0.5741584,0.56084543,0.56444883
435,0.6385796,0.6519331,0.60610825,0.6281228,0.6352054,0.64672774,0.6417764,0.55378586,0.5683903,0.6850029,0.6754127,0.65776765,0.66659576,0.62762535,0.62988937,0.6856906,0.69061023,0.58918804,0.7004015,0.72550887,0.6713557,0.6397887,0.64097327,0.62175393,0.646346,0.6052585,0.60885465,0.6172502,0.61212355,0.56052804,0.5383841,0.5988212,0.528657,0.60283333,0.5880103,0.5802701,0.6126801,0.62605196,0.56894475,0.56380624,0.5883732,0.56925344,0.613552,0.61452574,0.60932827,0.6256143,0.5655988,0.71637857,0.66636944,0.6626355,0.54026157,0.54172736,0.5643395,0.5545228,0.5580971,0.5595487,0.611586,0.6000397,0.63889694,0.64061904,0.54900306,0.5750856,0.63849384,0.5447459,0.5495008,0.6029706,0.59408027,0.5630878,0.5702924,0.5735017,0.57084715,0.5539814,0.6145846,0.6707369,0.6361951,0.60440975,0.57493204,0.6228555,0.64079225,0.64033824,0.67754245,0.6627684,0.6326034,0.6357814,0.63551974,0.626432,0.5896628,0.5488328,0.59818214,0.55131227,0.5904585,0.58520204,0.5439252,0.5854118,0.6951862,0.60245574,0.6270539,0.56282234,0.56993735,0.54781365,0.5315859,0.5756916,0.59455395,0.575851,0.5421798,0.6044258,0.57764024,0.62660307,0.6435332,0.570453,0.6243526,0.5896003,0.5658362,0.62991506,0.56553096,0.568336,0.6104731,0.5648989,0.55496866,0.56673115,0.59946495,0.56801367,0.6053895,0.5707829,0.5838509,0.54841596,0.5855504,0.59053344,0.6165595,0.5988134,0.5563159,0.5484693,0.5778525,0.55480975,0.53874946,0.58320135,0.6323301,0.6403287,0.62827986,0.62536544,0.6215911,0.6194923,0.6303559,0.6679063,0.6346916,0.68064445,0.5191621,0.61956453,0.6161009,0.59657645,0.5757282,0.6415891,0.62126434,0.62982845,0.54677474,0.6407046,0.6599648,0.72382647,0.69744086,0.6243982,0.61858594,0.6240199,0.5931601,0.5398773,0.57622087,0.5235511,0.6268436,0.560447,0.6427538,0.63887113,0.6089178,0.5868857,0.60258675,0.6141505,0.55895287,0.5450583,0.5524817,0.5964516,0.6216255,0.6200527,0.6513004,0.66365266,0.589882,0.6291587,0.64632076,0.66846484,0.6705557,0.5502812,0.54556924,0.67420655,0.67405504,0.64022803,0.67670715,0.64294386,0.6410879,0.66249424,0.6980791,0.6041981,0.7197907,0.71401435,0.6672523,0.7070552,0.6481357,0.6313091,0.65709835,0.625245,0.62725365,0.6356575,0.6157382,0.5483881,0.55656123,0.59126276,0.4954739,0.6087935,0.57789946,0.5277991,0.60935426,0.6206193,0.54786205,0.53106487,0.58380187,0.5777405,0.586571,0.61806273,0.6271209,0.6742749,0.5347044,0.6989802,0.6637191,0.6879314,0.53460217,0.53842795,0.55268264,0.50376046,0.557874,0.5427656,0.6171778,0.594664,0.62028277,0.6385261,0.5505752,0.60483605,0.6221694,0.58472157,0.55449164,0.5954521,0.5921323,0.55087787,0.54232323,0.57464117,0.5582615,0.5651209,0.6138267,0.6398606,0.6264218,0.60707706,0.57697344,0.62709457,0.62047786,0.67531985,0.6350361,0.6520791,0.62357163,0.6361812,0.6008275,0.64769405,0.624824,0.5315719,0.60748696,0.5482498,0.6249656,0.589019,0.5444123,0.5733857,0.69690835,0.60799587,0.61772436,0.571543,0.55875057,0.53414464,0.5349677,0.593206,0.62627256,0.5739376,0.5077161,0.595827,0.5727706,0.6341273,0.6411389,0.5577491,0.6332314,0.58974767,0.5748684,0.6113284,0.56667453,0.5313415,0.59102696,0.52322984,0.5752014,0.5571426,0.60028833,0.55651844,0.60374653,0.59298915,0.5545194,0.56650925,0.6256979,0.5739708,0.6137833,0.585349,0.5346927,0.52196896,0.60942847,0.5528953,0.54525673,0.64815867,0.63853174,0.676385,0.6251632,0.6351642,0.66246784,0.65161365,0.6582775,0.6279291,0.633447,0.69989437,0.4888436,0.6212098,0.6060747,0.5780026,0.57235175,0.65794945,0.61770356,0.6582233,0.5494248,0.66369236,0.6453612,0.72461426,0.6927995,0.6580875,0.6316093,0.6159619,0.6409538,0.49609634,0.5287146,0.49243426,0.6045884,0.57667696,0.66440237,0.60815024,0.6148919,0.52633464,0.626652,0.62218344,0.56241494,0.50547326,0.56443423,0.5672576,0.6222679,0.60607964,0.5308061,0.5447269,0.5190413,0.5134923,0.60141695,0.59162366,0.5863223,0.5884685,0.5574031,0.55040014,0.5478157,0.55228347,0.5330188,0.5305918,0.5914379,0.5895638,0.5862507,0.5689418,0.5712979
436,0.6592092,0.66378266,0.60338926,0.63946676,0.64874166,0.6668736,0.665537,0.5374756,0.54937834,0.7108522,0.70246,0.66918856,0.6810781,0.6456284,0.6532688,0.7051562,0.7291446,0.60214317,0.73659205,0.7601148,0.6965711,0.65963393,0.649256,0.6121639,0.64596504,0.6059779,0.616349,0.61476517,0.63507307,0.57310116,0.5449719,0.5990134,0.5340699,0.6251244,0.5995601,0.5656735,0.6113971,0.63313556,0.55067277,0.5479618,0.576878,0.5588024,0.6225024,0.62589675,0.6246929,0.6631527,0.56892747,0.7534439,0.7038305,0.70772237,0.5163082,0.52553,0.5480457,0.54417616,0.5460091,0.5653737,0.608836,0.6129733,0.644086,0.6481014,0.55130386,0.5729594,0.65675414,0.53529626,0.55262256,0.611931,0.6085459,0.56828946,0.5695973,0.5813101,0.5714524,0.56029636,0.62333214,0.70538414,0.6546829,0.614569,0.58767253,0.6500355,0.6596865,0.6719547,0.70537055,0.6894165,0.65964067,0.6500148,0.65494055,0.62773,0.5964656,0.55358213,0.60801125,0.5523203,0.5941572,0.5972172,0.54827476,0.59387213,0.7374629,0.62164074,0.6532247,0.56446487,0.55856663,0.5312553,0.5051496,0.55636126,0.57408744,0.54903954,0.51722795,0.6075671,0.55851007,0.63224494,0.65003824,0.571759,0.62954664,0.58349794,0.5654937,0.63284785,0.57834655,0.5852658,0.64696044,0.57491094,0.56199825,0.56570077,0.6045734,0.578261,0.60739565,0.53817433,0.5679882,0.5527386,0.6026706,0.587323,0.619209,0.61073273,0.5569028,0.55131626,0.59144855,0.560258,0.5418394,0.59753406,0.65956277,0.6758059,0.6293987,0.6367809,0.6373773,0.6309233,0.6608802,0.70428795,0.66597074,0.72516805,0.509392,0.6356715,0.63299096,0.6130692,0.5962311,0.6479723,0.6291818,0.64763623,0.5623393,0.6588296,0.69398093,0.76292163,0.72235,0.641942,0.6355979,0.64345646,0.6047415,0.5420082,0.5843358,0.5213265,0.6264185,0.54714817,0.6531702,0.66485304,0.62724364,0.5864111,0.5824147,0.5919125,0.53124195,0.5465636,0.55707026,0.5880486,0.6240375,0.6125503,0.67255485,0.68381,0.5838089,0.64030874,0.6608569,0.6906528,0.6969255,0.5353581,0.52088994,0.69842654,0.7121696,0.6538341,0.69745165,0.6658191,0.6678999,0.67894065,0.7409932,0.618226,0.7567609,0.7537163,0.6878444,0.7346596,0.65936416,0.6248497,0.6686658,0.6335761,0.6420057,0.6409628,0.64849013,0.55275875,0.5679422,0.59327465,0.49022198,0.6305995,0.5855554,0.49789956,0.6077173,0.63302463,0.51800656,0.5095341,0.5753007,0.574782,0.5935156,0.6322944,0.6554442,0.7217305,0.53490466,0.73474014,0.69669384,0.7378538,0.5116967,0.52349997,0.5351936,0.48759955,0.54610693,0.54520243,0.61858517,0.60418,0.6281245,0.648561,0.5409156,0.6063397,0.6388093,0.5826839,0.5615081,0.6081934,0.596835,0.55149996,0.53512603,0.578927,0.55110216,0.57023585,0.6263155,0.6632934,0.63651556,0.6237237,0.58352447,0.65995896,0.621693,0.7135743,0.6637388,0.6818452,0.64551944,0.6529868,0.60996044,0.6541288,0.6377639,0.5364069,0.60079736,0.54375905,0.6358282,0.6051739,0.5468359,0.58043396,0.7446725,0.6362238,0.64520043,0.5738477,0.5494932,0.5176256,0.50993377,0.57828873,0.61140174,0.5490039,0.481451,0.6017123,0.5577425,0.64432055,0.65230715,0.55967456,0.64204675,0.58594507,0.5747809,0.6134934,0.57876515,0.5426445,0.6262393,0.52384776,0.5778634,0.54971015,0.6049553,0.56581813,0.6047203,0.56521344,0.5361281,0.57772505,0.65018076,0.5689777,0.61207503,0.58469975,0.533741,0.5179923,0.63215166,0.55886865,0.5498694,0.6808694,0.671639,0.7148995,0.6294936,0.6556923,0.69483864,0.67547494,0.704731,0.6610906,0.6684804,0.7491581,0.47971174,0.64316756,0.61390895,0.58677936,0.58591104,0.6726222,0.6280586,0.6833141,0.5662459,0.6812467,0.6760636,0.76606417,0.7215524,0.68470657,0.6533747,0.6414589,0.6636488,0.48815733,0.5272762,0.48520678,0.6042716,0.56516385,0.68808836,0.612696,0.62919414,0.52566946,0.6126967,0.60215265,0.53562206,0.49250853,0.57474834,0.5609814,0.623453,0.60565895,0.5246582,0.54341155,0.5138994,0.5052976,0.6148786,0.6031292,0.59846896,0.5994326,0.5645852,0.55481267,0.5438717,0.54697335,0.5350196,0.53298014,0.59972435,0.6007374,0.5964056,0.57594573,0.5772386
437,0.6690179,0.67410594,0.59713346,0.6446357,0.6563774,0.6800475,0.68243986,0.52466065,0.53358215,0.7281879,0.7224419,0.67501783,0.68929857,0.6523352,0.66367227,0.7174066,0.756254,0.61530876,0.7605639,0.78172946,0.7133641,0.67426354,0.65615016,0.5983229,0.6428638,0.6012118,0.6169132,0.6123271,0.6521771,0.57979065,0.5453354,0.59284705,0.5301469,0.6385809,0.6014939,0.55315197,0.6071541,0.6363935,0.534827,0.5346452,0.5648064,0.5503474,0.6297434,0.6347799,0.63596976,0.6940324,0.5747286,0.7769815,0.7293634,0.7430894,0.49958563,0.5152142,0.5352514,0.5380822,0.5365175,0.57669896,0.60483503,0.62543017,0.6425173,0.6492065,0.5498379,0.56503993,0.6695206,0.5225503,0.55070156,0.61616766,0.619596,0.5714511,0.56468415,0.5879297,0.5706064,0.5656867,0.6255347,0.7328223,0.6661706,0.61955917,0.6012584,0.67643714,0.6730989,0.69899035,0.7240336,0.7120516,0.6845991,0.660867,0.6709719,0.6221651,0.5982789,0.5554435,0.61426675,0.5510065,0.59450585,0.60933787,0.55195916,0.59658504,0.7691196,0.6386754,0.67499727,0.5650189,0.55094415,0.5219261,0.48578542,0.53942174,0.5550869,0.52612966,0.49953392,0.6119625,0.5454642,0.6341867,0.6534629,0.5731219,0.62832963,0.571172,0.5679692,0.6346234,0.5966451,0.6065278,0.68128324,0.58232635,0.56467086,0.56488377,0.6052007,0.58844334,0.60868025,0.5121202,0.5579507,0.55294114,0.61619097,0.5848084,0.61981463,0.6176318,0.55664617,0.5523287,0.604301,0.56480604,0.5449742,0.6108364,0.6844749,0.7049755,0.63220775,0.6482141,0.6489542,0.63522303,0.68286264,0.73265433,0.6912595,0.7575356,0.50963414,0.6503544,0.6459745,0.6226961,0.612141,0.6494913,0.63261867,0.65949726,0.5748571,0.67402774,0.7219657,0.7872394,0.73707604,0.6520882,0.6410143,0.6549413,0.61391264,0.54274535,0.59205705,0.51786155,0.6243243,0.53862756,0.65733135,0.6821842,0.64692676,0.58438516,0.56313354,0.57028615,0.51189417,0.54571235,0.5610472,0.5812811,0.61932147,0.5980032,0.6828771,0.70075196,0.5763596,0.6453313,0.66811377,0.70392483,0.71321523,0.5251471,0.50066805,0.715122,0.74180627,0.662471,0.709216,0.6774227,0.68357545,0.6890803,0.771214,0.6303302,0.78012645,0.7787004,0.7019842,0.75102746,0.66872644,0.6132883,0.67669815,0.635918,0.6499856,0.6436498,0.6771675,0.55505085,0.57390517,0.5910657,0.48118883,0.6456712,0.5857733,0.47506022,0.60352504,0.6416572,0.49348208,0.49286583,0.56721276,0.5740922,0.60007644,0.64457047,0.6771116,0.7562961,0.54017305,0.75867677,0.7196125,0.7745782,0.4962042,0.5146697,0.5222898,0.4792119,0.537511,0.5544204,0.6178843,0.61258304,0.62960184,0.6533595,0.52588177,0.604964,0.6523744,0.5758682,0.5655314,0.6194122,0.60157377,0.55375195,0.5260783,0.58485955,0.54270244,0.57727194,0.63502383,0.68306464,0.6397912,0.63796353,0.5936085,0.6908838,0.6221683,0.74404836,0.68708146,0.7078248,0.66645414,0.66630965,0.6210499,0.6534145,0.6494038,0.540846,0.58930284,0.53886807,0.64325655,0.62207425,0.54965466,0.58349735,0.78073204,0.6614493,0.67123,0.5805139,0.5447472,0.5094149,0.49043712,0.5645571,0.59506214,0.52792674,0.46488315,0.6086924,0.54731685,0.650506,0.66025776,0.56174207,0.6450676,0.57751983,0.57567227,0.6166103,0.595901,0.5607053,0.66095567,0.52479184,0.578493,0.54411507,0.6065874,0.5745189,0.6035086,0.5412325,0.5248286,0.5844258,0.6668122,0.56341034,0.60807335,0.5817226,0.5320366,0.5134208,0.6532706,0.56460756,0.5543602,0.70847094,0.70095617,0.7433897,0.63288385,0.6742054,0.7201194,0.6901596,0.73958427,0.69232404,0.6987988,0.7844263,0.4824081,0.66345245,0.62215555,0.5932447,0.60002726,0.68036723,0.6329997,0.69882596,0.58019507,0.6939104,0.7015243,0.79216844,0.73995274,0.7014574,0.6653106,0.6607143,0.6793726,0.4810647,0.5265633,0.47863692,0.60333306,0.55803823,0.705431,0.61655825,0.64530444,0.5253417,0.59705067,0.58012277,0.5173912,0.47961542,0.58404946,0.55633265,0.6184248,0.5970555,0.5181468,0.5423027,0.51178694,0.5000143,0.62364495,0.61047757,0.60726124,0.60641897,0.5689576,0.55718917,0.54165107,0.5434122,0.536465,0.5348855,0.6057874,0.60939205,0.60221726,0.58032954,0.5804799
438,0.66604495,0.68010014,0.58335006,0.64119047,0.6555957,0.6835764,0.6890507,0.51363707,0.5187959,0.7345888,0.7325905,0.67333716,0.6879007,0.64700323,0.6592111,0.7188261,0.77014947,0.6257833,0.7691249,0.78868955,0.7201554,0.68107814,0.6591638,0.5763666,0.63542944,0.5913315,0.60786885,0.60639215,0.6590069,0.5782355,0.53507334,0.5811994,0.51486236,0.64147174,0.59351456,0.54093057,0.5984684,0.63402236,0.52062297,0.52291685,0.55122405,0.5446439,0.63331693,0.64010495,0.6422342,0.7149039,0.5825901,0.7856429,0.7423845,0.766837,0.4884354,0.5097443,0.5234421,0.5352069,0.529057,0.5911816,0.5994473,0.6352121,0.63360876,0.64306074,0.54485255,0.5513672,0.6747505,0.50606453,0.5425938,0.6154863,0.6256108,0.5699282,0.5562916,0.5936184,0.5677367,0.5690758,0.6190615,0.75036,0.6697858,0.62043047,0.6140245,0.6995622,0.67949945,0.7173092,0.7315564,0.7283283,0.70378035,0.66772753,0.68172723,0.6105551,0.5957932,0.5538202,0.6153716,0.54786086,0.5920474,0.62007165,0.55464184,0.5938922,0.78749406,0.6511699,0.6883005,0.5621133,0.5450959,0.5166082,0.47215882,0.52242583,0.53605026,0.5041007,0.48895934,0.6152094,0.5359701,0.63181674,0.6528401,0.5732771,0.62012595,0.55377924,0.57286924,0.63308436,0.6176273,0.62996095,0.7108564,0.58595186,0.5607455,0.5628852,0.5967622,0.5961809,0.6062825,0.49022135,0.5504985,0.5454,0.6217493,0.57952434,0.6161952,0.61836696,0.5548628,0.55078334,0.6145271,0.5680881,0.5475859,0.6214278,0.70442474,0.7247547,0.6335354,0.65726495,0.6522676,0.62785983,0.69171417,0.75030005,0.70659345,0.77428555,0.5196227,0.6627748,0.65308267,0.62308764,0.61928034,0.642211,0.62793624,0.66165316,0.57941806,0.6845102,0.74171364,0.7956311,0.73816603,0.6507387,0.63412637,0.6546379,0.6176199,0.5410182,0.59707224,0.514377,0.6193561,0.53119063,0.6545309,0.6889976,0.6658569,0.5796112,0.54191613,0.5453376,0.49816456,0.53985727,0.5642384,0.5746871,0.6072768,0.5775622,0.68028647,0.71284866,0.56364614,0.64206964,0.66650945,0.70668465,0.7166942,0.5179756,0.48290908,0.72220284,0.76007426,0.6635907,0.70875734,0.67620075,0.6860367,0.6896606,0.7879575,0.63859326,0.78826123,0.78871894,0.7092685,0.7554505,0.6741498,0.5929824,0.6800297,0.6320635,0.647975,0.6407689,0.69702655,0.5532771,0.56868637,0.5846234,0.46702844,0.6517679,0.57641524,0.45875376,0.59558856,0.6446702,0.47415403,0.4802976,0.558342,0.5758806,0.6048935,0.653626,0.69067717,0.7768676,0.55055016,0.76932156,0.7316905,0.7970049,0.48612905,0.5104166,0.5115482,0.47829008,0.5314447,0.5680088,0.6145449,0.6183323,0.62417597,0.6520248,0.50621164,0.59999037,0.6611647,0.56376565,0.5640424,0.6274888,0.6053589,0.5548165,0.5154661,0.5910025,0.533772,0.5850047,0.63745457,0.6968519,0.63575894,0.6481527,0.60592836,0.7168557,0.6193746,0.7637608,0.7017238,0.7277902,0.6830653,0.67436177,0.63273776,0.64585304,0.65851945,0.54344416,0.57479787,0.5343211,0.64765674,0.63855493,0.5522293,0.5828681,0.8026336,0.6810786,0.6912949,0.58933395,0.5429242,0.5069604,0.47531408,0.5493804,0.57533044,0.5078818,0.4582029,0.61421186,0.53896254,0.65158254,0.66369224,0.5630773,0.6416457,0.5646007,0.5770389,0.61873204,0.6149625,0.58330095,0.6921899,0.52531534,0.57496244,0.5386929,0.60081387,0.5807478,0.598165,0.51790327,0.51836187,0.5827844,0.67140126,0.5545741,0.60026556,0.5755997,0.5288772,0.508347,0.6698446,0.5694152,0.5576758,0.7284044,0.7242022,0.7604457,0.63285047,0.688136,0.7343316,0.6910138,0.75968355,0.71801794,0.7202583,0.80367965,0.49642575,0.6809092,0.62923497,0.59446585,0.61103475,0.6772704,0.6291515,0.70199084,0.5862347,0.70065206,0.7201252,0.80280215,0.7447446,0.7047269,0.6639977,0.66814184,0.685271,0.47542107,0.52515554,0.4740911,0.60023904,0.5522266,0.7143496,0.6190254,0.6609829,0.5256337,0.5759275,0.55186665,0.50484866,0.4655217,0.5917551,0.55238706,0.6074752,0.5811451,0.51289123,0.5417217,0.51298046,0.4982103,0.62726915,0.61328495,0.6122438,0.6090632,0.5698949,0.5567445,0.5399886,0.54035205,0.53743774,0.5358446,0.6089113,0.614563,0.60258836,0.58141124,0.5800961
439,0.65144044,0.68001467,0.56077105,0.6290315,0.6460154,0.6770628,0.6845317,0.5025977,0.5032688,0.72940546,0.7318122,0.6637829,0.67598695,0.6316218,0.64153963,0.70837104,0.77160907,0.6313815,0.7621413,0.7818668,0.71740663,0.6792086,0.656648,0.5452565,0.6228506,0.5782259,0.589732,0.59466946,0.65433115,0.5692873,0.5134822,0.56771386,0.49036658,0.6354127,0.57898074,0.5280493,0.5851014,0.6256885,0.5077143,0.51181304,0.53597695,0.5422549,0.63152593,0.6414497,0.6435231,0.7247566,0.59189755,0.7802533,0.74426025,0.77933735,0.4804731,0.5075162,0.5103105,0.5343031,0.5228329,0.60545003,0.5931682,0.64089763,0.6184463,0.63008964,0.53803456,0.534887,0.6724155,0.48729455,0.5292608,0.6102943,0.62717533,0.56353414,0.5473835,0.5997196,0.5641832,0.570309,0.6045135,0.7571718,0.66612285,0.61967295,0.6248014,0.7168035,0.678951,0.72429633,0.72789407,0.7365023,0.7147418,0.67030334,0.6861955,0.5952384,0.59135365,0.54956156,0.6119666,0.54519874,0.5882062,0.62757623,0.5562686,0.5879503,0.7923858,0.6576916,0.6914035,0.55532306,0.5383423,0.5112818,0.46209657,0.50344753,0.51562506,0.48033836,0.4835976,0.6149949,0.526759,0.62477416,0.6472717,0.57136804,0.6057208,0.53412265,0.57815623,0.6265546,0.6373586,0.65259284,0.73384416,0.5855796,0.5500672,0.55896217,0.57779723,0.5996541,0.5983487,0.46972218,0.54217464,0.52920574,0.61698437,0.5693623,0.60762984,0.61433214,0.5516752,0.54810745,0.6210403,0.5700831,0.54909796,0.62769175,0.717596,0.73414814,0.6308122,0.6620994,0.64569604,0.60741377,0.68612224,0.75665545,0.7104477,0.7751238,0.5362307,0.671816,0.6543509,0.61544675,0.6167129,0.6246024,0.6140408,0.6527125,0.5736819,0.68952817,0.7529954,0.78940177,0.72484887,0.636661,0.6183278,0.64234734,0.61423755,0.53668463,0.5983962,0.5118956,0.6106269,0.5213025,0.64460695,0.6859066,0.6816108,0.5715909,0.51709825,0.514833,0.48651034,0.52870363,0.5677762,0.56672525,0.5896033,0.55435675,0.66582745,0.7191276,0.5438657,0.63049996,0.6565056,0.6995777,0.7072445,0.5118038,0.4660196,0.7190399,0.76626766,0.65651804,0.6955348,0.6633934,0.6760697,0.67974806,0.792708,0.6419455,0.7820023,0.78567994,0.7105172,0.7491623,0.67438036,0.56301,0.67799926,0.6234957,0.6354739,0.6309002,0.70603716,0.5482714,0.5501435,0.5763556,0.44923988,0.6493559,0.55927134,0.44784892,0.58380455,0.6414907,0.4597964,0.4706624,0.5480387,0.5800091,0.60638255,0.6586613,0.6962563,0.78463256,0.56534576,0.76751184,0.73430353,0.80658793,0.47917292,0.5090163,0.5006231,0.48355913,0.52702576,0.582383,0.6088335,0.6205439,0.61246055,0.64425147,0.48505595,0.5925879,0.6649666,0.54811907,0.5561763,0.6307513,0.6085342,0.5536932,0.5057617,0.5969966,0.52714676,0.592821,0.6335224,0.7039213,0.62552446,0.6537099,0.61907256,0.7354954,0.6113898,0.7715883,0.70623934,0.7401687,0.6934431,0.6764592,0.64392555,0.6333824,0.6644983,0.5440471,0.5608369,0.5321568,0.65035784,0.65269554,0.5542509,0.58048594,0.81075686,0.6937426,0.7028525,0.59879786,0.5414499,0.50637555,0.46306655,0.53123283,0.5511585,0.4865054,0.4591695,0.6160508,0.5301938,0.64688313,0.6617397,0.5630753,0.63266534,0.5489581,0.57738966,0.61743754,0.63191676,0.60713416,0.7176318,0.525302,0.5669093,0.53224224,0.58590055,0.5830677,0.5880851,0.49278545,0.51370436,0.5716568,0.6626553,0.54111373,0.5885265,0.5676669,0.52444816,0.5039446,0.6803609,0.57298434,0.5591048,0.73951834,0.7400845,0.7668143,0.62760234,0.6959896,0.736265,0.6765306,0.7651922,0.73589313,0.7312532,0.8078087,0.51842445,0.6943435,0.6346871,0.5903668,0.61719364,0.6621854,0.6154446,0.69251734,0.5817362,0.701685,0.7316696,0.79991955,0.73546237,0.6937291,0.6500736,0.6616734,0.6806628,0.47176158,0.52271664,0.47241813,0.59382975,0.54479986,0.7137751,0.62043834,0.6744587,0.5267516,0.54766023,0.5155728,0.4944866,0.45070344,0.59834266,0.54802614,0.59286,0.5609535,0.50981444,0.5415713,0.51672494,0.4994312,0.62629753,0.6121291,0.61386156,0.60797995,0.56770396,0.5537573,0.53798026,0.5367678,0.5381878,0.5358263,0.6087348,0.6158787,0.5979066,0.57944494,0.5761929
440,0.628774,0.6735612,0.5313269,0.6102048,0.6293209,0.6622245,0.670462,0.49038997,0.48649782,0.71382177,0.7208389,0.6476597,0.65505314,0.61064607,0.6157805,0.68747765,0.7630003,0.6311031,0.74166024,0.7638997,0.70702285,0.66962796,0.6483332,0.5084545,0.6059767,0.56444263,0.56633025,0.57776093,0.6401462,0.5562811,0.48350233,0.557393,0.46177518,0.624403,0.56347543,0.5148476,0.56854314,0.61291915,0.4965582,0.5009392,0.520112,0.5434572,0.6235507,0.63900983,0.64080024,0.7246412,0.6017043,0.7631731,0.7374457,0.78246355,0.47361925,0.5069009,0.49480516,0.5341987,0.5171462,0.6160471,0.5869385,0.6421158,0.5997878,0.6121315,0.5315213,0.5198937,0.66433746,0.46877092,0.51305187,0.60137254,0.6263772,0.5540353,0.54146963,0.6074861,0.56203794,0.5698079,0.58517736,0.75411123,0.6569918,0.61991805,0.6331468,0.7263963,0.67291075,0.7194359,0.714794,0.73616374,0.71696687,0.6689153,0.684653,0.5793956,0.5877206,0.54433346,0.6064797,0.54593456,0.585031,0.63049453,0.55708253,0.5818203,0.78546834,0.65806425,0.6850581,0.5459027,0.5286369,0.5030489,0.45389736,0.48238662,0.49436176,0.45476204,0.48128384,0.61032283,0.5159677,0.61331445,0.63676935,0.56742245,0.58746266,0.516023,0.5811803,0.6148429,0.6523122,0.67145556,0.74941176,0.5818583,0.53459454,0.5531593,0.5501923,0.5981709,0.58505934,0.4499795,0.53135264,0.5062033,0.60219544,0.55457,0.59519464,0.6086414,0.5478272,0.5465983,0.62379247,0.57117534,0.54914576,0.6287803,0.72344637,0.7339816,0.6232672,0.6621705,0.63047475,0.5762878,0.6679429,0.75316614,0.7040165,0.7618658,0.55466586,0.6767624,0.6515938,0.60352874,0.6064015,0.5981626,0.5927252,0.6339952,0.55827385,0.6891735,0.75690883,0.77142584,0.6991662,0.6118625,0.600008,0.62151325,0.604096,0.530461,0.5965005,0.51105416,0.5986118,0.5073123,0.62853324,0.6755986,0.692513,0.5609022,0.49006584,0.48066115,0.47497126,0.5139563,0.57324,0.5572478,0.5694721,0.53274745,0.64295566,0.7194305,0.5179965,0.61253023,0.64033514,0.68508697,0.6872656,0.50495213,0.44952387,0.7066372,0.76137793,0.6424794,0.67156327,0.64290196,0.6574067,0.6606516,0.7880349,0.64025664,0.7638509,0.7725298,0.7072399,0.7348813,0.6693384,0.5268266,0.6711407,0.612591,0.6150773,0.6151834,0.7048686,0.54273117,0.52024984,0.5701147,0.43094757,0.6411475,0.53930837,0.44102263,0.56944036,0.6332165,0.45040527,0.46290177,0.53660536,0.5860456,0.60327834,0.6595078,0.69515324,0.78199726,0.58279395,0.7556003,0.7300959,0.8059402,0.47358707,0.50906515,0.48820773,0.49292427,0.52341163,0.59368086,0.601847,0.619307,0.59639865,0.63079846,0.46678415,0.58531564,0.66496956,0.5321659,0.54267275,0.62801033,0.61233145,0.55096424,0.50000703,0.6032502,0.52598995,0.6005617,0.6254658,0.7051168,0.6114455,0.65527564,0.63191897,0.7456437,0.5980146,0.7681639,0.7012792,0.74466485,0.6976789,0.67332613,0.65423423,0.61923736,0.6675769,0.54334545,0.55161315,0.5346255,0.65321815,0.6626265,0.55585086,0.5788647,0.80724627,0.69933444,0.70584536,0.6081935,0.5378389,0.50410134,0.45290953,0.51074237,0.524202,0.4637087,0.4644927,0.6132816,0.5202919,0.63671845,0.654668,0.5616917,0.6205145,0.5337322,0.57503355,0.6111014,0.64332175,0.62851787,0.7359191,0.5250179,0.5557437,0.5244429,0.56312996,0.5810121,0.5745177,0.46649686,0.5088432,0.5527106,0.6422837,0.523837,0.57436186,0.56073886,0.51956326,0.5016551,0.6849915,0.575445,0.55844474,0.7419807,0.74851876,0.7644968,0.6170808,0.69769853,0.72718734,0.6487631,0.7583758,0.7456395,0.7327525,0.7991403,0.5429436,0.70299834,0.6391964,0.58319086,0.618895,0.6370409,0.5935301,0.672697,0.5669621,0.69804865,0.73693395,0.78654885,0.7142122,0.6705929,0.6281164,0.64302486,0.66711324,0.47028047,0.51988083,0.47364682,0.58428836,0.53438175,0.70431095,0.621976,0.68506414,0.5287395,0.5146859,0.47436017,0.48452732,0.43692806,0.60478014,0.5429289,0.57814896,0.5410012,0.50891954,0.541455,0.5215916,0.50247246,0.6219595,0.6082254,0.61317104,0.60448885,0.5634398,0.54929954,0.53518325,0.5321703,0.539014,0.5351579,0.60546714,0.61368686,0.58981365,0.57542,0.5698076
441,0.60314727,0.6623614,0.49976915,0.58840877,0.60889775,0.64259005,0.65046394,0.47738406,0.4698671,0.6912389,0.7025758,0.62806505,0.6288635,0.5899081,0.58941174,0.66019243,0.74801886,0.62543416,0.71214974,0.73932135,0.6919565,0.6550878,0.6358297,0.4734527,0.58783185,0.5524575,0.54399514,0.5596594,0.6215229,0.5436966,0.45068607,0.5546312,0.43488762,0.613171,0.55246675,0.5031861,0.55217546,0.5992041,0.48855183,0.49102452,0.50597477,0.5483272,0.61029273,0.6340458,0.6361292,0.71761805,0.61096156,0.7386729,0.72518355,0.77914894,0.46711937,0.5068927,0.47809243,0.534211,0.51193184,0.6208659,0.5820816,0.6396535,0.5817136,0.5925506,0.5269691,0.5101253,0.65379804,0.45323032,0.49668255,0.58966196,0.62579733,0.54425585,0.5409823,0.6171147,0.5629212,0.5680323,0.5662662,0.7436013,0.6450823,0.6227538,0.6392678,0.72829854,0.66385967,0.70459485,0.6957485,0.7285889,0.712095,0.66497195,0.67898244,0.56645477,0.58696604,0.53976774,0.6022206,0.55208004,0.5845401,0.6286759,0.5575045,0.5782598,0.7702421,0.6537708,0.6724111,0.5363165,0.51596594,0.49169704,0.44720787,0.46160734,0.47535798,0.4306236,0.4809943,0.6023297,0.5043697,0.599021,0.62306905,0.5625073,0.569024,0.50309515,0.58026266,0.5999252,0.6607651,0.68472147,0.75794077,0.5760537,0.5177591,0.54628295,0.51871026,0.5924618,0.5688603,0.43333572,0.5192534,0.48037454,0.5806026,0.5378806,0.5815478,0.60471815,0.5443967,0.54798645,0.6236039,0.5720713,0.547754,0.6250041,0.72299546,0.7267045,0.61246246,0.6587362,0.61075056,0.5406702,0.6423202,0.7430691,0.690877,0.73855966,0.5705228,0.6781761,0.64784753,0.5920712,0.59233534,0.5675329,0.56823415,0.6094516,0.5367458,0.6844194,0.7554881,0.74633855,0.6664416,0.5814924,0.586209,0.5985405,0.5894835,0.5236572,0.59306735,0.51193625,0.5856682,0.49063063,0.6089518,0.6621287,0.69830555,0.54935455,0.46542424,0.44897723,0.46435538,0.4984876,0.58165586,0.5481754,0.5508309,0.5170515,0.61682856,0.71472144,0.48969662,0.59157866,0.6214897,0.667043,0.6614992,0.49705186,0.4344703,0.6880483,0.74812067,0.6247152,0.64139074,0.62070715,0.63630664,0.6358486,0.7772583,0.63448507,0.73824376,0.7530989,0.7012945,0.7166539,0.6604584,0.49186614,0.6618042,0.6022633,0.59244484,0.59781957,0.6968745,0.5400111,0.48491955,0.56973505,0.41540462,0.6312137,0.52277184,0.43735915,0.5552694,0.6228208,0.44633788,0.45654088,0.5255352,0.59350216,0.5955068,0.6571458,0.6898819,0.7725349,0.60038584,0.7373764,0.72234595,0.7984033,0.46881226,0.50987643,0.47493866,0.5038188,0.52032626,0.5992621,0.5956132,0.6159318,0.5792327,0.61408603,0.45523292,0.5812947,0.6635858,0.5196715,0.525791,0.6193058,0.6184049,0.5485464,0.50048697,0.6106405,0.53239006,0.60855585,0.6175045,0.7027818,0.59700894,0.6547057,0.64407176,0.7478018,0.58159554,0.75615084,0.689703,0.7426833,0.69792056,0.66743135,0.6642575,0.6075373,0.669138,0.5423728,0.55046767,0.5430954,0.6581084,0.6674071,0.557466,0.57996726,0.79584867,0.6992238,0.7027087,0.6178625,0.5310539,0.4986211,0.44519287,0.49090326,0.49928445,0.44233793,0.47130919,0.6068578,0.510889,0.62305933,0.64440733,0.55948865,0.6087107,0.522568,0.5692408,0.6000853,0.64763147,0.6444861,0.7468692,0.5248593,0.5441655,0.5160865,0.5365024,0.57536715,0.56057966,0.44313478,0.50386006,0.5299329,0.61504173,0.505816,0.5608456,0.55810076,0.5153181,0.50244504,0.6854786,0.57733315,0.556122,0.7374166,0.7508229,0.75632733,0.6035935,0.694962,0.71094227,0.61379045,0.7434069,0.7489118,0.7278908,0.7814702,0.56429094,0.7072568,0.6445579,0.5766985,0.61847293,0.6068051,0.5675588,0.6473157,0.54517764,0.6914223,0.7373597,0.76680547,0.6859246,0.64044434,0.6057692,0.61784923,0.64827275,0.47055992,0.51787627,0.4768885,0.57365376,0.52210426,0.6889388,0.6253808,0.6935529,0.5314345,0.4834255,0.43600458,0.47603604,0.4264532,0.61192864,0.5380096,0.56726915,0.5258372,0.5095382,0.54107636,0.5261401,0.5059333,0.6159855,0.60324186,0.61169153,0.60036504,0.55851084,0.5447692,0.5317309,0.5268451,0.5401446,0.53434336,0.60013074,0.60914534,0.580734,0.5707969,0.5626581
442,0.5799707,0.6499574,0.472533,0.56825703,0.58916676,0.6227967,0.62937886,0.46598366,0.45685387,0.6670192,0.68184406,0.60941035,0.6030543,0.5743888,0.56936187,0.6328825,0.7311551,0.6162489,0.68045527,0.7140768,0.675622,0.6395418,0.6225491,0.44893566,0.5730604,0.5442552,0.5294247,0.5463614,0.6052791,0.5355658,0.4214843,0.56138086,0.41413534,0.605149,0.5490354,0.49621212,0.5406722,0.58912635,0.48596144,0.48423213,0.4970053,0.5570941,0.5947654,0.6290256,0.63241696,0.7081288,0.61903155,0.7127459,0.71094084,0.7725931,0.46228904,0.5077963,0.46386957,0.5346773,0.50837755,0.62004364,0.5802231,0.63512975,0.56856,0.57580066,0.5249803,0.50747967,0.6446376,0.44298178,0.48240966,0.5762512,0.627515,0.5371717,0.5465275,0.6276356,0.5674642,0.5651492,0.5532408,0.72924036,0.63330895,0.6282636,0.6437721,0.7241907,0.65459824,0.6837038,0.67541575,0.7163578,0.70342356,0.6607844,0.6722059,0.55932504,0.58991903,0.5368873,0.60212934,0.56381357,0.5877351,0.6231914,0.5578994,0.57864136,0.75164115,0.6477676,0.65825653,0.52956647,0.5031583,0.48013783,0.44347706,0.44568792,0.46340135,0.41360283,0.48363218,0.5940991,0.49521983,0.58498967,0.6095204,0.55838025,0.5543152,0.4973787,0.5758557,0.58581007,0.6631251,0.69218826,0.7606144,0.569691,0.5033138,0.5398219,0.48988542,0.58451915,0.5538305,0.42421556,0.5095503,0.4567319,0.5577092,0.52363735,0.5701177,0.6048671,0.54257643,0.55285484,0.6216733,0.5735034,0.5453285,0.617588,0.7184421,0.71575755,0.60176027,0.65455145,0.59255844,0.5088636,0.6168134,0.7304869,0.6757579,0.7114554,0.5816474,0.67793167,0.6462904,0.5851526,0.5792011,0.5396952,0.54607224,0.5848113,0.5147424,0.67707366,0.75116116,0.7200273,0.6345581,0.55259997,0.581695,0.5805711,0.5739971,0.51779497,0.5903271,0.5139405,0.5755281,0.47566926,0.5897989,0.64960945,0.699987,0.53975254,0.44939262,0.4277915,0.45786777,0.48554727,0.5928854,0.54283535,0.5373218,0.5101632,0.5931583,0.7070708,0.46457615,0.57195383,0.60396343,0.6497694,0.6360298,0.48977187,0.42357773,0.6681359,0.73078376,0.6079588,0.6115577,0.6029223,0.6194471,0.6106718,0.7639815,0.6265941,0.7113574,0.731673,0.6944911,0.69911474,0.6505455,0.46672884,0.6537578,0.59565496,0.5747927,0.58494747,0.68744045,0.5430988,0.45251688,0.57743484,0.40517777,0.6234675,0.51469976,0.4371716,0.5452459,0.6144951,0.44863752,0.45227662,0.517532,0.6022597,0.5847651,0.65381974,0.68388426,0.7606855,0.61588806,0.71770984,0.7141841,0.7875558,0.46595985,0.5118879,0.46378338,0.5141173,0.5187352,0.59887874,0.59281725,0.6125363,0.5648277,0.5981128,0.45226955,0.5831013,0.663722,0.513826,0.50897104,0.6063954,0.62826276,0.549361,0.5082522,0.62025326,0.54693735,0.6175021,0.61461526,0.70014703,0.5862876,0.65454054,0.6559631,0.74396235,0.5667199,0.7401048,0.67599744,0.7369516,0.69747937,0.66249377,0.67510533,0.6022031,0.6713468,0.5422306,0.5585771,0.5574819,0.6661103,0.66731477,0.5595033,0.5844953,0.78161085,0.6960586,0.6975654,0.6291475,0.52256495,0.4914488,0.44149286,0.4765008,0.48288718,0.4274734,0.47851455,0.59944266,0.505282,0.6094712,0.63419044,0.55740124,0.60080385,0.5182981,0.56112283,0.5872549,0.6455994,0.6536954,0.7512248,0.5252486,0.53534687,0.5090524,0.51183975,0.5679597,0.55044293,0.42870054,0.5008937,0.50853276,0.5879393,0.491543,0.5518721,0.56240916,0.5128618,0.5066362,0.6844193,0.5793984,0.5531313,0.7286953,0.74929494,0.74540585,0.59128547,0.6908864,0.6934429,0.58064723,0.7260248,0.7484356,0.72085786,0.7601489,0.57891107,0.70873696,0.65304536,0.5751067,0.6193794,0.57854706,0.54314524,0.62256134,0.5220551,0.68386155,0.7346158,0.7454268,0.6577519,0.6104736,0.5910437,0.5944332,0.62902224,0.4716648,0.51802874,0.48055884,0.56536365,0.5116356,0.67262274,0.63232666,0.70164883,0.5345172,0.46184525,0.40964743,0.4724323,0.4215476,0.6200862,0.53502065,0.5632813,0.5182607,0.5107223,0.5405233,0.52953666,0.5088309,0.6102201,0.5989544,0.61106217,0.5973875,0.5541676,0.54141366,0.5284357,0.5219866,0.5416192,0.53381515,0.59440833,0.6039697,0.57315594,0.56713474,0.55672276
443,0.56369734,0.6406683,0.4560427,0.55432576,0.5746575,0.6074058,0.61196274,0.46006712,0.4522294,0.64707035,0.6641106,0.596209,0.5838857,0.56620324,0.55915534,0.612503,0.71631217,0.6061796,0.65403974,0.69358075,0.6608438,0.6269793,0.61254334,0.4420104,0.5665037,0.5410534,0.52729505,0.5435137,0.59751016,0.5340608,0.401402,0.57608616,0.4015758,0.601017,0.55271745,0.49735594,0.5386607,0.5867408,0.49137428,0.48371556,0.49707997,0.5702123,0.58146936,0.6268866,0.63253605,0.70058984,0.625837,0.69133407,0.6973474,0.7651723,0.46229586,0.5112641,0.45740408,0.53699636,0.5089033,0.615591,0.5828655,0.6302933,0.5635754,0.5662908,0.5249098,0.5115682,0.6400248,0.4393797,0.4715788,0.56245047,0.63228303,0.5349759,0.5567519,0.6372914,0.575226,0.5609247,0.5499138,0.7149875,0.62402683,0.63523304,0.64733267,0.71670955,0.6473251,0.6618716,0.65843457,0.7026516,0.6948305,0.65867645,0.6673215,0.55947244,0.59597003,0.535869,0.60755676,0.5793378,0.5940241,0.61579376,0.5584072,0.58249605,0.7347632,0.6434567,0.647532,0.52824295,0.4953713,0.4734421,0.4457809,0.44031867,0.46359536,0.4101063,0.4918305,0.58963925,0.4932615,0.5750574,0.60004646,0.5568705,0.5462591,0.49877894,0.57055205,0.5775252,0.661267,0.69479406,0.7585702,0.5641027,0.49422726,0.5356123,0.47033983,0.5769945,0.5444703,0.42776144,0.50709003,0.43999913,0.5396901,0.51637894,0.56403303,0.6094585,0.5433744,0.5605639,0.61913645,0.5758623,0.54250145,0.6082245,0.7122773,0.7044142,0.59508073,0.6527678,0.58167607,0.48851365,0.5989868,0.71907586,0.66296345,0.687529,0.588606,0.6783863,0.6489693,0.5848507,0.5708243,0.5219946,0.531472,0.56598246,0.49827486,0.6690465,0.745758,0.69762814,0.61133283,0.53195924,0.58707494,0.57262474,0.5615024,0.51418215,0.59020454,0.51589197,0.5722246,0.46840715,0.5751493,0.6407545,0.69920224,0.53516847,0.44799945,0.4243705,0.45992446,0.47798643,0.60547954,0.5447098,0.5312384,0.5127751,0.5767946,0.6989415,0.4488551,0.5580035,0.5914103,0.63693994,0.6165203,0.4864431,0.4207725,0.6522101,0.7141795,0.59692013,0.58895844,0.5932832,0.6110634,0.5910582,0.7508843,0.6189118,0.68933207,0.711672,0.6879447,0.68599075,0.6428332,0.4583998,0.65077233,0.5952215,0.5682245,0.5822149,0.6821725,0.5534235,0.43105444,0.5924786,0.4016384,0.61995786,0.51692206,0.44213966,0.5434532,0.612201,0.45900995,0.4521129,0.51601595,0.6126649,0.57426536,0.6523101,0.68051577,0.75051767,0.6279869,0.7011974,0.7075638,0.7761619,0.46764424,0.5166014,0.45928365,0.5229566,0.52085555,0.59454626,0.5958941,0.6110289,0.5566205,0.58748776,0.4572408,0.59162,0.66750276,0.51611227,0.4958091,0.59243375,0.64235264,0.55613774,0.5227385,0.63266796,0.56832796,0.627685,0.6203602,0.7000926,0.5825614,0.65691996,0.6682567,0.73686063,0.5587426,0.7252929,0.66476685,0.73049295,0.69930553,0.6620365,0.68741333,0.60539985,0.6759604,0.5436759,0.5744605,0.57606196,0.6767774,0.6634873,0.5620562,0.5915832,0.76953846,0.69280267,0.6946598,0.6434193,0.51626164,0.48672155,0.44444218,0.47294882,0.48110873,0.42501423,0.48731256,0.5945407,0.50734955,0.6000677,0.6274258,0.5563942,0.59908557,0.5219122,0.55362064,0.57745373,0.6397947,0.65642965,0.7499212,0.5265063,0.53196394,0.50579786,0.49530405,0.561022,0.5479068,0.42929438,0.50327134,0.49345043,0.5681301,0.48546118,0.55080765,0.57453597,0.51311666,0.51390994,0.6840845,0.5822047,0.5506966,0.7190374,0.74618864,0.7340716,0.58459324,0.68867034,0.6806828,0.55825174,0.7119558,0.7467357,0.71533227,0.740795,0.58641493,0.70955426,0.6660525,0.5814253,0.6245905,0.55939144,0.5258476,0.6039868,0.50404495,0.6770059,0.729835,0.7262079,0.636764,0.5877317,0.58877826,0.5805511,0.61396277,0.47257304,0.52123356,0.4829232,0.5631153,0.50809324,0.6605671,0.64348274,0.71090025,0.5375942,0.45693657,0.40285447,0.47821262,0.42412817,0.62861294,0.53591526,0.56736237,0.5184049,0.51154184,0.54021597,0.53173035,0.51093316,0.60599226,0.5966355,0.6123541,0.5966952,0.5511173,0.5399834,0.5266362,0.51945853,0.5432114,0.53374225,0.5900651,0.59983283,0.5688185,0.56553465,0.55368984
444,0.55671465,0.6375648,0.45503458,0.54989797,0.568728,0.5994028,0.6014535,0.46349597,0.4603498,0.6358436,0.65366316,0.59182805,0.5761073,0.5641327,0.55816483,0.603727,0.70530695,0.59773993,0.63807595,0.6804776,0.64879924,0.6200201,0.6087409,0.4570522,0.5717445,0.54324263,0.5389901,0.5545604,0.60115224,0.53885823,0.39371076,0.5939131,0.39700478,0.5986074,0.55999464,0.5088768,0.54913795,0.59399945,0.50663286,0.49231398,0.509197,0.5877565,0.57479787,0.6296279,0.6381594,0.6977305,0.6314614,0.67789674,0.6853315,0.7576537,0.470788,0.5193672,0.46361187,0.5428249,0.51609015,0.6102517,0.5907031,0.6262413,0.5679219,0.5669284,0.5251196,0.5198778,0.6412039,0.44247106,0.4645424,0.54973704,0.63916874,0.53819704,0.56876475,0.64401156,0.58469415,0.5547621,0.55732185,0.70397294,0.61868685,0.6416973,0.65020615,0.7083078,0.64310473,0.643996,0.6482111,0.6904673,0.6892598,0.6599014,0.66589683,0.5663359,0.603364,0.5361966,0.6175208,0.5954479,0.60146475,0.60813427,0.5589083,0.58789194,0.7231772,0.64321333,0.64337206,0.533378,0.49824604,0.47703755,0.45778385,0.4506198,0.48005956,0.4256989,0.5087432,0.5924124,0.50327116,0.5724492,0.5977713,0.5592559,0.5460525,0.5055553,0.5680076,0.57949394,0.65747434,0.6937612,0.7522518,0.559991,0.49198326,0.53511554,0.46500632,0.57227284,0.54451907,0.44866735,0.5163201,0.4334904,0.53136456,0.51966536,0.5654497,0.6170892,0.5473083,0.56945443,0.61675596,0.57894635,0.5399397,0.598748,0.706362,0.69462085,0.59568995,0.6556487,0.5815758,0.48445088,0.59370786,0.7108523,0.65507865,0.6719936,0.5938206,0.6812539,0.65583134,0.5908157,0.56888145,0.5197078,0.5280871,0.55723834,0.49163577,0.6612524,0.73958164,0.68147135,0.6015794,0.5240934,0.59905165,0.5758284,0.55508465,0.51347077,0.5934178,0.5164525,0.57881856,0.4743135,0.5680187,0.63609236,0.69734174,0.5380086,0.46582767,0.44397438,0.47482607,0.477761,0.6168589,0.5562128,0.5329438,0.52336484,0.5703689,0.69207865,0.4477184,0.5529243,0.5861831,0.63043773,0.6064544,0.4905527,0.43001583,0.64413345,0.701893,0.594642,0.5784902,0.5917325,0.61136407,0.5813733,0.7384842,0.6132409,0.6757551,0.6942649,0.6815778,0.678661,0.639679,0.47112337,0.6550516,0.6015888,0.5754988,0.5925609,0.68429905,0.5698208,0.42557397,0.6107699,0.4047393,0.619772,0.5274383,0.45444208,0.55256456,0.6180422,0.47897816,0.45858532,0.5239475,0.6249743,0.5676495,0.65460324,0.68165994,0.7440986,0.63609326,0.69035816,0.70253605,0.76513493,0.47689533,0.5257224,0.46583983,0.53068125,0.52905506,0.58939475,0.60580873,0.6120283,0.55668545,0.58592635,0.46734712,0.6051733,0.6749267,0.5254996,0.48863176,0.58081806,0.65909535,0.5695366,0.54146,0.6469691,0.5930002,0.63792264,0.63495404,0.70370936,0.5870457,0.6624038,0.6807096,0.728866,0.5619752,0.7156909,0.6589751,0.72533417,0.7044189,0.6676488,0.70029205,0.6164482,0.68301964,0.54664123,0.59432286,0.59562963,0.6878811,0.6571666,0.5648135,0.5989209,0.76255935,0.6913466,0.6963226,0.6604346,0.51699305,0.48959917,0.4569522,0.48469508,0.49819496,0.44011852,0.5004731,0.5952179,0.5204262,0.5980176,0.6263459,0.55714905,0.60368514,0.53228444,0.55050766,0.57589835,0.63356197,0.6539426,0.7434036,0.52856755,0.53524363,0.5083675,0.49164027,0.556425,0.5551062,0.44990885,0.51431996,0.48790866,0.5603171,0.49073267,0.55935717,0.5929118,0.516472,0.5231636,0.6852094,0.5856699,0.5497574,0.7107372,0.7426535,0.72301805,0.5866851,0.69004977,0.67618114,0.55219716,0.704578,0.74497455,0.71296614,0.72701,0.58889234,0.71116537,0.68267834,0.59576535,0.63476384,0.5541818,0.51976705,0.5946817,0.49613518,0.67121065,0.7230437,0.7104569,0.627208,0.57681453,0.59866786,0.58022887,0.60593283,0.47265345,0.5274354,0.48278692,0.56958514,0.5161835,0.6560865,0.65758073,0.7212792,0.5402406,0.47342852,0.42091548,0.49749526,0.4352753,0.63567215,0.5423078,0.578283,0.52402705,0.5113211,0.5406028,0.5331985,0.51267326,0.6035764,0.5964167,0.6154001,0.5982939,0.5494305,0.54058164,0.52761453,0.52101886,0.54448295,0.5340117,0.58828974,0.5977221,0.5681025,0.56607854,0.5543966
445,0.5585858,0.64085096,0.47119278,0.5555976,0.57216793,0.5989825,0.5985629,0.47845343,0.4832321,0.6349047,0.6522008,0.5976872,0.5808977,0.5646066,0.56259024,0.6066976,0.6973663,0.59269786,0.633422,0.6737836,0.6388198,0.6190429,0.6116921,0.49491808,0.5899326,0.55059046,0.5622575,0.57959354,0.61450756,0.5473609,0.3988961,0.6084087,0.3985917,0.5941557,0.56604296,0.5305845,0.57218915,0.6098323,0.5316124,0.5110229,0.53388864,0.6086268,0.57737064,0.63717675,0.6488835,0.6994274,0.63569057,0.6721058,0.674136,0.7491427,0.4899295,0.53318715,0.48504668,0.5528798,0.53116804,0.6065582,0.6031723,0.6230489,0.5803716,0.5780718,0.5237576,0.52865213,0.64682645,0.45102963,0.46092325,0.5397502,0.6459567,0.54530716,0.5792617,0.64614475,0.5936283,0.54622805,0.57352513,0.69753253,0.6180484,0.6457394,0.6518909,0.7003662,0.6420107,0.6333063,0.6462223,0.68191415,0.6873898,0.6640199,0.66714346,0.5775055,0.61006534,0.5372031,0.628769,0.6084747,0.6074922,0.6011755,0.55910605,0.59241575,0.7177158,0.64730173,0.64563376,0.543616,0.5157061,0.49485362,0.48207754,0.4792746,0.51437324,0.4634333,0.53635454,0.60394573,0.5282097,0.57864976,0.60409504,0.56575835,0.553049,0.5154089,0.57165194,0.59392995,0.65373373,0.69013876,0.74142265,0.557279,0.4962548,0.5386867,0.47582266,0.57162404,0.55599433,0.48957458,0.5394832,0.43844363,0.5346576,0.53517365,0.5753022,0.6254216,0.5542766,0.57752734,0.6147403,0.5819677,0.53825074,0.59091693,0.701396,0.6865302,0.60534644,0.66362524,0.5924103,0.49768287,0.60153633,0.7056224,0.6521998,0.66636777,0.6003673,0.68683124,0.66448283,0.60079104,0.5723329,0.5341221,0.53719604,0.5599268,0.49587005,0.65318805,0.7313561,0.67065364,0.60559887,0.53020227,0.61219966,0.58719975,0.55629784,0.51534706,0.59889084,0.5146617,0.5961007,0.4964564,0.5697341,0.63416225,0.6947716,0.5491609,0.50458384,0.4885916,0.5051728,0.48578236,0.62382674,0.5775351,0.54094714,0.53881043,0.5733982,0.68686485,0.46371505,0.55747056,0.58842635,0.6297279,0.60616386,0.50401604,0.45374063,0.64502877,0.6949756,0.6015509,0.58112997,0.5946738,0.61671764,0.5825291,0.7250768,0.6103764,0.67037374,0.678285,0.6745025,0.6758497,0.64174026,0.50583035,0.6663382,0.6130243,0.59490687,0.6148732,0.69263846,0.5883343,0.43672132,0.6259259,0.4131662,0.6192254,0.5411622,0.4754415,0.572529,0.6311999,0.5085619,0.4735039,0.5424269,0.63872147,0.56771976,0.66080385,0.6868559,0.74063027,0.6399649,0.6847019,0.6974769,0.75340176,0.49554217,0.5399568,0.485856,0.53812706,0.54437107,0.5865429,0.6213091,0.6144585,0.56528544,0.59491664,0.47869003,0.61956954,0.6832922,0.53842163,0.48755884,0.57394165,0.6747166,0.5868929,0.5603703,0.6604301,0.6156672,0.6452863,0.65468514,0.70952445,0.59849197,0.6694352,0.6913589,0.72108877,0.5779989,0.71229184,0.6589036,0.7215519,0.7110205,0.6779088,0.7107677,0.63186616,0.6904636,0.5501086,0.6129285,0.61201614,0.69584024,0.6490474,0.5671463,0.60348374,0.7600909,0.69162226,0.70140976,0.67727846,0.5285936,0.5042947,0.48086724,0.513468,0.53518754,0.47542313,0.5207667,0.60298604,0.5459403,0.604369,0.6311671,0.5598472,0.6124466,0.54662585,0.5551198,0.5862179,0.63004917,0.6479388,0.7315872,0.5307328,0.54438466,0.517379,0.5026758,0.55512476,0.57165974,0.49282634,0.5359423,0.49251696,0.5651442,0.5083688,0.5769313,0.61377573,0.5226222,0.5324763,0.6864264,0.58885705,0.5505607,0.70431036,0.7383132,0.71142626,0.5984399,0.6944919,0.6796452,0.56302404,0.7034092,0.7423188,0.71250916,0.71890825,0.58976436,0.71360064,0.69923687,0.6146355,0.6472124,0.56386197,0.52654177,0.59466785,0.50009185,0.6655915,0.71351326,0.69690025,0.62917256,0.57862854,0.6155275,0.5920774,0.6053284,0.47198594,0.53528774,0.47997814,0.5854078,0.53829503,0.65932024,0.6710897,0.73041815,0.5420034,0.5126686,0.4662806,0.5321818,0.45447138,0.6384668,0.55490077,0.5925438,0.531647,0.5099166,0.5418833,0.53452426,0.5147609,0.6021519,0.5970827,0.61866015,0.6010348,0.54872525,0.5426973,0.5318793,0.5273703,0.5449738,0.5343973,0.5893936,0.597673,0.56992805,0.56765866,0.5584805
446,0.5662693,0.64802915,0.50222296,0.56887,0.58273923,0.60358876,0.60142225,0.5043557,0.5191411,0.64282924,0.65852773,0.6129945,0.59532017,0.5635849,0.5671442,0.61710274,0.68980265,0.59194785,0.63667005,0.669824,0.62940973,0.6224617,0.6198076,0.5510627,0.6190772,0.56251717,0.59144163,0.6148684,0.6313925,0.5555314,0.4145903,0.61401176,0.4035765,0.5844327,0.566823,0.5595385,0.6045834,0.6303886,0.5637703,0.53827584,0.5683998,0.6306157,0.58936524,0.6474528,0.66214955,0.70258516,0.63812584,0.670344,0.66194046,0.73772985,0.51891285,0.5520316,0.52039105,0.5664221,0.55326533,0.6065155,0.61875415,0.6202696,0.59793663,0.59755206,0.51974636,0.5344961,0.65353537,0.46300152,0.46013677,0.5344763,0.65011173,0.5532491,0.58585644,0.64336103,0.59990114,0.5361362,0.594197,0.6951672,0.62246305,0.6463293,0.6513622,0.69320375,0.64374876,0.630681,0.6520328,0.67801327,0.6875217,0.66924644,0.6683258,0.58974254,0.6146646,0.5386965,0.6368129,0.61517966,0.6097511,0.59521425,0.55870485,0.5941627,0.71647954,0.65384024,0.65104526,0.55542207,0.5482638,0.52771103,0.51865095,0.52474463,0.5636616,0.52124023,0.5741859,0.6231547,0.56733793,0.59307796,0.6186301,0.57538766,0.56523794,0.5265252,0.58393216,0.61986595,0.6517202,0.68497306,0.7258402,0.55544174,0.504894,0.54547656,0.501051,0.57495767,0.5784686,0.5483632,0.5749935,0.45368916,0.5479979,0.5618654,0.5932048,0.6320867,0.5636346,0.58336407,0.6128403,0.5838788,0.53801805,0.5862683,0.6971173,0.6789065,0.6238731,0.67519045,0.61117697,0.52496743,0.6184707,0.70136714,0.65216327,0.6680839,0.6111719,0.694041,0.6709571,0.6114957,0.57781696,0.5617368,0.55740696,0.572153,0.508314,0.64385855,0.719234,0.6621463,0.61945724,0.5477704,0.6210355,0.6008202,0.56484044,0.51857316,0.60406107,0.5103614,0.62187237,0.5339558,0.5800263,0.63252866,0.6909512,0.5674509,0.5608111,0.5540252,0.5499378,0.5016741,0.62351036,0.6058937,0.552707,0.5556336,0.58252954,0.68278474,0.49541578,0.56947225,0.5960032,0.6323008,0.61302906,0.52626085,0.49131003,0.6532727,0.6919681,0.6155123,0.5935784,0.59672403,0.62120426,0.59177136,0.7079284,0.6103038,0.6698177,0.6616068,0.66625935,0.6747054,0.64821863,0.5586205,0.6821238,0.62604207,0.62040603,0.64386606,0.70166636,0.60320646,0.46029764,0.6316851,0.4247116,0.6137139,0.5517777,0.50482017,0.600309,0.64809334,0.54562306,0.4971555,0.56996197,0.6528717,0.5757705,0.6691573,0.693534,0.73684686,0.63988,0.6812851,0.690105,0.7387556,0.5229834,0.5584945,0.5184037,0.5461791,0.56592137,0.58860016,0.63939327,0.6162888,0.5810943,0.6132137,0.4876478,0.6295673,0.6880852,0.54983634,0.49068817,0.5727014,0.68436253,0.60271716,0.5749908,0.6693426,0.63084906,0.6461234,0.6730982,0.7140584,0.6136524,0.6748392,0.69685507,0.71335244,0.60464215,0.71278596,0.66234475,0.7173502,0.7150376,0.6887337,0.714382,0.6466796,0.6950701,0.5524998,0.62488186,0.6209678,0.6968339,0.63923943,0.5683717,0.6026946,0.75829184,0.6918235,0.7055601,0.6889658,0.5524225,0.5323603,0.5157738,0.55688256,0.58821803,0.52880186,0.54958445,0.61738485,0.582062,0.617753,0.6403056,0.5641689,0.6218233,0.56145334,0.56953484,0.60902303,0.6317182,0.6405176,0.71453977,0.5317497,0.55684465,0.53169566,0.5265504,0.5570295,0.59449434,0.55475026,0.56726044,0.5051126,0.57908523,0.53655714,0.6006498,0.63227254,0.5305883,0.5394524,0.6849137,0.59027284,0.55257845,0.6987269,0.73178947,0.69800925,0.61816067,0.699713,0.6875659,0.5860443,0.70430815,0.736333,0.71026856,0.71345055,0.5930171,0.71567607,0.71030295,0.6318273,0.65655583,0.5851099,0.54476655,0.6014409,0.5137838,0.65929216,0.70096666,0.6829285,0.63909554,0.59036064,0.63126767,0.6097435,0.6103791,0.4713844,0.542351,0.47534892,0.60880977,0.5731595,0.667373,0.6791447,0.73427,0.5424828,0.570494,0.5355089,0.5798372,0.4787324,0.6342308,0.57290953,0.60545033,0.5381256,0.5079703,0.5440099,0.53606105,0.5177872,0.6004671,0.5966958,0.6198423,0.60314995,0.5484699,0.54542977,0.53891814,0.53776085,0.5444131,0.534764,0.5930871,0.5991381,0.5723664,0.5685253,0.5645011
447,0.5756621,0.65574163,0.5419446,0.58509696,0.5963973,0.60946953,0.606486,0.53780735,0.5624153,0.6560698,0.66916233,0.6349316,0.6136738,0.5587364,0.5671856,0.62842315,0.67886156,0.59556025,0.6416788,0.663794,0.6194725,0.62779063,0.63073945,0.61418974,0.6542483,0.57810736,0.6187492,0.65355504,0.64321965,0.5593403,0.43631953,0.6081506,0.4094462,0.56901306,0.5607321,0.59111387,0.64064085,0.65043133,0.5991208,0.57069916,0.60764444,0.6515962,0.6090828,0.65753025,0.6739623,0.70201224,0.6389094,0.66709393,0.64613104,0.72126776,0.5538728,0.57398134,0.56401926,0.5820784,0.5801235,0.6116477,0.63581795,0.6179329,0.61718774,0.62176937,0.513493,0.5359929,0.65761924,0.47628784,0.4620952,0.53634584,0.64964,0.55883384,0.58784235,0.6370111,0.6023345,0.5273299,0.6140158,0.6952305,0.63166744,0.64366037,0.6478416,0.68683857,0.64822733,0.6349607,0.6636751,0.67891693,0.6868114,0.67340016,0.66642106,0.6002927,0.6166796,0.5413132,0.63756853,0.6134346,0.60676384,0.5904122,0.5576241,0.5922406,0.7158956,0.6597209,0.6551015,0.5645351,0.59230244,0.5721946,0.56441957,0.5803707,0.6198104,0.5895844,0.61919606,0.64667714,0.6151995,0.6134298,0.6395718,0.58631843,0.5799426,0.53792614,0.6060318,0.6530942,0.65296185,0.67961466,0.70601815,0.5541126,0.5145178,0.55424756,0.5353028,0.5812619,0.60878533,0.61570966,0.6170728,0.47559562,0.56665164,0.59561783,0.6173079,0.6352361,0.57438785,0.58672154,0.61064154,0.5838456,0.5397807,0.58588797,0.6929501,0.6697622,0.64886945,0.68757963,0.6328065,0.55901116,0.6368506,0.69544214,0.65197796,0.67141145,0.62867785,0.70108145,0.6711914,0.61945,0.5810385,0.5950061,0.5845941,0.5894216,0.523366,0.63312787,0.70190036,0.65190196,0.63640296,0.57070076,0.62166,0.61005634,0.57856786,0.52149224,0.60605866,0.5043755,0.6514845,0.5810847,0.5973713,0.6291313,0.6853367,0.5896741,0.62429357,0.6274921,0.6030942,0.5234381,0.6145466,0.63589305,0.56578785,0.57144064,0.5931612,0.67925394,0.5369176,0.5847728,0.60560185,0.6349137,0.6225516,0.5545378,0.53807867,0.66535485,0.68984085,0.6327968,0.6095964,0.59338295,0.61917585,0.60407096,0.6843384,0.6125394,0.6690063,0.6423373,0.657495,0.6720726,0.6575363,0.61934763,0.69859,0.6368779,0.6434,0.6717461,0.70383793,0.6089815,0.48834497,0.62457544,0.4372901,0.60069007,0.55442816,0.54059434,0.63092446,0.6637183,0.5865901,0.5284457,0.60300124,0.6666539,0.59172565,0.6771065,0.69796693,0.7279455,0.6372843,0.6758293,0.6782299,0.7187332,0.55602825,0.5796324,0.55886304,0.5560791,0.5917325,0.5975837,0.6567223,0.6158634,0.6017643,0.6372737,0.4921321,0.63107723,0.68497324,0.55508137,0.49553883,0.57707363,0.6838212,0.6109618,0.5818845,0.6704351,0.6345268,0.6378843,0.6833517,0.7133655,0.6284734,0.6750856,0.69381154,0.7050122,0.6365252,0.7125471,0.66576165,0.710095,0.7119441,0.6949326,0.7069288,0.65626174,0.69390273,0.55258673,0.6258881,0.6193014,0.6880437,0.6278681,0.56812036,0.59546745,0.75166357,0.68935555,0.7033973,0.690349,0.58690995,0.5716002,0.5588164,0.6084017,0.6478287,0.59191686,0.5864516,0.6361724,0.62327063,0.6349981,0.6513416,0.56950486,0.62829936,0.5736528,0.594244,0.64139885,0.6400764,0.6342632,0.69328624,0.5304056,0.5695185,0.5491784,0.55797803,0.56124127,0.6187989,0.62459576,0.60421586,0.52116555,0.59543025,0.5707086,0.6262397,0.6439762,0.5389477,0.54195744,0.67791593,0.5885562,0.55472213,0.6922463,0.7216301,0.68163025,0.642031,0.7029179,0.69477224,0.6126159,0.700756,0.7243533,0.7019303,0.70557964,0.60263467,0.71585006,0.7106825,0.64068866,0.6568691,0.6112371,0.5698904,0.61080647,0.53158915,0.6525565,0.68632895,0.66552156,0.651058,0.6061324,0.6380228,0.62446564,0.6177376,0.4721751,0.5460571,0.47039413,0.6360958,0.6155983,0.67564434,0.6773173,0.72881967,0.54158723,0.6357142,0.6155789,0.6327625,0.50284004,0.621574,0.5937717,0.6128325,0.54197323,0.506951,0.54699916,0.53786737,0.5221529,0.59791696,0.59394306,0.61691153,0.6030294,0.5481991,0.5478892,0.5477483,0.5505562,0.5428393,0.5351296,0.59911245,0.6018001,0.57375395,0.5674034,0.57053894
448,0.58345157,0.6614988,0.58212423,0.5996199,0.6092372,0.61355656,0.60993665,0.5738067,0.6052586,0.6700954,0.6795965,0.65938526,0.62962705,0.55028105,0.56031644,0.63454694,0.6604997,0.6027821,0.6417047,0.65084994,0.6085519,0.63262504,0.6423305,0.6699829,0.6891363,0.59586,0.6367905,0.6880784,0.64205986,0.5565772,0.45972785,0.59142953,0.41581595,0.55086094,0.5491087,0.62064624,0.67411786,0.66503894,0.6336396,0.6046206,0.6462715,0.67053044,0.63395137,0.66486025,0.6802551,0.6921861,0.63937485,0.6565979,0.6237256,0.6979049,0.5893616,0.59708244,0.607695,0.5990893,0.6094317,0.6230527,0.65307367,0.6168036,0.63521063,0.64697343,0.5070298,0.53415626,0.6564498,0.48971653,0.4680249,0.5479086,0.64342403,0.5602383,0.58633375,0.6294101,0.600833,0.5239529,0.6284978,0.695529,0.644378,0.6387469,0.6412813,0.68156075,0.65553176,0.6437206,0.6781964,0.68379426,0.68260634,0.6744749,0.65935725,0.60744,0.6164005,0.54657745,0.6284793,0.60267586,0.5979385,0.5870759,0.5560676,0.5867796,0.712007,0.66201276,0.65410393,0.56768644,0.6410453,0.6212845,0.6142205,0.63629,0.67221993,0.654153,0.66679645,0.67010826,0.6631038,0.6362816,0.6639015,0.59657526,0.59421843,0.54891396,0.63740087,0.6873159,0.6585575,0.6757177,0.6835851,0.5534155,0.5218198,0.56430364,0.57092845,0.58927053,0.64187086,0.6775087,0.657744,0.4990903,0.5845014,0.63033205,0.6443142,0.6336758,0.5855047,0.58874655,0.6075543,0.5814805,0.54379714,0.58994067,0.68836415,0.65693307,0.6756754,0.6977122,0.6519895,0.5905305,0.6479647,0.68544155,0.64910084,0.66946816,0.65440726,0.70611316,0.6621258,0.6219723,0.5786435,0.62493217,0.61234826,0.60615987,0.5348866,0.6218329,0.67900395,0.6353793,0.64887154,0.590908,0.61266446,0.6096659,0.59410846,0.5228542,0.60298216,0.49822432,0.6795358,0.62877256,0.619122,0.6230203,0.67768365,0.611525,0.68125546,0.6920387,0.6550451,0.54824734,0.5976985,0.6613507,0.5783993,0.58531076,0.60138255,0.67564344,0.57945114,0.59891444,0.61408776,0.6346709,0.62980807,0.58508104,0.5862465,0.67700756,0.68531847,0.64955825,0.6221996,0.58280545,0.6073538,0.6140415,0.65207297,0.6162411,0.66225815,0.6186632,0.6491287,0.66496795,0.66752154,0.6743818,0.7116607,0.6429356,0.6559439,0.6913474,0.69254816,0.60286057,0.51291126,0.60489345,0.45091543,0.5813186,0.5477047,0.57953054,0.6591882,0.6733071,0.6275717,0.5653291,0.63728124,0.67987645,0.6144787,0.68243074,0.6965617,0.70883197,0.6349995,0.6638343,0.66014636,0.6911046,0.58986855,0.6016635,0.6001964,0.5696077,0.6198933,0.61475635,0.6707575,0.61246425,0.62427443,0.6623546,0.49213278,0.62227064,0.67140925,0.55144435,0.50120604,0.58726317,0.67048466,0.6077762,0.5800953,0.66196764,0.6252722,0.6203285,0.6804329,0.70441407,0.639872,0.6677326,0.6799359,0.69591725,0.6675503,0.7064991,0.66590375,0.69748884,0.6983325,0.69190186,0.6858058,0.65736026,0.68502927,0.5508742,0.6130768,0.6058839,0.6679674,0.6156099,0.5664896,0.58262205,0.7348035,0.682067,0.6907873,0.6777382,0.62808347,0.61646277,0.6054594,0.65950954,0.7021327,0.6527565,0.629178,0.65589225,0.66202044,0.6522844,0.6617806,0.575209,0.6291965,0.58106667,0.6278882,0.6777267,0.65527487,0.6321273,0.6701787,0.5263104,0.57992744,0.56779075,0.58986443,0.5665442,0.64002126,0.68708646,0.6410673,0.5350506,0.60658157,0.60519314,0.6495863,0.64622104,0.5464514,0.5390972,0.66385746,0.58303815,0.5558404,0.6831321,0.7069426,0.6611718,0.66528493,0.7017531,0.6961575,0.63320535,0.68586487,0.7046511,0.6842557,0.6895044,0.62176836,0.7129399,0.6966333,0.6367054,0.64385897,0.63435173,0.59516513,0.6178271,0.54651004,0.64603907,0.67113036,0.6414195,0.65822905,0.6185947,0.63085437,0.62858146,0.6232754,0.47592098,0.54516727,0.46672702,0.66286886,0.6581109,0.67971396,0.6626546,0.7112565,0.5397558,0.6937169,0.6876431,0.68067396,0.5219392,0.6010648,0.61365026,0.612141,0.54331315,0.50874233,0.5511279,0.53987026,0.5282774,0.59516174,0.58919024,0.6087864,0.5997108,0.5475904,0.5496047,0.55768436,0.5641811,0.54057044,0.5356564,0.6076597,0.60612917,0.5735301,0.564317,0.5748641
449,0.58793974,0.6641522,0.61528134,0.60914916,0.6185677,0.6142718,0.609186,0.6071607,0.64038527,0.68073505,0.685971,0.68204653,0.6381588,0.5399262,0.5466361,0.63150656,0.6324547,0.612288,0.6318688,0.6276967,0.59696156,0.63538814,0.65265375,0.7085692,0.71830094,0.6137789,0.64124405,0.71262085,0.62278163,0.5479314,0.48234946,0.5666182,0.42518747,0.5344244,0.5358315,0.6444352,0.70036936,0.67091626,0.6638313,0.6367363,0.67995596,0.68755096,0.6609428,0.6678905,0.67882675,0.66950965,0.6420713,0.63544244,0.5938829,0.6670358,0.62013894,0.6198872,0.6435633,0.617475,0.6391599,0.6410005,0.6695177,0.6173118,0.64992356,0.67006534,0.5036588,0.5316097,0.6487403,0.50348854,0.48075074,0.57085115,0.63142604,0.5572936,0.5844668,0.6229587,0.59603375,0.52919084,0.6353153,0.6934074,0.6586908,0.6331373,0.6319501,0.67750615,0.6654194,0.65367156,0.6926409,0.6902009,0.67264926,0.67086023,0.6454537,0.61043316,0.61525637,0.5567473,0.6086668,0.584574,0.5834206,0.58510125,0.5543729,0.5791549,0.70167536,0.65925926,0.6454972,0.56296307,0.6869328,0.6668944,0.66241187,0.6836432,0.71271956,0.70339483,0.7120243,0.6894868,0.70276326,0.6579169,0.68786293,0.6045722,0.6052938,0.55886906,0.6750473,0.7165417,0.6685671,0.675102,0.66147876,0.55374706,0.52468526,0.57521623,0.6006038,0.59764504,0.67258847,0.72231364,0.6899515,0.519595,0.5966362,0.6602627,0.67019045,0.62717223,0.59631604,0.592161,0.60247695,0.57686013,0.5497,0.59726334,0.6827308,0.63912,0.6984671,0.7032803,0.6651523,0.61193866,0.6457672,0.66915095,0.64107895,0.65695566,0.68788034,0.70793045,0.6419727,0.6185184,0.56917226,0.64459497,0.63390815,0.61762273,0.5387933,0.6111425,0.65187573,0.60934955,0.6511401,0.6014986,0.5957637,0.5967977,0.60823315,0.52235305,0.5946541,0.49338007,0.7017226,0.66833764,0.6417795,0.61409557,0.66690016,0.6291448,0.7214381,0.73606604,0.6968019,0.57431895,0.5755953,0.67758197,0.5891091,0.5972238,0.60501575,0.67133546,0.6147663,0.60842234,0.61930966,0.6298656,0.6311844,0.61387753,0.6274675,0.6847399,0.6764606,0.6629799,0.62606376,0.5656722,0.58530414,0.6177584,0.6110611,0.6206526,0.64533484,0.5893982,0.6419739,0.65152675,0.6759204,0.71339476,0.71831614,0.6435589,0.65374106,0.6987496,0.6639297,0.5858924,0.5295995,0.57554156,0.4686513,0.55892974,0.53345686,0.61729646,0.68139094,0.6737619,0.6648324,0.60458374,0.66898257,0.6926534,0.64180744,0.6840179,0.68779105,0.67666274,0.63657814,0.6427494,0.6364018,0.6553132,0.6194887,0.6231334,0.63513905,0.5881901,0.64863837,0.63982934,0.68021464,0.6057506,0.6454087,0.68418294,0.489677,0.6031307,0.6469097,0.5387194,0.50925463,0.60383445,0.6433571,0.59283626,0.57213616,0.64415956,0.60527694,0.59513265,0.6624732,0.6856203,0.64729494,0.6524832,0.65412176,0.6867077,0.6935069,0.69137925,0.66113514,0.6783662,0.6721086,0.6769777,0.6499155,0.6485395,0.6675251,0.55053693,0.5853858,0.5823293,0.6363446,0.60340416,0.56387323,0.56692255,0.7039713,0.66973674,0.665221,0.64925647,0.67036146,0.659742,0.6503906,0.70282835,0.74267364,0.70138204,0.67395407,0.67279536,0.6917926,0.666442,0.6693855,0.5807666,0.6229289,0.58295685,0.66707665,0.7118752,0.67576236,0.6368752,0.64895463,0.51993513,0.58646685,0.58555114,0.61567694,0.5717546,0.6555534,0.7310372,0.6726773,0.542126,0.6073179,0.63572234,0.6679747,0.6390321,0.5527761,0.53202367,0.6423999,0.5738893,0.5553543,0.6705459,0.68792224,0.6366112,0.683761,0.6951548,0.68875426,0.64111376,0.6554679,0.67643404,0.6553317,0.66102344,0.6514568,0.70670325,0.6658864,0.6190494,0.6156698,0.6483925,0.6141132,0.6186128,0.55317575,0.6401189,0.657305,0.6089906,0.6552556,0.62185496,0.6088024,0.6175842,0.6237644,0.4839364,0.54073876,0.46548048,0.6855247,0.6935786,0.6769845,0.6336963,0.679772,0.5378394,0.73405683,0.73820615,0.71556926,0.5345166,0.574619,0.6288055,0.6026361,0.5430806,0.5146789,0.556527,0.5417684,0.53637016,0.5936106,0.5841336,0.59559554,0.5930636,0.54658574,0.5507292,0.56819814,0.57716274,0.53809077,0.53668416,0.6190713,0.61306083,0.5722135,0.5603805,0.576313
450,0.5892957,0.6634559,0.63646746,0.6122822,0.6231119,0.6113785,0.60376716,0.6327746,0.66219574,0.68504685,0.6857904,0.69887483,0.63669515,0.5305131,0.52907836,0.6179026,0.5966012,0.6224949,0.6108414,0.5944353,0.5860426,0.6355746,0.65986115,0.7268561,0.73803407,0.6299217,0.63164186,0.7235395,0.58410287,0.5369102,0.50294715,0.5390631,0.4415148,0.5243354,0.52706826,0.6597082,0.7172212,0.66707265,0.6868585,0.6639198,0.7056028,0.70342845,0.68628603,0.6661303,0.67030495,0.63380563,0.6498876,0.6044824,0.5603954,0.63089967,0.64203095,0.64126337,0.6655581,0.63747835,0.66688347,0.6637659,0.6844956,0.6189371,0.66034967,0.68866605,0.5075277,0.53223544,0.63482213,0.518906,0.5038043,0.6049104,0.6152232,0.550943,0.5874028,0.6202168,0.58950496,0.5439921,0.63453305,0.6862165,0.6729663,0.62935174,0.62041247,0.67397577,0.6769714,0.6609604,0.7048538,0.6944524,0.65512574,0.661775,0.62293994,0.6096291,0.6163891,0.5742584,0.5795821,0.56397456,0.5650373,0.5838783,0.55291116,0.57274663,0.6837099,0.65183973,0.6276229,0.5496568,0.7231927,0.70173955,0.70399433,0.71682125,0.73752266,0.73189,0.7501893,0.70188075,0.7284643,0.6747337,0.7079069,0.6094292,0.61169803,0.56849504,0.71329576,0.7367421,0.68154186,0.6793587,0.6438514,0.55544263,0.5226641,0.5862062,0.61934364,0.60483956,0.696645,0.7448799,0.7087096,0.5338348,0.6004309,0.6812781,0.6908831,0.6172974,0.6065013,0.6006012,0.5944069,0.5705644,0.55649954,0.6058906,0.6754015,0.6170691,0.71178234,0.70345193,0.6709723,0.6193351,0.6285579,0.64537764,0.62578064,0.632023,0.72560686,0.7063226,0.6111035,0.6113747,0.55316126,0.65072066,0.64444494,0.62096804,0.53353536,0.6022064,0.62432504,0.5744743,0.6410593,0.5989621,0.57652867,0.5716609,0.61885864,0.5207098,0.5829665,0.49121198,0.71574944,0.69341296,0.66171443,0.60304224,0.6509068,0.6397609,0.7407453,0.75599337,0.7224566,0.6012445,0.55240726,0.6821955,0.5970469,0.60811603,0.6040571,0.66608465,0.63743085,0.6114999,0.62049305,0.620607,0.6254882,0.63646185,0.6549139,0.68655485,0.6629935,0.6710781,0.61897475,0.5449292,0.5558299,0.61347276,0.5655025,0.6253961,0.6174695,0.55567497,0.63721275,0.6323099,0.6810536,0.7322613,0.7172004,0.6399083,0.6367736,0.6930965,0.6176368,0.56259996,0.5373379,0.5414933,0.49476102,0.5373951,0.5159715,0.6486018,0.695767,0.6644222,0.6949926,0.6416236,0.69514453,0.7050978,0.66995573,0.68185693,0.6730857,0.6332286,0.6451846,0.6137054,0.6113309,0.6144348,0.6405928,0.64275825,0.6573491,0.61214817,0.67577016,0.66959935,0.68516016,0.5956684,0.6622712,0.69998616,0.48892912,0.57578933,0.6132366,0.5194901,0.5226129,0.62662476,0.60376203,0.5689541,0.56369376,0.6194028,0.5809497,0.5653638,0.63119483,0.65724087,0.6525118,0.6315445,0.61687535,0.678221,0.71203166,0.66686535,0.6517101,0.65334004,0.63273513,0.6501497,0.60018104,0.6307449,0.6418453,0.55656075,0.54607713,0.5536637,0.5954609,0.59221,0.5608381,0.5532675,0.6587519,0.65457106,0.62564844,0.6052146,0.7070028,0.69387174,0.68862665,0.73357916,0.7665129,0.73253685,0.7156077,0.6834617,0.70845866,0.6753681,0.6724604,0.5858626,0.60994154,0.5808983,0.70649976,0.73876804,0.6980968,0.6499838,0.6340772,0.5121962,0.5882855,0.6000561,0.6309867,0.5756203,0.6645237,0.75219876,0.6950994,0.53986394,0.5962271,0.65954137,0.67993504,0.6254164,0.5585274,0.5237808,0.6145614,0.5620524,0.5534571,0.655197,0.6662787,0.61057776,0.6944491,0.6837302,0.67253494,0.63389635,0.6105961,0.6401844,0.61518735,0.6197777,0.6890423,0.6979952,0.61839473,0.59075606,0.5732901,0.6507025,0.62281954,0.6117361,0.5487471,0.6354465,0.6476058,0.57086974,0.6402153,0.6134323,0.5752743,0.5901674,0.6181913,0.49687597,0.53595,0.4673473,0.70178235,0.7166197,0.66732633,0.5914536,0.6340805,0.5367618,0.7530113,0.7631608,0.7333346,0.54244375,0.54484177,0.63655245,0.58602744,0.5433945,0.5247742,0.5628502,0.5426873,0.5457951,0.59449005,0.5807111,0.57881147,0.58396745,0.5455601,0.5519705,0.57834125,0.58767337,0.5359993,0.53852147,0.6329968,0.62303275,0.571009,0.5571091,0.5743965
451,0.58926326,0.6598492,0.64451575,0.60989493,0.6231895,0.6055383,0.5947472,0.6469208,0.667817,0.6813483,0.67741907,0.70616573,0.6257837,0.5267756,0.51384896,0.59493494,0.5588796,0.63176095,0.58092606,0.5546685,0.57737,0.6329698,0.6627896,0.7251225,0.7458336,0.6427469,0.6110205,0.7188662,0.5303763,0.5287263,0.52062875,0.517368,0.46829784,0.5255673,0.53013176,0.6654578,0.72432315,0.65503323,0.70156294,0.6840205,0.7214612,0.7186965,0.70572966,0.6599153,0.6571215,0.58867216,0.6645414,0.5678875,0.5302846,0.59498584,0.65352625,0.6609936,0.6703018,0.6597725,0.6899601,0.6872993,0.69772077,0.6210772,0.66670334,0.7007326,0.52251804,0.54118615,0.61697316,0.53824747,0.53936374,0.64710104,0.5978574,0.54331076,0.6004824,0.6233096,0.5841184,0.56788117,0.6279393,0.6719096,0.68551964,0.63007426,0.6080391,0.6693962,0.68826634,0.6619573,0.71304786,0.69322205,0.6294771,0.6477162,0.5914686,0.60678834,0.62324774,0.5999656,0.5460972,0.5478122,0.54707015,0.58314496,0.55186903,0.5720478,0.6591525,0.6412967,0.6004778,0.5295483,0.74463266,0.72066665,0.73569334,0.7333028,0.74590784,0.7383455,0.7776206,0.70533025,0.73732406,0.68332887,0.72128737,0.61148214,0.61412716,0.58083725,0.74501914,0.74558336,0.6946823,0.6890075,0.6345779,0.5585939,0.5170744,0.59673375,0.62551636,0.60937655,0.71047455,0.7441031,0.71111226,0.5399774,0.5952449,0.6912554,0.7029508,0.6074446,0.6155054,0.61616015,0.5838372,0.56336284,0.5630594,0.61431295,0.6661973,0.5935342,0.71207345,0.6989461,0.66981417,0.61260915,0.5983966,0.615728,0.6037159,0.5965058,0.76179504,0.7015501,0.57349116,0.6045421,0.5333998,0.6433892,0.6422962,0.61526394,0.5194316,0.59594315,0.6013776,0.53550917,0.6199633,0.5835275,0.56320405,0.5387,0.62507194,0.51964974,0.5715701,0.4937201,0.7211632,0.7001765,0.6758479,0.59139276,0.62857753,0.64133453,0.73857796,0.7521186,0.7292566,0.6285003,0.53295994,0.6746459,0.60277826,0.62015647,0.60042924,0.6599754,0.64592135,0.60863554,0.6184132,0.6085268,0.61338377,0.6491091,0.6651004,0.6812249,0.64468426,0.67200285,0.6021231,0.5259342,0.5253513,0.60153276,0.5223877,0.63000375,0.5812016,0.5209544,0.6355962,0.609834,0.68206054,0.7304106,0.7079599,0.6337391,0.6083396,0.67511946,0.5575743,0.5392011,0.5368033,0.5100313,0.5315373,0.5214081,0.50160253,0.66950786,0.7018857,0.6468526,0.7162005,0.672322,0.71388376,0.71687037,0.69402146,0.67599136,0.655055,0.5840153,0.6623136,0.5804725,0.59093654,0.57425416,0.65135264,0.66018146,0.66281366,0.64139104,0.6989503,0.69829506,0.6866493,0.5832292,0.6723158,0.70810354,0.49588764,0.5456846,0.57427084,0.49947307,0.54378855,0.6536554,0.55665696,0.5409755,0.5613008,0.59170234,0.56087077,0.5354606,0.590973,0.62128484,0.65710706,0.6080024,0.5712889,0.67003,0.7210951,0.63439083,0.6386293,0.62464774,0.5823111,0.61384636,0.5414408,0.6073125,0.61012906,0.57248384,0.5049849,0.5273919,0.55119115,0.5828959,0.5580079,0.5472579,0.6027056,0.6392579,0.5734134,0.54923064,0.7315543,0.712707,0.71702963,0.7495157,0.7738069,0.744505,0.74906003,0.6851544,0.70991063,0.6774027,0.6698134,0.59052753,0.5932749,0.57894534,0.7398643,0.7543606,0.7173775,0.6703853,0.6283657,0.50453043,0.5857576,0.6096732,0.6342679,0.57675034,0.6664687,0.750141,0.70546794,0.527922,0.5747067,0.674301,0.6844243,0.61017877,0.56434864,0.51770306,0.58284533,0.54880947,0.550695,0.63858944,0.6443482,0.587111,0.695285,0.66897154,0.649125,0.61262816,0.55692697,0.5984232,0.56745327,0.5692027,0.72812486,0.6875558,0.5583122,0.55764604,0.5213554,0.64176786,0.62067485,0.59772193,0.53233147,0.63304126,0.6442989,0.5329339,0.61457384,0.593734,0.53781855,0.54847944,0.6072752,0.5149267,0.5347896,0.47345397,0.7101653,0.7239412,0.6519665,0.54139453,0.5772337,0.53715545,0.750421,0.7629144,0.73248583,0.54868144,0.51440537,0.6355071,0.5670377,0.54813796,0.53807425,0.5696928,0.54166627,0.55535614,0.5978799,0.5799729,0.560793,0.5740942,0.5450542,0.55408245,0.58723384,0.5942794,0.5348496,0.5408788,0.6474356,0.63478136,0.571367,0.555829,0.56929755
452,0.58984834,0.6545498,0.64289784,0.6048838,0.6204759,0.59790397,0.5836103,0.64962304,0.6589047,0.66941994,0.6600925,0.7012075,0.6094262,0.53399986,0.5087127,0.56709695,0.52670217,0.6384827,0.5475891,0.5146454,0.5719389,0.627039,0.66185707,0.70494056,0.7400516,0.65105975,0.586544,0.6989408,0.47340778,0.5286205,0.53605187,0.5108461,0.5078841,0.54186004,0.55073535,0.6637699,0.72265255,0.63870263,0.7089998,0.6969278,0.7273558,0.7327693,0.71612144,0.65053636,0.6422848,0.5413432,0.6851443,0.5311581,0.5101627,0.5655793,0.6571233,0.68001217,0.6589288,0.6848845,0.70657474,0.70708305,0.7086567,0.62299615,0.67030007,0.7052404,0.5500571,0.56323546,0.59802663,0.56453335,0.5860627,0.691126,0.5825902,0.5380602,0.6260684,0.6317719,0.58344537,0.5988705,0.61847997,0.6484219,0.6935196,0.6355113,0.59584284,0.6613827,0.6959539,0.65346956,0.7148989,0.6836152,0.59642,0.6306118,0.55380386,0.6053783,0.6368098,0.63113123,0.5156628,0.54159063,0.53464526,0.5822604,0.55079615,0.5796468,0.62994254,0.6296638,0.56652313,0.5082813,0.7490274,0.722345,0.7563787,0.7333564,0.73885036,0.7240577,0.79237163,0.6991241,0.72919333,0.6817574,0.72627646,0.6122537,0.6148884,0.60015804,0.76467454,0.7421262,0.70464635,0.70263374,0.63470864,0.56294733,0.51059276,0.6067563,0.6213167,0.6100506,0.71175843,0.7213327,0.6967346,0.53928775,0.5825877,0.6906979,0.70453,0.601124,0.6223423,0.6376132,0.57231,0.5557093,0.5683029,0.62115014,0.6547004,0.5716582,0.6991203,0.69147885,0.6637017,0.59611255,0.5610717,0.5838905,0.5784662,0.55531883,0.79065883,0.6934751,0.53602195,0.60194254,0.5148439,0.6261698,0.62945557,0.601549,0.49939704,0.5929198,0.5865081,0.4994174,0.59241605,0.5593814,0.56337005,0.50692594,0.6268188,0.5214561,0.5641468,0.5027243,0.7184259,0.68861574,0.6820768,0.5810525,0.59979635,0.6327827,0.71611536,0.7263504,0.71731716,0.6549147,0.5208933,0.65595865,0.6085257,0.6359689,0.5967288,0.6533964,0.6430767,0.6025166,0.61504894,0.59603816,0.59666544,0.65119165,0.6596268,0.6683992,0.6207037,0.6646892,0.5800741,0.5151879,0.50204074,0.5849087,0.48777863,0.63372827,0.54188716,0.49003285,0.6365615,0.58735347,0.6792241,0.7090215,0.6911908,0.62632334,0.5750211,0.6476285,0.49253026,0.5219765,0.5310727,0.48899,0.5778796,0.5153521,0.4978645,0.6799272,0.70041585,0.6243765,0.72883236,0.6948961,0.7246917,0.7266784,0.7098512,0.66627187,0.6357938,0.53559417,0.686503,0.54790974,0.57962,0.53979987,0.65397763,0.67627466,0.6521666,0.67494845,0.7164018,0.7206992,0.6860292,0.5702484,0.6741945,0.70803684,0.5166817,0.52063096,0.53431773,0.4869093,0.57324684,0.68040514,0.51033187,0.5150929,0.5697708,0.5651365,0.5524828,0.5101094,0.5477221,0.5803531,0.6605662,0.58283406,0.52243483,0.6594769,0.71889,0.5955962,0.62210876,0.5941453,0.525904,0.57285523,0.48206922,0.58382267,0.5755351,0.5972398,0.47546682,0.5104624,0.5110162,0.57453936,0.55571735,0.5518829,0.5421723,0.6250597,0.5132378,0.48884046,0.7404803,0.71403784,0.73458683,0.75063103,0.76572627,0.7380074,0.7709085,0.67675877,0.6960103,0.67163175,0.6607196,0.59498125,0.5772649,0.58213186,0.76221216,0.7558657,0.72894496,0.6940716,0.6307994,0.4988925,0.5809814,0.61498517,0.6274863,0.5740552,0.6611634,0.72624826,0.7024521,0.509239,0.5466738,0.67865,0.681045,0.598068,0.5704129,0.5160634,0.5500713,0.5352063,0.5475607,0.6215616,0.6232483,0.5691158,0.685682,0.65250754,0.62136054,0.5818294,0.50248164,0.55447537,0.5186886,0.5154151,0.7615005,0.6747769,0.49474913,0.52709126,0.4681331,0.625001,0.6100761,0.57856536,0.5064634,0.6336201,0.64737415,0.50100064,0.5827891,0.5654808,0.50643253,0.49957162,0.59274,0.5377019,0.5400103,0.48487988,0.70981324,0.71516734,0.6316341,0.49316615,0.5152109,0.53898054,0.72763014,0.73904276,0.71353245,0.5560526,0.48559934,0.6258286,0.5524558,0.56165236,0.5534834,0.57683,0.5385096,0.56400365,0.6021778,0.58132446,0.5439734,0.56524915,0.54528064,0.55721575,0.59468323,0.59706664,0.53489935,0.5428111,0.65877897,0.6450624,0.5742041,0.55710095,0.5619775
453,0.59254575,0.6489055,0.63711905,0.60018295,0.61675906,0.5901665,0.57224953,0.6437388,0.6406401,0.6511553,0.6354872,0.68344384,0.59299874,0.55425173,0.5185631,0.5411277,0.50527215,0.64117634,0.51833165,0.48200744,0.57030433,0.6181374,0.6587393,0.6708907,0.7203919,0.65369225,0.56817037,0.6676287,0.4288394,0.54032373,0.55262226,0.5243108,0.5603515,0.572594,0.58942986,0.65790343,0.71471775,0.6233272,0.7107125,0.70352036,0.7249863,0.7437882,0.7170071,0.64071554,0.62922335,0.5011238,0.7072764,0.5001801,0.5033257,0.54650986,0.6558734,0.6973958,0.63671726,0.71008503,0.71588635,0.7198995,0.7159533,0.623069,0.673453,0.7038358,0.58744675,0.59933686,0.58036023,0.5995261,0.63855106,0.72944343,0.5724525,0.539935,0.6615699,0.642231,0.59037846,0.6328879,0.6102791,0.6149244,0.6936608,0.642771,0.58341575,0.6482516,0.6963845,0.6337486,0.70822364,0.6632053,0.55862314,0.61385965,0.516047,0.60950947,0.65468925,0.6623692,0.495408,0.54662657,0.53072834,0.57952845,0.5489489,0.5945906,0.59790695,0.6194988,0.5315876,0.49413192,0.7381191,0.70927054,0.7658442,0.71966064,0.7190511,0.69319755,0.79438215,0.68442976,0.7063596,0.6713665,0.7229226,0.61274433,0.6163399,0.6283813,0.771118,0.7278942,0.7087666,0.7168165,0.6414422,0.568174,0.5064819,0.6158434,0.61180264,0.6062219,0.70034254,0.6809165,0.6676292,0.5368368,0.56637794,0.6819311,0.69534105,0.5998834,0.62613297,0.6616632,0.56105244,0.54812205,0.57122034,0.6240422,0.63965654,0.5537051,0.67571753,0.68237585,0.6558468,0.5774715,0.52561915,0.5532698,0.5542797,0.51542753,0.8084437,0.6822499,0.5058145,0.60623735,0.5037219,0.6048515,0.61072224,0.583095,0.4798571,0.5930819,0.5800489,0.47276843,0.5653103,0.53379804,0.58046746,0.48665634,0.62452644,0.52798575,0.56260467,0.5175194,0.7085167,0.66312104,0.6801409,0.57437235,0.5650226,0.6148196,0.67778474,0.68354595,0.68912965,0.6791746,0.5175883,0.6291271,0.61704963,0.6568096,0.5953422,0.64691323,0.63365215,0.5962639,0.6124316,0.58603686,0.5789723,0.6446241,0.6435918,0.65021944,0.5921623,0.650086,0.5589817,0.517259,0.49190718,0.56850904,0.46502405,0.6357863,0.5074677,0.46843135,0.639226,0.56895334,0.67358345,0.6728805,0.66944057,0.61843574,0.54570687,0.61649853,0.43485767,0.5167869,0.5265893,0.4840003,0.6300722,0.5210452,0.5107597,0.6815021,0.69336176,0.6019599,0.73380697,0.70864373,0.72824347,0.73251253,0.71581775,0.6538348,0.6177278,0.49467257,0.7125015,0.52130187,0.5786241,0.5137382,0.65155375,0.69044584,0.63036966,0.70798165,0.7268782,0.7342779,0.68466854,0.55846524,0.6695907,0.7016162,0.55402374,0.5078705,0.49753115,0.489664,0.6090381,0.70155674,0.47405317,0.49872178,0.59071654,0.54350305,0.5601015,0.49300823,0.5092164,0.53793037,0.6612929,0.5557911,0.47643104,0.6440561,0.7046421,0.55360025,0.6022422,0.5627165,0.47126642,0.53473306,0.4307976,0.5674117,0.5423772,0.62606883,0.46688724,0.5063848,0.48082948,0.5641144,0.55376595,0.56601655,0.4851163,0.61302084,0.45383263,0.43483645,0.7346069,0.699863,0.74115366,0.7389438,0.7448614,0.71620584,0.7798154,0.65991455,0.669276,0.6593784,0.6461263,0.59871536,0.56576174,0.59382564,0.77220535,0.74334353,0.7302967,0.7153393,0.637371,0.4971681,0.5771097,0.61803895,0.61509657,0.5675476,0.64969295,0.6846062,0.68640494,0.49059585,0.5188989,0.6735498,0.6703864,0.59229934,0.5767224,0.52032286,0.51915747,0.5223799,0.54445606,0.6042977,0.60316676,0.5578461,0.6671575,0.6361312,0.59423333,0.549047,0.45606372,0.5115144,0.47561368,0.46651772,0.7842265,0.6592761,0.43939906,0.50719154,0.42400995,0.6056004,0.594987,0.55839276,0.47874668,0.63681126,0.65453017,0.47914767,0.5518197,0.5340448,0.4900213,0.45453903,0.5774151,0.5632631,0.55171573,0.5003782,0.7012364,0.69320196,0.6072658,0.45663407,0.45540774,0.5413157,0.68900615,0.6959029,0.6793262,0.56733173,0.4614462,0.60930747,0.54857254,0.5860621,0.5698868,0.583969,0.5335945,0.57057333,0.60580367,0.5838107,0.5310018,0.55922896,0.54634506,0.56092966,0.6006009,0.5972798,0.53623843,0.54365665,0.66419345,0.65093887,0.57939017,0.56057173,0.5543785
454,0.5982736,0.643544,0.63062483,0.59692377,0.6127794,0.58425343,0.56268567,0.6320421,0.61815864,0.6302429,0.60862756,0.65594226,0.57988787,0.5842277,0.54191786,0.52276087,0.49546015,0.6391431,0.4997667,0.46323895,0.5725833,0.6084369,0.6553572,0.6315725,0.68921113,0.6497252,0.5629808,0.63225687,0.4074489,0.56444836,0.57464546,0.55469555,0.6210173,0.6119229,0.639073,0.649851,0.70395523,0.6131666,0.7074895,0.70381916,0.7172669,0.7493476,0.709947,0.63329494,0.62077534,0.47519958,0.7239431,0.48032603,0.50864524,0.53783065,0.6492143,0.7083239,0.6100192,0.72846746,0.71735364,0.7232761,0.71803397,0.6201213,0.67799133,0.69992006,0.62816274,0.6436568,0.56616986,0.64084136,0.68936247,0.7572031,0.56967455,0.55242586,0.69980156,0.6505685,0.60513526,0.6653564,0.607277,0.575337,0.68443054,0.6480939,0.57000583,0.6309276,0.6879216,0.6051264,0.69285524,0.632742,0.5226134,0.6011793,0.48553255,0.62044936,0.6724884,0.68862116,0.48906732,0.5594856,0.5344344,0.5741899,0.5462154,0.6128441,0.56577694,0.6129598,0.50395274,0.49341235,0.71650743,0.68553704,0.7633652,0.6964737,0.6909706,0.65280354,0.7846874,0.66404104,0.6730408,0.65613765,0.7129457,0.61201066,0.6186955,0.6611468,0.7665276,0.70712304,0.7052804,0.7267172,0.64923245,0.5741141,0.5074454,0.6230106,0.6025692,0.59872884,0.6790538,0.63060594,0.6286024,0.53853697,0.5517526,0.66765386,0.6765648,0.6026437,0.62659276,0.6846964,0.5512613,0.5417326,0.5714333,0.62094355,0.6210457,0.5412486,0.6462935,0.67161864,0.6491224,0.5632855,0.50078255,0.5268752,0.5346574,0.48397952,0.81312364,0.66928756,0.48760596,0.6176635,0.50533134,0.5843617,0.59149027,0.56430125,0.46859202,0.5957054,0.5796747,0.45948946,0.5451441,0.5136686,0.61112267,0.48408073,0.6186311,0.5395781,0.566887,0.53448415,0.6931144,0.63034034,0.67176926,0.5737554,0.52743506,0.59066993,0.6321952,0.632481,0.649425,0.6999657,0.5219978,0.5991927,0.62916267,0.6804957,0.5979688,0.64074355,0.6211243,0.59155774,0.6114347,0.5809488,0.5650367,0.63168675,0.6220439,0.63136107,0.56411433,0.63153726,0.5436043,0.5324806,0.49608552,0.5564526,0.45505008,0.635474,0.48556092,0.46080953,0.6431564,0.5589933,0.66613036,0.6313625,0.6466906,0.6107977,0.52771086,0.588846,0.39526775,0.5273502,0.53076965,0.49658796,0.6827396,0.5375845,0.5410299,0.67511904,0.6836998,0.5847653,0.7315276,0.7123534,0.72545224,0.73251194,0.7122707,0.6410511,0.60395426,0.46676525,0.73248595,0.5048984,0.5855084,0.49706417,0.64395833,0.6987549,0.6035756,0.7318473,0.72931427,0.7377514,0.6835741,0.5495839,0.6625341,0.6921065,0.6034127,0.5104833,0.4684897,0.51065105,0.6475641,0.7145843,0.4542698,0.4982524,0.6212689,0.5304063,0.5828555,0.48669666,0.48371395,0.49944618,0.65872073,0.52931994,0.4398426,0.62429786,0.67958003,0.51486814,0.5813121,0.533016,0.42736137,0.50762695,0.39393708,0.5631789,0.5164726,0.6538493,0.47928363,0.51376826,0.46308532,0.55013937,0.55155194,0.5855581,0.44003138,0.60465676,0.40595984,0.3975291,0.7179129,0.67414373,0.73649424,0.7181281,0.71583444,0.68468213,0.7755417,0.63851255,0.63501394,0.64379036,0.62910134,0.60015994,0.5603446,0.6130576,0.7712925,0.7202978,0.7208034,0.72841245,0.6430618,0.5003906,0.5765013,0.62039566,0.601682,0.558818,0.63529134,0.63293576,0.65978324,0.47954676,0.49874604,0.6624306,0.6541528,0.59327406,0.58328557,0.5310549,0.49448186,0.5121551,0.5419676,0.5880357,0.58532894,0.5534666,0.64334357,0.6217019,0.5739509,0.5221214,0.4253047,0.4737476,0.44366094,0.4305729,0.7933317,0.6426356,0.40160376,0.5041373,0.39794225,0.58844054,0.5791757,0.54229414,0.4587948,0.6412283,0.6620867,0.46944383,0.52908397,0.50639224,0.4926767,0.42391345,0.56449383,0.587889,0.5676774,0.5160754,0.6865402,0.66299045,0.58189017,0.4373121,0.4061559,0.5427975,0.64313626,0.64282954,0.63552016,0.5841259,0.4459461,0.58885723,0.5573255,0.61872417,0.5857606,0.59049505,0.52776855,0.57387954,0.60883844,0.5875159,0.52463526,0.55763483,0.5485915,0.56466556,0.60458744,0.5962384,0.5388414,0.54359543,0.6634939,0.6518455,0.58591455,0.56530994,0.5489442
455,0.6072863,0.6379722,0.6242949,0.5950654,0.60861325,0.5812881,0.5558763,0.6168253,0.595235,0.61008114,0.58519787,0.62516713,0.5706431,0.6165812,0.5715191,0.5142596,0.4943533,0.6329527,0.49417287,0.4604624,0.5775554,0.6001009,0.6527636,0.5958018,0.6518915,0.6393591,0.5711678,0.6005948,0.41109803,0.5971342,0.6037913,0.5925424,0.68060035,0.651135,0.68718684,0.6406998,0.6927689,0.6096591,0.69979846,0.69708693,0.7063852,0.7472295,0.6965171,0.62920624,0.6173344,0.46544746,0.7290347,0.4737896,0.5212263,0.53620464,0.635089,0.70752025,0.58413136,0.7335646,0.7107035,0.71519303,0.71422863,0.61502767,0.6833512,0.6954974,0.66440755,0.685754,0.5566356,0.68218714,0.7317615,0.7732368,0.5737893,0.5750149,0.7323921,0.65342087,0.6242062,0.6925941,0.6106524,0.537341,0.6669394,0.64862424,0.5556365,0.61205405,0.6715355,0.57407737,0.670959,0.5975858,0.49653068,0.5944631,0.46716794,0.63491094,0.68577385,0.7066659,0.49552512,0.57395744,0.5420388,0.5675412,0.54306436,0.62882316,0.5370858,0.6101072,0.48962083,0.50684845,0.6891109,0.65505666,0.7479148,0.6684589,0.6591032,0.6105907,0.7641587,0.6409607,0.63442135,0.63985133,0.6980394,0.608315,0.61935073,0.6893134,0.75310826,0.68425673,0.69290024,0.7275136,0.6519394,0.5803661,0.5144604,0.6274323,0.5976466,0.58989376,0.6531751,0.5792264,0.58689374,0.5475457,0.5428508,0.6505925,0.6511278,0.6066944,0.62395865,0.7031123,0.5443545,0.5375271,0.5695514,0.6120747,0.6015337,0.5349704,0.6156763,0.65854645,0.64494246,0.55623305,0.49101487,0.5073837,0.52165776,0.4654182,0.8031942,0.65621376,0.48221326,0.63343626,0.5210088,0.56719285,0.5755729,0.548436,0.47101104,0.5993278,0.58151287,0.45938283,0.5349163,0.5022058,0.6458261,0.49895346,0.6095206,0.55465406,0.5756049,0.5492821,0.67404497,0.5963377,0.65913856,0.57929105,0.4930041,0.5653202,0.5885281,0.5828607,0.6047887,0.7160509,0.5308918,0.57131475,0.64240915,0.7017156,0.6051374,0.63399523,0.6075963,0.588819,0.61168575,0.5810142,0.55746275,0.61478806,0.5990654,0.6157582,0.5425297,0.61407477,0.5357578,0.55664325,0.5107326,0.54994935,0.45586583,0.63221854,0.47870052,0.46779877,0.6468382,0.55892015,0.65722764,0.5938311,0.6259163,0.60474753,0.5237945,0.5697195,0.37800947,0.55250084,0.5478602,0.5231012,0.7300109,0.561859,0.5825439,0.6619286,0.67370164,0.5752372,0.72253036,0.705219,0.7166482,0.7252112,0.7000799,0.629531,0.59592736,0.45331722,0.73968416,0.4993986,0.59453034,0.4885734,0.6296438,0.69674075,0.5771168,0.7395765,0.72299546,0.7298684,0.6825239,0.5450869,0.65591425,0.6813732,0.6540016,0.525613,0.4508451,0.5455586,0.68430436,0.7204642,0.452048,0.5153075,0.6550874,0.5277862,0.61454695,0.49184826,0.47629833,0.4704829,0.6543853,0.50841963,0.41729143,0.6026235,0.6478115,0.48670748,0.56381744,0.51003104,0.40032804,0.4958738,0.37402564,0.57066727,0.50272125,0.6769965,0.50457394,0.5275278,0.45663202,0.5349991,0.54851604,0.6054373,0.41251776,0.5998328,0.3769944,0.38188848,0.69503695,0.6412034,0.720521,0.6923986,0.6832619,0.6496668,0.7577458,0.6163774,0.5992636,0.6275055,0.61263794,0.59798825,0.55930305,0.63449514,0.7609984,0.691447,0.70037884,0.7287335,0.6427432,0.50832134,0.5794419,0.6223242,0.5906141,0.55032134,0.62258255,0.58032024,0.6274164,0.48014382,0.4902917,0.65010333,0.63558775,0.59890354,0.5899746,0.5469562,0.48045325,0.5062842,0.5409807,0.5753262,0.5716176,0.554233,0.61915886,0.61048174,0.56450415,0.5058283,0.4136027,0.4453978,0.42576653,0.4116578,0.7865464,0.6266704,0.3848847,0.51889807,0.3935842,0.57633746,0.56532145,0.53274107,0.45297346,0.6447983,0.66557753,0.4707498,0.5185887,0.48770785,0.5124073,0.41366172,0.5554619,0.60774505,0.5849993,0.5282535,0.6681045,0.6295867,0.5595716,0.4350639,0.37404445,0.5426366,0.599141,0.5910066,0.589539,0.60566384,0.44144425,0.5673195,0.5748426,0.6523549,0.5991366,0.59534115,0.5227027,0.57388437,0.61182183,0.59255004,0.52609485,0.5608123,0.5520576,0.5679531,0.6064093,0.59482914,0.54226106,0.5430688,0.6579845,0.6486458,0.5923015,0.5701667,0.54724205
456,0.61912084,0.63038826,0.61822987,0.5945661,0.6045003,0.58096653,0.5516146,0.6007132,0.57528365,0.5919786,0.56770676,0.59744346,0.5642338,0.643609,0.5987584,0.5140302,0.49694863,0.62351245,0.49878013,0.47011667,0.58206713,0.59317756,0.64976215,0.56883967,0.6146766,0.6240139,0.58795214,0.576974,0.43529,0.63085383,0.6376013,0.62721246,0.7298859,0.6820766,0.7229395,0.6311883,0.68152094,0.6115904,0.6880872,0.683453,0.6930565,0.7358459,0.67782694,0.6274435,0.6168383,0.46922156,0.71978676,0.47759172,0.534141,0.5364507,0.6142062,0.6932219,0.5630168,0.72339404,0.6965426,0.6951741,0.70475614,0.6092623,0.6870897,0.6901571,0.6902866,0.7169821,0.5509415,0.7169744,0.7616347,0.7779148,0.5809733,0.6028368,0.75361925,0.64813477,0.6417914,0.7111975,0.6182944,0.5066353,0.643463,0.6425234,0.5405981,0.5933535,0.6491358,0.5470767,0.6452743,0.5641175,0.484184,0.592782,0.46142578,0.6477003,0.69122326,0.714819,0.50979877,0.58454317,0.5493765,0.5609971,0.53975886,0.6378309,0.5138048,0.6088863,0.48883626,0.53038925,0.6596961,0.62174684,0.71990263,0.6398472,0.62675536,0.57262945,0.7334682,0.6172501,0.595531,0.6244231,0.67893136,0.6008633,0.61545885,0.70555985,0.7320018,0.6613898,0.6711328,0.71590686,0.6447625,0.58573955,0.52675027,0.6285954,0.59855556,0.5817234,0.6276653,0.53375053,0.54929876,0.5634511,0.5414188,0.63307565,0.6225793,0.6089313,0.61846626,0.7132799,0.5406302,0.53522307,0.56645405,0.5993133,0.58383775,0.5336242,0.5873795,0.64271224,0.64291036,0.5559127,0.49575144,0.49538553,0.51477,0.4598008,0.77759516,0.6432897,0.4867643,0.6486695,0.5466875,0.55396706,0.56424135,0.53682387,0.48823547,0.6010734,0.5808645,0.4679122,0.53318524,0.4992091,0.67430437,0.5262485,0.5979997,0.5703887,0.58622295,0.55906713,0.6526777,0.56570053,0.6436181,0.5874373,0.46637422,0.54313225,0.5526705,0.54167575,0.5617891,0.7261967,0.5399954,0.54856116,0.6529249,0.7153851,0.6161503,0.62415904,0.59487516,0.58809286,0.6121742,0.5839448,0.5554914,0.5967763,0.5786009,0.6039283,0.52960527,0.6020026,0.53445536,0.58290994,0.52963275,0.5474268,0.46178454,0.62538606,0.48303655,0.4841299,0.64636403,0.5651572,0.6458252,0.56531686,0.60773444,0.6019115,0.5326045,0.5605635,0.38142595,0.5860278,0.57710356,0.5558528,0.76726204,0.5886494,0.62553763,0.644128,0.6636013,0.5722631,0.707654,0.6882833,0.7019474,0.7093775,0.6804583,0.6194427,0.5919642,0.45101726,0.7307913,0.5009105,0.5986255,0.48402342,0.6094492,0.68288493,0.5552807,0.72951657,0.7081645,0.71024835,0.6798946,0.5451287,0.64984787,0.6692542,0.6952366,0.54692787,0.44573718,0.5856806,0.7147555,0.7208831,0.4641066,0.5456122,0.68579286,0.53450525,0.6471943,0.5060522,0.4872119,0.45408052,0.6509077,0.49675816,0.40933818,0.580563,0.61546916,0.47273132,0.5535852,0.49714372,0.39096996,0.49843693,0.37004742,0.5850757,0.50203127,0.6933823,0.53252786,0.5423157,0.45819697,0.52226496,0.5445171,0.6214515,0.40272674,0.5960033,0.36831367,0.3869973,0.6696294,0.60573393,0.6945121,0.66539645,0.6499161,0.61608136,0.72640276,0.59554565,0.5663436,0.61170614,0.59775436,0.59212947,0.55952454,0.6519921,0.7420384,0.6602091,0.6696557,0.7137744,0.6319966,0.51966816,0.58463943,0.62325627,0.5839227,0.5438252,0.61502874,0.5339959,0.59478223,0.4919146,0.49305958,0.64065003,0.6185223,0.60659754,0.59628296,0.5648947,0.4780277,0.5050847,0.5419639,0.5675029,0.562091,0.55561,0.5987299,0.6020987,0.5651987,0.5009758,0.41892752,0.42794645,0.42130882,0.40804544,0.7623401,0.6111442,0.38778368,0.5468883,0.4087322,0.56920505,0.5547958,0.5283393,0.46248844,0.6443076,0.660368,0.47783437,0.5185027,0.47919744,0.5428929,0.42449418,0.5493142,0.62058693,0.6011854,0.5355809,0.64753586,0.5972221,0.54301155,0.44611523,0.36083785,0.54106957,0.5626419,0.5485112,0.5479943,0.62947273,0.44682905,0.54666,0.59481436,0.6790769,0.6080507,0.59723884,0.5199544,0.5717699,0.61411667,0.5978131,0.533874,0.56710064,0.55593264,0.5703721,0.60603577,0.59332925,0.5455897,0.5422042,0.64864177,0.64190024,0.59701747,0.5740579,0.54907167
457,0.6320639,0.61780083,0.6120886,0.5948047,0.60030586,0.58152616,0.5490391,0.58596194,0.56096214,0.5753745,0.55480987,0.57577884,0.55855364,0.660371,0.6179525,0.5173485,0.49806494,0.6109884,0.5077124,0.48443455,0.5817983,0.5856984,0.6424656,0.55257696,0.5819303,0.60595816,0.60716075,0.5611142,0.47207838,0.6576903,0.6709305,0.65113026,0.7637157,0.6994264,0.74133897,0.621009,0.6689824,0.6158731,0.6722487,0.6643903,0.67714995,0.7141799,0.6549497,0.6258524,0.61608547,0.48164973,0.696186,0.48514414,0.5410127,0.5337429,0.5901309,0.66723436,0.54879683,0.6998858,0.67622,0.66467446,0.6897915,0.60283875,0.6864977,0.6821037,0.70316803,0.73364913,0.5470196,0.7409705,0.7773704,0.77135074,0.5859532,0.6287882,0.76109964,0.63299537,0.6521927,0.7178378,0.626475,0.48453593,0.6163858,0.6291168,0.5248589,0.5744904,0.6223007,0.5272445,0.61788934,0.53565514,0.48301247,0.5927681,0.4649852,0.6545864,0.6869963,0.7123857,0.5254985,0.588409,0.5532836,0.554408,0.53615665,0.6378639,0.49545094,0.6064019,0.49716964,0.5576812,0.63050425,0.5895225,0.68233377,0.61388797,0.5964592,0.5426587,0.6939818,0.5936555,0.5601916,0.6099315,0.65577,0.5898873,0.60651946,0.7075751,0.70396507,0.63797045,0.6407168,0.6904846,0.6252003,0.5884384,0.54263604,0.62586355,0.60419303,0.57454777,0.6046119,0.4982374,0.5190258,0.5834903,0.54687047,0.61601466,0.59343386,0.60675716,0.6100294,0.71206385,0.538418,0.53337276,0.56261104,0.5845143,0.56793684,0.5341716,0.5620935,0.6236165,0.6407549,0.56051487,0.51090765,0.48888013,0.51126695,0.46377438,0.73645115,0.6291127,0.4963597,0.6583309,0.5746265,0.54382193,0.55647826,0.52951294,0.51728463,0.5965922,0.57311803,0.47797257,0.5351988,0.5030368,0.6903845,0.5585353,0.5853868,0.5836954,0.5951259,0.5631612,0.62989676,0.54140776,0.62605655,0.59312123,0.4482615,0.52613425,0.5270804,0.51245517,0.5247199,0.72900087,0.5454796,0.5315225,0.65786624,0.71891445,0.62882346,0.6075095,0.5839856,0.5886163,0.61121917,0.5860021,0.55643666,0.57990676,0.5636518,0.5935619,0.5230759,0.59630156,0.5364777,0.60477346,0.5474929,0.545542,0.46531275,0.6140768,0.49112716,0.5005994,0.636545,0.57079184,0.62907845,0.5472209,0.5908867,0.60286987,0.55006754,0.5594487,0.40075168,0.61937344,0.6134862,0.5860856,0.79194546,0.61167014,0.6615324,0.6237611,0.65177137,0.5725576,0.6872052,0.66421926,0.68171495,0.683944,0.6551364,0.609892,0.5884498,0.45442435,0.7053551,0.5029906,0.592144,0.47804645,0.5865507,0.65867656,0.5405921,0.70413566,0.6858996,0.6799709,0.67317426,0.5479508,0.6426819,0.65474313,0.72156096,0.5680747,0.45179617,0.62235135,0.7353601,0.71595776,0.4848904,0.58061975,0.7088615,0.5465062,0.6740936,0.5239477,0.5122434,0.45032755,0.64991766,0.4946777,0.41295832,0.5581204,0.58803034,0.47162446,0.55150324,0.493312,0.3959924,0.51024824,0.3782873,0.6003484,0.51093227,0.70158076,0.55538505,0.5544663,0.46395475,0.5133017,0.53979313,0.6310604,0.40669838,0.5898139,0.37707582,0.40803954,0.6436444,0.5722289,0.661796,0.6395901,0.6174379,0.5869788,0.6832256,0.5760972,0.5382439,0.5965626,0.58366686,0.5832631,0.55901563,0.66156954,0.7150021,0.6280896,0.6308165,0.6830876,0.60834134,0.5325661,0.5901743,0.6221227,0.5819331,0.5396729,0.61276513,0.4981107,0.5653926,0.51140934,0.5037005,0.6354587,0.60517865,0.6142258,0.60117763,0.5811466,0.4838683,0.50719625,0.5442987,0.5629414,0.5541962,0.5518603,0.5834482,0.5940394,0.57115006,0.5056194,0.43545502,0.41987485,0.4268727,0.4142011,0.7206161,0.593946,0.40591443,0.5800114,0.4370705,0.5642719,0.5475908,0.5260276,0.48450646,0.63542336,0.6426241,0.48331374,0.5225332,0.47895908,0.5763141,0.45267215,0.5438373,0.62586504,0.6138753,0.5389372,0.62563986,0.5688944,0.53289354,0.4651169,0.36369818,0.53887326,0.53578633,0.51916075,0.5145138,0.65233696,0.45852602,0.52802825,0.6121494,0.694008,0.6111323,0.5951774,0.5196343,0.56868595,0.6140537,0.6012851,0.544301,0.5733519,0.55891144,0.57148707,0.603104,0.59118843,0.54780596,0.5409079,0.63571566,0.63144755,0.59879166,0.57607734,0.5527421
458,0.6428055,0.5971323,0.60445076,0.5936904,0.5946647,0.5801601,0.54663444,0.57326114,0.5525865,0.55890864,0.54324144,0.5599301,0.55035853,0.6649448,0.6269557,0.51778764,0.4941186,0.5951312,0.5143451,0.4944141,0.5729741,0.5751721,0.62603736,0.5466461,0.5553233,0.5881368,0.6231634,0.5497175,0.5117921,0.67243385,0.69858146,0.6605393,0.78106904,0.7009207,0.7420039,0.6085407,0.65318173,0.6184578,0.65138596,0.641691,0.65803987,0.6820705,0.628785,0.62186396,0.61213243,0.4976348,0.66024226,0.48965186,0.53853476,0.52560484,0.5666736,0.6333897,0.54095334,0.6669511,0.6512144,0.6268075,0.66936874,0.5946551,0.6793557,0.6691441,0.70336056,0.7359441,0.5429984,0.7526674,0.7790713,0.7536513,0.5849045,0.6466021,0.75484145,0.60868526,0.6519192,0.710691,0.63165605,0.47001123,0.5885331,0.6097211,0.5086788,0.55432254,0.5927695,0.51467264,0.59057367,0.5124461,0.48708957,0.589998,0.4724191,0.6530772,0.6732508,0.69991267,0.53718376,0.58522666,0.55180913,0.5465828,0.53208685,0.62974966,0.4804838,0.60032606,0.50848496,0.5822997,0.6020662,0.56125325,0.6404471,0.5923092,0.5701985,0.522055,0.64858705,0.56998825,0.5304068,0.5952189,0.6287322,0.57602346,0.5942953,0.6965971,0.6698489,0.61206937,0.604048,0.6524287,0.59398735,0.5869307,0.5598998,0.6183873,0.6113563,0.567606,0.58335626,0.47399485,0.4955559,0.6040396,0.5571794,0.5988328,0.56507,0.5989441,0.5985756,0.6981526,0.5352728,0.53045684,0.5582919,0.5691035,0.55212575,0.5335048,0.53816414,0.60073805,0.6353704,0.5673882,0.53087765,0.48464298,0.5080585,0.4726789,0.6826267,0.61188895,0.50596523,0.6591986,0.597234,0.53435993,0.54992557,0.52564585,0.5524922,0.5817054,0.55551827,0.48265636,0.53473085,0.51141,0.6923215,0.5879442,0.5729992,0.59211427,0.5988883,0.5624782,0.6063031,0.52437055,0.607383,0.59264016,0.43679687,0.5140604,0.51181334,0.49583822,0.49515733,0.723577,0.54511404,0.51907426,0.65613467,0.7118906,0.6393496,0.5808633,0.5742935,0.5881407,0.60633403,0.5833121,0.55704534,0.5647821,0.5547597,0.58134955,0.5187029,0.5944005,0.537065,0.61742336,0.56056696,0.54020756,0.46077752,0.59759295,0.49532697,0.508262,0.6134602,0.56889695,0.6036615,0.5390136,0.5733807,0.6063942,0.5703151,0.5621141,0.42929205,0.6447166,0.64972234,0.6062306,0.803283,0.6251518,0.6851173,0.6017923,0.6358926,0.5721591,0.66074663,0.6361986,0.65647167,0.648673,0.62600935,0.5991954,0.58220017,0.45912462,0.66530186,0.49992526,0.5729818,0.46731818,0.56417334,0.6271958,0.53279305,0.6682496,0.65761626,0.64164466,0.65998423,0.5505612,0.6322642,0.6366481,0.7318657,0.5838076,0.46523947,0.6492106,0.7440273,0.7046244,0.5075306,0.61066663,0.7216332,0.558167,0.69065213,0.53888214,0.543421,0.45677367,0.6509506,0.49958503,0.42292118,0.5349512,0.568094,0.478669,0.55542886,0.4941456,0.40955123,0.52409005,0.39242393,0.6107187,0.52330583,0.7008121,0.56845295,0.5615375,0.46979728,0.5067421,0.53462076,0.6331838,0.4185944,0.57895625,0.39756957,0.43719986,0.61726755,0.54361176,0.62701494,0.6159653,0.58743405,0.5636476,0.6327808,0.55693424,0.5154777,0.581494,0.56862175,0.57217014,0.55688965,0.6616189,0.6810084,0.5952774,0.58775127,0.63905543,0.57275677,0.5449582,0.593911,0.61747086,0.5828737,0.53720117,0.6127159,0.4738805,0.5401905,0.5338297,0.51796985,0.63297,0.59514594,0.61972266,0.6034045,0.5926123,0.49225822,0.5103716,0.5466534,0.55829436,0.5446293,0.53910935,0.5719449,0.5828304,0.57594687,0.5160572,0.45630732,0.41778967,0.43739355,0.42377913,0.66457736,0.57298034,0.43225488,0.609309,0.46968237,0.5573401,0.5423485,0.523113,0.5138467,0.61427367,0.6108748,0.48107585,0.5232613,0.483544,0.6050268,0.49053296,0.53707176,0.6242388,0.6210087,0.54022616,0.60272646,0.5458607,0.5280918,0.4857937,0.3765048,0.5367462,0.5185491,0.503346,0.48967817,0.6708042,0.4720539,0.5121908,0.6235409,0.69562584,0.6081611,0.5887558,0.5204285,0.5650471,0.6100494,0.60095406,0.5530036,0.5762984,0.55993795,0.57091105,0.5968896,0.5871328,0.54822624,0.5392379,0.61940616,0.6170806,0.59689224,0.5755184,0.55586433
459,0.6471433,0.5667374,0.59258395,0.58779365,0.5849564,0.57368934,0.541984,0.5614367,0.54743165,0.5410222,0.5299293,0.54795885,0.5355957,0.6570403,0.62530416,0.50910616,0.48373514,0.5762038,0.51292366,0.49257156,0.5535256,0.5598509,0.5973209,0.548809,0.53453165,0.5732443,0.6314426,0.5389941,0.5448067,0.67341435,0.71692973,0.65436727,0.7831601,0.68669003,0.7267153,0.5916988,0.63254577,0.6156486,0.62468976,0.6165525,0.63499933,0.64150554,0.5998511,0.61333656,0.6033444,0.51292306,0.6163809,0.48639265,0.52710414,0.5125688,0.545575,0.5961203,0.53633744,0.62899834,0.6230359,0.5859452,0.6442528,0.5840149,0.6642378,0.6495141,0.69335,0.72597986,0.5377708,0.7523893,0.768248,0.72657907,0.57714975,0.65278405,0.7368269,0.5794771,0.6407256,0.6911211,0.63139665,0.4618004,0.56330895,0.5878977,0.4933643,0.53298527,0.5633726,0.5081955,0.5652637,0.49398965,0.49103522,0.5808664,0.4778567,0.641943,0.6526013,0.68001944,0.54139435,0.57629985,0.5440912,0.5368984,0.52772814,0.61625236,0.46766415,0.5898913,0.5172786,0.5991969,0.57392645,0.53803533,0.6001235,0.5751377,0.54915273,0.5099845,0.60230684,0.5462135,0.5067783,0.57871,0.598661,0.56008935,0.580867,0.6754916,0.6313638,0.5823211,0.5655805,0.6068921,0.55584836,0.58075094,0.5756344,0.60555416,0.6155453,0.5604473,0.5625697,0.4601935,0.47673663,0.6213396,0.56954336,0.5805169,0.53853756,0.58605224,0.5846897,0.673483,0.5298031,0.5259068,0.5540579,0.5545859,0.535833,0.52996874,0.5136137,0.5743471,0.6244465,0.5727858,0.5500908,0.47968096,0.50317353,0.48192343,0.62339413,0.5914273,0.5115872,0.6506808,0.60993844,0.52199996,0.54175967,0.5231351,0.5871585,0.5544432,0.5286473,0.47709706,0.525927,0.5208281,0.6807839,0.6077277,0.5614073,0.59446186,0.595994,0.5584975,0.58267623,0.51324147,0.58864576,0.5848382,0.4299986,0.505314,0.50527704,0.4899759,0.4731368,0.7105825,0.53875023,0.509497,0.6476364,0.6950607,0.6430867,0.54374117,0.56338674,0.58315134,0.59467435,0.57280856,0.55405474,0.5504026,0.54966027,0.56449395,0.51275355,0.5919859,0.5308437,0.6175344,0.56546843,0.5275654,0.44648698,0.5762237,0.48992452,0.5014725,0.5767112,0.55491245,0.56801546,0.5387033,0.55367404,0.6098235,0.58664733,0.56344193,0.45863774,0.65694994,0.67857254,0.61112213,0.80180657,0.6252948,0.69326,0.5784199,0.61446935,0.5675836,0.6283179,0.6070675,0.6269792,0.60579544,0.5948584,0.5854266,0.5720227,0.46275333,0.61584884,0.4886155,0.54329205,0.4518575,0.54385597,0.59202605,0.52879554,0.6279219,0.62516475,0.59942484,0.6393813,0.5500451,0.6170243,0.61388904,0.7273518,0.58992606,0.4802462,0.66240174,0.7404436,0.68671525,0.5248781,0.6284968,0.7231627,0.56457174,0.6945334,0.54530257,0.57108146,0.46889454,0.6519874,0.50742793,0.4334031,0.51172215,0.55504537,0.48789045,0.5616215,0.49487883,0.42422765,0.5326244,0.40420282,0.6112588,0.53292924,0.6917746,0.568638,0.561738,0.47151026,0.50042653,0.5291699,0.6280829,0.43205443,0.5632068,0.4215448,0.46477124,0.5900073,0.52060133,0.5946624,0.5943604,0.56175554,0.54599977,0.5824872,0.53708166,0.49823374,0.5652923,0.55089533,0.5597457,0.551963,0.6521092,0.64241856,0.5619083,0.5455502,0.5881718,0.5306096,0.55488205,0.59374577,0.60784537,0.5830483,0.53546435,0.6106963,0.4602722,0.5189987,0.5539102,0.5315221,0.63023514,0.5861594,0.62096953,0.602166,0.5975598,0.49784803,0.5125561,0.5478345,0.55085325,0.53180313,0.51720613,0.56163055,0.5662008,0.57449687,0.5270536,0.47554165,0.4174638,0.44708583,0.4314183,0.60277134,0.5481655,0.45745507,0.6276077,0.49699256,0.54447085,0.53646404,0.5176031,0.5442314,0.5794904,0.56773245,0.4682541,0.51489383,0.48857507,0.6223775,0.52754486,0.5277672,0.6174322,0.621733,0.54120994,0.5792978,0.52764654,0.52606845,0.50113547,0.39138854,0.53505534,0.50946885,0.4988045,0.4725036,0.6819889,0.4831994,0.49985626,0.6264265,0.68468255,0.6002635,0.5783498,0.52075195,0.5609136,0.6015337,0.595575,0.55639905,0.5738342,0.5586509,0.56844246,0.58683574,0.5796918,0.5468188,0.5375616,0.60075927,0.5995798,0.59123385,0.5719442,0.55614406
460,0.6417498,0.52724755,0.5735997,0.5738385,0.56843454,0.55948716,0.53212434,0.5486098,0.5413631,0.52058846,0.5134665,0.53763986,0.5109275,0.63734156,0.6130495,0.4875526,0.46735847,0.555191,0.49992967,0.4748431,0.5232243,0.5391642,0.5565731,0.55570614,0.5182519,0.562397,0.62902397,0.52677727,0.56380326,0.6616833,0.7241834,0.633438,0.77201456,0.6590744,0.6983875,0.5695358,0.607169,0.6054476,0.5929758,0.5899289,0.6083195,0.59748244,0.5688902,0.5993315,0.58978474,0.5245815,0.57111216,0.47349554,0.50959533,0.49728623,0.52622074,0.55924886,0.53098536,0.58977115,0.5936337,0.5468628,0.61662984,0.57148004,0.64112705,0.6229324,0.67677253,0.7063816,0.53078777,0.74120504,0.74764705,0.6946264,0.5644999,0.6465697,0.7107206,0.551788,0.6209322,0.66386503,0.6245468,0.4590212,0.5437617,0.56807524,0.48091918,0.5128075,0.5377205,0.5065087,0.54379493,0.48050368,0.49209657,0.56399465,0.4769577,0.6208147,0.6293759,0.6572705,0.5366344,0.5636287,0.53041244,0.52634984,0.5237002,0.60080534,0.45647028,0.57608163,0.51999545,0.6052907,0.5463219,0.5196992,0.5659226,0.5613623,0.5336502,0.5042093,0.5615735,0.52344036,0.48935366,0.55945796,0.5675404,0.54322493,0.567126,0.6478407,0.59203786,0.54957503,0.53100663,0.562346,0.5182548,0.5707167,0.586843,0.5876755,0.61242616,0.5536198,0.54207593,0.45476052,0.4607985,0.63195,0.58081067,0.56066835,0.51493174,0.5699413,0.5697712,0.6430595,0.52231157,0.5202951,0.5507465,0.54263425,0.52066123,0.52358586,0.48798656,0.5459865,0.6073247,0.57254493,0.56402427,0.4723845,0.49620584,0.4878702,0.5691976,0.5699899,0.5108636,0.63423645,0.61152405,0.5035034,0.529564,0.5188777,0.61519474,0.51591074,0.4960766,0.45918912,0.50523955,0.52668726,0.65747947,0.6135543,0.5500853,0.5910071,0.5871459,0.55249476,0.56038404,0.5054479,0.5709493,0.57064474,0.42703938,0.4981579,0.50523543,0.49131244,0.45827994,0.69220155,0.52780855,0.5014602,0.6325881,0.6699249,0.6364072,0.49914122,0.54831946,0.5703444,0.5741366,0.5528683,0.54475486,0.53542364,0.54488117,0.54192996,0.5032857,0.58530617,0.51364374,0.60355306,0.5594948,0.5052369,0.42450896,0.5514171,0.47242483,0.4788062,0.52998483,0.52761227,0.52372366,0.5433527,0.53147197,0.6104624,0.59331965,0.5591115,0.48057297,0.6543572,0.6949873,0.59902924,0.7891883,0.6115512,0.6849515,0.5542154,0.58805376,0.55689734,0.5920403,0.5791971,0.59483254,0.5608335,0.5635648,0.56737775,0.5587408,0.46430194,0.56522125,0.4688139,0.508403,0.4341413,0.5253739,0.556516,0.5245597,0.5887938,0.591277,0.5582887,0.61263764,0.54483306,0.59711516,0.58624405,0.71028924,0.58396745,0.491118,0.6602836,0.72611696,0.66449934,0.53159744,0.63106394,0.7141633,0.5635915,0.6856797,0.54086554,0.587581,0.48169354,0.6509307,0.5148316,0.44013298,0.49048814,0.54637367,0.49435964,0.56669915,0.49289617,0.43321505,0.5305741,0.40666395,0.59883976,0.53585815,0.6770242,0.55383515,0.55445206,0.46613783,0.49368137,0.5237066,0.6174865,0.44174013,0.5443179,0.44044283,0.48237604,0.5624306,0.5025646,0.5679604,0.57461864,0.54209113,0.53328204,0.54040873,0.5168472,0.48675075,0.5467884,0.53005254,0.5470993,0.54270554,0.63426286,0.6032281,0.52928895,0.5093018,0.53985935,0.49007934,0.5609074,0.5883102,0.59262085,0.57833785,0.5338079,0.6038608,0.45496055,0.50181097,0.56681806,0.5403388,0.62492543,0.57579905,0.61646754,0.5975264,0.5958078,0.49784678,0.5127124,0.5472439,0.5398379,0.51677686,0.48927978,0.5503819,0.5443531,0.5644457,0.53300416,0.48892447,0.41551125,0.45129684,0.43360952,0.547135,0.5220296,0.47289443,0.6312779,0.51187384,0.52371943,0.5269012,0.5080161,0.569624,0.5332125,0.5197377,0.4451195,0.4947277,0.4894817,0.62406474,0.5538134,0.51526606,0.6080083,0.61674273,0.54268694,0.5567064,0.5130597,0.52412355,0.50474447,0.40181687,0.5338641,0.5063602,0.501774,0.4616976,0.68439776,0.48926553,0.49152175,0.6188455,0.6634086,0.5894239,0.5650666,0.5198856,0.5566096,0.5892283,0.585116,0.5527725,0.56558514,0.55533254,0.56408656,0.5731233,0.5680457,0.5441306,0.53628784,0.58180743,0.5810146,0.58233607,0.565367,0.5521893
461,0.62596697,0.48195,0.5466197,0.5509092,0.54412913,0.5368253,0.5150408,0.5340188,0.5317728,0.49774465,0.49471495,0.52723897,0.47620553,0.6084162,0.5917205,0.45399848,0.44735235,0.5334825,0.4756296,0.44219336,0.48409036,0.51390433,0.5079229,0.5641242,0.5048152,0.5548811,0.6156723,0.5132863,0.5661718,0.64056355,0.7204276,0.60119534,0.7505705,0.62316614,0.66164845,0.54372966,0.5794221,0.58847654,0.5595876,0.5634982,0.58005345,0.5568244,0.5374796,0.5805723,0.57326293,0.53197646,0.531295,0.45248634,0.4902755,0.48352128,0.5075324,0.52573305,0.5227049,0.5522238,0.5655217,0.5136247,0.5897835,0.5588467,0.61209375,0.5912146,0.65746087,0.68006086,0.5220331,0.7208454,0.72093844,0.6636602,0.54963595,0.6295589,0.68121517,0.53083444,0.59612703,0.635158,0.611448,0.46071243,0.5312304,0.553485,0.47299415,0.49710494,0.51851606,0.50823355,0.5272123,0.4724068,0.4900844,0.54059756,0.46858287,0.5907534,0.60784286,0.63640606,0.52374107,0.54946226,0.512447,0.51708657,0.5207882,0.58642185,0.44717234,0.5612782,0.51570356,0.6000884,0.5207199,0.50574297,0.5399325,0.549936,0.52334785,0.50228226,0.5314435,0.50377965,0.4777805,0.53765905,0.53790635,0.5270153,0.5529336,0.6175965,0.5562621,0.51681,0.5051848,0.5272011,0.48857453,0.5586001,0.59188557,0.5664475,0.5998184,0.5482384,0.5227643,0.45526227,0.44700497,0.63379586,0.588444,0.53984183,0.49500898,0.5530459,0.55547845,0.6128889,0.51420486,0.51476216,0.54895365,0.534531,0.50917596,0.51577955,0.4626917,0.518268,0.5852996,0.56433445,0.57047,0.46324125,0.488135,0.48907247,0.5287148,0.5510777,0.5037065,0.61270434,0.60349214,0.4781344,0.5124359,0.5102022,0.6329188,0.47021905,0.46299943,0.43053728,0.4733055,0.5253837,0.625754,0.60494673,0.53806835,0.5832937,0.57443005,0.545533,0.5410828,0.49896204,0.5552007,0.5523585,0.4278455,0.49143866,0.509541,0.49609104,0.44997853,0.67118776,0.5145437,0.4944347,0.61183643,0.6390546,0.6186233,0.45255864,0.5277262,0.5487245,0.5448756,0.5241113,0.5279951,0.5196596,0.5381868,0.5149254,0.4905239,0.57268345,0.48489445,0.5772609,0.5429231,0.47380096,0.3995998,0.52533066,0.44452226,0.4433308,0.47972125,0.48957464,0.47540346,0.5500823,0.5078262,0.6069425,0.5880268,0.54725504,0.49077344,0.6389196,0.6974805,0.57276475,0.7685217,0.58745,0.6622377,0.53107274,0.5594891,0.54062295,0.55639404,0.5545964,0.5628195,0.52086395,0.53405476,0.54538757,0.54465693,0.46415508,0.52199435,0.4431206,0.4749515,0.41795895,0.50822526,0.52365375,0.5177927,0.5546842,0.55937433,0.522502,0.58311033,0.5354036,0.57465494,0.5550098,0.684071,0.5665981,0.49501458,0.6438316,0.7041888,0.6420812,0.5263629,0.6195457,0.6970956,0.55645823,0.6665473,0.52736956,0.5901789,0.491765,0.64664733,0.5205304,0.44192836,0.4736214,0.5393235,0.49586084,0.5689008,0.48837548,0.43321034,0.51646554,0.39795005,0.57359546,0.53156614,0.66022503,0.5246525,0.541268,0.4536072,0.48774165,0.5187921,0.6043705,0.44526947,0.5252691,0.4492469,0.4865279,0.53643334,0.48868522,0.54835534,0.5573591,0.5292003,0.52462655,0.51159966,0.4979127,0.48083192,0.5256633,0.5073697,0.53539574,0.5286683,0.61070913,0.5677207,0.49958217,0.48242247,0.5024949,0.45872134,0.56272733,0.5779044,0.57280606,0.5665563,0.53213733,0.59178156,0.45531258,0.48876926,0.5697493,0.54202026,0.61627626,0.56279856,0.6063602,0.59031695,0.5886317,0.49266565,0.5109967,0.54492056,0.5264578,0.5023832,0.46027902,0.5373069,0.5197505,0.5465658,0.53055847,0.4948768,0.4110296,0.44869626,0.4297115,0.50683,0.49842474,0.47485295,0.62098396,0.5124201,0.49637508,0.5118435,0.49380064,0.5861142,0.48085523,0.4748334,0.41471976,0.4640003,0.48328912,0.6101815,0.56463814,0.49978647,0.59870136,0.6079473,0.54451543,0.53687006,0.50132513,0.520775,0.49380413,0.40542492,0.5330459,0.50709367,0.50849396,0.45604005,0.67841786,0.48995903,0.48701516,0.60069376,0.6353609,0.5776793,0.55053216,0.5181938,0.552772,0.5747856,0.570841,0.54276085,0.55286264,0.55069697,0.55815184,0.55699205,0.55279845,0.540967,0.5355719,0.56466305,0.56381273,0.5714243,0.5565503,0.54416615
462,0.602478,0.43652526,0.5138749,0.52164286,0.5142233,0.5080422,0.49157113,0.5184958,0.5186611,0.47409916,0.47644278,0.51574665,0.43549186,0.5754731,0.5654711,0.41378358,0.42767093,0.51301736,0.44446078,0.40089586,0.44097245,0.48662588,0.45842734,0.5717582,0.49258268,0.54880506,0.5945912,0.50036454,0.5546794,0.6155507,0.70769995,0.56433666,0.72332156,0.58663815,0.62330836,0.5181753,0.55327004,0.56800157,0.52939856,0.53964156,0.55345213,0.52557254,0.5078984,0.5594569,0.55705094,0.53706586,0.50213426,0.42784396,0.47369346,0.47526646,0.48949558,0.49787557,0.51173055,0.5190903,0.54127777,0.48890623,0.5669267,0.548576,0.58114344,0.55784744,0.63892025,0.6507449,0.5123502,0.69444674,0.69241524,0.6384244,0.535354,0.60579884,0.6531804,0.51876545,0.57045555,0.61043495,0.59410787,0.4656354,0.5249035,0.54515177,0.4703868,0.4884106,0.50631386,0.5119808,0.5155631,0.46962714,0.48671404,0.51419216,0.45494032,0.5549614,0.5908314,0.62054443,0.50619733,0.5362618,0.49320117,0.51124495,0.5195713,0.5751105,0.44085434,0.54856354,0.50618804,0.5860163,0.49882,0.4956389,0.52199066,0.540161,0.5174723,0.50214785,0.513486,0.48935422,0.47114033,0.5144795,0.51186776,0.5132919,0.5379889,0.5886407,0.5273429,0.4877083,0.49075794,0.5067188,0.4717828,0.5465686,0.5912661,0.5448289,0.5787924,0.5453282,0.50556916,0.45934218,0.4352539,0.6270463,0.59172463,0.51936334,0.47871515,0.53798133,0.5431771,0.5878457,0.50740385,0.51042044,0.54878664,0.53097844,0.5035416,0.5091024,0.4400146,0.49441263,0.5616935,0.5490788,0.57037216,0.45467746,0.48097268,0.48685765,0.5053725,0.53783166,0.49259824,0.59001946,0.5896454,0.448298,0.4916525,0.49656856,0.6400742,0.42369497,0.43480998,0.39660382,0.43529215,0.51648104,0.59147424,0.58581823,0.5253408,0.57371074,0.56067294,0.53887194,0.5262041,0.49295852,0.5416236,0.533234,0.43244046,0.48465016,0.51610243,0.5014776,0.4470103,0.6502233,0.5016802,0.48865947,0.58728284,0.6061504,0.5927024,0.41012725,0.50288093,0.5207181,0.51030904,0.49009883,0.505297,0.5042279,0.5293305,0.48668367,0.4766671,0.5547822,0.44847545,0.5444544,0.5201325,0.43702757,0.37730214,0.5005206,0.411601,0.40203723,0.43298128,0.44703546,0.42939276,0.55669725,0.48482394,0.5993185,0.57299304,0.5293082,0.49046436,0.6161285,0.68804485,0.5396047,0.7444062,0.56001,0.63106614,0.51147527,0.5328421,0.52183384,0.52637136,0.53466564,0.53436637,0.49157262,0.5079567,0.5216774,0.5328331,0.46420398,0.49212226,0.4161944,0.44878468,0.40717563,0.49265355,0.4960778,0.5086428,0.5277059,0.5326211,0.49463058,0.555273,0.52402574,0.55261934,0.5229868,0.65351766,0.54204893,0.4927771,0.6171287,0.6790955,0.62359273,0.5124233,0.59865326,0.6760155,0.5468456,0.6420204,0.5099994,0.58122694,0.49826747,0.63902795,0.52531165,0.4405724,0.46277454,0.5319172,0.49317795,0.56848866,0.4836024,0.42572486,0.49328503,0.38193056,0.5395545,0.5225887,0.6450779,0.48625755,0.52586365,0.43690923,0.4847525,0.5152,0.59209335,0.44402644,0.5094581,0.44849265,0.47949985,0.51409566,0.47830704,0.53558,0.5434991,0.52249676,0.5190643,0.49653,0.48246753,0.47959876,0.502827,0.4851888,0.5257423,0.51129216,0.5852731,0.53874195,0.4747663,0.4660401,0.48044118,0.44094905,0.5613234,0.5645526,0.55102396,0.5485829,0.5308657,0.57613486,0.45888603,0.4797568,0.5630427,0.53694606,0.60489815,0.5472592,0.5927929,0.5818822,0.57847804,0.48522496,0.5083985,0.54153216,0.51348156,0.49188554,0.43539748,0.5226967,0.49612907,0.52462363,0.52024883,0.49517247,0.40587977,0.44185516,0.42213526,0.484602,0.48090437,0.4657898,0.60145414,0.50236034,0.46650532,0.49202275,0.47606036,0.5930033,0.42978072,0.43947268,0.38230515,0.42784387,0.47024855,0.58594465,0.5618729,0.48291832,0.59166884,0.5980482,0.5462941,0.5214763,0.4922291,0.51613814,0.47122437,0.40415636,0.5324539,0.5098942,0.5160241,0.4543866,0.6663361,0.48710594,0.48547477,0.5746488,0.6051439,0.5666339,0.5366298,0.5166125,0.5500018,0.5602667,0.5550502,0.5290993,0.53824943,0.54575545,0.55145234,0.5406413,0.5360227,0.5381235,0.5353892,0.550753,0.54978687,0.5603391,0.5469854,0.5337631
463,0.57646155,0.3975809,0.4803399,0.49157003,0.4838106,0.47839683,0.46596056,0.5038903,0.5040339,0.45224327,0.46197018,0.50306433,0.39588737,0.5454389,0.540601,0.3747048,0.41248813,0.49626973,0.41364095,0.3604892,0.40083084,0.4614568,0.41575724,0.57717484,0.48058042,0.5421231,0.57139415,0.49008876,0.53620446,0.593065,0.6897022,0.53127885,0.6957963,0.55753064,0.5907661,0.49720016,0.53253543,0.548603,0.5066917,0.5205759,0.5317212,0.5067527,0.48263615,0.53936493,0.54459006,0.54288244,0.48577616,0.40526065,0.46310878,0.47531047,0.47340554,0.47729322,0.49995297,0.4929241,0.52290046,0.4737217,0.5498426,0.5425674,0.5528175,0.5268321,0.62366545,0.6227269,0.50347984,0.66648805,0.6661089,0.6207424,0.52426416,0.58116776,0.6303369,0.5149175,0.54805285,0.59287083,0.5757118,0.47265303,0.52238345,0.5420193,0.47309855,0.4874168,0.499573,0.51655084,0.5080747,0.4714724,0.48480365,0.4896531,0.44050425,0.5185943,0.5791509,0.6103494,0.4892971,0.5263549,0.4762591,0.5099111,0.52018607,0.567526,0.4389838,0.54048485,0.49531725,0.567793,0.48180696,0.48882872,0.5106739,0.5317061,0.514988,0.50236416,0.5059937,0.4812564,0.4681657,0.4918087,0.4906917,0.50358564,0.5224201,0.5639665,0.5066263,0.4652407,0.4877218,0.50161874,0.46929613,0.5365867,0.5871545,0.5262758,0.55343556,0.5453458,0.49107867,0.46501523,0.42584577,0.61410385,0.5918588,0.50102156,0.46550053,0.5270432,0.5337452,0.5704418,0.50381815,0.5080501,0.5499244,0.5319022,0.5045715,0.5062742,0.42211005,0.47725776,0.54081017,0.5305027,0.5670133,0.45004702,0.47731215,0.4844255,0.49747792,0.53176713,0.48184913,0.57035995,0.5752783,0.4187195,0.470464,0.48024315,0.6393255,0.3832937,0.41562116,0.36495286,0.3990035,0.50304,0.5617993,0.5632433,0.51339924,0.56471807,0.5488624,0.5338744,0.5164148,0.48758447,0.5295871,0.51689917,0.44071123,0.47794616,0.5228246,0.50584626,0.4475949,0.6315046,0.49198604,0.4847498,0.5616834,0.5751723,0.56432295,0.37687102,0.47734037,0.49156427,0.47647357,0.456848,0.48092306,0.49089947,0.519459,0.46124884,0.46497643,0.53408986,0.41153735,0.5134209,0.4983172,0.40096828,0.3620087,0.47966522,0.38075238,0.36378616,0.39551795,0.4081658,0.39178598,0.5616623,0.46501097,0.5884389,0.5537266,0.50927746,0.48504928,0.5934272,0.6712434,0.5090482,0.7216905,0.53733885,0.60019433,0.49724597,0.51173574,0.50491226,0.50524795,0.51994765,0.5123664,0.4753848,0.48651627,0.49978003,0.5257721,0.46689266,0.47745818,0.3931573,0.4331788,0.4044386,0.47969627,0.475813,0.49885857,0.5089509,0.5130985,0.47559634,0.5330404,0.51370937,0.5334093,0.49381247,0.62407815,0.5168274,0.4877802,0.5868285,0.6555997,0.61134917,0.49620384,0.57538056,0.655418,0.53911275,0.61802024,0.4951941,0.56639403,0.5024243,0.6284514,0.53071564,0.43960115,0.45862433,0.52315426,0.4889917,0.5670975,0.4815337,0.41617137,0.4675872,0.36584386,0.50360215,0.5130473,0.6341476,0.44760618,0.5125183,0.42087722,0.48637158,0.51358634,0.583013,0.44214275,0.49971133,0.44334084,0.4676576,0.49688187,0.4709616,0.52823347,0.5334693,0.52023727,0.51558554,0.49229273,0.47217894,0.48176506,0.4803333,0.46605667,0.5189918,0.49334586,0.5619751,0.51723444,0.45612195,0.45940724,0.4735792,0.43745217,0.5585266,0.5511638,0.5307425,0.52784353,0.53058064,0.5597172,0.4636991,0.47436285,0.55004555,0.5281358,0.5920895,0.530339,0.57904047,0.57370955,0.5682687,0.4795662,0.506223,0.5381739,0.5040692,0.48771372,0.41859958,0.507695,0.47712985,0.50405985,0.5059864,0.49394187,0.40376064,0.43598828,0.41513452,0.4777861,0.47156894,0.45251122,0.5799842,0.48926038,0.43927363,0.4707809,0.45775694,0.5924415,0.38709703,0.41695595,0.35394034,0.3937458,0.45392793,0.560132,0.55192727,0.4674509,0.58779085,0.58977735,0.54767126,0.51123565,0.48582253,0.5112114,0.44489405,0.40250728,0.53202665,0.51328266,0.5223266,0.45572972,0.65156925,0.48367178,0.4857434,0.54572326,0.5772964,0.55730206,0.5251112,0.5161177,0.54856116,0.54752433,0.5403987,0.5156058,0.52479684,0.5415143,0.5451493,0.52665126,0.52061284,0.5361235,0.5356133,0.54056853,0.5396973,0.5508908,0.53836,0.5234413
464,0.5536133,0.37106243,0.4525626,0.4671668,0.45917362,0.4544656,0.44444537,0.49259678,0.4912906,0.43506768,0.4534519,0.49018198,0.36549848,0.5245835,0.5233171,0.3452243,0.40513647,0.48544213,0.39097527,0.33072117,0.37103412,0.44293773,0.3861842,0.5793635,0.46903905,0.533753,0.55190367,0.48381984,0.51936394,0.5782322,0.6708967,0.50930214,0.6727614,0.5412432,0.5691823,0.48421073,0.5192162,0.53414464,0.49370262,0.50778997,0.51696223,0.49968514,0.46383202,0.5234493,0.53756547,0.5510836,0.481036,0.39002964,0.45959184,0.48367965,0.46173054,0.4649795,0.4902724,0.47575757,0.511403,0.46735764,0.5383968,0.54107475,0.5304838,0.5015488,0.6125309,0.5997942,0.4976455,0.64144886,0.6445126,0.609089,0.51841,0.5617846,0.6141908,0.5169711,0.5324549,0.58302677,0.55962217,0.48087707,0.52066374,0.5417698,0.48053715,0.49250957,0.49565604,0.5206772,0.5033624,0.47647914,0.48696873,0.47157872,0.43041515,0.48768368,0.57185215,0.6042208,0.47853655,0.5214504,0.4647966,0.5126118,0.5222441,0.56294906,0.44238383,0.53774494,0.48773518,0.55115366,0.47035265,0.48480478,0.5042352,0.52468973,0.5145739,0.5023274,0.505222,0.47897273,0.4676505,0.47196385,0.4747617,0.4985949,0.5070199,0.54500747,0.49344185,0.4508231,0.49318933,0.5079285,0.47850242,0.529949,0.58215535,0.5137445,0.5296508,0.5477722,0.47975206,0.47098044,0.41972405,0.59882426,0.5906159,0.48678884,0.45518085,0.5215673,0.5275983,0.5607834,0.5046806,0.5079858,0.5515848,0.5358036,0.51098746,0.5086476,0.41071013,0.46811053,0.5260575,0.5135308,0.56386584,0.45199308,0.479435,0.48497462,0.49960408,0.5317144,0.47609028,0.55687886,0.56562805,0.39541572,0.4531937,0.46551168,0.6346409,0.35532266,0.4074946,0.34295428,0.37219432,0.49008504,0.54239786,0.5449378,0.5043493,0.55806684,0.54140574,0.53139514,0.51109457,0.48378447,0.5179694,0.5065067,0.45226455,0.47220194,0.52789134,0.5085868,0.45010814,0.61623913,0.4877671,0.48316374,0.5381729,0.54930013,0.53974175,0.35617998,0.45599627,0.46751517,0.4499296,0.43108654,0.46045563,0.481754,0.51069254,0.44235155,0.45836413,0.5141684,0.3824083,0.49200746,0.48465374,0.37294427,0.3565978,0.4651205,0.3589216,0.33691204,0.37112126,0.38052568,0.3671529,0.563787,0.45072234,0.57576144,0.53658164,0.49207228,0.4815316,0.577817,0.65295506,0.4896681,0.70349073,0.5256435,0.5781339,0.4893748,0.49823007,0.49359536,0.49391204,0.51038355,0.49825463,0.47129753,0.47059783,0.4832067,0.5239998,0.4736932,0.47593978,0.3785488,0.42848095,0.41046575,0.47112888,0.46416464,0.49109235,0.49879247,0.501583,0.4651209,0.5184143,0.507118,0.5181092,0.47088495,0.60026765,0.49764743,0.48433027,0.56043327,0.6373836,0.6047965,0.48509568,0.5573393,0.63884807,0.5367926,0.59966284,0.48854706,0.5525001,0.5063213,0.61547196,0.53764814,0.4430812,0.4606782,0.51293916,0.48618868,0.56636506,0.48407447,0.41151783,0.447126,0.35744396,0.47333562,0.5070461,0.62800103,0.41830048,0.50479764,0.4107046,0.4926189,0.5141703,0.57768416,0.44431016,0.497207,0.4409638,0.4591488,0.4854875,0.466515,0.5245193,0.5270721,0.5199885,0.5135112,0.4944041,0.46756926,0.48592618,0.46087167,0.4520975,0.5154266,0.47795913,0.5439229,0.5024515,0.4440826,0.46017393,0.47804973,0.44562343,0.55634433,0.540634,0.5154363,0.5090749,0.5315634,0.5453024,0.4685712,0.47209963,0.5359961,0.5198576,0.57925946,0.51408035,0.5682834,0.56701857,0.5606345,0.47941643,0.50570893,0.5359134,0.5002092,0.49040243,0.41188744,0.49404237,0.4652597,0.4899152,0.4931368,0.49538326,0.40852952,0.43675336,0.41310403,0.4806179,0.47029233,0.44335723,0.5641688,0.48178455,0.41957447,0.45288223,0.4430016,0.588141,0.35820094,0.40744904,0.33526286,0.36931255,0.43972668,0.5418324,0.5426368,0.4564995,0.5862864,0.5849222,0.54817,0.50545526,0.48236173,0.5069139,0.42463583,0.4056835,0.53173685,0.51604664,0.526073,0.4593957,0.6375243,0.48294023,0.48670703,0.5199258,0.5550378,0.5500762,0.5171638,0.51740086,0.54826003,0.537649,0.5290778,0.50591594,0.5151245,0.5385676,0.5402619,0.51725274,0.50949115,0.5350379,0.5359104,0.5336321,0.5331643,0.5441796,0.53204864,0.515582
465,0.53800815,0.36111304,0.43655264,0.45354006,0.4454574,0.44181,0.43273246,0.48680556,0.4842105,0.42484772,0.45084637,0.4787592,0.3511484,0.51606464,0.5170031,0.33266622,0.40751106,0.48143494,0.38258508,0.3189745,0.35741666,0.43439373,0.37362522,0.57735896,0.45905405,0.5239904,0.54004556,0.48184985,0.51159585,0.57325923,0.6551211,0.5024501,0.65656674,0.53892785,0.5597681,0.48081222,0.51271373,0.52635515,0.49010742,0.50172263,0.5094788,0.50063837,0.45254916,0.5135683,0.53487444,0.5605738,0.484201,0.3859081,0.46213642,0.49713793,0.45732704,0.46122697,0.4856461,0.46863878,0.50643796,0.46759024,0.5311267,0.54280114,0.51542425,0.48393127,0.60468,0.584381,0.49694628,0.6222868,0.627987,0.5996556,0.51897997,0.5523028,0.60411215,0.52215856,0.5260848,0.5794601,0.5484109,0.48946294,0.5171018,0.54198056,0.49182853,0.5001565,0.4921016,0.5227816,0.49966738,0.48250666,0.4944518,0.46271017,0.42886624,0.4673539,0.5671092,0.5993157,0.47809473,0.522374,0.4609015,0.5176909,0.5249386,0.5598828,0.45027825,0.53881115,0.48731256,0.5414163,0.4645147,0.4830707,0.5009425,0.51939213,0.5144784,0.50204027,0.50649154,0.48054847,0.46857497,0.45699275,0.46358103,0.4979563,0.49313214,0.53161734,0.4853395,0.44401756,0.5019116,0.5183315,0.49334177,0.5270286,0.5781863,0.5088711,0.51314306,0.5510696,0.47189653,0.4765536,0.41830456,0.58519435,0.58883584,0.47827637,0.4481693,0.52160895,0.5246393,0.55734444,0.51016825,0.5100739,0.55256003,0.5396877,0.51952606,0.5153024,0.40691525,0.46626416,0.51860416,0.50224686,0.5626642,0.46103904,0.48818746,0.48994008,0.50438327,0.5338949,0.478836,0.5508965,0.56425345,0.3840489,0.44376478,0.45679727,0.6295658,0.34453496,0.41046336,0.3360142,0.3604317,0.4822467,0.5353921,0.5366761,0.4995154,0.5544762,0.539563,0.5314044,0.50833637,0.4828357,0.5057569,0.5038685,0.46648774,0.46857637,0.52996236,0.50962,0.45361638,0.604363,0.49049658,0.48385525,0.5196133,0.5303188,0.52350366,0.3498813,0.44354534,0.45365313,0.43541762,0.4180401,0.44864067,0.47860524,0.50551283,0.43229836,0.45806178,0.49857908,0.36809075,0.48480254,0.4833466,0.35976028,0.36267915,0.4582865,0.35140795,0.32735005,0.36170503,0.36899304,0.3580065,0.5619469,0.44331393,0.56332904,0.5264082,0.48176822,0.4858528,0.57387275,0.6385994,0.4868794,0.69025564,0.5273786,0.5699669,0.48805857,0.49235237,0.4895258,0.4911887,0.5055088,0.4916217,0.47561026,0.46036243,0.47409573,0.52555394,0.48387802,0.482748,0.37559932,0.43274015,0.42377263,0.46894488,0.4615511,0.4880405,0.49670544,0.49744186,0.46195847,0.5112021,0.50589997,0.5064414,0.4561511,0.584506,0.48968604,0.48639363,0.54407483,0.6260172,0.6009491,0.48536068,0.5508747,0.62828374,0.5418631,0.59018254,0.49360642,0.54554576,0.5119032,0.6008711,0.5460094,0.45459485,0.46708348,0.5019571,0.48651713,0.56689566,0.49116397,0.41768306,0.43802318,0.36302307,0.45473897,0.50764513,0.62530094,0.40547606,0.5050518,0.41065475,0.5018234,0.5166371,0.5753296,0.45353588,0.5008572,0.44768047,0.46165723,0.479672,0.46505263,0.5226165,0.5235938,0.5189836,0.5124777,0.49799645,0.46791652,0.4906566,0.44683677,0.44455203,0.5145991,0.4679055,0.53270406,0.49220756,0.43809927,0.46462947,0.4876323,0.46031332,0.55639046,0.53512686,0.5077826,0.496759,0.53344476,0.53472483,0.47307557,0.47250405,0.52619416,0.515646,0.56756073,0.50098085,0.5628006,0.5624565,0.5573633,0.4871001,0.5077672,0.53535354,0.5017744,0.49818355,0.4151299,0.483614,0.46142283,0.48508343,0.48611057,0.5016978,0.42240673,0.44805583,0.41891354,0.486258,0.47463575,0.4456296,0.55971473,0.4869628,0.4110014,0.4426013,0.43548477,0.5837714,0.3463229,0.40875942,0.33049133,0.36016116,0.4325752,0.5370669,0.5402681,0.45232326,0.585161,0.5838239,0.5472487,0.5022089,0.4820834,0.50365317,0.41880554,0.4182808,0.53149486,0.51716983,0.5262998,0.46504787,0.62673783,0.48781288,0.48747012,0.50261736,0.53971356,0.5447278,0.5130852,0.52062684,0.5484804,0.53082395,0.52228355,0.50245726,0.5107399,0.53691095,0.5372771,0.51372725,0.50481695,0.53458625,0.5357582,0.528689,0.5288957,0.5403799,0.5288557,0.5118455
466,0.5307543,0.36898333,0.4353182,0.45264143,0.44475088,0.44288507,0.43375042,0.48726204,0.4850671,0.42212287,0.4520304,0.47023213,0.35629317,0.51888376,0.52104425,0.3411067,0.41916355,0.48329994,0.39092648,0.3288291,0.3624609,0.43657213,0.3788908,0.5703248,0.4516086,0.51408553,0.53657466,0.4832918,0.5166662,0.57720685,0.64427483,0.5107359,0.64664114,0.5477979,0.56008303,0.48615384,0.51005906,0.5244018,0.49321485,0.50127,0.50762445,0.50418144,0.4481296,0.50962,0.5330369,0.56798255,0.49023813,0.3939251,0.46794894,0.5101762,0.4616971,0.46501344,0.4875134,0.47081685,0.506037,0.47118637,0.5260073,0.54577327,0.5067899,0.47387975,0.59828043,0.5770944,0.5026608,0.60953534,0.61497444,0.5880973,0.5259708,0.55455786,0.5979359,0.5280677,0.5294902,0.5794965,0.54307675,0.49760753,0.510248,0.5410012,0.50597847,0.5062024,0.48751727,0.52127194,0.49519083,0.48729658,0.50672334,0.46296853,0.43792376,0.45992106,0.56300825,0.5927592,0.48975754,0.5290273,0.46519363,0.5232104,0.5273561,0.5569726,0.46020776,0.54053015,0.49589187,0.54199135,0.46334323,0.4829618,0.49892744,0.51549506,0.512645,0.5014156,0.50519603,0.48329213,0.46995646,0.44774526,0.4558975,0.5003206,0.4822884,0.5225655,0.47879073,0.442763,0.50799805,0.5249147,0.50628626,0.52721536,0.57606936,0.5114412,0.50720656,0.553157,0.46727267,0.48123005,0.4226092,0.575799,0.58585393,0.4758732,0.44490853,0.5261403,0.5240683,0.5576288,0.51933324,0.5136592,0.5515618,0.54016286,0.5259793,0.5232366,0.41057077,0.46916494,0.5169622,0.49819008,0.56257033,0.47545433,0.5024402,0.49811894,0.5049818,0.53334415,0.49153194,0.5516922,0.5719768,0.38764593,0.4440491,0.45658636,0.625967,0.35291183,0.42241758,0.34629995,0.3657517,0.4817633,0.5392228,0.5405789,0.4986178,0.55366594,0.54303986,0.5331467,0.5055676,0.48534298,0.49256524,0.5089884,0.4827569,0.46774042,0.52816105,0.50890934,0.45776016,0.594547,0.50052136,0.48619917,0.50769246,0.5182863,0.5169232,0.35764453,0.44254833,0.45208138,0.43427226,0.4195472,0.4475556,0.48185068,0.50543505,0.43085,0.46276227,0.4895195,0.37200418,0.49172175,0.49425602,0.36510575,0.37987396,0.45882478,0.3602295,0.33735463,0.36683056,0.37450504,0.36407626,0.55506176,0.4422263,0.5531585,0.52488095,0.48005357,0.5007051,0.5826174,0.6311656,0.50192314,0.68023354,0.54099405,0.5759352,0.49230498,0.4919014,0.49176586,0.4943174,0.50416493,0.49028158,0.48294458,0.45484647,0.47230807,0.5264553,0.49415714,0.4917853,0.38497368,0.44210705,0.44065425,0.47401214,0.46689415,0.49102086,0.50078243,0.49844238,0.46386254,0.50931436,0.5102689,0.49699986,0.4491707,0.5766668,0.49544188,0.49657726,0.5406235,0.6205342,0.5957368,0.5003143,0.5590222,0.62380123,0.5543405,0.59041977,0.51119,0.5488579,0.5204794,0.5855732,0.5551396,0.4761753,0.4749248,0.49125284,0.48979676,0.56796455,0.5009398,0.43779424,0.44267547,0.38639823,0.45041025,0.5160886,0.62359965,0.4124024,0.5141048,0.42296377,0.51165104,0.52030826,0.57478774,0.4698059,0.5073779,0.46693662,0.48021013,0.47804862,0.46640274,0.52075845,0.5217271,0.5144349,0.51182866,0.4987134,0.47145346,0.49454856,0.4393031,0.44345343,0.51538503,0.46511373,0.52819556,0.483387,0.4365795,0.46853954,0.49575466,0.47510383,0.5594569,0.5353566,0.5086884,0.49346042,0.5352081,0.5284404,0.47694692,0.47499493,0.52390504,0.5165423,0.55749935,0.4930298,0.5634413,0.5598754,0.55897427,0.50276965,0.5127248,0.5363602,0.50640374,0.50742364,0.4258238,0.477513,0.4644899,0.48905993,0.48647854,0.51194125,0.44512904,0.47078034,0.43239248,0.48871613,0.4805224,0.46365112,0.5687048,0.50808793,0.41462925,0.44196627,0.4367215,0.58141893,0.3519906,0.4168235,0.3411543,0.36821362,0.43483865,0.547024,0.5474302,0.4551623,0.58229136,0.5854763,0.54472166,0.49899197,0.4846043,0.5014358,0.4321567,0.44319955,0.53114367,0.51564825,0.5221905,0.47227564,0.6203426,0.49997544,0.48740774,0.496989,0.5308158,0.54040956,0.51213026,0.5252361,0.5482287,0.52650106,0.52000755,0.5057205,0.5115547,0.53604215,0.53604215,0.5159932,0.5071799,0.5344155,0.5347287,0.52407867,0.52512825,0.53881854,0.5287631,0.51265985
467,0.52994466,0.39220774,0.44755703,0.46269238,0.45538515,0.45618722,0.4468515,0.49259153,0.49316284,0.42516157,0.4538178,0.4653045,0.37983438,0.5285481,0.5316126,0.36983007,0.43661708,0.48857197,0.41376203,0.35954925,0.38434994,0.44736895,0.39903697,0.558122,0.44703043,0.50573915,0.53879434,0.48624414,0.53323096,0.5867692,0.6375677,0.53034335,0.6399711,0.5625688,0.5655486,0.4970953,0.50702006,0.52514166,0.49905664,0.50375164,0.5085637,0.5049094,0.44826505,0.50935966,0.5273854,0.5688509,0.49403676,0.41155133,0.47280422,0.51669383,0.47352493,0.4735467,0.49478903,0.47922316,0.50711954,0.47467732,0.5209521,0.547972,0.5020321,0.4691971,0.59127575,0.57643306,0.51466304,0.60107154,0.60260403,0.5710729,0.5379373,0.56680244,0.5926142,0.5332317,0.54078555,0.5797644,0.542646,0.5048432,0.5005418,0.53838897,0.5218852,0.5071811,0.4820418,0.5150132,0.48863557,0.48905855,0.5216654,0.46927354,0.45692265,0.4639935,0.5581201,0.582693,0.51235586,0.5406376,0.47664404,0.52764237,0.52886677,0.5536835,0.4687822,0.53909934,0.51255405,0.5530557,0.46493194,0.48360932,0.4962831,0.5117415,0.5073936,0.4999826,0.49812576,0.48449117,0.4708769,0.44338423,0.4500844,0.50367534,0.4757395,0.51611763,0.47048414,0.44416422,0.50685245,0.5217131,0.5107911,0.52907515,0.57564765,0.519358,0.5115027,0.5520708,0.4650037,0.48456204,0.43252692,0.5707818,0.57971185,0.47828877,0.4454399,0.53361255,0.524515,0.55879533,0.5302058,0.51770616,0.5476938,0.5347923,0.52639073,0.52826154,0.41985667,0.47300643,0.5173601,0.49970585,0.56029993,0.4921359,0.5193145,0.505882,0.4973604,0.52553844,0.5130763,0.5568412,0.5865287,0.40513816,0.4529991,0.46435145,0.623328,0.3785561,0.43899235,0.37205628,0.3861541,0.48772237,0.5499277,0.5543379,0.49993634,0.5544756,0.54977494,0.5355461,0.5003884,0.49044326,0.47885147,0.52016515,0.50047797,0.46962348,0.52227247,0.5064095,0.46246132,0.5845765,0.5168751,0.48913383,0.5022096,0.5115098,0.5178915,0.3762157,0.45222327,0.46122098,0.4441201,0.4333795,0.45601523,0.48982307,0.50994045,0.43486452,0.46881527,0.48695204,0.39285854,0.5082576,0.5134337,0.38774735,0.4048526,0.46442387,0.38300803,0.36487705,0.3832526,0.39381248,0.3816988,0.5425263,0.44460872,0.54636747,0.5298036,0.4853723,0.524277,0.60135734,0.6299093,0.53162163,0.6705149,0.5616932,0.59197575,0.49994612,0.49289027,0.4970852,0.4998477,0.50442076,0.49105832,0.48772264,0.45210883,0.47525883,0.5216972,0.499361,0.4972807,0.40371305,0.45127422,0.4558711,0.48495758,0.4772387,0.4990232,0.5077246,0.5012349,0.4678287,0.5092974,0.51875174,0.48765075,0.44710937,0.5741667,0.5141362,0.51537025,0.5486864,0.6176936,0.58531433,0.52907175,0.580109,0.62338144,0.5721956,0.59869814,0.53902596,0.5618764,0.53256005,0.5704,0.5644083,0.5074677,0.48101404,0.48167405,0.49377853,0.56780845,0.5102942,0.4714606,0.4589202,0.42811292,0.45886075,0.5312123,0.6203502,0.43827417,0.5309798,0.44710818,0.5202256,0.52447885,0.5750532,0.48997086,0.5121193,0.49832135,0.5154093,0.4783904,0.46981737,0.51758164,0.51970756,0.50424004,0.51034373,0.49388435,0.4756724,0.4964124,0.43749857,0.44755766,0.5161788,0.47027203,0.5285896,0.47303987,0.4372592,0.4684483,0.49747273,0.48413733,0.5652112,0.5401196,0.5166083,0.4988178,0.5355193,0.52557945,0.47970065,0.47878915,0.52898186,0.52048784,0.5487205,0.49084783,0.56937844,0.558339,0.5645689,0.52412957,0.52016634,0.5380031,0.5100286,0.51369566,0.43936068,0.47534105,0.4711381,0.49759984,0.4923678,0.5219724,0.4742256,0.5025364,0.44970605,0.48449194,0.48338294,0.49748617,0.5888115,0.54356694,0.42819163,0.45007154,0.44539297,0.580536,0.37250692,0.4263473,0.36518475,0.39084968,0.44550076,0.5681998,0.5622087,0.46286622,0.5763528,0.5879603,0.5410079,0.49350467,0.4886352,0.500111,0.4648345,0.48065585,0.5305139,0.51061165,0.5133788,0.48027742,0.6178361,0.5192393,0.4861401,0.5030903,0.52622044,0.53578126,0.5127036,0.5300187,0.5463246,0.5236685,0.52110034,0.5140322,0.5157831,0.53523266,0.5358959,0.52253205,0.51515734,0.53428113,0.5327912,0.5182413,0.5201779,0.53812057,0.53074527,0.5169952
468,0.5316452,0.42474172,0.4682053,0.47889617,0.47255045,0.47686476,0.46844554,0.5001433,0.5052413,0.43050474,0.4532648,0.46402076,0.4158247,0.5386634,0.5430934,0.4125185,0.45434058,0.49450845,0.44457668,0.40555248,0.41723162,0.4628086,0.42772943,0.5417615,0.44517472,0.5008207,0.5415154,0.4884893,0.5549058,0.5975495,0.63183606,0.554814,0.6323013,0.5772572,0.5711209,0.50949347,0.4997449,0.52408624,0.5040395,0.50599825,0.5095017,0.49919212,0.44984862,0.50905025,0.5136424,0.5589471,0.49192902,0.43315318,0.47234324,0.5117437,0.48912072,0.4830765,0.50457895,0.4894173,0.5068998,0.47555417,0.5144149,0.5477524,0.4975563,0.46622732,0.5820749,0.57917285,0.53117967,0.5929071,0.58778536,0.547453,0.5523974,0.5842202,0.5854694,0.53780156,0.5562711,0.57718956,0.5445085,0.5111334,0.49049947,0.53507984,0.5386035,0.5011092,0.47741312,0.5036641,0.4797872,0.48683617,0.536133,0.47636205,0.48234275,0.47496372,0.5521965,0.5691882,0.5418545,0.5561094,0.4925828,0.5300996,0.5293491,0.550342,0.47266123,0.5312654,0.5334965,0.57121295,0.4671744,0.48430723,0.49180952,0.5066606,0.49817953,0.49745515,0.48481083,0.4819846,0.47090682,0.4416228,0.4445111,0.5059483,0.4737392,0.51037675,0.45862764,0.44540444,0.49648407,0.50616235,0.50325626,0.53080046,0.5759695,0.5293979,0.5224965,0.54665256,0.46413946,0.48665622,0.44688958,0.5680757,0.56814474,0.48320332,0.4495588,0.5425615,0.524785,0.5589061,0.54033804,0.52113295,0.54083943,0.52285993,0.518212,0.5265146,0.43183717,0.4739203,0.51527613,0.50271934,0.5514376,0.5073798,0.53480816,0.50850797,0.48129538,0.5075875,0.53986275,0.5632804,0.6032147,0.4315467,0.46715775,0.47699893,0.61910266,0.41552693,0.45464167,0.40771836,0.41592,0.49682507,0.56267667,0.5715797,0.5013654,0.555208,0.5565039,0.53754985,0.49118438,0.49618647,0.4655126,0.5342586,0.5189869,0.47380438,0.5130809,0.5023963,0.46802905,0.5725567,0.53737104,0.49139178,0.5010103,0.5069361,0.5218962,0.399823,0.46886662,0.47642586,0.4597593,0.45401588,0.4702369,0.49969012,0.51688725,0.43932348,0.47181794,0.48882383,0.42464516,0.52695024,0.5344666,0.4213489,0.43194342,0.4717976,0.41321072,0.40358758,0.40569872,0.42038232,0.40456396,0.52474314,0.4462208,0.5428202,0.535874,0.49350804,0.5505175,0.6247509,0.6307203,0.56893325,0.6583419,0.5828154,0.6113636,0.50862926,0.49101302,0.5008707,0.50493115,0.50439143,0.49114907,0.48604444,0.44998685,0.47864032,0.5067928,0.49422842,0.49557558,0.42578256,0.45506784,0.46438622,0.49865562,0.48862496,0.5093724,0.514126,0.50282437,0.471193,0.50738287,0.5284443,0.47605634,0.44575557,0.5727643,0.54156697,0.54065496,0.5629066,0.61327463,0.5673466,0.56639296,0.60825396,0.6238338,0.592142,0.61160576,0.572232,0.5803989,0.54758006,0.5560372,0.57352495,0.5455217,0.48277864,0.47358984,0.4949495,0.5644052,0.51557595,0.5143584,0.48049018,0.4839649,0.47477567,0.54960585,0.61409223,0.47781956,0.55299455,0.4794071,0.52657366,0.5286989,0.57535684,0.5086271,0.51070136,0.53720635,0.56255555,0.47854722,0.47433382,0.5127467,0.5159584,0.48788506,0.5069209,0.48365635,0.47785082,0.49571547,0.43893206,0.45442662,0.5153801,0.48218548,0.5306993,0.45957598,0.43792036,0.4628366,0.4908549,0.48401213,0.57225764,0.5466065,0.5279771,0.5098226,0.53331727,0.5244201,0.48100814,0.4832929,0.53810567,0.52355134,0.5404345,0.4935295,0.5784492,0.55666375,0.5722486,0.54701364,0.529,0.5389373,0.50825185,0.5132201,0.45072305,0.47538698,0.4768332,0.5043338,0.49933106,0.52604455,0.5054935,0.53792584,0.46465892,0.47354382,0.47948417,0.5421924,0.6142319,0.58702224,0.44650513,0.4636504,0.45817456,0.5782877,0.40219983,0.43243977,0.39723197,0.42137584,0.46090928,0.59368926,0.5787885,0.47189036,0.5672528,0.5892598,0.5369486,0.48426148,0.4925605,0.49927506,0.51142544,0.5273986,0.5294875,0.50184757,0.5004658,0.48826337,0.61747456,0.5433349,0.4835045,0.5174426,0.5225825,0.52949536,0.5129643,0.5337344,0.5420295,0.5210994,0.5235845,0.5241167,0.5205651,0.5338295,0.53595734,0.5309112,0.5257581,0.5340404,0.5303554,0.5102765,0.5129868,0.5365352,0.53299135,0.5226882
469,0.5309518,0.45871243,0.49055752,0.4949336,0.48970127,0.49816203,0.49310675,0.5078483,0.5176952,0.43424952,0.44854826,0.4660222,0.45474124,0.5425768,0.549183,0.45847195,0.46747825,0.49933046,0.4747055,0.4567449,0.45294225,0.4784252,0.45726836,0.5233184,0.4459075,0.5011568,0.5392767,0.48861688,0.57252496,0.60526097,0.62277424,0.5770622,0.61952394,0.5863954,0.57243663,0.5199226,0.48617205,0.5169848,0.5061474,0.50600225,0.50841564,0.48641297,0.45000422,0.5049071,0.48971224,0.5359886,0.48335406,0.45202866,0.46430564,0.49317867,0.50489813,0.4909622,0.5142583,0.49782464,0.5041901,0.47352788,0.50607383,0.54427516,0.489539,0.46101457,0.5699722,0.5816077,0.54898906,0.5809305,0.5683299,0.51862496,0.5668194,0.6007797,0.5758548,0.54377735,0.5721071,0.5701616,0.545507,0.5163301,0.48377332,0.53330445,0.55560017,0.4877687,0.47637406,0.48770285,0.4695637,0.48040313,0.54659146,0.47852302,0.50837445,0.48670703,0.54667825,0.5544136,0.5723166,0.57412153,0.5090897,0.5300035,0.52905136,0.5476373,0.4692191,0.5156607,0.5527681,0.5907545,0.46865857,0.4852262,0.48596892,0.4998823,0.48588988,0.49478188,0.4680238,0.4747933,0.4706513,0.43959212,0.4376719,0.5057096,0.47502372,0.50353754,0.44328836,0.4442412,0.47807762,0.47990605,0.4842445,0.53075176,0.57533735,0.5383799,0.5350354,0.5369769,0.4643853,0.48899037,0.46431643,0.56476915,0.55005795,0.48870212,0.4572886,0.5518979,0.5246537,0.5581977,0.5475452,0.5231859,0.53175396,0.5053126,0.50124174,0.5161749,0.44392776,0.46949542,0.5076147,0.50269777,0.53276354,0.5169742,0.5444317,0.5021374,0.46011394,0.47909257,0.5665455,0.56867945,0.61647695,0.45982543,0.48222286,0.49032646,0.6101512,0.45554337,0.46503457,0.4453134,0.44704422,0.5051853,0.57284087,0.5837759,0.5015556,0.5541665,0.5600159,0.53820795,0.47735864,0.5011605,0.45309573,0.5468913,0.5372593,0.479977,0.5025515,0.49793777,0.47572494,0.5583615,0.5590569,0.4917988,0.50076246,0.5010957,0.5233538,0.42226294,0.48763362,0.49147666,0.4746487,0.47439831,0.4849827,0.50936586,0.52427906,0.43928388,0.46864638,0.492062,0.4580674,0.539567,0.5498559,0.4565546,0.45576626,0.4783713,0.4423337,0.44433087,0.42886263,0.446452,0.42624167,0.5034018,0.44330278,0.5415167,0.5369364,0.49957943,0.5714785,0.64682883,0.6280252,0.6047889,0.642165,0.59732836,0.62665206,0.5172028,0.48353183,0.49856398,0.50831574,0.5034697,0.48911512,0.4771603,0.4468037,0.47784492,0.4798908,0.47600314,0.4867252,0.44466084,0.4509718,0.46350786,0.512327,0.498076,0.5197338,0.5183495,0.50198627,0.47309738,0.5008829,0.5358888,0.46031523,0.44102296,0.56803715,0.57084006,0.567832,0.5758453,0.603599,0.5418716,0.60427153,0.6358854,0.62274796,0.61099386,0.6255768,0.6047043,0.59843826,0.5634832,0.54309696,0.5822612,0.585431,0.4787668,0.46702552,0.48997653,0.55616695,0.51335406,0.5584332,0.49896076,0.5442744,0.49041387,0.56664306,0.6051121,0.52146757,0.5765665,0.5134971,0.5301374,0.5327934,0.57506543,0.51957166,0.50088626,0.57536256,0.6127289,0.4773331,0.47972217,0.50725394,0.5099321,0.4669855,0.50182545,0.47118804,0.475979,0.49309725,0.44014204,0.4606915,0.5120446,0.49733117,0.5307701,0.4430868,0.4369357,0.4525249,0.47764587,0.47507122,0.5786594,0.5515361,0.53875846,0.52215564,0.5283567,0.5230227,0.48172617,0.48881632,0.5465808,0.5223963,0.5322262,0.4992558,0.5880592,0.55419344,0.579931,0.5665358,0.537686,0.5381351,0.4981354,0.5040989,0.456958,0.47564605,0.47780624,0.5038852,0.5022756,0.51962876,0.5332217,0.56934285,0.47165582,0.4593802,0.46708,0.5886478,0.6381115,0.62918854,0.46324882,0.47835502,0.47119674,0.5715177,0.43397933,0.4327552,0.43047696,0.45121887,0.47640976,0.6151012,0.5895281,0.4791056,0.55602396,0.5880371,0.53333765,0.47091392,0.4956337,0.49779,0.5612002,0.57678765,0.52808374,0.49048775,0.48535237,0.49648842,0.61717284,0.5683194,0.47966436,0.53367704,0.5160645,0.52087784,0.511444,0.5359366,0.5358331,0.5174503,0.5250616,0.5322189,0.5230681,0.5313776,0.53536135,0.53867346,0.53565204,0.5335442,0.527995,0.5001944,0.5033355,0.5324307,0.53351367,0.5271892
470,0.5228291,0.48690265,0.5086507,0.5045051,0.50010616,0.51299536,0.51451385,0.51543784,0.52883786,0.4336958,0.43941844,0.47098017,0.48656362,0.5349475,0.54420334,0.49664888,0.47435775,0.5023034,0.496355,0.5012192,0.48350692,0.4901709,0.48092696,0.50630563,0.44976246,0.508565,0.5289915,0.48718515,0.577778,0.60636747,0.6061762,0.59139484,0.5983679,0.58537984,0.5665916,0.5267943,0.46681044,0.5014914,0.5051553,0.5039778,0.5043155,0.4693403,0.44687706,0.4946062,0.45719463,0.5016863,0.47169295,0.46310183,0.45033288,0.46323425,0.5197731,0.49734396,0.52320874,0.5034364,0.49957812,0.47089309,0.49725237,0.5377823,0.4752689,0.45084926,0.55521524,0.5811295,0.56453085,0.56258196,0.54336077,0.48752043,0.57937896,0.61106914,0.5659572,0.554246,0.5856277,0.5585063,0.54353046,0.5198518,0.4837203,0.5363956,0.5724677,0.468791,0.48170227,0.46845675,0.4598827,0.4700146,0.5497044,0.4715056,0.5285665,0.49396265,0.5444382,0.541619,0.59762806,0.59315133,0.52215636,0.52658755,0.5283211,0.5464647,0.4574475,0.49380592,0.5641249,0.6057874,0.46907625,0.48800188,0.4814339,0.49331185,0.47334805,0.49519113,0.45319515,0.46408996,0.47221076,0.43512744,0.42867395,0.50272655,0.47778767,0.49478623,0.42564306,0.43935838,0.4559382,0.4490538,0.4589067,0.52779937,0.57157964,0.54392,0.5439613,0.5242166,0.46635422,0.49527773,0.4841606,0.5584858,0.52666265,0.49429497,0.46930978,0.560965,0.5249206,0.55893517,0.55024266,0.5236398,0.5218142,0.48420596,0.47796604,0.49860588,0.45534995,0.4598351,0.49402058,0.4968489,0.5044814,0.5167626,0.54411495,0.48565865,0.4396421,0.4428726,0.5876307,0.57217467,0.6213779,0.4834722,0.49463502,0.50064784,0.5942463,0.49063292,0.4691034,0.47687137,0.47162977,0.510101,0.57698643,0.5831547,0.5003742,0.55001944,0.55825335,0.53653455,0.45985758,0.50620437,0.4418674,0.55330926,0.5537308,0.48816454,0.4944301,0.4959077,0.48834598,0.5437695,0.5789078,0.49009183,0.4986823,0.4919599,0.5168087,0.439222,0.5042803,0.50021076,0.48240933,0.48789734,0.494773,0.518665,0.5319042,0.43181106,0.4586063,0.49358934,0.48345307,0.53950554,0.5528652,0.4846635,0.47400743,0.4831494,0.46325764,0.47797313,0.44899902,0.4654781,0.4426661,0.48240206,0.43443036,0.54146624,0.5286571,0.50031394,0.5807821,0.6626969,0.6167524,0.63084656,0.6213841,0.59893185,0.6313551,0.5263209,0.4705198,0.48743045,0.51051706,0.50279593,0.4850297,0.46380585,0.44162688,0.46962002,0.443712,0.44717097,0.47496265,0.45639402,0.44092172,0.45456353,0.5254188,0.5051079,0.5297864,0.5211355,0.4994238,0.4748726,0.48933664,0.5383205,0.44001725,0.4304984,0.5569343,0.5946266,0.59142405,0.58077466,0.5859468,0.5109798,0.634832,0.65628576,0.61971855,0.62647736,0.6380531,0.6304588,0.6107103,0.5771978,0.5320507,0.59007406,0.62170655,0.46887296,0.46228465,0.47722036,0.54229593,0.50124705,0.5941372,0.50667125,0.596869,0.49840373,0.5777744,0.59468514,0.5581456,0.5985731,0.5424731,0.5299497,0.53675306,0.5738267,0.5177548,0.48379314,0.6033884,0.6561562,0.47471172,0.48723182,0.50344783,0.50309026,0.44592616,0.49792492,0.4616964,0.4700505,0.4909274,0.4381549,0.46309313,0.50628173,0.51121587,0.52597904,0.42470258,0.4335353,0.44030482,0.46303838,0.4617084,0.58254904,0.5526262,0.54600847,0.53170395,0.5213602,0.51973325,0.485324,0.49693754,0.5504321,0.5163286,0.5244255,0.506373,0.5961668,0.5509908,0.58592576,0.57820463,0.5445415,0.535378,0.47938266,0.4869153,0.45866102,0.474925,0.47264716,0.49418125,0.4977173,0.5018301,0.5512792,0.5888686,0.46856534,0.44803032,0.44721973,0.626913,0.65463793,0.66102654,0.4731966,0.4900189,0.48133472,0.5589212,0.46128398,0.42864427,0.45897242,0.4729694,0.48801607,0.624802,0.5875126,0.48327845,0.54420114,0.58364946,0.5304811,0.45468602,0.4991838,0.4940442,0.60174334,0.6206368,0.5265527,0.48023453,0.47214103,0.5072108,0.6150766,0.58977365,0.47563332,0.54509544,0.50386834,0.51032716,0.50734437,0.5370353,0.5294786,0.5115757,0.52336574,0.53518254,0.52140546,0.5276192,0.5333849,0.543937,0.542343,0.5325387,0.5261647,0.48887783,0.49176547,0.5249226,0.5308727,0.52836555
471,0.50377184,0.5046762,0.51881224,0.503061,0.49879116,0.5158889,0.5268443,0.5242126,0.5393812,0.42876846,0.42751044,0.4790791,0.50425464,0.5133822,0.52498335,0.5199393,0.4768719,0.503349,0.50510335,0.52944887,0.50322837,0.49506727,0.49454063,0.4957955,0.45816946,0.5244882,0.5115578,0.48712873,0.56576294,0.5988453,0.5794915,0.59452194,0.56732315,0.5714582,0.553133,0.53061557,0.44487837,0.47828543,0.5024252,0.50229245,0.49755818,0.45348808,0.44026488,0.47803745,0.42151856,0.46255618,0.46344662,0.46478432,0.4358899,0.42894712,0.5353913,0.505087,0.5328017,0.507941,0.4948605,0.47166494,0.49084535,0.52972656,0.4546336,0.43550307,0.53900826,0.57704836,0.575307,0.5378279,0.51387984,0.4579644,0.5891317,0.6114803,0.5599451,0.57178897,0.59546953,0.5430787,0.53874123,0.5212478,0.4926808,0.54786104,0.5886378,0.4475858,0.49559045,0.44867682,0.4540314,0.45688346,0.5433359,0.45373377,0.5378096,0.493756,0.5488298,0.53404367,0.61295456,0.6116119,0.5289069,0.51927537,0.5275532,0.5480133,0.43937412,0.47011214,0.5633647,0.61173445,0.46917397,0.49554667,0.48268872,0.49111733,0.4654318,0.5037595,0.44690296,0.4536953,0.47904977,0.42764494,0.41799518,0.49825114,0.4809088,0.48502487,0.40741783,0.4309968,0.4366457,0.42289484,0.43583432,0.52156466,0.56294227,0.54477096,0.545535,0.5104399,0.47157064,0.51084656,0.50676644,0.54831314,0.5017305,0.50113064,0.48697668,0.56966484,0.5269441,0.5641597,0.5478157,0.5227923,0.5127256,0.4624394,0.45331025,0.47835362,0.46745756,0.44774598,0.47713652,0.485426,0.47116265,0.5044664,0.53187823,0.46187362,0.42673373,0.40486053,0.59906924,0.5744805,0.6148688,0.4986121,0.5024614,0.5059928,0.5712057,0.51506865,0.46926817,0.49688894,0.48449823,0.51086825,0.5740779,0.5653473,0.49886546,0.54214597,0.5509456,0.53161585,0.44176587,0.51447934,0.43263975,0.55019903,0.56673557,0.49862668,0.49410534,0.5011899,0.5097028,0.5317591,0.5945144,0.48777136,0.4937883,0.4801701,0.49870747,0.44932902,0.5161682,0.4982412,0.4785868,0.49010885,0.49551073,0.5288992,0.54138553,0.41724977,0.44360492,0.4912899,0.49405515,0.5237987,0.53969264,0.5005702,0.48798162,0.48643023,0.4726979,0.4980462,0.46419424,0.47374743,0.4530356,0.46814448,0.4212038,0.5421911,0.51039475,0.49540982,0.57575023,0.6694092,0.5940641,0.64149654,0.5962707,0.5834702,0.6213878,0.5378703,0.45494515,0.46788275,0.51338196,0.5047243,0.48029038,0.45133632,0.4344942,0.4532756,0.4056189,0.4159361,0.4674587,0.46095148,0.43093365,0.4429265,0.53965974,0.51174855,0.54108363,0.5248298,0.49699998,0.47919253,0.4749105,0.5345936,0.41718462,0.41446045,0.53869325,0.6073398,0.60713315,0.5735458,0.55918825,0.47848895,0.65240806,0.6648073,0.61603767,0.63717645,0.6474629,0.6445269,0.61424387,0.5858976,0.52336895,0.59631664,0.6496515,0.45458293,0.46075445,0.45788065,0.5235588,0.4790512,0.6138254,0.49891204,0.63203245,0.4941575,0.57958585,0.5842689,0.57893586,0.6170497,0.5610318,0.52487534,0.5407459,0.5718797,0.50142556,0.46379623,0.61384237,0.6853862,0.47151923,0.49936846,0.5047569,0.49927732,0.43157127,0.5005154,0.46078786,0.46281025,0.49321544,0.43183002,0.45987734,0.49943393,0.5203801,0.5156196,0.40613168,0.42815265,0.4303684,0.45438704,0.45122993,0.582583,0.5495832,0.5486076,0.5358654,0.51393265,0.51393795,0.49766782,0.51014453,0.54773724,0.50769037,0.51833105,0.5143045,0.6018026,0.54762304,0.58909637,0.57902926,0.54815805,0.5312865,0.45477304,0.4647934,0.45948756,0.47353542,0.4627557,0.47706544,0.48544574,0.47620282,0.5551245,0.5907561,0.45770597,0.4461464,0.42378604,0.6496408,0.66003,0.6761974,0.47406211,0.49573967,0.48711672,0.5420765,0.47946694,0.4245873,0.47922614,0.48277897,0.4936446,0.6180034,0.56878763,0.48544073,0.5333516,0.576086,0.52815235,0.43878743,0.50662667,0.48717535,0.62361616,0.6518284,0.52537006,0.4774397,0.46733984,0.52429545,0.6100392,0.6041107,0.47365937,0.5472334,0.48562574,0.49921778,0.50067264,0.5376899,0.5252141,0.5033006,0.51747495,0.5312176,0.515143,0.52267253,0.5297428,0.5457214,0.54478025,0.53076065,0.5252223,0.47811526,0.479697,0.51449037,0.5247707,0.5251817
472,0.4742951,0.5111533,0.5203946,0.48992825,0.4849864,0.50533766,0.5271339,0.5357897,0.5510315,0.42212576,0.41607803,0.49063143,0.506378,0.4795861,0.49239334,0.5270904,0.4788263,0.5031489,0.50126654,0.5376653,0.5101673,0.4921948,0.4976266,0.4963092,0.47237206,0.54835343,0.4915532,0.49232826,0.53641754,0.58332896,0.5438518,0.5856571,0.528317,0.5455374,0.53457296,0.5335389,0.42573166,0.4513179,0.50071436,0.50422466,0.4900782,0.4454342,0.43201151,0.45745778,0.39027983,0.42791826,0.46553865,0.45926642,0.42787415,0.39958584,0.554171,0.5179336,0.54487735,0.5144302,0.49246648,0.47969118,0.4901491,0.52210575,0.4305754,0.41739863,0.5231394,0.56989086,0.5801037,0.50923365,0.48330656,0.43427435,0.595983,0.6012914,0.56146604,0.5965748,0.60121167,0.5259876,0.5331044,0.5205559,0.5111671,0.56880474,0.60362285,0.42851517,0.51863736,0.43231016,0.45587993,0.44345057,0.52782613,0.42716786,0.5336952,0.485394,0.56204474,0.5339557,0.6155197,0.6278671,0.52800477,0.50864553,0.5272089,0.5529398,0.4201099,0.4504601,0.55001545,0.60622305,0.47078928,0.51062506,0.49411678,0.49765062,0.46710697,0.52445537,0.4544857,0.4486482,0.49452978,0.4182576,0.40746146,0.4945614,0.48327065,0.4759201,0.3915566,0.4216542,0.42695227,0.41042262,0.4235822,0.5126141,0.54916775,0.54099244,0.5388516,0.49835083,0.48198202,0.5394457,0.53257287,0.53537947,0.48056245,0.51125157,0.5111627,0.5783562,0.5319969,0.5762373,0.5412192,0.5213333,0.50612646,0.44339922,0.43322054,0.4614445,0.48243386,0.43783352,0.46191418,0.47163013,0.440612,0.48128772,0.5092576,0.4369433,0.4272576,0.37232503,0.59920233,0.5775,0.5971297,0.50510156,0.505802,0.506622,0.5436532,0.5266458,0.46981484,0.5042685,0.48514313,0.508765,0.5658383,0.53140604,0.49884498,0.53109604,0.5397772,0.52315795,0.42744935,0.5293352,0.4265608,0.53714585,0.57518065,0.51139987,0.506021,0.5181451,0.54219514,0.525673,0.604635,0.48766917,0.48627818,0.467728,0.46974465,0.45411772,0.5228125,0.48489702,0.46289065,0.4805504,0.4864643,0.5415553,0.55462444,0.39949322,0.427559,0.48485208,0.48869523,0.49416122,0.5109033,0.5040758,0.5007252,0.48924127,0.4719367,0.50246966,0.4743975,0.47115228,0.45953897,0.46673965,0.4075252,0.54323125,0.48581716,0.48747113,0.5578531,0.6664677,0.56120765,0.63449126,0.5691631,0.551125,0.5964156,0.5536539,0.44186607,0.44379267,0.51950043,0.5117431,0.47743806,0.44599137,0.42688063,0.43128425,0.37507245,0.39259785,0.4715713,0.46160167,0.42852175,0.43540433,0.5574145,0.5212968,0.555358,0.5322239,0.49704602,0.48880208,0.46175507,0.52515113,0.3960629,0.39599934,0.5148345,0.6057108,0.61247826,0.5531536,0.5255378,0.44963315,0.654321,0.6596309,0.61339855,0.6423594,0.65269387,0.6440681,0.6086647,0.58767146,0.5174293,0.6004109,0.666401,0.43888447,0.46444744,0.43589938,0.50272775,0.4495819,0.6138745,0.47542906,0.6448921,0.4768331,0.5708792,0.5756272,0.5789936,0.63068086,0.5661851,0.51482403,0.54502976,0.569647,0.47349823,0.44706845,0.6034889,0.69660175,0.46943772,0.5184084,0.5144664,0.5030419,0.43050426,0.51463383,0.47252268,0.4587446,0.5039106,0.422177,0.45140275,0.49389425,0.52256113,0.5008786,0.3901278,0.4229967,0.42743367,0.45854422,0.45081103,0.5783472,0.5439191,0.5470796,0.53449607,0.5081493,0.5067544,0.52361745,0.5303975,0.53931355,0.5006577,0.5160816,0.52328867,0.6049444,0.5450164,0.58901316,0.56863546,0.5479341,0.52700317,0.42965436,0.4426363,0.46399775,0.47307768,0.4517555,0.45773014,0.4688694,0.4498772,0.54325175,0.5732144,0.4445526,0.45872888,0.40241107,0.65335727,0.6533694,0.6722536,0.4676114,0.49490336,0.4891505,0.5251841,0.4871028,0.42618796,0.490931,0.48161873,0.49376628,0.59427106,0.5344661,0.48802924,0.5248938,0.56642604,0.52581877,0.42772982,0.5213818,0.47751173,0.62248665,0.6660286,0.52497053,0.48799574,0.47715476,0.5507695,0.6023366,0.6093042,0.4764678,0.5381135,0.46304727,0.4892557,0.49220964,0.5384154,0.52478725,0.4937111,0.5079046,0.52060205,0.5055162,0.5171868,0.52492267,0.54417235,0.54341346,0.5282964,0.5255162,0.47023648,0.4693895,0.502917,0.51613253,0.5181716
473,0.4397489,0.508983,0.5152276,0.4689561,0.46289045,0.48473126,0.5167899,0.5505168,0.56457734,0.4176527,0.40902323,0.50462246,0.4971155,0.43952206,0.45179823,0.5215822,0.48425904,0.50288635,0.48947844,0.52842677,0.50644433,0.483486,0.49298504,0.50986814,0.49190745,0.5762109,0.47528392,0.5050324,0.49539226,0.56312007,0.50432914,0.5669038,0.48714593,0.5125955,0.5156764,0.538042,0.41569355,0.42710614,0.5032491,0.51206833,0.4849855,0.4508041,0.42547736,0.43741134,0.3713086,0.4066119,0.482264,0.45166665,0.43207854,0.38313937,0.5766369,0.53785455,0.5600161,0.52526116,0.49466848,0.49666828,0.49714065,0.515942,0.40852165,0.40099037,0.509676,0.56064594,0.57812226,0.48151746,0.45666564,0.41999125,0.60034573,0.58295244,0.57151675,0.6254323,0.60306895,0.5102124,0.5285206,0.5176094,0.5364103,0.59588885,0.6167437,0.4155555,0.5477576,0.42229572,0.46701473,0.43200344,0.5059156,0.3978375,0.51674414,0.47072586,0.58334625,0.54141295,0.6051126,0.64013803,0.51994264,0.4964684,0.5276883,0.56045914,0.40547785,0.44034642,0.5270589,0.5897819,0.47665915,0.5338293,0.5173999,0.51483804,0.48135155,0.55724394,0.47796282,0.45277122,0.51991004,0.40963066,0.39970493,0.49375013,0.4830043,0.4690594,0.38270655,0.41604376,0.43157154,0.41735592,0.42765093,0.50238496,0.53188217,0.5336151,0.5258854,0.4903989,0.49826476,0.5803543,0.56042063,0.5223289,0.46796146,0.5256061,0.5400697,0.587199,0.5403637,0.5954335,0.53258896,0.5202062,0.502964,0.4300377,0.4223387,0.4530331,0.5011715,0.43479574,0.453592,0.46021664,0.4210895,0.4515928,0.4803971,0.4181275,0.4441559,0.35194927,0.58887994,0.5829127,0.57156545,0.5058873,0.5065349,0.5045954,0.5162905,0.5267456,0.47491145,0.5027077,0.47757953,0.5065566,0.5557462,0.48842856,0.5020273,0.51871467,0.5279218,0.5119781,0.42085475,0.5516032,0.42415848,0.516341,0.57808805,0.5257565,0.5313542,0.54787046,0.5841169,0.5276792,0.6093068,0.49271592,0.4768265,0.45664322,0.43557835,0.457189,0.52533835,0.46385345,0.44007725,0.46334022,0.47111782,0.55680573,0.5718801,0.38490635,0.415232,0.4755765,0.47210798,0.45687076,0.47177964,0.49923918,0.5151168,0.49279484,0.46612626,0.49404854,0.48181504,0.46162155,0.4660027,0.48124266,0.39858118,0.5434894,0.46188432,0.48073882,0.5321344,0.6555262,0.52363366,0.61123395,0.5444854,0.50773597,0.5608093,0.57370955,0.437095,0.42184323,0.5311616,0.52504605,0.47958866,0.45301023,0.42149806,0.40918177,0.3607418,0.38558006,0.49195948,0.46350223,0.44014153,0.43744344,0.5794074,0.53631157,0.5726685,0.545097,0.50167614,0.50500035,0.45476303,0.511478,0.3820178,0.38038674,0.48928583,0.58913517,0.6062389,0.52243483,0.49090752,0.42943478,0.64122105,0.6421674,0.612886,0.6420265,0.6532898,0.6293403,0.5956512,0.58136207,0.513952,0.60155314,0.6709931,0.42558426,0.47404376,0.4164202,0.48332193,0.41826287,0.5945893,0.4418371,0.6345151,0.45017084,0.5534892,0.5706451,0.5587282,0.63823295,0.55778486,0.50119334,0.5495889,0.56706405,0.44090703,0.43986818,0.5739189,0.6892835,0.47072962,0.5441583,0.5337773,0.51685655,0.44685173,0.5419337,0.4978702,0.4617754,0.52492756,0.4119762,0.43999663,0.49213937,0.51638335,0.48444858,0.38084912,0.42202923,0.435287,0.47903132,0.4646568,0.5704149,0.537707,0.542607,0.5294066,0.5056121,0.5005488,0.5636764,0.5571184,0.52828115,0.49943796,0.5192508,0.53292435,0.6062333,0.54413456,0.5862164,0.5494655,0.5443173,0.5235837,0.4102531,0.42572698,0.4757857,0.47512728,0.44411564,0.44294932,0.45372766,0.43147147,0.5175194,0.538727,0.4355893,0.48713744,0.38917723,0.63827914,0.63706124,0.6506483,0.45906493,0.4893877,0.4900118,0.51320755,0.48656487,0.43816105,0.49704868,0.474636,0.49121004,0.55823934,0.49170077,0.49359387,0.51993275,0.55704594,0.5228363,0.42586964,0.5441233,0.46603274,0.5990327,0.66164,0.52538544,0.51427937,0.504657,0.5862889,0.5936256,0.6049929,0.48596662,0.5180297,0.4394195,0.48194996,0.48336726,0.53931844,0.5284289,0.48450056,0.4962561,0.50604004,0.4951873,0.5122035,0.5200584,0.54020774,0.53952795,0.5257752,0.527236,0.46727487,0.46329948,0.49252644,0.5066739,0.5093003
474,0.40824568,0.50326765,0.50652623,0.44697177,0.4399844,0.46118852,0.5010463,0.56707716,0.5792567,0.4184007,0.4096767,0.5182532,0.48390526,0.40118128,0.41067988,0.5093022,0.49594828,0.50390375,0.47653973,0.5090636,0.49757424,0.47357076,0.4855488,0.5352614,0.5142436,0.60170734,0.4673467,0.5240947,0.45178854,0.54219323,0.46764195,0.54317296,0.45128372,0.47953787,0.50078493,0.5456635,0.41995987,0.4124823,0.5122531,0.5260472,0.48538813,0.47204202,0.42422122,0.4236558,0.3703959,0.4034149,0.5131338,0.44785494,0.4509598,0.3836446,0.6004123,0.56342113,0.57701373,0.54063874,0.50293064,0.5213243,0.51159096,0.51098704,0.3945857,0.39135468,0.5007936,0.5507501,0.5686005,0.46028948,0.43890277,0.41746482,0.60248274,0.5611485,0.5881462,0.6529968,0.60179013,0.4989858,0.5250921,0.51169884,0.562419,0.6224285,0.6267143,0.4113087,0.57593733,0.418825,0.48454624,0.42369035,0.48166454,0.37420377,0.49000803,0.45413563,0.6083594,0.5540388,0.5841199,0.6463563,0.5070373,0.4852897,0.5290644,0.5682438,0.39862064,0.44312796,0.498902,0.56601477,0.48937684,0.5625703,0.54995143,0.5409383,0.50805885,0.5974464,0.5149712,0.46676755,0.5532459,0.4053289,0.39756075,0.49672192,0.47826913,0.4657537,0.38594177,0.41925338,0.45158225,0.44458154,0.44885942,0.4931071,0.5139943,0.5244898,0.5104782,0.48806754,0.518537,0.62787414,0.58707154,0.51193774,0.46626127,0.54266304,0.56853276,0.5951832,0.5509189,0.61926,0.52410215,0.5203482,0.5032507,0.42439574,0.42253307,0.4554124,0.5224052,0.441594,0.4552431,0.4550949,0.41759714,0.4205333,0.44946095,0.41036895,0.47614384,0.34834835,0.57059675,0.59030515,0.542874,0.50500095,0.50735384,0.5025504,0.49358225,0.5198956,0.48701063,0.4986744,0.46806455,0.5071258,0.54633415,0.44663247,0.50908726,0.50772035,0.5189398,0.4998671,0.42428893,0.5782573,0.4251626,0.49104118,0.57435983,0.54017645,0.5673582,0.5869899,0.6292817,0.53753376,0.6092527,0.50456876,0.46683726,0.44882393,0.40468112,0.4629069,0.52555406,0.44185695,0.4183032,0.44592702,0.4558287,0.573294,0.5912852,0.37976453,0.41083017,0.4657172,0.45270392,0.4202169,0.4300319,0.49229047,0.5326867,0.49821854,0.4620464,0.47952446,0.49075887,0.45224863,0.47605917,0.5105,0.3993997,0.54161865,0.44535694,0.47906542,0.5044847,0.6391429,0.48833165,0.5769607,0.5268724,0.46312383,0.5224588,0.5959447,0.44509664,0.40889078,0.54923695,0.54387105,0.489221,0.474576,0.42119783,0.39377293,0.3677986,0.39842215,0.5280064,0.47145,0.46856114,0.450998,0.60362685,0.5568553,0.5910363,0.5631165,0.5122575,0.52676886,0.4577832,0.49583617,0.3794709,0.37324774,0.46785623,0.5605644,0.58829796,0.48805386,0.46299657,0.4217195,0.61721766,0.61690056,0.61492175,0.6373479,0.6499136,0.6043428,0.57793826,0.56677336,0.5122139,0.5992091,0.66403544,0.41804174,0.4876373,0.40348607,0.46810803,0.39147857,0.5595045,0.40827653,0.60272837,0.42187634,0.53242916,0.5707603,0.524021,0.63846505,0.5388766,0.48680454,0.5539248,0.5636967,0.41102973,0.4462853,0.5310399,0.6657241,0.477501,0.5729566,0.56056327,0.5395114,0.48105857,0.57913005,0.53394437,0.47296032,0.55502737,0.40471148,0.42912537,0.49547115,0.5019464,0.4699001,0.38284215,0.42942464,0.4549696,0.51396555,0.4920822,0.5601181,0.5323242,0.5365077,0.5231328,0.5067938,0.49771962,0.6126997,0.5866904,0.51829517,0.5061627,0.52765185,0.54136723,0.6065355,0.54562026,0.5822274,0.5260373,0.5386398,0.5215318,0.40151134,0.41810864,0.49615806,0.4802741,0.44344273,0.43830183,0.44504365,0.42719248,0.4823908,0.4931398,0.43552333,0.52790576,0.388837,0.607949,0.6161448,0.6162034,0.45443124,0.48272663,0.49311662,0.5088878,0.48345202,0.4626047,0.50241315,0.46843562,0.48974833,0.5178911,0.45097792,0.50356704,0.51926565,0.5510648,0.518665,0.43581668,0.5715741,0.45411125,0.5586431,0.63952214,0.52623916,0.5537747,0.5478485,0.6264984,0.5859571,0.5924259,0.5021152,0.48989412,0.41921476,0.47854075,0.476006,0.54027677,0.53486437,0.4772664,0.48459485,0.4918258,0.48730054,0.50882185,0.516368,0.53521675,0.5346907,0.52406454,0.5301372,0.47042882,0.46330962,0.48545456,0.49848172,0.5011769
475,0.38768265,0.50045145,0.4991142,0.43172628,0.4246324,0.4434329,0.48722494,0.5837655,0.5938827,0.42558298,0.41988176,0.5287316,0.4749291,0.37128627,0.37541938,0.49740654,0.51330906,0.50785065,0.46906036,0.4895555,0.49095762,0.468397,0.48178306,0.56784904,0.53584015,0.618678,0.46835124,0.54561603,0.41456,0.52341974,0.44059083,0.5202668,0.42718804,0.4522537,0.49089408,0.5568804,0.43999118,0.4118731,0.5279417,0.5445178,0.49305117,0.5057076,0.43073857,0.42100754,0.38857275,0.41641492,0.5513149,0.45172396,0.48095217,0.39899895,0.62184274,0.59009266,0.59394294,0.5585774,0.51755977,0.5492829,0.5308373,0.5071708,0.39307967,0.39245176,0.49799517,0.5420383,0.55217534,0.45034072,0.4337216,0.42814294,0.6020526,0.54170316,0.6067852,0.67329705,0.5987808,0.49538454,0.52153206,0.50263387,0.5822167,0.64101124,0.63169676,0.41630045,0.5954778,0.42055148,0.5022657,0.41957802,0.46027824,0.36363366,0.45936888,0.4412921,0.6299761,0.568078,0.5573012,0.64430106,0.49265847,0.47822952,0.5308142,0.57271,0.39868626,0.45832837,0.47058803,0.5413787,0.50984496,0.5919923,0.58540666,0.5712828,0.5432257,0.637636,0.5585318,0.4876678,0.5898126,0.40869242,0.40333003,0.50308543,0.46915272,0.4664137,0.40395296,0.43405628,0.48265976,0.48584914,0.4811288,0.4876162,0.49895832,0.51658386,0.49821115,0.49188414,0.539239,0.6732477,0.60914236,0.50693387,0.47493297,0.5594485,0.5903596,0.5996349,0.5615558,0.64269966,0.51753867,0.5221053,0.5064353,0.42766693,0.43278566,0.46679735,0.54384655,0.45817405,0.46683553,0.45807317,0.4296226,0.39239305,0.4201765,0.41410542,0.5165791,0.36246082,0.5478139,0.5966433,0.51583594,0.5064446,0.51115537,0.502933,0.4789661,0.5130702,0.5051866,0.4980003,0.46287358,0.5122861,0.5367372,0.41506466,0.51934856,0.5010192,0.5156911,0.48898888,0.43794405,0.6037045,0.42926362,0.46516082,0.56418455,0.5529422,0.6077511,0.6283239,0.6696165,0.552805,0.6049328,0.52254957,0.45882925,0.445977,0.3851826,0.4748863,0.5264565,0.42683914,0.40614688,0.43632478,0.44737306,0.589389,0.6103021,0.38768798,0.41671214,0.45855045,0.43971923,0.39104885,0.3924001,0.48958007,0.5518487,0.5063744,0.46514773,0.46731114,0.5053725,0.45038518,0.49199325,0.5487051,0.4126944,0.5371185,0.4395371,0.4845075,0.47892588,0.61974066,0.46183497,0.5395978,0.5192007,0.42683947,0.48921633,0.6175714,0.4665355,0.40860465,0.572561,0.5659026,0.5066757,0.507216,0.4278325,0.39029074,0.3948398,0.42679495,0.57125866,0.48697174,0.50904036,0.47228035,0.62631875,0.57989186,0.6078925,0.58334416,0.5288703,0.5507385,0.47141534,0.481279,0.3896935,0.3782647,0.45591718,0.52689815,0.5607628,0.45870915,0.44887576,0.42898384,0.5891005,0.5908404,0.6189691,0.6305014,0.6438182,0.5762706,0.5586223,0.5456673,0.5118012,0.59381545,0.64769554,0.41764066,0.50199157,0.39883918,0.45897946,0.37471658,0.51590115,0.38494414,0.5552228,0.40060452,0.5146284,0.5761511,0.4849014,0.6303409,0.5148492,0.47555825,0.5571513,0.5589437,0.38836595,0.465292,0.4843783,0.63162094,0.49107093,0.59924895,0.58965814,0.56664264,0.52784985,0.61894333,0.5739712,0.48964763,0.5895688,0.40341413,0.42225626,0.5033575,0.4818282,0.46036252,0.39875275,0.44722927,0.48298198,0.5545315,0.52551234,0.5494064,0.5284559,0.53086615,0.51891285,0.5112247,0.49986508,0.6611294,0.6141203,0.5125312,0.5197227,0.5397601,0.54653066,0.6059761,0.5494963,0.57885945,0.5039302,0.5326628,0.52100176,0.40551633,0.42089605,0.5222535,0.4886457,0.45117944,0.4460648,0.4450582,0.43715385,0.44385004,0.44482544,0.44469354,0.572315,0.4022402,0.569232,0.5964538,0.5766623,0.45794645,0.47935435,0.50084025,0.51185316,0.48470762,0.49641675,0.510697,0.46834677,0.49251667,0.48090225,0.42143,0.5174018,0.52301204,0.55101025,0.51322585,0.4569097,0.5979456,0.44382393,0.5117218,0.60403526,0.527057,0.5989162,0.59854263,0.6645425,0.58097947,0.57439107,0.52245295,0.45954546,0.4067357,0.47973698,0.47196054,0.5415585,0.54241,0.47321784,0.4750976,0.48193032,0.4841345,0.5078008,0.51464385,0.53128743,0.5309508,0.5235674,0.53342897,0.47963917,0.4699031,0.48314238,0.49354658,0.4961974
476,0.3832233,0.5057297,0.49918213,0.42928585,0.42290887,0.43822747,0.4816356,0.59915674,0.60767263,0.4389487,0.4393753,0.53458107,0.47638834,0.35560408,0.35269353,0.49309853,0.5322395,0.5155054,0.47151327,0.47928637,0.49228424,0.47222763,0.48739165,0.60188395,0.5535355,0.6230449,0.4773162,0.5657867,0.39200157,0.50935835,0.42942205,0.5040052,0.41970664,0.4348887,0.48569188,0.57151705,0.4728126,0.4266449,0.5484764,0.56474775,0.50799537,0.54287946,0.4454207,0.43134972,0.4216656,0.43883052,0.5854645,0.46435982,0.513266,0.42211556,0.63791764,0.6121284,0.6092193,0.5754925,0.537055,0.5735888,0.55037415,0.5049319,0.4058106,0.40642267,0.50173354,0.536817,0.53211725,0.45517066,0.44311658,0.45085016,0.59804404,0.52974284,0.62188077,0.68046576,0.59565264,0.50027996,0.5180679,0.4908433,0.58989626,0.64561224,0.6286942,0.4282899,0.6010099,0.4262303,0.5141214,0.42053303,0.4466492,0.37012702,0.43296257,0.43813765,0.64117324,0.5795066,0.53137565,0.6331771,0.48105356,0.47733936,0.53193283,0.57080126,0.40322694,0.48148528,0.44791415,0.5230988,0.53622764,0.6169308,0.6163536,0.6006183,0.5804254,0.67138094,0.5993906,0.51070124,0.6234453,0.42194417,0.4183891,0.5117023,0.45964578,0.47163418,0.4346475,0.46000323,0.5154034,0.5280985,0.5124989,0.4880814,0.49006385,0.5129848,0.4950405,0.50085396,0.5566992,0.70883507,0.6247163,0.50987256,0.49167633,0.5734575,0.601265,0.5974932,0.56985414,0.65941125,0.5138563,0.5248962,0.5115667,0.4393868,0.4494826,0.48248008,0.5633629,0.48159873,0.48643395,0.47009918,0.45304763,0.37142295,0.39718464,0.4268024,0.554591,0.39131203,0.52502,0.59823436,0.4953787,0.5138995,0.5203643,0.50758827,0.4753874,0.51227224,0.5251316,0.50354016,0.4671502,0.5226978,0.52568644,0.40045092,0.531122,0.5007016,0.5195122,0.48151523,0.4604534,0.62315786,0.43678796,0.44409707,0.5486639,0.56267977,0.645455,0.6647532,0.6985845,0.5697723,0.5962599,0.5441077,0.45657888,0.45079887,0.38233942,0.49407616,0.53215593,0.4251751,0.40920815,0.43972632,0.45035636,0.6035863,0.6269674,0.40898278,0.4327061,0.45768633,0.44035697,0.37517586,0.36580372,0.49548954,0.56823087,0.517039,0.47784525,0.46419495,0.525928,0.4603806,0.5138871,0.58827776,0.43812016,0.53087044,0.44529822,0.49787965,0.45872697,0.60009146,0.44994533,0.50823706,0.5218557,0.40513924,0.46763256,0.6360298,0.4978257,0.42146912,0.5978999,0.5875374,0.52951306,0.54211414,0.44147974,0.4010003,0.43385693,0.46067956,0.6078032,0.5075676,0.54997194,0.49351743,0.64370203,0.60043883,0.6213658,0.6003884,0.54938823,0.57137084,0.492778,0.47127068,0.41119862,0.39657387,0.4573529,0.49786955,0.5291476,0.4433653,0.4524263,0.45014602,0.56401837,0.5714964,0.6235212,0.6228989,0.6365523,0.55236375,0.5417459,0.5220147,0.5125928,0.58583134,0.62494975,0.42322716,0.5148947,0.40313464,0.45685017,0.371418,0.47432348,0.37909698,0.503344,0.39407238,0.5055422,0.58456296,0.4540663,0.61475605,0.49253038,0.47011438,0.55817866,0.5525482,0.37547088,0.49068898,0.44459113,0.595611,0.51110756,0.6180977,0.6148653,0.5931404,0.57762957,0.65399957,0.6092054,0.5076165,0.6218985,0.4107825,0.42264897,0.51354903,0.46226713,0.45903534,0.42743558,0.47416013,0.51166356,0.58752626,0.5527483,0.5402552,0.5270961,0.5283805,0.520074,0.5176097,0.50730217,0.7000363,0.6348049,0.51353157,0.53713953,0.5535353,0.54810256,0.60406375,0.5547857,0.5771878,0.48810115,0.5277695,0.5221388,0.421122,0.43206644,0.547443,0.5004541,0.4666866,0.4654499,0.45469895,0.45650747,0.409102,0.40372804,0.45995587,0.6087029,0.42600682,0.531743,0.5824269,0.5412499,0.47152442,0.483479,0.5135033,0.52040386,0.494923,0.53110296,0.5224139,0.47744393,0.50132537,0.45429292,0.40883654,0.5329701,0.52983636,0.55696416,0.50726146,0.48549882,0.61820066,0.43819165,0.4721065,0.5631411,0.5274054,0.64070106,0.64626914,0.6940174,0.57970446,0.5546568,0.54323167,0.43606058,0.40612745,0.48534513,0.4724787,0.5434598,0.54937124,0.4728806,0.46965608,0.47855917,0.4862079,0.5092779,0.51504904,0.530375,0.5303013,0.5237426,0.535905,0.49300504,0.48145565,0.48591954,0.49302822,0.4959172
477,0.39614177,0.52076733,0.51126444,0.44179103,0.43628836,0.44750154,0.48649764,0.6113221,0.61929244,0.4570292,0.46545067,0.5346598,0.49042168,0.36009336,0.35057694,0.5011784,0.54793984,0.52538365,0.48477474,0.48375905,0.5028949,0.48532754,0.5045762,0.63216716,0.56478876,0.61260486,0.49458617,0.5825685,0.39133096,0.50315934,0.43738288,0.50069886,0.43183717,0.4308967,0.48726183,0.5886807,0.51279336,0.45600352,0.57113695,0.5837205,0.5287194,0.5747967,0.46599066,0.45306435,0.46289554,0.46369922,0.6061393,0.48473763,0.5392414,0.4457248,0.64657336,0.62508523,0.6211039,0.5875151,0.55795276,0.5872044,0.5657509,0.5043114,0.4327443,0.43320054,0.5115031,0.53748083,0.5128388,0.4765398,0.46666393,0.48046514,0.58968985,0.5279165,0.6294779,0.6700238,0.59356743,0.5115704,0.51720244,0.4761826,0.5813079,0.63272923,0.6142787,0.4429898,0.5902072,0.43429753,0.516263,0.42602965,0.4431141,0.39459425,0.41835722,0.44943768,0.6377266,0.5848118,0.51342803,0.6148636,0.4772152,0.4822477,0.5315084,0.5619029,0.4108589,0.50629187,0.43599108,0.5160363,0.56403005,0.633202,0.63712364,0.62433445,0.6134326,0.6946855,0.63010687,0.53203255,0.6482042,0.44520897,0.44274008,0.5213116,0.45596585,0.48351294,0.47171903,0.494234,0.5401154,0.55836964,0.5318457,0.49458635,0.4891191,0.515238,0.50372475,0.51208895,0.56779736,0.73045695,0.63299155,0.52095044,0.51272976,0.5831454,0.5995249,0.5874508,0.57359725,0.6641345,0.51297355,0.5278717,0.5172913,0.45700887,0.46785775,0.49766067,0.57928526,0.5080049,0.5116324,0.49147722,0.4830993,0.36218044,0.38565058,0.44532385,0.58012056,0.4297879,0.5072945,0.5932222,0.48570684,0.5294439,0.5354729,0.51648754,0.4835271,0.5195549,0.54216325,0.5152661,0.48393333,0.5373538,0.5157025,0.4076592,0.54195607,0.5071629,0.5298163,0.47948444,0.48948145,0.63415104,0.44783553,0.4334603,0.5286109,0.5680755,0.6747773,0.6916716,0.7127026,0.5841128,0.5835271,0.5661559,0.4637102,0.46701473,0.397493,0.5184405,0.54519534,0.43915394,0.42843863,0.45673218,0.46527475,0.613789,0.6393544,0.44107723,0.45593646,0.46471563,0.45743337,0.37857375,0.35825384,0.51093626,0.5776654,0.5285058,0.49926925,0.4731745,0.5486842,0.4823416,0.53949755,0.6228802,0.473127,0.5238451,0.46299058,0.5192337,0.44738144,0.5835065,0.45561153,0.49182254,0.53305185,0.4014384,0.4634292,0.6489439,0.53340137,0.4468201,0.62131274,0.6046718,0.55359155,0.5705766,0.46014413,0.42518297,0.47468883,0.49055246,0.62679464,0.5288597,0.5802827,0.50791246,0.6529626,0.6141094,0.6298802,0.60872597,0.5697341,0.5826956,0.51791185,0.46871492,0.44143394,0.42701164,0.47493866,0.48274,0.5005552,0.4491634,0.47249904,0.47897756,0.54707146,0.56360716,0.62663805,0.614141,0.62985575,0.5371579,0.5316108,0.49994463,0.51355225,0.57402986,0.59866863,0.43204892,0.5251935,0.41641492,0.46049008,0.3827053,0.444661,0.3946449,0.4615703,0.40801066,0.5066368,0.5914368,0.4436495,0.59564155,0.4791474,0.47027704,0.55612344,0.545053,0.37438086,0.5146889,0.41926616,0.566117,0.53481823,0.62629914,0.63119656,0.6147138,0.62127376,0.6794818,0.63266283,0.52397794,0.6459175,0.42870438,0.43299118,0.5232891,0.45125547,0.46957785,0.4640212,0.50620955,0.533055,0.60239995,0.5638453,0.5338176,0.5294263,0.53099066,0.5276567,0.5237507,0.5186917,0.72471863,0.6453978,0.521854,0.5547427,0.56629485,0.5471896,0.60057515,0.5595316,0.5769499,0.48121798,0.52450347,0.52485454,0.44471702,0.44814962,0.5651662,0.51527756,0.48822293,0.4935863,0.47424164,0.4794384,0.38514695,0.37839893,0.47738063,0.62768227,0.45514706,0.5050786,0.5756905,0.5175709,0.49502942,0.49680287,0.52919453,0.53194636,0.51438695,0.5580097,0.5357032,0.49663547,0.5156454,0.4448187,0.41562206,0.547476,0.5373074,0.5660637,0.50235945,0.5168846,0.6295184,0.43950608,0.45161155,0.5257098,0.5268843,0.67266536,0.68333745,0.7109744,0.5818792,0.53677857,0.561224,0.42892724,0.421644,0.4945909,0.47815228,0.5456561,0.55399126,0.47598904,0.46941814,0.4821773,0.4926999,0.5128404,0.5172103,0.5330183,0.5334931,0.5238275,0.53637135,0.5072069,0.4948496,0.4930581,0.49693096,0.50076616
478,0.42492673,0.5442072,0.5356225,0.46804616,0.46287122,0.46945822,0.5002123,0.6178797,0.62658304,0.4773144,0.49329177,0.52854866,0.5158664,0.38882816,0.3752027,0.5228528,0.55681306,0.5347295,0.50654507,0.5037492,0.52077013,0.5046772,0.531985,0.6529882,0.56770587,0.5873031,0.52048105,0.5949716,0.41710445,0.50741464,0.46354362,0.5144161,0.46347284,0.44293913,0.49850097,0.6063949,0.5530826,0.49664405,0.59337634,0.59863496,0.5523359,0.59682363,0.48839682,0.4818486,0.5047432,0.48573408,0.60939157,0.50999624,0.5535388,0.4647795,0.6468752,0.62731934,0.6273562,0.5923491,0.57594013,0.5855439,0.5742344,0.50532633,0.47165853,0.4698797,0.52522194,0.5452085,0.49824107,0.51293623,0.50079757,0.50983274,0.57759845,0.5368153,0.6274016,0.64034265,0.5929149,0.5263383,0.52129936,0.4589903,0.55531937,0.60185355,0.5875146,0.45600432,0.5643902,0.4431796,0.50799215,0.43506032,0.45013154,0.43502817,0.42063627,0.47634333,0.61882955,0.5814852,0.50843155,0.5925935,0.48484737,0.49137208,0.52918345,0.5472943,0.42163497,0.526847,0.43865222,0.522408,0.5873786,0.63811135,0.64474094,0.6385187,0.6369663,0.7045086,0.64631647,0.5494695,0.6598853,0.4756485,0.4739241,0.53077775,0.46226376,0.5033435,0.5069834,0.5318303,0.5509179,0.5694345,0.53322685,0.505172,0.49596575,0.5232596,0.5228329,0.52217394,0.5708802,0.7358781,0.6340038,0.5373386,0.5330807,0.5878515,0.5859709,0.57087475,0.57126063,0.6542275,0.51488006,0.5304908,0.52224225,0.47706234,0.48419854,0.5091294,0.59055066,0.5341232,0.53946096,0.52018344,0.514647,0.36851853,0.3902376,0.46656328,0.5875481,0.47139713,0.4992809,0.5822523,0.48952773,0.55243015,0.55434,0.5276244,0.5006873,0.5339104,0.5533332,0.5315438,0.51317275,0.55320907,0.5112497,0.43910506,0.54927665,0.5191399,0.5444571,0.4843156,0.5212827,0.6356419,0.46132895,0.43668315,0.50616413,0.56795883,0.6907787,0.7057175,0.7107833,0.5919199,0.5683112,0.58554476,0.48173657,0.49585757,0.42895457,0.544353,0.5646942,0.4671521,0.46133372,0.4842826,0.4888898,0.61749446,0.64530504,0.47855544,0.48077542,0.47833627,0.48931518,0.40531972,0.3753874,0.5339577,0.57724625,0.5382536,0.525632,0.49335623,0.56863,0.5123912,0.5652139,0.6467771,0.512509,0.516174,0.4916172,0.54667586,0.4472514,0.57231677,0.47764534,0.4961231,0.54948044,0.417626,0.47961652,0.65435946,0.56749815,0.48244655,0.639661,0.6142031,0.5747102,0.58804524,0.480382,0.45893478,0.5087688,0.5091324,0.6244807,0.5464064,0.59386957,0.5110519,0.6527315,0.6188024,0.6316916,0.60558236,0.5854667,0.5808358,0.54322666,0.47529402,0.47676572,0.46567044,0.508402,0.48649207,0.48041928,0.4784787,0.50363594,0.50689745,0.5402308,0.56765676,0.6255607,0.60274583,0.6241202,0.53233695,0.53011817,0.4818095,0.51237106,0.5556709,0.5717122,0.440809,0.5319419,0.436766,0.46672443,0.40719128,0.43291482,0.43142375,0.44157672,0.44365636,0.51564157,0.5917033,0.46033323,0.5775087,0.47948933,0.47455144,0.55083966,0.53682053,0.3858678,0.53056866,0.41196507,0.54869336,0.55743116,0.6225531,0.6357815,0.6278923,0.6520486,0.69237524,0.6406657,0.537527,0.65747625,0.4562833,0.45371914,0.53087807,0.45383736,0.4932327,0.5011441,0.53782886,0.5422152,0.59476966,0.5542119,0.5304505,0.53575677,0.53929406,0.53999865,0.5273022,0.5316714,0.7331739,0.64427185,0.53545624,0.56831044,0.5750518,0.5448735,0.59513766,0.56151,0.5766599,0.4835545,0.5228864,0.5286581,0.4713609,0.46516693,0.5711786,0.5314326,0.51271325,0.5253018,0.5013467,0.5007724,0.3764399,0.37394935,0.49300092,0.624475,0.48414293,0.49531388,0.5751816,0.50955504,0.52623534,0.5173379,0.5441039,0.5430677,0.54010594,0.57219756,0.5477433,0.5244455,0.5320933,0.45618644,0.44124085,0.5579855,0.5430267,0.5741352,0.5005611,0.54600304,0.6305063,0.44726953,0.45588377,0.49852362,0.5252294,0.6905249,0.7049741,0.71338683,0.58596826,0.5230266,0.57424265,0.44347027,0.45502436,0.50669384,0.489051,0.5473896,0.555002,0.48205015,0.4748823,0.49200225,0.50247025,0.5178146,0.520659,0.538692,0.5401648,0.5238695,0.53431326,0.5189557,0.50698894,0.50328803,0.5044105,0.510222
479,0.46548802,0.57178783,0.5671204,0.5037994,0.49836576,0.50000435,0.5190682,0.61711854,0.6280193,0.49728245,0.51721686,0.5188237,0.5487983,0.44085684,0.4268044,0.5547674,0.5563653,0.5408798,0.53211397,0.53473353,0.5417931,0.5258134,0.5643511,0.6595219,0.56289244,0.5522445,0.55205494,0.602229,0.46777004,0.5222012,0.50222355,0.5438389,0.508767,0.47141206,0.5199387,0.62152964,0.58657044,0.54111296,0.6128471,0.6075316,0.57577616,0.60803694,0.5093662,0.5118347,0.539056,0.5003014,0.5959306,0.53495723,0.553241,0.47569624,0.63946676,0.62010914,0.6264296,0.59033895,0.58761233,0.5685197,0.57544863,0.5080321,0.51729363,0.5109531,0.5389286,0.5587277,0.49193722,0.55742615,0.5377685,0.5314914,0.56349593,0.55453074,0.6145521,0.5945409,0.59240705,0.54086536,0.5304834,0.44282502,0.51683986,0.5577292,0.5524193,0.46427992,0.52915686,0.45144075,0.49270886,0.44624737,0.4664832,0.48482215,0.441567,0.5147865,0.5873346,0.56852734,0.5175567,0.57007617,0.5040515,0.50277954,0.5255013,0.53006405,0.4359061,0.5386353,0.45773223,0.54149115,0.60180855,0.63119364,0.63933957,0.64098734,0.6478316,0.6987968,0.646513,0.5617629,0.65716684,0.50795925,0.5070535,0.5391124,0.479092,0.52938366,0.5334706,0.5665618,0.54648364,0.5598479,0.51609325,0.5166535,0.50918055,0.5358444,0.5477003,0.5282716,0.56676936,0.724241,0.62882453,0.55410415,0.5469434,0.58778244,0.56493574,0.55197203,0.562717,0.6297294,0.519271,0.53240025,0.52532345,0.49537227,0.49556622,0.5147012,0.5966411,0.5564768,0.5645912,0.55062705,0.54057854,0.39248356,0.41326547,0.4866819,0.5766043,0.5077209,0.5040409,0.56768835,0.50651366,0.5787459,0.5724416,0.538243,0.5209186,0.5520026,0.5565516,0.54921687,0.54993135,0.5656984,0.51602286,0.4916557,0.5513105,0.5337133,0.559741,0.49608043,0.5506216,0.6278137,0.47610995,0.4538332,0.48601848,0.5625689,0.69023055,0.70492566,0.6935604,0.59024304,0.5538468,0.5996317,0.5092905,0.5338518,0.4719583,0.56687653,0.5858636,0.50388795,0.50233716,0.51669323,0.5155755,0.6130455,0.64347523,0.5139167,0.49992466,0.49548075,0.5299564,0.45477167,0.41834915,0.5602742,0.56538576,0.5437043,0.5507219,0.5197044,0.5812688,0.54361385,0.58645004,0.6555085,0.548167,0.50886005,0.5269338,0.5750337,0.4593442,0.567807,0.5110276,0.5221415,0.5666114,0.45402,0.51523477,0.65123564,0.5946635,0.5228814,0.6511191,0.6150417,0.5900136,0.5941313,0.49903032,0.49567926,0.52988607,0.5112586,0.6030948,0.556186,0.58852863,0.50121623,0.64350307,0.6149812,0.62593865,0.5922589,0.59367764,0.56597364,0.565401,0.4912689,0.5122422,0.5063494,0.55179083,0.50938225,0.47310224,0.52662563,0.5378144,0.5262797,0.54393876,0.5806616,0.6174735,0.58822966,0.61799234,0.53802,0.5363129,0.47009456,0.5076876,0.53055364,0.5486378,0.44725588,0.53485024,0.45949033,0.47266996,0.43984953,0.44219366,0.48328987,0.45037282,0.4955497,0.52846324,0.5820148,0.50306785,0.5639635,0.49462545,0.48156998,0.54354423,0.5282882,0.40892184,0.5342094,0.42499754,0.54650706,0.5742301,0.60827863,0.6289427,0.63105774,0.66623205,0.69108593,0.6328212,0.5478026,0.6549383,0.4892031,0.48245484,0.5358215,0.47123772,0.5267042,0.53137237,0.56369513,0.5383969,0.56641805,0.5251595,0.5303415,0.54538745,0.552589,0.55407155,0.5268188,0.54425395,0.7249404,0.63180166,0.5503575,0.5736219,0.57784593,0.54267055,0.5877722,0.55918956,0.57473165,0.4939139,0.5229604,0.5325559,0.49506944,0.4788448,0.563537,0.54609174,0.53491455,0.5526366,0.53019977,0.5153073,0.38605446,0.39329866,0.502826,0.59905887,0.50698185,0.50496477,0.57893825,0.5182616,0.56002563,0.53983665,0.5539022,0.5499568,0.5665861,0.5718847,0.55534256,0.5558307,0.5455115,0.4881325,0.481932,0.56194896,0.54523015,0.5776699,0.50339454,0.5677548,0.6215414,0.4595157,0.4849995,0.48676014,0.52255386,0.69190943,0.7090504,0.70069486,0.5901014,0.5153757,0.58097774,0.47947955,0.50242364,0.5205919,0.5044431,0.5474649,0.5517404,0.49092764,0.4862296,0.50628424,0.5142173,0.5233498,0.5251257,0.54649603,0.5495183,0.52464056,0.53035355,0.5263557,0.5159488,0.51496315,0.5141386,0.5229059
480,0.50995636,0.5966277,0.5973652,0.5414659,0.5359074,0.5328513,0.5381495,0.60936946,0.6240956,0.51528674,0.533081,0.5106468,0.58243495,0.5084756,0.4972684,0.58885974,0.5451212,0.5421035,0.555078,0.5670974,0.5604018,0.54399574,0.5931097,0.6514356,0.55479205,0.5177215,0.58267796,0.60425097,0.53215414,0.5446519,0.5446261,0.58213335,0.55728704,0.5130314,0.5489827,0.6309425,0.6075581,0.5790953,0.6268719,0.60970086,0.5966826,0.6087017,0.52806187,0.5370802,0.55851763,0.5037337,0.5695886,0.5532639,0.5370721,0.47624013,0.6267071,0.60664505,0.61900276,0.58399636,0.5916494,0.54193276,0.5703571,0.51107204,0.56183344,0.54944736,0.54886997,0.57423973,0.49607056,0.59933484,0.5680429,0.53971225,0.5486493,0.5762815,0.5913402,0.5406552,0.58898705,0.550619,0.54223627,0.4336538,0.47636014,0.5102855,0.51709354,0.4670545,0.49184313,0.45700687,0.4759064,0.45675308,0.488293,0.5332274,0.47789362,0.556456,0.54897404,0.54725504,0.5379203,0.5510114,0.53048354,0.5139655,0.52180505,0.514423,0.45264924,0.5392884,0.49050245,0.56839246,0.6070648,0.61544114,0.62421227,0.6326291,0.64695835,0.67883,0.6323471,0.56778634,0.642832,0.53660566,0.5365968,0.5457515,0.50357175,0.55742633,0.5485942,0.5931816,0.5295317,0.5327734,0.48513708,0.5260393,0.5269474,0.55074966,0.5720058,0.52855617,0.55836904,0.6980765,0.6198821,0.56659496,0.5492445,0.58404946,0.5434683,0.53608227,0.5495797,0.5932152,0.52393115,0.5331184,0.5258893,0.5073993,0.49875605,0.51186436,0.5977619,0.5709473,0.5797773,0.5757237,0.5529715,0.43283522,0.45207146,0.50092727,0.5523787,0.53062505,0.5211918,0.5520991,0.5323012,0.6017564,0.58466774,0.545852,0.53708935,0.5684808,0.5494437,0.5632616,0.5843817,0.5706551,0.53184265,0.5545194,0.54721314,0.547101,0.5713992,0.5129671,0.57242227,0.61280024,0.49194953,0.48178282,0.47277674,0.5540015,0.6745975,0.69104785,0.66497934,0.57813454,0.54395115,0.607685,0.5417243,0.5739022,0.5177441,0.5803958,0.60211843,0.54104,0.54298943,0.5466944,0.5386992,0.601153,0.6344535,0.54067487,0.5079117,0.5130893,0.5701065,0.51977944,0.4830013,0.58403003,0.5426617,0.5429517,0.5674707,0.54366094,0.58352333,0.568382,0.59841645,0.64852405,0.57251096,0.5041233,0.56161827,0.5975922,0.4831987,0.57140785,0.5489474,0.56586933,0.58074313,0.5075132,0.5660603,0.64008456,0.6103412,0.55976874,0.65485084,0.6081474,0.59823483,0.59008557,0.5145604,0.5283618,0.53401226,0.4960846,0.5689368,0.5555369,0.56456625,0.48074743,0.62790805,0.605017,0.61404824,0.5734628,0.5938342,0.5432338,0.5809439,0.5139686,0.5425109,0.54241043,0.5954103,0.5473429,0.4818354,0.5824436,0.5680007,0.5326385,0.5585893,0.59829676,0.6019307,0.5724929,0.60981464,0.55324143,0.54749006,0.4683995,0.5007583,0.5039817,0.5352272,0.45169097,0.53499657,0.47812262,0.47769624,0.4721609,0.47336632,0.5385662,0.48894534,0.552319,0.5415625,0.56322896,0.5631026,0.55732733,0.5217462,0.48954317,0.53657675,0.5205397,0.440661,0.52545714,0.46012563,0.5602492,0.58322346,0.58817273,0.6145048,0.6253738,0.6642236,0.6766007,0.612081,0.5540521,0.64030474,0.5215117,0.5146613,0.53806245,0.50144595,0.5634183,0.5505813,0.580648,0.5246695,0.5248056,0.48429728,0.5338366,0.55696523,0.5688058,0.5667267,0.52239263,0.5557932,0.70246685,0.6109036,0.5624181,0.5675212,0.57509696,0.54286236,0.58001745,0.5527773,0.57105106,0.5100855,0.524645,0.5349611,0.5096866,0.48565388,0.5422783,0.5566477,0.5489029,0.5672248,0.55427426,0.51824355,0.41687617,0.43723506,0.5037328,0.55716133,0.5188272,0.5335077,0.5861943,0.5429755,0.5891872,0.5582695,0.55578005,0.54926807,0.5869575,0.556802,0.5552988,0.58250237,0.55150634,0.537652,0.5309086,0.55749923,0.5436343,0.5760291,0.5106796,0.5786844,0.6054466,0.47481596,0.53441566,0.49383295,0.51953644,0.67791194,0.69738436,0.6752997,0.5933244,0.5162548,0.58154744,0.53048146,0.55425715,0.53453577,0.5222586,0.54474515,0.544287,0.5022222,0.50251794,0.52241457,0.5259756,0.5283108,0.53015167,0.55529726,0.5605386,0.5265538,0.52585286,0.5292385,0.52111644,0.5259912,0.5243722,0.5364243
481,0.54969287,0.61310834,0.6212339,0.5739459,0.56907433,0.5620873,0.5534241,0.5977157,0.61744654,0.5305421,0.5402083,0.5086978,0.61013585,0.57954323,0.5730903,0.6168951,0.5235458,0.5388954,0.5703022,0.59145904,0.57184553,0.5559111,0.6121706,0.63393164,0.5494651,0.4928307,0.6064864,0.6029425,0.5956482,0.57123125,0.58558047,0.6199737,0.6014123,0.561379,0.5810474,0.63384765,0.6135623,0.60345674,0.63328457,0.6056479,0.6131495,0.5986202,0.5445184,0.5536933,0.55974156,0.4964402,0.535777,0.5607533,0.50637805,0.46711636,0.6124794,0.5905277,0.60828114,0.5765893,0.5888651,0.5145364,0.56004596,0.5126527,0.5978138,0.5791088,0.55435306,0.58801264,0.5099934,0.6316237,0.58720654,0.5342956,0.53387487,0.5980809,0.5606546,0.48784864,0.58095586,0.5542804,0.55432755,0.43608284,0.44342577,0.4684922,0.4891571,0.46613696,0.4581954,0.46000737,0.46187446,0.46469566,0.51216394,0.57086575,0.5221214,0.5929136,0.50981843,0.5216709,0.5645417,0.53740734,0.5573442,0.52285826,0.5193987,0.5030357,0.47033748,0.52969855,0.5310587,0.5970172,0.60630983,0.59723794,0.604779,0.6177901,0.63901246,0.6506775,0.60826653,0.56729114,0.6233707,0.558063,0.5586015,0.55088437,0.53062993,0.5828664,0.55357516,0.60954726,0.5056795,0.49472052,0.44848353,0.53229445,0.54781157,0.5657218,0.5919837,0.5236374,0.54967874,0.6642676,0.6113265,0.57438,0.53972816,0.57944405,0.5281265,0.52668816,0.53474545,0.5500087,0.5266408,0.53220737,0.52421486,0.5110229,0.49282438,0.49944034,0.59538364,0.57512814,0.5815367,0.59227484,0.5493495,0.48501667,0.5009166,0.5069817,0.5224541,0.5366496,0.5467177,0.5377178,0.56231964,0.61677605,0.5890175,0.5497003,0.54705065,0.5789051,0.5308313,0.56875056,0.6078779,0.56759965,0.5570137,0.61504453,0.5375294,0.5572525,0.57798356,0.5317417,0.58430547,0.5953165,0.508598,0.5164505,0.46865773,0.5450397,0.6504851,0.6701713,0.6327019,0.5592391,0.54063946,0.61122257,0.5727109,0.6085501,0.5571902,0.5814084,0.61077774,0.5717217,0.57583266,0.5685331,0.5536101,0.5855347,0.6211601,0.5562344,0.5047148,0.53013223,0.6022747,0.58832407,0.55926573,0.6008515,0.5117022,0.53581494,0.5710769,0.5572976,0.57418424,0.5815469,0.5988683,0.6300004,0.5823227,0.5031214,0.5895875,0.6109212,0.5167419,0.5840073,0.5877906,0.6179494,0.59220874,0.5701862,0.6247663,0.62355167,0.61227643,0.5857564,0.6510081,0.59603435,0.5991822,0.57628775,0.5264663,0.55182934,0.52004987,0.46852434,0.5289937,0.5443654,0.5246628,0.45527548,0.61042315,0.5921638,0.5998419,0.55488247,0.5872567,0.5202815,0.5870958,0.53794503,0.5633777,0.56869376,0.63198495,0.5920037,0.5053902,0.6340862,0.59239197,0.52685636,0.5824547,0.6178002,0.58182955,0.5583992,0.59876376,0.5749795,0.56082565,0.47802988,0.49408257,0.4827184,0.53417766,0.45618802,0.53494364,0.48872733,0.4836018,0.49701917,0.52324283,0.5860659,0.54870814,0.60182583,0.5531963,0.5409645,0.6269629,0.55698025,0.55379003,0.49626538,0.53176683,0.5141506,0.47730193,0.50777847,0.515592,0.58649933,0.58594304,0.56875634,0.59790677,0.61424685,0.650073,0.65351343,0.5837656,0.55568296,0.6193122,0.5483187,0.54508483,0.5381679,0.53843063,0.5968795,0.5586581,0.58801484,0.50598425,0.48003617,0.44199365,0.541148,0.5692374,0.58554476,0.5768207,0.5157919,0.56732494,0.67196673,0.5874308,0.57039547,0.5504162,0.5702103,0.5474868,0.5739497,0.54461694,0.56702316,0.52965313,0.52734953,0.53477985,0.5120859,0.48460793,0.5094741,0.56301445,0.5517402,0.56576616,0.5711286,0.50852054,0.46861053,0.5019344,0.49550363,0.50873405,0.51786906,0.5754688,0.5973925,0.58066094,0.608801,0.56997883,0.549698,0.5414637,0.59597963,0.527755,0.5452304,0.5977301,0.5494308,0.59855205,0.58136123,0.5443093,0.5398761,0.5724054,0.52046895,0.5786606,0.5870377,0.49187136,0.59515005,0.51844937,0.5172022,0.65372956,0.6757654,0.64384294,0.5967995,0.5262242,0.5778928,0.5847464,0.5999311,0.5467354,0.53963727,0.53942287,0.53419197,0.5147869,0.521323,0.5375309,0.53568524,0.5317858,0.53512937,0.5643821,0.57242996,0.5291083,0.5220422,0.528695,0.52294594,0.53485113,0.5334938,0.5482198
482,0.5787372,0.6192464,0.63836044,0.5970551,0.59357536,0.5835479,0.56232226,0.5871673,0.61210966,0.54266053,0.5407487,0.51544535,0.6275631,0.6418556,0.64116365,0.6341106,0.4961109,0.5334838,0.5757167,0.60262114,0.5734862,0.56061995,0.62005526,0.6163341,0.5513823,0.4821029,0.6214928,0.602185,0.64780694,0.59862846,0.62317586,0.6501244,0.6374268,0.6088335,0.6112744,0.63324374,0.6067124,0.6131059,0.6332669,0.59803325,0.6246343,0.580507,0.55774987,0.56060904,0.54524964,0.48426166,0.50225353,0.55733865,0.46742848,0.4538429,0.60159224,0.5758608,0.5992296,0.5714382,0.5823861,0.49383166,0.54711616,0.5133656,0.6207169,0.5962499,0.55720246,0.5984379,0.53199625,0.6521849,0.5962196,0.5209148,0.52176934,0.61765987,0.5291359,0.44556797,0.5705377,0.55455405,0.5670692,0.45237687,0.423967,0.43895513,0.47383243,0.46524587,0.43367353,0.46443868,0.45426705,0.47197446,0.5372845,0.592893,0.5655276,0.6180772,0.4764703,0.4980007,0.5925877,0.5306244,0.5787252,0.52913433,0.51923156,0.4977632,0.48932093,0.5145907,0.57342637,0.6219329,0.6031635,0.58408564,0.5878568,0.6037291,0.6307333,0.6246727,0.58194226,0.5631385,0.6065986,0.5706778,0.5719551,0.5555405,0.5560624,0.60265666,0.55044085,0.6165497,0.48262036,0.45544255,0.4161113,0.53631055,0.56985444,0.5794202,0.6072047,0.5170163,0.544657,0.6334503,0.6079195,0.5795403,0.5242438,0.5777958,0.52324617,0.52566487,0.5219561,0.508864,0.5278204,0.530069,0.52158487,0.5079762,0.48171014,0.48085326,0.5921289,0.57027006,0.57298183,0.6017685,0.5350263,0.5421925,0.5541306,0.5074269,0.49473587,0.5284691,0.57529426,0.5274813,0.5935098,0.6233753,0.5873089,0.5506709,0.5538464,0.5811132,0.50389713,0.5631566,0.61727065,0.5598816,0.58703417,0.6642065,0.5246446,0.56412613,0.58130753,0.5488333,0.5878587,0.5824898,0.52503824,0.5540316,0.47508037,0.5383535,0.6278316,0.65142936,0.6065645,0.54089785,0.54392296,0.61294097,0.59686,0.6331221,0.58462375,0.57010806,0.6140636,0.5924951,0.5966184,0.5793812,0.55868775,0.5721341,0.60855365,0.56139195,0.495521,0.5467684,0.6226154,0.6481973,0.63314795,0.6090381,0.47811097,0.5241692,0.56103253,0.5566794,0.55434525,0.58173627,0.589042,0.60862494,0.5790168,0.50599116,0.6085521,0.61593485,0.556467,0.60431415,0.62581617,0.6669381,0.6034203,0.63085794,0.68094116,0.60727644,0.6026018,0.59812385,0.64275616,0.5830608,0.59470993,0.5554523,0.53423756,0.5636208,0.49254832,0.43895176,0.49118915,0.52586895,0.47683424,0.43302658,0.5966566,0.5806612,0.58882874,0.54169476,0.5775561,0.50387836,0.5843019,0.5586129,0.5730659,0.5824555,0.65808314,0.63372296,0.5387705,0.6732844,0.61199445,0.5151102,0.6104688,0.6377455,0.5624309,0.5493004,0.5861712,0.5986209,0.57510585,0.49766254,0.4903507,0.47193846,0.54465574,0.46345332,0.5376318,0.49283168,0.49316463,0.51301306,0.5834035,0.618976,0.61366,0.6355285,0.56320435,0.52252567,0.6809537,0.5608957,0.58271706,0.5013858,0.5299005,0.5103307,0.51569027,0.48754954,0.58274466,0.6185574,0.58564174,0.55631423,0.585288,0.6035013,0.63124615,0.6304582,0.5557439,0.55462176,0.5998707,0.5666986,0.570075,0.5378172,0.5746499,0.623003,0.55756843,0.5871263,0.48839784,0.4427433,0.40858564,0.55155677,0.5817423,0.6009195,0.58538777,0.5098548,0.5798033,0.64335877,0.569053,0.5751994,0.52774924,0.5675455,0.55737936,0.5717762,0.53776276,0.5640063,0.55091935,0.5304681,0.53241724,0.504177,0.47889432,0.47121313,0.56733733,0.54512817,0.5519434,0.5827564,0.49097222,0.5347052,0.57715106,0.48242864,0.4654463,0.50659686,0.62095064,0.6121661,0.62484753,0.61845183,0.5758028,0.5379533,0.531011,0.59176064,0.48943898,0.5252948,0.59965193,0.5422514,0.6604345,0.62731045,0.5249306,0.5361789,0.5707654,0.52984095,0.5714025,0.5731719,0.509991,0.6547736,0.5553063,0.5165578,0.62875295,0.65317637,0.6164759,0.60224074,0.5430106,0.5729962,0.6303428,0.6326038,0.5555948,0.55384356,0.53316844,0.52430063,0.52713203,0.5396611,0.5493128,0.5421336,0.5337286,0.5397249,0.57353836,0.58446586,0.5314256,0.51975465,0.52673763,0.5229893,0.5415577,0.5408612,0.5567568
483,0.59357524,0.6155554,0.65020156,0.6085361,0.6063362,0.59402204,0.5628626,0.5834269,0.61307794,0.55173707,0.5376976,0.5308577,0.63294476,0.6866615,0.69240314,0.6395076,0.471214,0.5280268,0.5722223,0.5991848,0.5643691,0.55877054,0.6170591,0.609282,0.56175035,0.4868081,0.6277311,0.6059087,0.68183565,0.6225896,0.6534795,0.6683111,0.6618975,0.64806134,0.6348695,0.6345841,0.5930898,0.61014694,0.6315953,0.59207815,0.6326887,0.56178766,0.5665885,0.55829364,0.52181345,0.47485784,0.4783449,0.54674363,0.43093967,0.4449275,0.5990842,0.5675469,0.59796447,0.5712558,0.57733655,0.48486587,0.53635293,0.51612383,0.6289754,0.6001392,0.5586115,0.6041934,0.5599744,0.65885246,0.5962072,0.5074792,0.51593274,0.631208,0.50477403,0.42287403,0.56142515,0.55412644,0.5809609,0.48295346,0.42216665,0.42735654,0.47435394,0.46832037,0.42434743,0.4752469,0.45790225,0.48313427,0.56252533,0.5969815,0.60012347,0.6276489,0.45588526,0.48270452,0.61731654,0.5319547,0.5906489,0.53398186,0.5217857,0.50051194,0.5117958,0.5004307,0.61137533,0.6366605,0.60128725,0.5825673,0.58055913,0.599014,0.62923956,0.6128318,0.56358486,0.5611048,0.59942424,0.5737511,0.57789516,0.5612604,0.577684,0.61510366,0.5411108,0.61683035,0.46816245,0.42604116,0.39755696,0.53925335,0.5896466,0.59102106,0.61784256,0.5135205,0.54596066,0.61785,0.6131737,0.58228517,0.51120853,0.58210015,0.53092635,0.53369135,0.514991,0.47940558,0.5296799,0.52775633,0.5197244,0.50244784,0.47232834,0.4635678,0.5910907,0.5600601,0.56058306,0.60716236,0.5186844,0.59623176,0.6059484,0.5081307,0.47700223,0.5122147,0.60134435,0.5242574,0.6216909,0.6241914,0.58292484,0.5500693,0.56004924,0.57394946,0.4759009,0.5473191,0.6138581,0.5517905,0.61617315,0.69578487,0.51234496,0.56743675,0.58281714,0.56087047,0.58757,0.58253133,0.54015493,0.5903015,0.49289513,0.5364774,0.61736107,0.6448441,0.59578526,0.5296245,0.5519819,0.61529166,0.6104844,0.64562774,0.59736174,0.54965264,0.61606544,0.60181934,0.60295224,0.57810026,0.55419713,0.5675593,0.6030847,0.5586202,0.4872955,0.5620502,0.6298464,0.691091,0.6923959,0.6086525,0.45083886,0.5112565,0.5414202,0.54228103,0.527117,0.5703127,0.5721204,0.5960051,0.5667461,0.5131097,0.6181297,0.6147957,0.59668434,0.6278761,0.6586894,0.70332956,0.61453074,0.6788366,0.72392017,0.59945434,0.58769196,0.5981782,0.6364308,0.5750991,0.5892378,0.53510743,0.5380105,0.5633244,0.46159324,0.4194403,0.46471277,0.50608337,0.43443334,0.42338583,0.5923682,0.57522106,0.5874541,0.5372176,0.57049644,0.4984877,0.57607096,0.57404155,0.57264775,0.58359474,0.67043084,0.66443074,0.5756725,0.694347,0.626102,0.5060945,0.6351304,0.6549722,0.54828244,0.5484278,0.5746851,0.6191395,0.58928,0.5255155,0.49232346,0.47560948,0.5639668,0.4759481,0.5454452,0.4954214,0.50837874,0.523137,0.6410534,0.6329287,0.6678941,0.6483247,0.57136357,0.51288867,0.7138172,0.56763935,0.60282755,0.50727725,0.53115463,0.51160926,0.5533825,0.47185427,0.6464878,0.6479631,0.5861021,0.55634415,0.58284134,0.6011577,0.61781096,0.6184489,0.5378197,0.5555954,0.58964604,0.57536185,0.5882902,0.53885394,0.6041483,0.63939893,0.5504631,0.5816021,0.47868237,0.42250326,0.3929486,0.5627831,0.5942863,0.61328447,0.5939114,0.5075583,0.5918023,0.6285655,0.56271416,0.5767883,0.5078999,0.5697616,0.571837,0.575124,0.5339843,0.56169635,0.5720773,0.53358674,0.5293662,0.49154243,0.47458118,0.43760318,0.57188404,0.5335922,0.5332989,0.59244025,0.47352943,0.6026344,0.6482609,0.47198933,0.43850785,0.4909813,0.6589165,0.62743926,0.6658859,0.6208402,0.5775891,0.52427757,0.5227441,0.5750156,0.45126736,0.49940038,0.5903609,0.53425777,0.7115673,0.6625348,0.50495857,0.5337507,0.5718886,0.5356884,0.56316394,0.5719854,0.5300478,0.6999542,0.5969176,0.51797056,0.61483264,0.64045,0.6036316,0.6088621,0.56239516,0.5696165,0.65898067,0.6489598,0.5592348,0.5625455,0.52826965,0.517628,0.5370999,0.5540412,0.5555714,0.5443322,0.534537,0.5434424,0.5822352,0.5953879,0.532365,0.5192046,0.52534914,0.52293515,0.54690385,0.54658186,0.56146336
484,0.59351027,0.6045581,0.6582935,0.60831076,0.6066282,0.59288317,0.5554016,0.59066546,0.6242164,0.5587808,0.5345897,0.5521296,0.62758315,0.71009934,0.722426,0.6355722,0.45749038,0.5249101,0.56380504,0.58360505,0.54632276,0.55289835,0.60526913,0.61957914,0.5783153,0.5039702,0.6257426,0.6166999,0.69415265,0.6389377,0.6726213,0.6718828,0.6725715,0.6740056,0.647294,0.64219165,0.57968885,0.5979066,0.63291186,0.592975,0.6393709,0.5498976,0.5708696,0.54770255,0.49671158,0.47356552,0.47012243,0.53521746,0.4071962,0.4470454,0.6083114,0.56929845,0.60927564,0.5769368,0.57810026,0.49014172,0.53237176,0.5243674,0.62338984,0.5922409,0.5581984,0.6028789,0.5898633,0.6496159,0.58835405,0.50079584,0.51762366,0.63451725,0.4918214,0.42339417,0.5548869,0.55447924,0.59425396,0.5252419,0.4392677,0.4350607,0.49054918,0.47785822,0.43336213,0.4959289,0.4767571,0.5022715,0.5857473,0.5825721,0.6202956,0.6184124,0.4513265,0.47972956,0.63382095,0.5396103,0.59036267,0.5395049,0.5266603,0.5107376,0.5395886,0.49231705,0.6394858,0.63543415,0.60411006,0.5964161,0.58723456,0.6097882,0.6388793,0.62313783,0.56094563,0.56679463,0.6064386,0.56745005,0.5786384,0.5692455,0.5935586,0.61875725,0.5281473,0.6136835,0.46766782,0.4143859,0.39834422,0.5416813,0.60375655,0.60014045,0.62442344,0.5175313,0.5548443,0.62587655,0.628477,0.5820421,0.5083155,0.5939009,0.5500494,0.54843765,0.5159908,0.4671251,0.5341351,0.5261429,0.5203362,0.4994232,0.47095284,0.45555905,0.5952928,0.54910564,0.5511175,0.6111938,0.50827956,0.6399757,0.65057266,0.51538146,0.47426984,0.49423417,0.61954725,0.5285511,0.6423378,0.6229764,0.5792148,0.5496243,0.56705606,0.55808336,0.45465937,0.5260022,0.6021323,0.546699,0.63811547,0.7067987,0.5054015,0.5668191,0.58276623,0.56533456,0.5882003,0.60101,0.5530506,0.6203507,0.5207683,0.5407549,0.62603456,0.65694016,0.60574657,0.52889454,0.5610968,0.6200535,0.61133313,0.64518744,0.59548855,0.5254332,0.6203862,0.5999848,0.5948085,0.5656311,0.5427713,0.5762,0.6100908,0.5513968,0.4861991,0.5739074,0.6252947,0.71392614,0.7308028,0.6016281,0.43843865,0.5011231,0.5197152,0.51858115,0.49750972,0.55093735,0.55284196,0.6011372,0.5505091,0.52369833,0.61922264,0.6098812,0.6310891,0.6488796,0.68235004,0.7216579,0.62410444,0.7085687,0.74758685,0.6062265,0.57493955,0.58918947,0.6373402,0.57680255,0.58744895,0.52319187,0.5387385,0.55199206,0.43751654,0.41768846,0.45567933,0.4918335,0.40903565,0.43264002,0.60136735,0.5789074,0.6003138,0.5417621,0.57086873,0.505884,0.56681794,0.58472085,0.56520516,0.5742042,0.6660585,0.6790493,0.60954237,0.6942857,0.6344767,0.50812,0.6495099,0.66562325,0.5410684,0.55702204,0.56547487,0.6328702,0.60136753,0.5588983,0.5011651,0.4953679,0.58800256,0.4946133,0.5596995,0.50214255,0.5302896,0.53195685,0.68447423,0.625588,0.7017689,0.6373484,0.57719475,0.51422316,0.71852386,0.5751864,0.6106542,0.517249,0.5352828,0.51946634,0.58838284,0.4653776,0.6936163,0.66714746,0.59047467,0.57218724,0.59397817,0.61341923,0.617982,0.62553436,0.53683096,0.5635171,0.5936951,0.5743766,0.59989053,0.54243594,0.6229851,0.64471215,0.54094696,0.57656014,0.48224,0.42464057,0.3996922,0.57206005,0.60637635,0.62181026,0.60369104,0.51137227,0.6010825,0.63607657,0.5723511,0.57506204,0.49878576,0.578114,0.5886456,0.58315694,0.53367174,0.5587009,0.591068,0.53645664,0.52774936,0.48143125,0.47723567,0.41835806,0.57830495,0.5224552,0.5183618,0.6029249,0.4635885,0.6593668,0.70326525,0.47158247,0.43450293,0.47725776,0.68121994,0.639128,0.69535846,0.620109,0.57730746,0.512962,0.52087903,0.5489236,0.42298365,0.4743705,0.5749849,0.5295209,0.744623,0.68331695,0.4914582,0.5330223,0.5745377,0.5356892,0.55994034,0.5889224,0.5530281,0.7219254,0.6350838,0.52078444,0.6207497,0.6460465,0.61162627,0.6144234,0.57949144,0.5696417,0.6664984,0.6480044,0.55644,0.56464416,0.5268191,0.5163514,0.54235214,0.5612985,0.5545941,0.54133385,0.53460735,0.54561734,0.58980906,0.60406154,0.5307571,0.5200862,0.52570343,0.52375543,0.5513024,0.5507165,0.56249434
485,0.58086264,0.59096885,0.6628194,0.59874374,0.59702003,0.5836167,0.5443384,0.60864675,0.644815,0.5650242,0.53567386,0.57388896,0.61526155,0.7121286,0.73034203,0.6269686,0.4605876,0.52733284,0.55655116,0.562495,0.5249457,0.5478815,0.58978426,0.6459336,0.5963695,0.52548105,0.617495,0.6351578,0.68583006,0.64643234,0.6802191,0.66050255,0.669736,0.6855628,0.64619964,0.6563482,0.57166237,0.5811801,0.6384911,0.602304,0.64532757,0.5479813,0.5711393,0.53102237,0.47608066,0.48292512,0.47787553,0.5293743,0.40222383,0.4626716,0.62825614,0.5811677,0.63287485,0.58692604,0.5854588,0.50922906,0.5369528,0.54018015,0.60665435,0.57530266,0.5553444,0.59245193,0.61592495,0.6258744,0.57594556,0.504151,0.52588457,0.62713104,0.48943943,0.44377777,0.55025864,0.55740017,0.6037161,0.57301,0.4713521,0.4571451,0.51879114,0.4946234,0.45807174,0.526732,0.51020104,0.53046435,0.60613614,0.55317575,0.6243313,0.58942634,0.46083134,0.48945028,0.6391346,0.5488393,0.5769237,0.5478958,0.5327891,0.5241623,0.5723442,0.4931696,0.655753,0.6170356,0.61327696,0.624046,0.6067521,0.63588685,0.65863466,0.654387,0.5750502,0.5826873,0.62891066,0.5530535,0.5761933,0.5794229,0.60034853,0.61218685,0.51551574,0.6106934,0.48352325,0.4235472,0.41947663,0.5437519,0.6105308,0.6068828,0.6280946,0.5315847,0.57143474,0.65724117,0.65258074,0.57999104,0.52052855,0.612874,0.5757539,0.5652632,0.5246871,0.47257826,0.54248464,0.5259872,0.5246507,0.50305605,0.4815839,0.4627837,0.606527,0.542251,0.5502887,0.6155377,0.5094921,0.669955,0.68394774,0.5335981,0.48687398,0.48021418,0.62736666,0.5388638,0.65422755,0.6223882,0.5785439,0.55130064,0.57712877,0.53785455,0.44639888,0.50727993,0.58854395,0.54656786,0.6483775,0.69891185,0.5083424,0.56356525,0.5825875,0.5615,0.5922668,0.6365457,0.56205577,0.64022136,0.5555408,0.5502358,0.65327835,0.68650675,0.6356637,0.5394532,0.5679479,0.62854624,0.5981203,0.63111186,0.5817963,0.5046641,0.62786484,0.58934647,0.5757665,0.5463709,0.52974254,0.5973189,0.6298098,0.54368204,0.49642885,0.5801605,0.6125349,0.71752685,0.74768907,0.59162426,0.44591123,0.49772948,0.5042596,0.49339426,0.4728844,0.5300485,0.5373761,0.6247826,0.5351567,0.5339709,0.6149753,0.6042259,0.65645444,0.6639752,0.6964673,0.7211641,0.63153076,0.72069454,0.75159425,0.6267055,0.56938946,0.5757634,0.6460543,0.5885712,0.5914535,0.52357835,0.5372286,0.532689,0.4270592,0.43548545,0.46469763,0.48858666,0.40574425,0.46169832,0.6228825,0.59150064,0.6263921,0.5532816,0.5793027,0.5250388,0.5605034,0.59239733,0.55420244,0.55776834,0.64474475,0.67612386,0.63468784,0.67397326,0.64001054,0.5256498,0.65123856,0.66908836,0.5402669,0.5741365,0.5584253,0.6397235,0.61000806,0.5932554,0.5145539,0.5290505,0.61292505,0.518401,0.5791326,0.5171467,0.5589102,0.5437069,0.7086327,0.59931654,0.71324754,0.60306656,0.5814942,0.5275972,0.69274056,0.58099455,0.6049862,0.53316987,0.5418503,0.53236675,0.619491,0.47018763,0.7198505,0.67329234,0.59977084,0.6021663,0.6168123,0.63986105,0.6335439,0.65161747,0.5526965,0.58060825,0.61333424,0.56474745,0.6054335,0.54895025,0.62852603,0.6390559,0.53204995,0.57661647,0.5012898,0.44897753,0.42855406,0.577878,0.6170509,0.62672156,0.6151405,0.52264154,0.6073166,0.66570973,0.5977668,0.5722981,0.5057035,0.59291077,0.6043138,0.5930597,0.5368225,0.55483735,0.6074707,0.53945124,0.5297883,0.480918,0.49028388,0.419558,0.587112,0.51690084,0.5149337,0.6156714,0.46706983,0.6979821,0.7379286,0.48624176,0.45338798,0.4702656,0.6855759,0.6461615,0.7110319,0.61983025,0.5765387,0.507961,0.52964115,0.5200945,0.41123328,0.4580761,0.5607373,0.53097445,0.75878584,0.6910218,0.49028033,0.5344101,0.5790886,0.52888674,0.5648576,0.6225388,0.57747614,0.7193284,0.66420484,0.5237294,0.64702386,0.6710187,0.6401438,0.6180917,0.5910716,0.57399637,0.6517635,0.6304882,0.54765517,0.56075674,0.53021157,0.5211431,0.5416696,0.56013346,0.5470604,0.53366226,0.53427476,0.5459753,0.5960706,0.6101862,0.5263494,0.52203256,0.52803594,0.52573776,0.5543058,0.5527817,0.56074196
486,0.5620497,0.5812756,0.66300505,0.58534306,0.58399314,0.5737843,0.53721887,0.632435,0.66923755,0.5718532,0.5446771,0.5909548,0.6020481,0.69581026,0.71763736,0.6193625,0.48179328,0.538249,0.5569127,0.54533464,0.50885123,0.5496701,0.578312,0.67811346,0.610797,0.54203224,0.6063778,0.65795475,0.6631348,0.6463795,0.67930883,0.63685906,0.65607196,0.68507314,0.63241893,0.673363,0.5715826,0.5664626,0.6463678,0.61752814,0.64984256,0.55471766,0.56993634,0.5140859,0.46546906,0.5034902,0.49753645,0.5341494,0.41751343,0.49070293,0.6532885,0.5995188,0.6625366,0.5987014,0.5969723,0.53878796,0.54875505,0.56321216,0.5843004,0.5548754,0.55045277,0.5735631,0.6328104,0.59442955,0.5644872,0.51719475,0.5378924,0.6133739,0.49342245,0.47470924,0.546555,0.56476945,0.6064097,0.6178689,0.5094403,0.4837162,0.5521562,0.51850784,0.4903181,0.56440604,0.55132514,0.5650817,0.62462664,0.5189868,0.61515427,0.5460555,0.4782535,0.5082999,0.6331365,0.55366945,0.55284506,0.5603001,0.53889745,0.5342767,0.6073101,0.5044409,0.66203713,0.5870631,0.62760967,0.6577081,0.63273716,0.66979975,0.6816534,0.694633,0.5994787,0.6065699,0.6618865,0.53452617,0.5726128,0.5902207,0.5948293,0.59534514,0.508919,0.6110325,0.5149312,0.45262676,0.45820808,0.545926,0.6107534,0.6118854,0.63064104,0.55519354,0.5937556,0.69989914,0.6800332,0.5791637,0.5482661,0.6355376,0.6007725,0.5788129,0.5384722,0.49174178,0.55526865,0.5278224,0.5327212,0.51585585,0.5055216,0.48798543,0.62323123,0.5434913,0.5608007,0.62069595,0.5245924,0.68670326,0.7048122,0.56367064,0.51104736,0.4756509,0.62574494,0.5520706,0.6593582,0.6233594,0.5817044,0.55711883,0.59261626,0.52143425,0.45490587,0.49989215,0.5796357,0.5521533,0.64509064,0.6781969,0.52357036,0.5606948,0.5850922,0.5511599,0.59933406,0.67933017,0.5656556,0.64825004,0.59213054,0.5619771,0.6890755,0.7227125,0.6758802,0.5587996,0.5706142,0.6400852,0.572842,0.6047582,0.562884,0.4950827,0.63635117,0.5751671,0.55399144,0.5286137,0.5221231,0.6250276,0.65622234,0.5400151,0.5192934,0.58067566,0.5974865,0.7054901,0.74537235,0.58383226,0.4732257,0.50374794,0.5018306,0.47641087,0.4613196,0.5159874,0.5320598,0.65752727,0.52520853,0.53971285,0.61014485,0.60069686,0.6732806,0.67219955,0.70380276,0.70452076,0.636942,0.7198644,0.7392254,0.6530167,0.5724518,0.5635622,0.65849435,0.6064984,0.6004068,0.53531706,0.535294,0.51228327,0.43345475,0.46967122,0.4876076,0.4991435,0.4236282,0.50580066,0.650762,0.60960424,0.6584187,0.5689561,0.5926865,0.55240214,0.55999976,0.59880406,0.5433948,0.54012126,0.610828,0.65783024,0.6471861,0.6393335,0.64727056,0.5574388,0.6426375,0.6680097,0.54376155,0.5962534,0.55320615,0.6422882,0.614887,0.62271345,0.5282352,0.56976104,0.6349479,0.54508346,0.59960955,0.54187423,0.5922536,0.56123626,0.7145331,0.56387097,0.7050627,0.5533313,0.5861846,0.55194527,0.6402159,0.5822985,0.5876475,0.5543176,0.5500192,0.5458583,0.64632356,0.48672444,0.7282484,0.6684611,0.61271316,0.6383945,0.6442706,0.6725873,0.6580196,0.68685246,0.57826984,0.6046473,0.6437251,0.5495188,0.60583234,0.55797344,0.6198379,0.62443787,0.5269068,0.5840572,0.5338903,0.48983896,0.47431028,0.58031654,0.62515646,0.6290608,0.6276067,0.5409001,0.61227095,0.70573187,0.63272935,0.5725461,0.52965426,0.61226124,0.6152703,0.60126066,0.5431898,0.55155617,0.62270707,0.54342943,0.5367174,0.49529007,0.5145039,0.44267136,0.59731305,0.520684,0.5274842,0.6303481,0.4871327,0.71819514,0.7540334,0.51693213,0.48870513,0.47351703,0.6748728,0.6505105,0.7156116,0.62174743,0.57644075,0.51204073,0.5514251,0.49816817,0.4188477,0.45684242,0.5546502,0.5398484,0.7569743,0.6911081,0.50382525,0.5379676,0.5873504,0.51641595,0.5769539,0.6634493,0.59950095,0.6964849,0.68191165,0.52567005,0.6835199,0.70581937,0.679661,0.6204178,0.5961583,0.5817116,0.6177681,0.59995836,0.5355678,0.55357695,0.53835696,0.53093195,0.53647876,0.55255467,0.5370155,0.5245339,0.5339912,0.54511344,0.60139066,0.6144045,0.5205358,0.5246812,0.5324067,0.5293226,0.5557338,0.55269533,0.558009
487,0.5478797,0.581383,0.65974534,0.57653034,0.576833,0.57225955,0.54068047,0.6554989,0.6908536,0.581946,0.56327146,0.60226077,0.59577376,0.6678782,0.6888916,0.6184735,0.51849943,0.55782115,0.57017136,0.5412804,0.5066014,0.562201,0.57767457,0.7037141,0.61914647,0.5495451,0.59559005,0.67802787,0.63527054,0.63909924,0.67430615,0.6052877,0.63587755,0.6759136,0.6089056,0.6885832,0.5801368,0.56019944,0.65399486,0.6344826,0.65217257,0.5666518,0.5721265,0.5053369,0.4696066,0.5334376,0.52305114,0.5524754,0.4516577,0.5277961,0.6760889,0.61895764,0.6898039,0.6103719,0.6096705,0.5722232,0.56472236,0.5900983,0.5649371,0.5398101,0.54475576,0.55000955,0.6377439,0.5650392,0.5589045,0.53863597,0.5482738,0.59861535,0.4986325,0.503778,0.5420346,0.5761328,0.60135156,0.6532278,0.54415,0.50468165,0.5811905,0.5485757,0.52102995,0.6045549,0.5908767,0.6017236,0.6416682,0.49397004,0.59915704,0.5017195,0.4955585,0.5294716,0.61701214,0.5483962,0.5241722,0.5761171,0.543768,0.53603715,0.64096415,0.52585655,0.6616646,0.55541915,0.6432822,0.6868955,0.6568561,0.7009232,0.6993176,0.72811294,0.62374586,0.63247544,0.6937985,0.5192884,0.5709313,0.5994175,0.5780507,0.5711972,0.5127149,0.6160523,0.55611,0.49615636,0.5074089,0.54937685,0.607227,0.61569357,0.6344179,0.5843927,0.6172124,0.73551106,0.70190156,0.5825006,0.58662117,0.6554933,0.6187116,0.5841028,0.5530412,0.5156282,0.5708436,0.5312947,0.54306614,0.53852224,0.5407675,0.52912426,0.6403581,0.55413544,0.5807504,0.6275468,0.5519206,0.6928373,0.71404773,0.6027144,0.539846,0.4847324,0.61643404,0.56300473,0.6589409,0.6268878,0.5885919,0.5692005,0.612853,0.51731384,0.48052403,0.51023185,0.5805941,0.56412244,0.6278821,0.65282863,0.54951227,0.5606477,0.59093595,0.5382688,0.6079662,0.7159524,0.56597865,0.645284,0.62314993,0.5730084,0.71898854,0.75146806,0.7104872,0.58063227,0.56679124,0.6509405,0.5436748,0.5724819,0.549552,0.50218743,0.6437318,0.56573665,0.54087496,0.52219486,0.526641,0.6515094,0.6806846,0.54568857,0.5532595,0.57919,0.58876926,0.6840403,0.7278917,0.5843812,0.51529866,0.51931506,0.51696205,0.4764181,0.46771282,0.5162203,0.540804,0.6863868,0.52468336,0.5412427,0.6087824,0.6010666,0.6825229,0.67112833,0.707458,0.67519206,0.6392682,0.71158296,0.71483344,0.67576426,0.58307815,0.5576208,0.6693194,0.6250381,0.61189437,0.5543243,0.5365202,0.5001542,0.45747104,0.5138561,0.5166299,0.5238435,0.4582864,0.55620277,0.6760101,0.62782055,0.6868358,0.5850806,0.6071243,0.58155155,0.5660322,0.6045035,0.53752184,0.529511,0.572837,0.6288896,0.6455435,0.60005724,0.6582818,0.59815544,0.6266548,0.6636428,0.5476041,0.61681354,0.5480096,0.6412788,0.61539507,0.642435,0.5405728,0.60798085,0.6484032,0.57221913,0.61659604,0.5749949,0.62634903,0.5852889,0.70529366,0.53352827,0.6805072,0.5040983,0.5922367,0.58131176,0.57272595,0.5752373,0.56300855,0.5779619,0.55797285,0.5549093,0.668895,0.51312417,0.72378725,0.65503895,0.6263682,0.6697749,0.6673362,0.7012887,0.68115044,0.7173796,0.60274595,0.62954104,0.6735815,0.5348513,0.6031507,0.56830883,0.59927243,0.6045039,0.52880776,0.5977373,0.5732984,0.5361559,0.526333,0.5796983,0.62974304,0.6296404,0.64021325,0.5636029,0.6176709,0.73887384,0.66517127,0.57840496,0.5667213,0.63177127,0.61973095,0.6040629,0.5515691,0.5494107,0.6371058,0.54845154,0.5475837,0.52622354,0.54728943,0.4840307,0.60755366,0.53433335,0.55519044,0.64607584,0.52232087,0.7220661,0.7548105,0.56010497,0.5283842,0.4883909,0.6531909,0.6525625,0.71095705,0.6271153,0.57894903,0.52692,0.58337945,0.4921188,0.44487247,0.4739912,0.561343,0.5567411,0.7426731,0.6896058,0.5304252,0.5424291,0.59839404,0.50172275,0.5925727,0.6988995,0.6166237,0.66008,0.6863515,0.5262115,0.71524453,0.7360234,0.7139213,0.62063074,0.59415174,0.5896608,0.57365674,0.5642905,0.52463096,0.547009,0.5489007,0.5431292,0.53106576,0.5435731,0.5297098,0.5187499,0.5346393,0.54436004,0.6057281,0.61733466,0.5156664,0.5274389,0.5395413,0.5356931,0.55729485,0.5521775,0.5566662
488,0.54828084,0.5931554,0.6560599,0.57925063,0.58251756,0.58419365,0.5569673,0.6724096,0.70512795,0.59845,0.59069985,0.6100773,0.6023629,0.6371482,0.6523257,0.6277927,0.5655678,0.58245677,0.5986491,0.5561222,0.5227643,0.5853533,0.58972216,0.71715796,0.6221513,0.549819,0.58705395,0.6891911,0.609906,0.62372726,0.66837263,0.56998336,0.61359274,0.6607292,0.57982236,0.69854605,0.5965579,0.56549203,0.6596251,0.6492128,0.65231943,0.58047205,0.58107734,0.5097358,0.49010363,0.5685961,0.54821527,0.5851413,0.5008732,0.56950724,0.6904384,0.6339804,0.7082547,0.61977607,0.62139475,0.60093033,0.5812437,0.6153069,0.55622995,0.5376587,0.53900176,0.5264724,0.6320079,0.5439195,0.56020033,0.5673388,0.5526543,0.5853112,0.50168854,0.52235514,0.53492635,0.5884486,0.5907607,0.67722946,0.57113475,0.51542133,0.59866923,0.5818541,0.54603124,0.6436271,0.6240278,0.63677263,0.656404,0.48752463,0.58293694,0.47050267,0.5071628,0.5467831,0.593142,0.53111607,0.49794254,0.59333396,0.5466419,0.5292933,0.67127115,0.5544441,0.6572709,0.5297254,0.65620476,0.70420307,0.672692,0.7217617,0.7068471,0.74564105,0.63982195,0.6545483,0.71366817,0.51464516,0.57445157,0.6051865,0.5566738,0.54465973,0.52665377,0.625547,0.5974068,0.544247,0.5568549,0.5552902,0.60283005,0.617727,0.6411959,0.6134344,0.6366809,0.7522018,0.71076864,0.59052575,0.62765145,0.66689044,0.6266761,0.5791085,0.5643964,0.53468794,0.5859194,0.5354995,0.5534823,0.5689963,0.58196825,0.5789546,0.6527061,0.571713,0.6052714,0.6378195,0.5872794,0.69147503,0.7138486,0.6460562,0.56550926,0.50763834,0.6007226,0.5673855,0.65233326,0.6347299,0.59949124,0.58868766,0.6336796,0.52931523,0.5195926,0.5408091,0.5945534,0.5832458,0.59887993,0.6296621,0.58098376,0.5632376,0.5967726,0.5266791,0.61776555,0.7375764,0.56863725,0.63529134,0.6424367,0.58196586,0.73416185,0.76531655,0.72749686,0.59802455,0.5543314,0.6567631,0.5211895,0.5434768,0.5516134,0.5268086,0.6499952,0.56824154,0.5450218,0.53356045,0.5474074,0.67021537,0.6964854,0.56452876,0.5948747,0.5804072,0.5943747,0.6603353,0.7004901,0.59730554,0.56482506,0.54190683,0.551766,0.49852753,0.49188358,0.5345434,0.5630315,0.7047768,0.53577405,0.5423513,0.6124766,0.6056228,0.68355125,0.6565666,0.70834935,0.6356888,0.6358714,0.698957,0.6817406,0.68870723,0.5995339,0.56040096,0.6748138,0.6393091,0.6233532,0.5760723,0.54381466,0.5025077,0.4971753,0.5617956,0.5431259,0.56123704,0.5044899,0.60498935,0.6908799,0.64051056,0.70454174,0.5964904,0.61969346,0.60464656,0.576741,0.60847175,0.54100853,0.5326689,0.5388833,0.59410053,0.63104427,0.5638251,0.670022,0.6409728,0.60399693,0.65337026,0.5470248,0.6287541,0.5386367,0.6337549,0.61040676,0.6505713,0.55295765,0.63635594,0.6474967,0.5975911,0.6273256,0.6129139,0.65692306,0.61386603,0.6838418,0.5182383,0.6414166,0.4704416,0.5987071,0.60659707,0.50575495,0.55665034,0.5359473,0.6006717,0.56328815,0.5568493,0.6874904,0.5449312,0.7095604,0.6323118,0.6375701,0.6879049,0.6796293,0.71961296,0.6967111,0.7343755,0.6178776,0.64919066,0.6920127,0.52750564,0.60035145,0.57830054,0.5724638,0.58306646,0.5394106,0.6147076,0.61082816,0.57560474,0.5727305,0.57534677,0.6301091,0.62766993,0.6521565,0.5867912,0.6228553,0.7544826,0.68367946,0.5893281,0.6102112,0.64657414,0.6176913,0.598781,0.55954087,0.54639435,0.6483669,0.55311215,0.5595117,0.57007164,0.5833171,0.53636765,0.6169059,0.5550627,0.59335476,0.6629045,0.56744766,0.7111598,0.74259865,0.61010563,0.5601554,0.51332057,0.6224207,0.6489728,0.6955044,0.6377177,0.58676684,0.553568,0.618025,0.50605184,0.4856942,0.5103619,0.5824749,0.5825622,0.71869785,0.68936145,0.5659267,0.54537135,0.60676,0.4883786,0.6083258,0.72021914,0.63,0.6161571,0.6754714,0.52554804,0.73329145,0.7531625,0.73035914,0.6156839,0.5843386,0.5945511,0.53139263,0.5331812,0.5181572,0.54331094,0.55805904,0.5541901,0.52977896,0.537826,0.52807,0.519628,0.5373428,0.54482186,0.6077377,0.6181808,0.513368,0.5295845,0.55002457,0.54577214,0.5616309,0.5537775,0.55836046
489,0.5684011,0.614871,0.65613925,0.5963787,0.60321283,0.60954267,0.5847658,0.6793006,0.7091928,0.6228309,0.6243775,0.61601907,0.6241591,0.6125385,0.6187096,0.64816576,0.6152253,0.6072507,0.64041793,0.59148204,0.55727905,0.61563236,0.61261857,0.7180939,0.62114114,0.5451804,0.58277434,0.6885633,0.59237367,0.6014239,0.663088,0.5369151,0.5942789,0.642669,0.55168456,0.7011941,0.619467,0.5824701,0.6625732,0.65900046,0.65149635,0.5943958,0.59739566,0.5275102,0.5249888,0.6035104,0.56877387,0.6291303,0.55778235,0.61014676,0.69216156,0.64073265,0.7139175,0.6248421,0.630918,0.61858076,0.59538215,0.63342595,0.5629618,0.5522984,0.5339046,0.50796604,0.6194274,0.5339863,0.56738657,0.60042065,0.5503929,0.57443285,0.5022863,0.527183,0.52535456,0.59855247,0.5792792,0.6891908,0.5886582,0.5153944,0.60115886,0.6129909,0.5645614,0.6773842,0.6496284,0.66629195,0.6670168,0.50288147,0.57128745,0.4614337,0.5111078,0.5569929,0.5665225,0.50512743,0.48063692,0.60910743,0.5471981,0.5180262,0.69646144,0.58513284,0.6505767,0.51380914,0.6642773,0.70670575,0.6768678,0.7284729,0.702891,0.7442398,0.6445568,0.66925955,0.7153576,0.5253047,0.58570504,0.6068402,0.5399184,0.5219808,0.5488445,0.639425,0.6297887,0.585941,0.59648806,0.5639999,0.5992337,0.6172594,0.65225273,0.6365735,0.64831424,0.7456483,0.70314276,0.6018777,0.663397,0.6670984,0.62430173,0.565532,0.5702067,0.5436639,0.5972075,0.5396782,0.56185734,0.6016379,0.621092,0.6267037,0.6578467,0.5925246,0.6302599,0.6528879,0.6256764,0.6850462,0.70619994,0.68774486,0.58300614,0.5407324,0.5807144,0.5646615,0.639423,0.6487175,0.6155734,0.6145455,0.6501464,0.55651194,0.56498665,0.5896889,0.6229722,0.6091742,0.56466264,0.6147459,0.6118018,0.5669069,0.5985602,0.5189267,0.62902063,0.74084747,0.5781062,0.6243759,0.64659667,0.5883582,0.7316446,0.7622735,0.721619,0.6071831,0.5341093,0.6548027,0.51321286,0.5266026,0.5739566,0.565657,0.6569624,0.58590305,0.5692077,0.5638267,0.58436024,0.6769088,0.6997106,0.59712106,0.63899004,0.58710045,0.61824244,0.6413307,0.6698018,0.6230454,0.61357266,0.56817687,0.6040783,0.54319686,0.5303124,0.5704293,0.5954144,0.7114825,0.5588203,0.5457118,0.6214711,0.6140925,0.67538875,0.6266755,0.7058569,0.590724,0.62539077,0.68333274,0.64398897,0.689072,0.6206421,0.57286096,0.6737315,0.6464505,0.6337002,0.59744483,0.5586959,0.52128434,0.54718447,0.6076228,0.5615816,0.6074893,0.5565582,0.646228,0.6909869,0.64431995,0.70772696,0.5991209,0.6290357,0.6165495,0.590074,0.60968155,0.5566725,0.5528643,0.51563686,0.5592406,0.60756934,0.53625554,0.67762923,0.6784743,0.57583874,0.6343086,0.53962445,0.62720037,0.52168274,0.6171498,0.60010153,0.6471195,0.56617236,0.6498584,0.6290147,0.6192159,0.6311532,0.65025914,0.6802256,0.64260155,0.6535626,0.5219553,0.59157586,0.46162516,0.6041707,0.62012774,0.45450115,0.5277161,0.5119765,0.61877024,0.56385046,0.5521262,0.70182246,0.5767611,0.6873186,0.5991257,0.64472246,0.68920296,0.6786716,0.725395,0.70268744,0.7346278,0.62077737,0.66044605,0.69288695,0.53308177,0.60091835,0.5865858,0.54766494,0.564332,0.55913025,0.63316345,0.639854,0.59983504,0.604921,0.5664818,0.6264171,0.6223386,0.66331667,0.6057406,0.625637,0.7489852,0.6819115,0.60331815,0.6523263,0.6532279,0.61010534,0.5850549,0.56451887,0.54024166,0.6531054,0.5555535,0.5693743,0.6183984,0.6161648,0.59040695,0.62467474,0.5794665,0.63607734,0.68110013,0.6153812,0.6871246,0.71918017,0.6599266,0.5774624,0.545063,0.5848575,0.63626164,0.66729593,0.65541375,0.6022959,0.5903878,0.64700735,0.5396096,0.5359265,0.56345004,0.6175467,0.6166157,0.688441,0.69034344,0.60498005,0.5448848,0.6062508,0.47866774,0.62257606,0.7239887,0.64152175,0.5722121,0.6487617,0.5241137,0.73532546,0.75448376,0.72327524,0.60329586,0.5673271,0.59442455,0.50195265,0.51569355,0.5170065,0.5429044,0.56246305,0.5604364,0.53503186,0.5379715,0.5326112,0.5279192,0.5428776,0.5471512,0.60605496,0.61574316,0.51429117,0.530583,0.5634175,0.55943394,0.5703598,0.559259,0.5637443
490,0.6078916,0.6431412,0.6643188,0.6267787,0.63651097,0.64386976,0.6201899,0.67417717,0.7012813,0.6534607,0.65922874,0.61982715,0.6601091,0.6017156,0.59837234,0.67841816,0.65754616,0.6278105,0.6887122,0.6433782,0.6053366,0.64709395,0.6430316,0.70580435,0.6166791,0.5364813,0.5851143,0.6754041,0.585694,0.5767089,0.6588015,0.51516813,0.5839232,0.62697744,0.5333315,0.6957842,0.64674014,0.60891944,0.6633497,0.6630718,0.6521009,0.60817844,0.62068576,0.556307,0.5686292,0.63148475,0.5833339,0.6764768,0.61180896,0.6421767,0.6793569,0.63816875,0.7046545,0.624979,0.6380278,0.62400556,0.6058198,0.6405662,0.5867335,0.5842699,0.53082734,0.49933267,0.6039818,0.5369134,0.5795492,0.6319406,0.54303986,0.5670182,0.50256795,0.51809007,0.51547545,0.6037097,0.57150847,0.68643606,0.5947696,0.50559,0.5874666,0.6354307,0.57609826,0.6995117,0.666556,0.6844613,0.6699021,0.5382205,0.56686765,0.47817996,0.5083878,0.5593665,0.5438327,0.47791305,0.4771988,0.6198428,0.5453725,0.5079762,0.7131429,0.6118635,0.64230114,0.5083036,0.667667,0.69413257,0.6682566,0.718712,0.6863648,0.72211653,0.6379185,0.6747071,0.6956204,0.5528282,0.6055981,0.6049674,0.53558534,0.5109005,0.578759,0.6573792,0.6468325,0.61238545,0.61866575,0.57442176,0.5968553,0.6149456,0.66846484,0.64863294,0.6499828,0.71300006,0.67839533,0.6143578,0.68695337,0.65668464,0.6128033,0.5476692,0.5701365,0.54221827,0.6016962,0.5431009,0.56612855,0.6278085,0.6486311,0.66096854,0.6559674,0.61382335,0.65310115,0.67192054,0.6608448,0.67438245,0.69159335,0.7199963,0.591343,0.5774913,0.5599326,0.557847,0.62144583,0.66975147,0.63754356,0.6431611,0.65782213,0.5944939,0.6071594,0.6491291,0.6645514,0.6389725,0.535869,0.613011,0.6364241,0.5702014,0.59413576,0.51645774,0.640623,0.72476393,0.5946287,0.61732304,0.6333295,0.591569,0.70930225,0.7401888,0.6902532,0.60773736,0.5111733,0.64348817,0.5228333,0.52847743,0.61572057,0.6119752,0.6670328,0.6175741,0.6102359,0.6083984,0.63170636,0.6700612,0.6886437,0.63972765,0.6784428,0.60003364,0.658622,0.6332907,0.64400566,0.6585721,0.6526476,0.5948872,0.6648862,0.6047724,0.57686996,0.6182908,0.6334067,0.7047654,0.59196156,0.5522082,0.6348881,0.62565565,0.65840656,0.58592796,0.6995181,0.55080485,0.61018264,0.66725254,0.6090288,0.6768777,0.64522076,0.59470177,0.66712207,0.64619976,0.64383477,0.61670727,0.5822422,0.5554262,0.5984096,0.6443197,0.57099617,0.65534025,0.60746694,0.67431533,0.6753209,0.63927794,0.6952132,0.59243685,0.63570505,0.6173376,0.6053863,0.6083631,0.5845836,0.5899051,0.5090012,0.5329667,0.5818647,0.52376616,0.67816246,0.70354384,0.54696155,0.6074836,0.5278781,0.6105995,0.49903318,0.5931986,0.5876575,0.6332836,0.57974124,0.64488834,0.5942772,0.63540465,0.62925434,0.68066424,0.69285923,0.66580755,0.61977166,0.5448933,0.541656,0.48205343,0.60753036,0.61808497,0.43174547,0.49596235,0.49846834,0.6287294,0.558623,0.54404116,0.71023804,0.6037092,0.6596488,0.55847937,0.64830893,0.6740065,0.6647302,0.7182831,0.6968731,0.71662486,0.61246836,0.6631106,0.6731197,0.5553986,0.6084813,0.59219867,0.5347033,0.55351615,0.587918,0.65290314,0.6566615,0.60583335,0.6184755,0.5540095,0.62016267,0.61498815,0.6745955,0.61565906,0.6245553,0.7198737,0.65774226,0.6180158,0.6848167,0.6503066,0.59940064,0.5659051,0.5650813,0.53106666,0.6486164,0.55480486,0.57502925,0.66020113,0.6395803,0.63586557,0.6301961,0.6048456,0.67629963,0.69941336,0.6573809,0.65389436,0.68739027,0.70070624,0.5802686,0.5794012,0.5475067,0.6147192,0.62787926,0.6805517,0.6263473,0.6310988,0.66330695,0.5882584,0.5874708,0.6250533,0.6631016,0.65427697,0.6573566,0.6909058,0.6408163,0.5404593,0.59379315,0.4741296,0.6344203,0.7096709,0.6514261,0.5385895,0.60996884,0.52241546,0.7198834,0.7371763,0.6898714,0.5847915,0.54612744,0.5881367,0.4938911,0.51845706,0.5202299,0.54579896,0.5603966,0.5590802,0.54685557,0.5450786,0.5427223,0.5421396,0.5510115,0.551705,0.60077834,0.61010265,0.5185125,0.5302051,0.5781548,0.5753745,0.5827593,0.56870335,0.5726937
491,0.65858793,0.6725266,0.6810468,0.66422373,0.6749667,0.6792559,0.65704185,0.658105,0.6822007,0.6856212,0.68802255,0.6213559,0.7037729,0.60653,0.5950114,0.7136006,0.6846964,0.6407886,0.7334706,0.7002744,0.6564582,0.6731222,0.6752163,0.6795124,0.6097016,0.526171,0.5944264,0.6509417,0.58967125,0.5544491,0.6541877,0.5107659,0.5849449,0.617159,0.5302199,0.682373,0.6740393,0.6389964,0.66192555,0.6618821,0.6555206,0.6207055,0.6494839,0.5921434,0.6123675,0.64699763,0.59171647,0.7170308,0.653843,0.6590374,0.65357655,0.6277658,0.6818269,0.6207436,0.642414,0.6207947,0.61261094,0.6352567,0.6234904,0.62937254,0.5305596,0.5020074,0.5882377,0.5509531,0.5940688,0.65398866,0.5319292,0.56259555,0.50439304,0.49777856,0.5073923,0.6003631,0.5693667,0.66691273,0.589818,0.48959213,0.55873543,0.6444221,0.5804286,0.7045368,0.67349905,0.6856215,0.6603194,0.5852847,0.56999254,0.51757944,0.5025856,0.55470335,0.5290313,0.45731142,0.4881191,0.62151134,0.54157764,0.5035814,0.7177045,0.6298863,0.6322467,0.5107845,0.66805303,0.6688826,0.6479438,0.6927509,0.65705633,0.6792768,0.6212713,0.6702672,0.6551513,0.5938881,0.6319596,0.6002823,0.54656714,0.51690763,0.61507136,0.6770807,0.6458639,0.61966807,0.62056184,0.5836952,0.59500504,0.6118215,0.68818647,0.64638627,0.6423879,0.6540714,0.63920295,0.6256514,0.6945439,0.6386978,0.5957644,0.5304705,0.5656305,0.5331474,0.5970326,0.5449014,0.56477565,0.6394318,0.65721697,0.67503214,0.6483441,0.63293695,0.67084336,0.69111675,0.68639904,0.6589105,0.66920483,0.7365054,0.59195393,0.61004627,0.54201907,0.550821,0.59977525,0.69517493,0.6630714,0.6696006,0.65431833,0.6347453,0.6373763,0.7062193,0.7117934,0.66763234,0.5209277,0.6235665,0.65139437,0.571711,0.58349854,0.5188087,0.6490012,0.69131637,0.6148787,0.61381614,0.6017818,0.5912939,0.6668849,0.6975291,0.63449156,0.60109913,0.49203742,0.6228638,0.54766685,0.5496872,0.6681584,0.6561178,0.68007755,0.656573,0.6582385,0.6569763,0.6788188,0.6516009,0.665016,0.68409306,0.7058486,0.61791587,0.70647717,0.63782847,0.62888116,0.6970146,0.6754448,0.61844254,0.7205506,0.6702754,0.6225536,0.6676185,0.6707169,0.6829503,0.6298011,0.56257904,0.6497453,0.6379334,0.6359713,0.5439195,0.689712,0.5262874,0.59409714,0.65299374,0.5840658,0.6542642,0.66972446,0.62232447,0.6562019,0.63988554,0.6545546,0.63172054,0.61368585,0.59991306,0.6415312,0.6665164,0.5727608,0.6958036,0.64980805,0.6853687,0.64666265,0.6276599,0.6696275,0.5790563,0.6405615,0.61155534,0.622025,0.6053734,0.6207494,0.6386814,0.5200955,0.5228912,0.561199,0.53066146,0.6709597,0.7109027,0.5236982,0.57812417,0.51710695,0.5812076,0.47811636,0.5667554,0.5780396,0.6122623,0.59332365,0.6211161,0.5498031,0.6448591,0.62439823,0.6993415,0.69241583,0.67779756,0.5881838,0.58257693,0.5055529,0.5291775,0.60725117,0.600794,0.44246233,0.47163036,0.50120294,0.62766194,0.54852504,0.5364751,0.71069413,0.62293637,0.63024193,0.51875275,0.64976585,0.6468953,0.6402867,0.6994513,0.6771482,0.68082035,0.59557563,0.6590078,0.6332868,0.59337324,0.6242937,0.59376305,0.5402052,0.5541013,0.62339807,0.67323434,0.6603324,0.5955265,0.6135099,0.5404363,0.6131033,0.60801446,0.68636566,0.61382055,0.62018174,0.6666266,0.6138699,0.631043,0.70252043,0.63881314,0.5897211,0.5470597,0.56150055,0.52125275,0.63395727,0.5512821,0.57579184,0.6865848,0.64945203,0.6651755,0.63306326,0.628223,0.70634466,0.7146864,0.6860014,0.6177788,0.6514616,0.72537327,0.5725187,0.6109536,0.52008635,0.5889266,0.5834382,0.7090772,0.6558876,0.66692036,0.6642731,0.64133257,0.63049394,0.68241566,0.71073633,0.68822587,0.6305837,0.6884314,0.66699433,0.5323839,0.5709452,0.47528926,0.64215225,0.6801497,0.65852964,0.5225962,0.56701034,0.52066463,0.6862489,0.6992635,0.6312952,0.56483203,0.5252767,0.5756909,0.510239,0.5412363,0.5258184,0.55136013,0.5519769,0.5494427,0.5623905,0.5578487,0.5565361,0.55883414,0.5599657,0.5578943,0.592915,0.6023777,0.52506477,0.52867824,0.5916233,0.5907704,0.59501284,0.5794294,0.58367294
492,0.7060826,0.6968525,0.70151347,0.6992272,0.70910025,0.707996,0.6890525,0.63630456,0.6577543,0.71434623,0.70618445,0.6227676,0.7448954,0.621279,0.60424846,0.74576515,0.69526106,0.6444076,0.7666516,0.74843997,0.69886357,0.6900636,0.70174605,0.6456179,0.6042363,0.52032906,0.60807186,0.62090254,0.60092664,0.53580666,0.64637035,0.52054185,0.59182286,0.61004514,0.5394389,0.66215587,0.6965459,0.6652394,0.65681314,0.6568696,0.6612723,0.629257,0.6805366,0.6293018,0.64840835,0.6486124,0.59389323,0.74482393,0.6803622,0.6590338,0.6217612,0.6133181,0.65278476,0.61374176,0.6434786,0.6148406,0.6162105,0.6186571,0.6643796,0.6790405,0.5317335,0.5128146,0.5739778,0.56930095,0.6047894,0.6606345,0.51779795,0.55794924,0.5066998,0.4719272,0.50135,0.58479464,0.57212746,0.6343217,0.5791079,0.47378063,0.5199513,0.6399755,0.57864326,0.691672,0.67104614,0.6688835,0.63623625,0.6320029,0.5790276,0.5700307,0.49786234,0.54420644,0.52168524,0.4467623,0.5088928,0.6116333,0.53689545,0.5053927,0.7094132,0.63796055,0.6201967,0.51753217,0.66924393,0.63894653,0.62180287,0.65800154,0.6220453,0.625323,0.5996849,0.65860415,0.60471374,0.64097816,0.6608212,0.5932414,0.5710393,0.5391785,0.6536162,0.6959973,0.6300448,0.61074257,0.6055866,0.5884942,0.59253937,0.60740805,0.70649666,0.6303039,0.62991595,0.58216864,0.59442097,0.63389176,0.6871606,0.61801344,0.57954663,0.5172562,0.5590129,0.5194416,0.5825059,0.5446739,0.5577728,0.6338888,0.64536464,0.66943884,0.63762176,0.64683086,0.6800244,0.7066187,0.6988104,0.63882804,0.6390871,0.7362735,0.5880967,0.63318753,0.5291814,0.5447741,0.57474774,0.71936303,0.6873054,0.6907978,0.63990563,0.6672076,0.6517851,0.74987036,0.7533605,0.6913575,0.5205872,0.6383681,0.6568318,0.56973684,0.5680244,0.52343535,0.65228164,0.64965945,0.6361705,0.6103471,0.55584913,0.58947724,0.6148987,0.6429805,0.5668325,0.5883072,0.47995788,0.598001,0.58201337,0.58425593,0.7167456,0.6899013,0.693069,0.69305223,0.7010797,0.69872004,0.7166761,0.627077,0.6359527,0.7217906,0.71771276,0.6374965,0.7497433,0.65010065,0.6246634,0.7303343,0.68126214,0.63533473,0.7615832,0.725176,0.6591471,0.7086314,0.70092034,0.65233034,0.66565585,0.5766457,0.66204304,0.6481406,0.61335164,0.507939,0.6767373,0.5182386,0.577069,0.6383433,0.57019484,0.62502843,0.6891193,0.64951366,0.64120096,0.62944067,0.66511184,0.63990414,0.6489362,0.6459435,0.6715086,0.67422915,0.56847066,0.7234349,0.6791592,0.68015385,0.61241513,0.6128957,0.63888294,0.5628518,0.64314,0.6052391,0.6375938,0.6005574,0.65894866,0.69015664,0.5420998,0.52972215,0.54868877,0.553565,0.65509254,0.6982049,0.5091662,0.5509388,0.5093785,0.5441188,0.46550557,0.5407878,0.5732716,0.5889504,0.60592014,0.58357537,0.50446856,0.6469905,0.6201802,0.7052448,0.67821294,0.67505056,0.5620786,0.6256793,0.48955727,0.5915469,0.60154235,0.5710204,0.48146814,0.4600967,0.5193254,0.61406976,0.53656936,0.5301004,0.7024287,0.63414985,0.6021317,0.4883516,0.6514585,0.6176546,0.6114985,0.67406195,0.64915144,0.6353947,0.57512414,0.65148115,0.58314073,0.6398163,0.6458652,0.58990455,0.5634355,0.56515443,0.6605308,0.69308513,0.65403664,0.5751655,0.594989,0.52736646,0.60594016,0.60222465,0.69693816,0.6015718,0.61470956,0.6009412,0.5606453,0.64053744,0.7064481,0.622041,0.5851374,0.53314525,0.5549639,0.5129456,0.60997695,0.54601395,0.5718475,0.6944243,0.64494693,0.6770804,0.63369715,0.64580154,0.72082436,0.72443795,0.6981652,0.58442,0.61519456,0.7326675,0.5602062,0.63506544,0.5076467,0.5636728,0.5412145,0.7340317,0.68467957,0.6930709,0.65266645,0.6856469,0.65846944,0.7254935,0.7500952,0.7135874,0.6100691,0.68045557,0.6813873,0.52099335,0.5420444,0.4804285,0.64512104,0.6445297,0.6621547,0.523393,0.52739817,0.51859176,0.64238393,0.6496175,0.5603973,0.54725766,0.5082075,0.5608425,0.5461846,0.5756856,0.5317654,0.557884,0.53841114,0.5334153,0.5772378,0.5724225,0.5704879,0.5737449,0.56704634,0.5636723,0.58305216,0.59360707,0.53164643,0.52662855,0.6014386,0.60218924,0.60231066,0.5869624,0.5937967
493,0.73930156,0.7126077,0.72038305,0.7245255,0.7327767,0.72633624,0.7123157,0.61587477,0.6364891,0.7371086,0.71490353,0.62741655,0.77519196,0.639633,0.6207033,0.7682566,0.692599,0.6397039,0.7853005,0.77985436,0.7261529,0.69880366,0.71762824,0.6186124,0.6064315,0.5251796,0.62248045,0.5948515,0.61412495,0.5205029,0.634337,0.53699994,0.5974269,0.6013123,0.5552022,0.6377131,0.7123016,0.68322396,0.6468848,0.65107286,0.66937536,0.6323902,0.71026844,0.66174406,0.67313164,0.6383029,0.59155,0.7594482,0.6917826,0.6454899,0.59345216,0.59994256,0.62790453,0.6073902,0.6420912,0.6122609,0.6179359,0.59495795,0.70185494,0.72501767,0.5332299,0.52865946,0.5640772,0.5854028,0.6070366,0.6526155,0.502665,0.5502588,0.50863224,0.44799176,0.4970193,0.5578164,0.57935727,0.5989918,0.5705225,0.4650655,0.4796487,0.6272789,0.5738047,0.66580576,0.6632639,0.6402134,0.6016128,0.6693831,0.591353,0.6245868,0.49731654,0.5304676,0.5205442,0.4457592,0.5337943,0.5919228,0.5327102,0.51228434,0.69179475,0.6382003,0.6070879,0.5255645,0.67640036,0.6167754,0.6005337,0.6280528,0.59581405,0.5797666,0.5833862,0.6464414,0.56232613,0.68634176,0.6898005,0.585524,0.60551965,0.5731213,0.69015616,0.71405756,0.6085884,0.5942216,0.58253163,0.5879823,0.58942723,0.60156244,0.71881294,0.60530967,0.61858046,0.52254295,0.5566122,0.63810575,0.66961783,0.60004014,0.570733,0.5096988,0.5529584,0.504235,0.5599834,0.5430774,0.5470319,0.61565644,0.6181539,0.6497444,0.6277985,0.65427125,0.67945594,0.71717036,0.6980322,0.61758614,0.60487586,0.72252023,0.58621275,0.64705706,0.52236205,0.5394043,0.547673,0.7374698,0.70599926,0.7064852,0.61709845,0.685855,0.6519079,0.77565974,0.78164387,0.7088238,0.53208965,0.6490407,0.65616524,0.5637967,0.5501241,0.5277528,0.6537885,0.6145339,0.6587376,0.6062716,0.5050872,0.5898209,0.5737793,0.5968118,0.50870985,0.57127196,0.47440803,0.57773,0.6205716,0.62521434,0.75064975,0.710304,0.70342284,0.71974874,0.7313475,0.7278597,0.7421939,0.60331696,0.61063856,0.7487193,0.7161891,0.65527064,0.7804325,0.6645956,0.62974966,0.75305176,0.67423254,0.6443944,0.7857684,0.7613144,0.68340176,0.7372979,0.72034013,0.6276194,0.69525707,0.5925713,0.66911983,0.65493697,0.59446084,0.48093605,0.66143674,0.52156264,0.55787724,0.6203155,0.5653453,0.59362763,0.70057905,0.6713523,0.6228185,0.61769265,0.6746212,0.6406982,0.6828428,0.68525934,0.6875562,0.67153,0.5607611,0.7378586,0.6949777,0.66400576,0.58151364,0.5989201,0.61275107,0.54806685,0.6432363,0.60372955,0.64955693,0.59353507,0.6941998,0.7362772,0.56620365,0.54884344,0.5436913,0.58323723,0.6307636,0.6684264,0.502946,0.52788466,0.50396514,0.5061968,0.46306604,0.5161719,0.5717396,0.5688953,0.61614454,0.54238236,0.46575245,0.6438821,0.6195701,0.70102906,0.65297616,0.6590424,0.5430999,0.6642512,0.4901693,0.6537609,0.59041995,0.53437495,0.537189,0.4603296,0.54640114,0.589878,0.5263206,0.52433383,0.6870263,0.63894325,0.5774759,0.47026607,0.6570378,0.59800243,0.5879061,0.6514712,0.6272802,0.5960095,0.5594747,0.64505494,0.5395983,0.6859689,0.6698544,0.5814246,0.59884554,0.58392024,0.69529974,0.71270835,0.64546514,0.5542722,0.57201546,0.51508486,0.5993594,0.59776396,0.7039968,0.5838948,0.61083376,0.5459753,0.5131249,0.64522046,0.70170116,0.6046915,0.5876848,0.5257934,0.5471989,0.5072421,0.57974494,0.5399543,0.56412625,0.6861838,0.6288588,0.6755009,0.6331874,0.6549116,0.7186698,0.72879773,0.69439316,0.55850667,0.5821682,0.72560906,0.5514018,0.6508488,0.5083231,0.54150236,0.50623184,0.75042,0.7074742,0.71026886,0.6334576,0.7133219,0.6712432,0.7507564,0.7748135,0.7298192,0.5971825,0.66637266,0.6867368,0.50787306,0.51217943,0.48634923,0.6460787,0.6158706,0.6639423,0.53503656,0.49585652,0.51607937,0.60571694,0.60878086,0.49905953,0.5332697,0.49608225,0.5496843,0.59230846,0.6122575,0.5372315,0.5641817,0.5215115,0.5146915,0.5891749,0.58570445,0.580901,0.5839217,0.57057184,0.5670579,0.57224935,0.58514726,0.5361461,0.5247955,0.6077729,0.60867995,0.60294276,0.58873665,0.60055536
494,0.7559474,0.71915287,0.7346136,0.73757637,0.74444395,0.7341314,0.7255193,0.6017175,0.6240477,0.7533974,0.7176103,0.63670224,0.7911413,0.6585516,0.641091,0.77787083,0.68119067,0.63071066,0.7900606,0.7930405,0.73792076,0.7021857,0.7220933,0.60947055,0.618744,0.54244995,0.6351988,0.5800796,0.624776,0.51073605,0.62178636,0.55474454,0.6007415,0.592498,0.5747537,0.61276007,0.72166586,0.6923993,0.63329715,0.64755255,0.68013823,0.63122064,0.73570275,0.6857761,0.68640465,0.620535,0.5881472,0.76238114,0.6900634,0.6250926,0.57486606,0.5915407,0.613796,0.60542005,0.640419,0.617074,0.6200453,0.5709759,0.7320297,0.76197815,0.5366964,0.54914784,0.561609,0.5979662,0.6029707,0.63732064,0.49063566,0.54097253,0.5129761,0.43313766,0.49563006,0.5274337,0.59135073,0.5724501,0.5696575,0.4680986,0.44686067,0.6137491,0.5703862,0.6361199,0.6561017,0.609432,0.56517035,0.69390136,0.6039622,0.6723731,0.50282925,0.5186641,0.525135,0.45282623,0.5579033,0.5680226,0.53007096,0.52432036,0.671414,0.634423,0.5955865,0.53359,0.69109,0.6107212,0.5925373,0.6131652,0.5881177,0.5568812,0.5806418,0.640095,0.5394006,0.7237741,0.7170111,0.57984215,0.64467293,0.6130263,0.72162545,0.7311924,0.59206945,0.5798003,0.562002,0.5845341,0.5870479,0.5963275,0.724045,0.5793351,0.61237484,0.4913704,0.5335665,0.6388951,0.6486777,0.5888523,0.572307,0.5090558,0.549818,0.49226314,0.53457564,0.5411921,0.5359112,0.59319645,0.5852896,0.6241617,0.6218364,0.6564087,0.67181826,0.723186,0.6869544,0.6007774,0.57388157,0.70068747,0.5924106,0.654522,0.52169096,0.53640795,0.5234283,0.74676424,0.71709704,0.71695375,0.59143716,0.6904471,0.6424467,0.7839274,0.7948432,0.7196387,0.55311173,0.6526688,0.6536214,0.5558971,0.53357047,0.53040415,0.6575435,0.59659827,0.68247014,0.60469866,0.4608249,0.59375435,0.557005,0.5741436,0.47431383,0.555407,0.47408137,0.56729317,0.65854627,0.66660196,0.76769453,0.71799386,0.7098767,0.7341868,0.74735296,0.7434119,0.7559142,0.58542717,0.59463054,0.7645028,0.7064428,0.6691589,0.7960695,0.6784951,0.64229333,0.7630004,0.6595142,0.64741457,0.79437363,0.7777353,0.6960789,0.75370073,0.72831774,0.61967415,0.71648306,0.6085954,0.67068696,0.6582778,0.581274,0.46548504,0.6471303,0.5317279,0.540645,0.60135835,0.5689183,0.5646824,0.70423114,0.6856824,0.60361147,0.60798806,0.6828228,0.63621783,0.71136206,0.71347046,0.6913645,0.6630595,0.5537567,0.74069893,0.69865537,0.64407873,0.5598137,0.5890068,0.5972119,0.53889805,0.64231694,0.61008304,0.6572839,0.5856134,0.7231296,0.77214456,0.58808386,0.5743564,0.5449845,0.61138916,0.6035389,0.631339,0.50363487,0.51107293,0.5024555,0.47529906,0.47014114,0.4951357,0.5720706,0.55668414,0.6242599,0.5085959,0.4381737,0.639946,0.6234886,0.69107246,0.6241081,0.63580203,0.53230405,0.69168776,0.49996054,0.70373094,0.5765741,0.5006758,0.59521306,0.46903995,0.5743923,0.56098485,0.5200868,0.52122617,0.6683388,0.640009,0.55888706,0.463127,0.66840124,0.5943192,0.57698464,0.6396731,0.6219956,0.57452726,0.55527717,0.6432646,0.51424253,0.72473425,0.6931286,0.57157356,0.63877577,0.60754853,0.72542644,0.73157156,0.6422555,0.54191667,0.5544037,0.5046979,0.59515464,0.5957719,0.7068305,0.56683964,0.6104061,0.51719576,0.48221552,0.6449037,0.69342154,0.5915771,0.5970405,0.5255659,0.5406241,0.505029,0.5493028,0.53406745,0.55475473,0.66795266,0.6074391,0.6661196,0.6326646,0.6558582,0.70335805,0.7291423,0.67780167,0.5440653,0.55707043,0.7087071,0.552906,0.66002125,0.51681477,0.52503157,0.4817316,0.75655484,0.7218816,0.720278,0.6119532,0.72383565,0.672767,0.75874203,0.78379375,0.73787105,0.5940885,0.6485507,0.6869281,0.49654692,0.48728877,0.490705,0.6483,0.60305494,0.6664132,0.5512484,0.47487134,0.5136952,0.5892266,0.5914375,0.461832,0.5241386,0.4890175,0.54534703,0.6386186,0.6451781,0.54250425,0.5702473,0.50382775,0.49758333,0.5989569,0.59721845,0.586232,0.5888893,0.5708736,0.5678797,0.5629717,0.5789926,0.53812706,0.52390647,0.6128754,0.6123829,0.59920365,0.5858151,0.6031304
495,0.7577289,0.7166477,0.74174196,0.73797107,0.7442852,0.7321693,0.7285706,0.5943693,0.6203965,0.763424,0.7168152,0.64876604,0.7924157,0.67475647,0.66090685,0.7740504,0.66552067,0.62122595,0.7830399,0.78984743,0.7363862,0.7021171,0.7161474,0.6204984,0.6383861,0.56816405,0.6438241,0.5785822,0.6290425,0.5085538,0.6115586,0.56980896,0.6020698,0.5875419,0.5955748,0.5909003,0.72552717,0.693243,0.61899316,0.6470306,0.6925174,0.6283566,0.75408685,0.69931793,0.6891963,0.6004621,0.5863196,0.75551784,0.67833406,0.6051705,0.5660552,0.58823955,0.61054283,0.6079035,0.6397503,0.6283149,0.6235685,0.55237687,0.752399,0.7867992,0.54308385,0.57193935,0.56832874,0.6057689,0.596649,0.6241364,0.4868304,0.53318703,0.5224987,0.43321124,0.49909103,0.50361776,0.6066195,0.5632217,0.5787797,0.4847758,0.42998797,0.60517573,0.5729209,0.6122814,0.65502673,0.5865343,0.53660977,0.7049546,0.6141448,0.70629156,0.5149173,0.5142098,0.5343315,0.46667504,0.5772762,0.54718804,0.5298185,0.54205424,0.6553443,0.6295969,0.5887634,0.53992325,0.71015286,0.6203658,0.5988607,0.61530054,0.5998504,0.5594046,0.59323174,0.6419548,0.53801775,0.7490292,0.73982126,0.57792974,0.6810613,0.65150636,0.7457194,0.74629223,0.58663434,0.5729535,0.5512999,0.5812528,0.58603966,0.59352976,0.72248805,0.5596008,0.6122106,0.49135903,0.5266086,0.63617474,0.6296721,0.5855313,0.5829758,0.5163039,0.55088764,0.48842013,0.51337963,0.54005504,0.52775466,0.57416695,0.5568165,0.6003545,0.6208422,0.65439177,0.6605595,0.7241757,0.6692695,0.5928758,0.5536992,0.6771113,0.6078844,0.65769935,0.5268576,0.538379,0.5076419,0.74647117,0.7204265,0.7217508,0.5680069,0.68337697,0.6286767,0.777211,0.7941417,0.72322077,0.58002645,0.64935607,0.65123117,0.54817015,0.5216724,0.53079796,0.66487205,0.59729165,0.70496154,0.6087188,0.4333584,0.5999181,0.566544,0.5781066,0.46692374,0.54606175,0.47836125,0.56739974,0.6898716,0.70140296,0.76966316,0.7152601,0.710914,0.7360867,0.749749,0.74657583,0.759441,0.57502204,0.58816564,0.7703792,0.69386244,0.6771003,0.7970815,0.68893737,0.6578704,0.76030844,0.64262074,0.6465988,0.7901534,0.77727175,0.70000076,0.75945646,0.7256564,0.6310751,0.72848785,0.62217647,0.66651106,0.657872,0.57362497,0.4627546,0.63529027,0.5449396,0.5295955,0.5863163,0.57878286,0.54211247,0.70190686,0.6919861,0.587403,0.6023655,0.689358,0.6302667,0.7315005,0.7289192,0.6857274,0.65286773,0.5507648,0.7343987,0.6931626,0.62742233,0.5483028,0.5839032,0.5925345,0.5365573,0.64191973,0.62307554,0.66111654,0.57850313,0.7434699,0.7953291,0.60439414,0.599391,0.5517954,0.6310159,0.58035386,0.59946066,0.509587,0.5017627,0.50586337,0.4579638,0.48327467,0.48064893,0.5733612,0.5550139,0.6305638,0.4906335,0.42533758,0.6391251,0.6301142,0.6790372,0.6002643,0.6124101,0.5303777,0.7046221,0.51254356,0.7347195,0.56401664,0.47894168,0.6406671,0.48249128,0.59706897,0.5354466,0.5187857,0.523675,0.6509739,0.6396703,0.548793,0.4641359,0.6837933,0.6050285,0.58083886,0.64161575,0.6351317,0.57438594,0.56461704,0.6470813,0.5104624,0.7512697,0.71273,0.56371987,0.6747929,0.63127744,0.7490157,0.74816644,0.6477805,0.5422134,0.5483979,0.49772102,0.594448,0.59645563,0.70523,0.55485487,0.61260754,0.51778406,0.47154626,0.6397983,0.68438214,0.58518577,0.60988384,0.5319607,0.53697443,0.50636595,0.5259466,0.529441,0.54601854,0.64629316,0.5879578,0.65468717,0.63265395,0.6505615,0.6808365,0.7261558,0.65324616,0.5429103,0.54390633,0.6872855,0.5664638,0.66464245,0.527718,0.5161461,0.46944246,0.7531154,0.7272549,0.72446364,0.5919461,0.7205279,0.6682097,0.7526006,0.7790439,0.73879355,0.5998589,0.6293644,0.68459255,0.48998433,0.47132942,0.49223223,0.65335745,0.60722816,0.67122287,0.56614166,0.46644258,0.5122932,0.59652746,0.60040414,0.45241043,0.52011645,0.48761308,0.5481198,0.6755433,0.67022765,0.54708767,0.5753459,0.4884289,0.48543084,0.607511,0.606597,0.58661765,0.5894854,0.5693733,0.5668482,0.55714536,0.5760329,0.5382626,0.5244584,0.61875045,0.61599433,0.59434986,0.5806323,0.6019271
496,0.74596375,0.7050074,0.73825246,0.7251943,0.7321775,0.7207014,0.72160786,0.59078705,0.6209892,0.7669645,0.7140145,0.6604532,0.7791538,0.68257195,0.6726934,0.75713456,0.6497791,0.612798,0.7662275,0.7727563,0.7239213,0.6987679,0.7007089,0.6474708,0.6605911,0.5955205,0.64481336,0.58829004,0.62239933,0.5122465,0.60105324,0.5784038,0.59776574,0.58659595,0.6122299,0.57379574,0.7238265,0.685829,0.6061581,0.64721817,0.70329976,0.62552005,0.76253,0.7007065,0.68220055,0.5816831,0.5861796,0.74111116,0.66070336,0.5907497,0.5624444,0.58638924,0.6133631,0.61036295,0.63905436,0.6405375,0.62812096,0.5419906,0.76065505,0.7974606,0.5506958,0.5912596,0.58362883,0.6051406,0.5895003,0.6198548,0.4948031,0.5279666,0.5371631,0.4517225,0.508077,0.49262688,0.62134755,0.5748663,0.5978461,0.5147387,0.43516013,0.6040803,0.58463055,0.6006427,0.66292197,0.57907975,0.5229552,0.7028866,0.62003165,0.7215305,0.5329763,0.51999813,0.5455335,0.4855703,0.5894046,0.5357946,0.53247887,0.5648062,0.64793783,0.6245141,0.5872772,0.5416554,0.7276266,0.6384658,0.61388236,0.62983686,0.6261958,0.5825801,0.6169858,0.6502329,0.5556474,0.7599795,0.75560313,0.5794442,0.7077183,0.6807614,0.7601026,0.75740236,0.5921955,0.5734948,0.55210304,0.5796417,0.5849538,0.5926641,0.71326506,0.5499,0.617231,0.5190037,0.5340105,0.62781554,0.61455715,0.58844686,0.5991215,0.53107935,0.5561267,0.49543896,0.5022222,0.5404567,0.52469444,0.5629333,0.5398466,0.583154,0.6246686,0.6483173,0.6472271,0.71760935,0.6476315,0.59462076,0.5472957,0.6566965,0.62815773,0.6574822,0.5367649,0.5458597,0.5021084,0.7365749,0.71623826,0.71974784,0.5482706,0.6670752,0.6149181,0.75878066,0.7810598,0.71848327,0.60610294,0.6384481,0.6484078,0.5412092,0.51616937,0.52873385,0.67478335,0.6104835,0.72287804,0.6177625,0.43018565,0.60642284,0.59786236,0.60418594,0.48462424,0.54488593,0.48664632,0.57700753,0.708678,0.72310984,0.75800925,0.7047695,0.7040389,0.7251979,0.73922706,0.7389061,0.75429094,0.5704041,0.5876453,0.76761293,0.6829047,0.6771374,0.7840234,0.691082,0.66890883,0.74586034,0.62922853,0.64303845,0.7763103,0.76330477,0.69854087,0.75643903,0.71356034,0.65848356,0.7314932,0.63067746,0.6551628,0.6531843,0.56861526,0.47011775,0.62217754,0.55685747,0.5233602,0.5766265,0.58848345,0.52741694,0.69528913,0.69009584,0.57661915,0.6001089,0.69266987,0.6259545,0.74057484,0.7308906,0.6732877,0.64378774,0.5520673,0.72193813,0.6824626,0.6189617,0.54408735,0.5811661,0.59455615,0.5379888,0.6415363,0.6372141,0.6613698,0.57317215,0.75354034,0.80450475,0.6103843,0.61741394,0.56362927,0.6361767,0.5641658,0.5822317,0.51893353,0.49858424,0.5124956,0.45771027,0.49735582,0.4746261,0.5747437,0.5648845,0.6349756,0.4934459,0.430607,0.64300483,0.636878,0.66762847,0.5874225,0.5949874,0.53701335,0.7018195,0.52414936,0.7442867,0.55691653,0.47307995,0.66292006,0.4967741,0.6114575,0.52096003,0.5222925,0.5330629,0.6381551,0.6386187,0.5472507,0.47083536,0.6983646,0.6229356,0.59631026,0.6548139,0.6627524,0.5926161,0.5847754,0.65462,0.5272465,0.7631444,0.7263342,0.559608,0.7002511,0.649007,0.76362664,0.76050335,0.660161,0.5530877,0.55469507,0.49459463,0.5959915,0.59764737,0.69792503,0.5496434,0.614969,0.54474884,0.4803058,0.629317,0.6747896,0.5852244,0.6215646,0.54302883,0.5364434,0.51009655,0.51500416,0.5271214,0.53943646,0.6264278,0.5760906,0.6460726,0.6332866,0.6412579,0.6571436,0.7189411,0.6260316,0.5533895,0.5427281,0.66658944,0.58796334,0.66620815,0.53736717,0.5141328,0.46863,0.74149495,0.7232598,0.7239516,0.5741311,0.70732194,0.6618128,0.7371716,0.7632648,0.7334597,0.60847664,0.60871625,0.680893,0.48898432,0.46506056,0.49052027,0.6611222,0.62329227,0.679021,0.5744333,0.4727358,0.5125251,0.6248258,0.63119346,0.46947378,0.5190303,0.49255827,0.5575745,0.69602054,0.6836156,0.5494245,0.5775452,0.47833157,0.48001397,0.61465514,0.61241615,0.58285165,0.58668274,0.5673056,0.56428486,0.55458957,0.57494724,0.5371988,0.5265004,0.625997,0.6208699,0.59013635,0.57486105,0.5975348
497,0.720834,0.68469465,0.71969914,0.6985662,0.70788926,0.700435,0.70604426,0.58588594,0.61875606,0.763014,0.7103906,0.66920483,0.75108534,0.6756433,0.66850376,0.7280145,0.6375838,0.6063155,0.7419091,0.74528676,0.70339733,0.69214034,0.67706156,0.68046635,0.6801004,0.6179159,0.6330692,0.60447174,0.60054827,0.5182644,0.5853903,0.57685626,0.58221155,0.58685756,0.61809057,0.55938715,0.71358144,0.6687512,0.5928002,0.64310634,0.7068293,0.6202527,0.7579446,0.6879555,0.6638848,0.564647,0.58522093,0.721778,0.6410077,0.58337146,0.5575786,0.580464,0.61503136,0.60655254,0.6343861,0.6479665,0.6319364,0.54156625,0.75368696,0.79128104,0.5565822,0.6008832,0.60568666,0.5915891,0.58085805,0.62696373,0.5158328,0.5253785,0.5539845,0.48964956,0.5220048,0.4974313,0.63085467,0.60753924,0.62550914,0.55548805,0.4661725,0.6111306,0.60693204,0.60400766,0.6796128,0.5916566,0.528902,0.68765134,0.62149477,0.71435386,0.5554357,0.53627795,0.5561843,0.5070355,0.59311414,0.53862506,0.5383423,0.5899119,0.64994925,0.6180702,0.59044915,0.53707564,0.7367886,0.6552327,0.62831646,0.64793557,0.657539,0.6160958,0.6428078,0.6602587,0.5867751,0.75490874,0.76173013,0.5821517,0.7196391,0.69361085,0.76175416,0.76131636,0.6051112,0.5782266,0.56268674,0.5796092,0.5815061,0.5918205,0.6946294,0.5511245,0.62586427,0.5654014,0.5525821,0.6114095,0.6029505,0.5943371,0.61645633,0.55154115,0.5642148,0.5135885,0.504674,0.5428992,0.52750504,0.56098837,0.5383207,0.5752567,0.63190746,0.637104,0.6311776,0.69925475,0.62271976,0.60467017,0.5536887,0.64184034,0.6458037,0.65310127,0.5503739,0.55732596,0.50627166,0.7162938,0.7043187,0.7103065,0.5317926,0.6448228,0.60483956,0.73305374,0.7568188,0.7042885,0.6237038,0.6181424,0.64400744,0.53485686,0.51819307,0.5241806,0.68397725,0.62634826,0.7330991,0.6292402,0.45711505,0.6115026,0.6407665,0.6416721,0.52218693,0.550096,0.4985366,0.5934328,0.7104433,0.7261218,0.7329517,0.68921703,0.686276,0.7010941,0.716112,0.72194445,0.74203205,0.5676119,0.58702743,0.75639987,0.67673403,0.6681261,0.7569322,0.6795618,0.6676946,0.7207413,0.6247279,0.6373718,0.7562714,0.7397971,0.694887,0.7463137,0.693567,0.69281787,0.7248776,0.6319389,0.63405025,0.6427719,0.56276435,0.48326513,0.6023045,0.5636688,0.51731175,0.5707705,0.590084,0.5177522,0.6830601,0.6786593,0.56857485,0.59719926,0.6889431,0.62273556,0.735812,0.71819985,0.65429837,0.63578093,0.55490315,0.7064043,0.66958,0.62053305,0.5420639,0.5764065,0.5965929,0.5383734,0.6375953,0.6462756,0.6568524,0.5702197,0.7507261,0.7974084,0.6006512,0.6242272,0.5803791,0.622438,0.5546067,0.58384645,0.5304185,0.499625,0.5187764,0.47563365,0.5076289,0.4789663,0.5752483,0.5864193,0.63673407,0.5194113,0.4570741,0.6515024,0.64114785,0.65910774,0.5882663,0.58812135,0.5520486,0.6827354,0.53428054,0.7305403,0.5588258,0.4832854,0.6563752,0.5082674,0.61667377,0.5236388,0.5301101,0.5487592,0.6315593,0.63589853,0.55336386,0.48301932,0.7060577,0.639311,0.61623335,0.67198986,0.695402,0.6205663,0.6084098,0.66189957,0.56000865,0.7586588,0.73195547,0.55899864,0.71128285,0.6545434,0.7658423,0.76584315,0.6747077,0.569652,0.5708093,0.49496105,0.59674275,0.5960077,0.68300664,0.55113614,0.61476004,0.5891061,0.5052609,0.61283755,0.663862,0.58919746,0.62750834,0.5551624,0.53801906,0.5146755,0.5194507,0.5282256,0.5358211,0.61205083,0.5747194,0.6438311,0.6337456,0.62972385,0.63662225,0.70517343,0.6006215,0.57262856,0.5513837,0.650933,0.6101983,0.6648615,0.54462355,0.5171567,0.47833726,0.72229606,0.7094867,0.71986645,0.55776566,0.68791986,0.6562429,0.7185704,0.73926973,0.72287804,0.61234206,0.5852205,0.67643875,0.49270558,0.46780688,0.48574182,0.6688155,0.642724,0.6894474,0.5731663,0.49648437,0.5143418,0.6647226,0.6725967,0.50806063,0.517374,0.5047428,0.5719891,0.69563097,0.68134725,0.54749656,0.57474893,0.47570843,0.481539,0.6197119,0.6132503,0.5759363,0.5811196,0.565209,0.5599631,0.55386555,0.5733221,0.5351582,0.52979046,0.63349444,0.6264554,0.586346,0.5688484,0.5901268
498,0.68448985,0.6594499,0.6828782,0.6602674,0.6739571,0.6752839,0.6861452,0.57472855,0.606951,0.7509494,0.7072144,0.6730236,0.71013266,0.6514762,0.6448933,0.6906204,0.63264227,0.6034133,0.7151073,0.7146964,0.68022096,0.6840732,0.6492821,0.7058382,0.69074196,0.62996614,0.6057675,0.62069917,0.56519055,0.52459663,0.5627117,0.56409144,0.55314857,0.5872054,0.6096841,0.5440094,0.6912334,0.64167297,0.57476944,0.629775,0.6973974,0.6084483,0.73824805,0.6613902,0.63376427,0.550362,0.5811335,0.70192224,0.6238321,0.5843768,0.5463619,0.5668369,0.608562,0.5929213,0.6212642,0.64724475,0.6324964,0.55308163,0.7291861,0.76558685,0.55836624,0.5979535,0.6326243,0.5636032,0.5701714,0.6436386,0.5483619,0.5266907,0.5680752,0.5428958,0.539657,0.51866025,0.6317027,0.6570761,0.6576916,0.6009716,0.5215278,0.626541,0.6373236,0.6223256,0.70176476,0.6245555,0.55747676,0.6611158,0.6213888,0.6829711,0.5790306,0.56016463,0.5652173,0.5278051,0.58929193,0.5579463,0.5472189,0.61242354,0.6606056,0.6102401,0.59955096,0.52881044,0.7314686,0.6614312,0.63302386,0.6591924,0.6814511,0.6451143,0.65979165,0.66711974,0.6217324,0.7323312,0.7558825,0.5834498,0.7142148,0.68478,0.74761444,0.7545402,0.62131256,0.5853131,0.58161855,0.58049953,0.5747543,0.58953893,0.66627854,0.56232667,0.63504195,0.6137936,0.57595634,0.5871067,0.594906,0.5986128,0.6299041,0.5744671,0.5725344,0.5400114,0.5226905,0.5479152,0.53565735,0.56854486,0.5545138,0.57975876,0.6392763,0.6210721,0.61264217,0.666145,0.5962781,0.6225906,0.5720563,0.63486636,0.65392363,0.64441156,0.5679678,0.57036716,0.52013206,0.6850232,0.6845914,0.69462234,0.5196704,0.6227391,0.603182,0.7074305,0.724476,0.68113333,0.6282399,0.5896511,0.63809913,0.5297289,0.529101,0.51786274,0.6881526,0.6348601,0.7330322,0.6411912,0.5162199,0.6129373,0.67964494,0.6747693,0.56785077,0.55731946,0.5142575,0.61160296,0.69351196,0.7064663,0.69644225,0.67275006,0.6556531,0.6656749,0.6829173,0.69905245,0.72539383,0.562055,0.5797196,0.73691154,0.6769578,0.6499793,0.71774024,0.6531625,0.6510739,0.6877236,0.6332985,0.63052684,0.73486984,0.7138251,0.69201845,0.7316199,0.6693767,0.7209299,0.70741665,0.6242296,0.6026651,0.624993,0.5562079,0.4983564,0.5740344,0.56424165,0.50749516,0.5685011,0.5790266,0.507397,0.6623872,0.6572466,0.5570576,0.5881742,0.6741404,0.6180738,0.7153774,0.6910302,0.62937725,0.62836665,0.5564304,0.6914909,0.6571624,0.6324376,0.5369268,0.5662774,0.5918196,0.53470325,0.6257486,0.6462231,0.6460488,0.57106745,0.7322231,0.7714717,0.5725827,0.61959594,0.60137916,0.5896266,0.55071604,0.6031713,0.54350936,0.5043169,0.5203202,0.50940114,0.51126444,0.49539495,0.5736881,0.6172375,0.6333149,0.56550604,0.50416297,0.66382116,0.63945794,0.65586686,0.6022675,0.5949907,0.5756411,0.6496871,0.54548633,0.6925352,0.57148314,0.5064085,0.62091064,0.51428485,0.6137141,0.54640806,0.54140556,0.56749475,0.63333356,0.63138103,0.5673995,0.5023991,0.7013904,0.6462693,0.6314494,0.6834519,0.72036576,0.645192,0.6256638,0.6647986,0.5989044,0.7364885,0.727879,0.56036514,0.70668656,0.64357644,0.7520191,0.7611279,0.68656546,0.5878543,0.59411144,0.4983404,0.59404826,0.58924943,0.6597106,0.5583179,0.609523,0.63404554,0.53879166,0.5917796,0.652057,0.5920332,0.62327516,0.56322366,0.53978074,0.5187515,0.54038817,0.5338398,0.5357067,0.6067337,0.5847544,0.6505494,0.6314164,0.6178515,0.6223964,0.6831549,0.5824588,0.5983577,0.56893504,0.6446599,0.6255638,0.66080004,0.5507422,0.52378196,0.49859703,0.6958819,0.68609357,0.71328765,0.54379374,0.66702825,0.65408903,0.70398533,0.7116364,0.7086085,0.6068459,0.56014204,0.6723366,0.49919805,0.47834608,0.4788754,0.6713812,0.65628475,0.700378,0.5639003,0.53815037,0.516869,0.70104665,0.70796037,0.55604595,0.5117191,0.5247044,0.5872422,0.6734227,0.6610484,0.54044306,0.56676763,0.48091677,0.48850194,0.62269527,0.6095496,0.56792957,0.5742708,0.56340766,0.5541402,0.55372083,0.5695434,0.5324961,0.53396016,0.6389591,0.6308703,0.5823543,0.56268495,0.58040065
499,0.6460076,0.6382386,0.6307065,0.6198036,0.6391704,0.6534259,0.66757005,0.55682,0.5841232,0.73212194,0.7053329,0.67056715,0.66459614,0.6167613,0.6075745,0.65471584,0.6385951,0.6053055,0.6935498,0.6916886,0.66249967,0.6775516,0.626228,0.71143013,0.6872833,0.62842107,0.5693066,0.6304439,0.5288586,0.53034836,0.53620267,0.5461813,0.5161224,0.5895,0.58983696,0.5293969,0.65914863,0.61180425,0.5541219,0.60766196,0.6735101,0.59162545,0.70468414,0.62869996,0.60020643,0.54496366,0.5751668,0.68850625,0.6165127,0.5978246,0.5292099,0.54791296,0.5910661,0.57255924,0.5999153,0.63651395,0.6297024,0.57725155,0.6912016,0.72239316,0.5564065,0.58587813,0.6599256,0.5290295,0.55990136,0.6651734,0.5851366,0.53337336,0.5758988,0.5978034,0.5586853,0.5525309,0.62349045,0.709598,0.6852371,0.64044535,0.586292,0.6485052,0.6674713,0.65133405,0.7223219,0.6704569,0.6049196,0.63247335,0.6241626,0.6344084,0.59855676,0.5845907,0.5718713,0.5436865,0.5821307,0.5906281,0.557023,0.62591296,0.6782628,0.60440826,0.6156146,0.5229725,0.70652366,0.64988214,0.6225541,0.6556115,0.6878073,0.65516645,0.6599972,0.6679898,0.6473907,0.6944814,0.7377005,0.58267665,0.6923569,0.65511227,0.71622705,0.7352432,0.6362317,0.5955437,0.60736144,0.58167255,0.56584156,0.585894,0.6313802,0.58019614,0.6396646,0.6435829,0.59398055,0.55892074,0.5917625,0.5967022,0.6339832,0.59446865,0.57767934,0.5670918,0.5545818,0.5556501,0.54705733,0.5857301,0.58879983,0.5998772,0.64250565,0.60632944,0.5964348,0.6215679,0.57516533,0.6470544,0.6007799,0.6389671,0.6476452,0.6364102,0.58878297,0.5812939,0.54135776,0.6461353,0.6580863,0.6751268,0.5146544,0.6093561,0.61525595,0.69119704,0.6913536,0.65200114,0.6194898,0.5618317,0.63151383,0.52796423,0.5491784,0.51223433,0.6854523,0.62819064,0.7213201,0.65081155,0.5952989,0.6084087,0.69866043,0.68823034,0.60301656,0.5609554,0.5328648,0.6254542,0.6625984,0.66753227,0.6573998,0.66189134,0.61409694,0.62730825,0.6487526,0.67745304,0.70822614,0.5519648,0.56268823,0.7122848,0.6830134,0.6258949,0.67392427,0.6195964,0.6234343,0.65350586,0.6547182,0.62383515,0.7179624,0.69520277,0.69221663,0.71737015,0.6486143,0.7307234,0.681819,0.6091379,0.5680342,0.6026385,0.5526065,0.51129186,0.54178774,0.56103426,0.49313182,0.57274127,0.5574336,0.49467817,0.635243,0.63096637,0.54083693,0.57102466,0.6486956,0.61189693,0.68066084,0.6554477,0.6053863,0.6242614,0.5562632,0.68147135,0.649244,0.6534833,0.5264029,0.55152875,0.57677305,0.5275587,0.6058231,0.6348655,0.63163483,0.57829386,0.6988991,0.7283131,0.53380424,0.6083675,0.6231187,0.54830873,0.5530422,0.6342987,0.5572743,0.5126952,0.5158978,0.55097973,0.51061195,0.52215266,0.5703132,0.64969474,0.62322277,0.61850053,0.5605684,0.67735773,0.6299751,0.66093916,0.6255904,0.6175981,0.604224,0.613154,0.5601489,0.6389527,0.59387404,0.53496575,0.56809676,0.5146391,0.60714424,0.5860783,0.5537592,0.58445793,0.6457734,0.6270783,0.58818287,0.52810633,0.6805977,0.6369313,0.63325274,0.6809215,0.72742623,0.6538117,0.62749267,0.66086876,0.6295564,0.6988751,0.7138349,0.56280315,0.68853074,0.618436,0.7203541,0.7435231,0.6903996,0.6035965,0.62018484,0.5039127,0.5876205,0.5781015,0.6300453,0.5685931,0.5995129,0.6599791,0.5680705,0.56956506,0.6407657,0.58806974,0.60743594,0.5637044,0.53990424,0.5213529,0.5748953,0.5439492,0.5394568,0.6152715,0.60623604,0.66683805,0.6243173,0.6097109,0.6177416,0.65439177,0.5787132,0.6260895,0.59378254,0.65115565,0.62607557,0.65639716,0.55782765,0.5323319,0.52596086,0.66496,0.6548583,0.7039055,0.53431517,0.65150124,0.6580105,0.69909495,0.6871233,0.6914922,0.59226376,0.5396153,0.6694121,0.5062095,0.4949835,0.47288844,0.66531456,0.656117,0.70770484,0.5531206,0.589624,0.5193791,0.7187311,0.7215607,0.59443766,0.50091475,0.54957,0.5979084,0.6365932,0.62829965,0.5314953,0.5573267,0.4924802,0.49886864,0.6250244,0.6048035,0.56310517,0.5701574,0.5625669,0.5486756,0.5538498,0.5640414,0.5302229,0.5381886,0.6406038,0.63253,0.57937264,0.5580038,0.5710127
500,0.61718637,0.6300908,0.573922,0.58958673,0.6144993,0.64247614,0.6547578,0.5351216,0.55352825,0.71041095,0.7055036,0.661634,0.6270557,0.58382636,0.56867284,0.6315381,0.65602136,0.6119172,0.68340653,0.685072,0.6573708,0.6748497,0.61678934,0.69119114,0.66888595,0.612469,0.5346017,0.62964,0.5053701,0.5341972,0.5106488,0.53249514,0.4805683,0.59580743,0.56480986,0.5188424,0.6242544,0.59023863,0.5356413,0.58062255,0.6379153,0.5736534,0.6629283,0.6012345,0.57531095,0.5525696,0.5685712,0.68699664,0.6231872,0.624483,0.5088133,0.5272827,0.56392634,0.55067915,0.5745156,0.61580354,0.62484473,0.6099002,0.6499933,0.67055345,0.55274767,0.5708244,0.6811694,0.49980855,0.5533712,0.68678033,0.61705065,0.545254,0.5763162,0.6390897,0.5759842,0.59207106,0.6080251,0.7506351,0.6990901,0.66412055,0.64090157,0.6732544,0.6892948,0.683619,0.73481596,0.718373,0.6598735,0.6150675,0.632841,0.5844715,0.60891473,0.601551,0.5765576,0.5511911,0.57714665,0.62932116,0.5645405,0.626193,0.69972795,0.6031988,0.6358498,0.5239393,0.6619028,0.6188329,0.5951535,0.6332772,0.6719499,0.63849264,0.6409728,0.66235954,0.6540058,0.6497293,0.71048415,0.5807316,0.65857106,0.61268663,0.6715455,0.70545983,0.64564407,0.60762733,0.63481903,0.5831618,0.55629677,0.58190006,0.5951137,0.6000479,0.63547176,0.64208215,0.5986338,0.53163743,0.59283334,0.5863706,0.62559193,0.6061508,0.5771986,0.58567894,0.5939993,0.5651806,0.55880153,0.61164576,0.6363437,0.6331504,0.63999647,0.6007998,0.5879039,0.57451653,0.5658104,0.67429215,0.6347079,0.65392166,0.6258022,0.6358434,0.6097441,0.58626837,0.56461775,0.60774887,0.62828296,0.6545832,0.51695263,0.6115302,0.6418154,0.69077605,0.6668843,0.62130207,0.5998009,0.54579556,0.62461436,0.5310273,0.57496995,0.509857,0.67707396,0.6029842,0.69926775,0.6558368,0.6713332,0.5970949,0.6892797,0.6739528,0.6135109,0.55663735,0.5513408,0.6306651,0.62652004,0.62013316,0.6278727,0.66275406,0.56878495,0.5977562,0.625816,0.6653931,0.6949616,0.53824115,0.5365627,0.68881834,0.69344336,0.6026872,0.6374234,0.59031177,0.5932829,0.62694174,0.6839714,0.61932224,0.7101945,0.69240195,0.6975213,0.7100763,0.6386648,0.7153988,0.65617234,0.59101695,0.5397995,0.58254814,0.5532327,0.51781684,0.51108325,0.55785155,0.47542825,0.5863662,0.53175557,0.48057622,0.60724664,0.6077325,0.5221834,0.5473569,0.61657023,0.6046609,0.6378557,0.62186676,0.58984685,0.6250763,0.55326843,0.6794451,0.6481802,0.67910045,0.5102296,0.53378457,0.5517412,0.51761204,0.5812357,0.6127087,0.6180639,0.59179467,0.6568305,0.6761993,0.498149,0.5969473,0.64039177,0.5142328,0.5615424,0.66830975,0.57096964,0.52381665,0.5075159,0.5903927,0.50953764,0.5541958,0.56653136,0.6758124,0.60823286,0.66270715,0.6102989,0.6894004,0.6139401,0.67545336,0.65269864,0.6547481,0.6314656,0.5875833,0.5777738,0.58819896,0.62261814,0.560358,0.51835454,0.51071763,0.6035465,0.6343294,0.56370014,0.59620386,0.6678372,0.62409294,0.6121218,0.5550446,0.6449296,0.60875875,0.6155236,0.65983903,0.7114745,0.6391023,0.6093839,0.65009063,0.64124423,0.6538407,0.6928959,0.56668586,0.6616707,0.58741987,0.674737,0.71319634,0.68312323,0.61136,0.6418449,0.5101276,0.5781899,0.56509954,0.5978703,0.57857674,0.58766407,0.6553072,0.5824044,0.5492574,0.63024676,0.5749028,0.5829859,0.5564022,0.53774494,0.5217036,0.61600965,0.55684245,0.5464085,0.639548,0.63696223,0.689779,0.614131,0.6102557,0.6241819,0.62345123,0.59186244,0.65002763,0.62160426,0.66916746,0.60735035,0.6547982,0.5668894,0.5405638,0.5533512,0.6357002,0.62084216,0.69184965,0.52880114,0.64842904,0.668447,0.7062508,0.67248285,0.67285335,0.57237977,0.5295902,0.66740113,0.512047,0.5147124,0.4709796,0.65123826,0.63791394,0.7083954,0.5477375,0.63857085,0.5218682,0.7094692,0.70488346,0.6089855,0.48549816,0.5735473,0.60051554,0.59739286,0.5945855,0.5252752,0.5507519,0.5081042,0.51074845,0.62803894,0.6024805,0.5651085,0.57243836,0.5630601,0.5452289,0.5542706,0.5580642,0.5295081,0.5411967,0.6382302,0.63143957,0.5788718,0.55643755,0.56471616
501,0.6028003,0.635092,0.5232041,0.5741878,0.6038109,0.64338577,0.6499838,0.51081234,0.5178168,0.6908104,0.70803326,0.6479322,0.60498995,0.5599455,0.53780305,0.624914,0.6798264,0.6217005,0.6853549,0.6957251,0.6656896,0.6763369,0.62102985,0.64565015,0.6395852,0.58459586,0.5066172,0.61793077,0.4995134,0.5354352,0.4884198,0.526389,0.45173943,0.6054913,0.5392707,0.50881624,0.59042436,0.58058804,0.5175629,0.54968286,0.59434026,0.5535866,0.62148994,0.58501905,0.5625777,0.5698419,0.5593868,0.6960447,0.6391056,0.6576545,0.4844153,0.5038559,0.52955997,0.5280693,0.54759,0.58938944,0.61685723,0.6424735,0.61364466,0.6206103,0.5477974,0.55523086,0.69326866,0.4797822,0.5497964,0.7033808,0.63979334,0.55995595,0.56824934,0.6612032,0.58849275,0.629025,0.58782005,0.7770724,0.6977291,0.6694812,0.67723125,0.69739866,0.7005179,0.71279085,0.7380329,0.7597997,0.71068746,0.6147891,0.64775497,0.5452469,0.6076922,0.6069012,0.581576,0.5497017,0.5768334,0.66618824,0.5682075,0.6143998,0.7214053,0.605322,0.6567135,0.5320994,0.6056949,0.57341635,0.55135787,0.59182185,0.63385576,0.595081,0.6040869,0.650596,0.63994974,0.60863453,0.680205,0.5775036,0.6199068,0.56726825,0.62396145,0.6705328,0.6481932,0.6170034,0.6577353,0.5849495,0.546844,0.57771415,0.56168675,0.61750364,0.6223254,0.6089308,0.5889828,0.50753975,0.59411687,0.56865317,0.60622895,0.60801446,0.5706549,0.5905169,0.6324517,0.5747063,0.56843007,0.64100236,0.6858831,0.67007595,0.6335118,0.60520154,0.58656025,0.5329284,0.56746274,0.7009317,0.6673767,0.6746315,0.5921021,0.64294827,0.62832046,0.58421636,0.5858729,0.57667387,0.5999134,0.6353866,0.52311176,0.6285576,0.67578024,0.7051427,0.65582895,0.5925608,0.5733052,0.5451925,0.61712015,0.5372493,0.60009104,0.51051354,0.66379285,0.5617787,0.6714904,0.6577441,0.7295241,0.58028847,0.65157366,0.63168657,0.59766155,0.5430665,0.5667485,0.62560195,0.59163237,0.5730084,0.6129637,0.67511505,0.5270071,0.58234113,0.61840844,0.66520584,0.68845814,0.5210592,0.5025801,0.671561,0.70699006,0.586848,0.6161165,0.57074845,0.56775844,0.6126846,0.71423656,0.6184555,0.7122415,0.7067805,0.70796967,0.712403,0.6393578,0.67396396,0.6373834,0.57370657,0.5216308,0.5686585,0.5576805,0.5167063,0.48455396,0.5568024,0.4550634,0.6078728,0.5076554,0.46234366,0.5805914,0.5916034,0.49921358,0.51834095,0.5808553,0.59421617,0.59651893,0.5982247,0.5831691,0.62873304,0.54472935,0.6848053,0.6511574,0.70333606,0.48765817,0.512101,0.518904,0.5035918,0.5543563,0.58516496,0.60598344,0.6076965,0.6141325,0.6259255,0.47191754,0.5887652,0.65117997,0.49463442,0.5723053,0.69562715,0.58489454,0.5357057,0.4958906,0.62125796,0.50752884,0.58640903,0.56359464,0.69393045,0.59193724,0.6913748,0.6458053,0.70016265,0.5944205,0.69634074,0.6784918,0.69872457,0.65465504,0.58005416,0.59731436,0.5532945,0.6526289,0.5770284,0.48531276,0.504151,0.6067866,0.6812191,0.5692383,0.6014084,0.6954642,0.6219951,0.63742787,0.5792625,0.60172373,0.5668857,0.576849,0.61973506,0.671274,0.5999898,0.57278055,0.6343693,0.63236046,0.6120943,0.67090905,0.5713215,0.6325969,0.55721056,0.6250929,0.6753545,0.6672168,0.6082013,0.65486306,0.515378,0.565903,0.55167097,0.5668869,0.58587086,0.57632667,0.619683,0.5798103,0.5325124,0.6191924,0.55457073,0.5551676,0.5429755,0.53325534,0.5189842,0.65606916,0.5699963,0.5544406,0.6736087,0.67154515,0.7137237,0.60453546,0.62067825,0.6391429,0.5950994,0.6167599,0.66925377,0.64907,0.6931899,0.573291,0.6568051,0.5782833,0.547067,0.5768183,0.61354285,0.5902722,0.679055,0.524648,0.6588925,0.68257415,0.7234726,0.67024106,0.6554679,0.5523435,0.5311631,0.6651428,0.5150675,0.5330557,0.4733469,0.6314397,0.6027843,0.7037316,0.5511333,0.67820424,0.5242258,0.672498,0.65703654,0.5978775,0.46613777,0.59282386,0.5947383,0.56404066,0.5664907,0.5224776,0.54778993,0.52460295,0.52129173,0.631487,0.6029037,0.5736212,0.5803376,0.5643982,0.543527,0.5541977,0.551705,0.5309252,0.542322,0.6326112,0.6285254,0.5797547,0.5572142,0.56165934
502,0.6013838,0.6458435,0.48488334,0.5716378,0.604307,0.65103376,0.6518878,0.48460105,0.4796365,0.6764736,0.71067816,0.6316628,0.5993037,0.54711175,0.5201555,0.6317129,0.7023355,0.63055515,0.694958,0.71687543,0.68171036,0.67839915,0.63219655,0.5789556,0.6050085,0.55004555,0.48686793,0.596347,0.51122403,0.5339736,0.46943226,0.52645665,0.4305969,0.6152704,0.51637876,0.49583372,0.5590411,0.58013207,0.49763268,0.515005,0.5469631,0.53036785,0.5880527,0.5806265,0.5602518,0.5932754,0.5467008,0.70932853,0.65701115,0.68996334,0.45595148,0.47701347,0.49112576,0.5042932,0.52052844,0.56314373,0.60358393,0.66607106,0.58526987,0.580057,0.5401105,0.5374324,0.69467306,0.46629134,0.54515994,0.70768684,0.65109855,0.5725286,0.5501166,0.66346306,0.592598,0.6541389,0.5651958,0.7894178,0.68296367,0.6569347,0.6938852,0.7172031,0.70024025,0.73352027,0.7319635,0.7880327,0.74829924,0.62888294,0.6661316,0.521412,0.5947132,0.59876126,0.5877697,0.54051596,0.58023506,0.6935306,0.5679963,0.59394395,0.7399639,0.60825485,0.6747513,0.5445564,0.54858756,0.5207445,0.4947168,0.5341817,0.5761621,0.5295347,0.551767,0.6320848,0.6071639,0.57868826,0.6512674,0.57149655,0.58282274,0.52572376,0.5836284,0.6349829,0.6434205,0.6198939,0.6727936,0.5855591,0.53727293,0.571872,0.53373146,0.6277764,0.60195893,0.55006415,0.5679359,0.48703572,0.59081894,0.5462062,0.579893,0.6010923,0.55829597,0.57922345,0.6616003,0.5815751,0.5737117,0.66470873,0.72524047,0.70019203,0.62459826,0.61471575,0.58812445,0.50203276,0.57634366,0.72425973,0.693294,0.6950715,0.5523915,0.6527619,0.6424903,0.57563365,0.60190165,0.5559419,0.57661206,0.6178821,0.5286893,0.65307945,0.7066089,0.72686875,0.6564544,0.5677301,0.5450615,0.5575792,0.6073116,0.54291815,0.61778873,0.512922,0.644326,0.5106149,0.64250255,0.6581782,0.7648943,0.5600942,0.5893533,0.5653584,0.5600597,0.5207711,0.5763949,0.60994476,0.5606068,0.5303886,0.6113342,0.6926265,0.49332982,0.5798667,0.62272745,0.6724184,0.68689305,0.500934,0.46393138,0.6621461,0.72054285,0.5814248,0.61126214,0.56179786,0.5521902,0.61047477,0.7387825,0.6198703,0.7204031,0.7313326,0.719102,0.7205492,0.64520496,0.60866565,0.6274865,0.5599435,0.5141224,0.56097776,0.56769615,0.5091557,0.46319193,0.55756295,0.43220705,0.63176733,0.48871475,0.43939567,0.5557712,0.58341706,0.47128803,0.48592782,0.54446167,0.5793356,0.56518406,0.58809024,0.58403444,0.6350458,0.53092927,0.69373685,0.6541954,0.7224033,0.4604909,0.48707074,0.48234263,0.48565286,0.52700925,0.5583505,0.594079,0.6213191,0.57785285,0.58617276,0.4546134,0.58322215,0.65523124,0.4887114,0.5787207,0.7072426,0.59783643,0.5444967,0.48014355,0.63843375,0.5012021,0.6133161,0.56212753,0.7038016,0.57702774,0.70198953,0.66513085,0.70943904,0.5744221,0.7175377,0.69728357,0.73785126,0.67292213,0.5899024,0.6178997,0.53814745,0.6774131,0.5809538,0.47356334,0.4973676,0.61640704,0.716538,0.5693896,0.59853315,0.7238728,0.6206677,0.66238993,0.59824634,0.5587989,0.5192203,0.52105105,0.56389457,0.6082593,0.5398735,0.5228301,0.6150773,0.6049072,0.5820983,0.65197736,0.5741579,0.6064143,0.53032595,0.5809402,0.6358938,0.6457713,0.5944316,0.659166,0.5188683,0.550966,0.53765583,0.5399122,0.5882386,0.5655866,0.55884564,0.56254965,0.5200368,0.60518944,0.5301601,0.5294521,0.5257558,0.52586865,0.5119252,0.68774015,0.58031887,0.5605234,0.7067344,0.7029629,0.73207843,0.59749514,0.6376188,0.65741473,0.5730849,0.6462923,0.6857968,0.6742575,0.7170688,0.5317676,0.66068876,0.5916442,0.5501751,0.59467345,0.6007259,0.56719524,0.66579044,0.5197653,0.67736614,0.69546753,0.7445639,0.67727816,0.6405331,0.53674483,0.54285777,0.65983605,0.513302,0.5450293,0.47879255,0.60732347,0.5552806,0.6955048,0.56369066,0.70486975,0.5258725,0.6104503,0.5817551,0.56515175,0.44358358,0.60553026,0.5815963,0.5399056,0.54463285,0.5212257,0.54666036,0.53837967,0.527267,0.63296777,0.6037382,0.5857577,0.5902682,0.5654697,0.5425337,0.551919,0.5440148,0.5342849,0.5414384,0.62348336,0.6233809,0.5797715,0.558669,0.56046164
503,0.6086838,0.6551037,0.46161592,0.57857054,0.6113766,0.6588352,0.6560383,0.4585714,0.4428081,0.66682744,0.7094747,0.6135133,0.60758513,0.54542154,0.5178054,0.6463951,0.7176871,0.63312,0.70604104,0.73991925,0.69791734,0.67514235,0.6439963,0.4985807,0.56972677,0.5141186,0.4773913,0.5667345,0.5393142,0.52995366,0.45239693,0.5306278,0.41605556,0.6210603,0.49852046,0.48148173,0.53236455,0.58533186,0.4783963,0.4787592,0.5008345,0.507491,0.56585586,0.5860011,0.5675817,0.62179464,0.5326782,0.72083277,0.6725489,0.7174373,0.42705035,0.4500165,0.45265394,0.48079768,0.49549422,0.5403861,0.5837586,0.6741687,0.56495285,0.5520399,0.5278212,0.5147105,0.68334585,0.4554498,0.53509134,0.69218737,0.64915186,0.5776151,0.5210471,0.645328,0.585731,0.660517,0.54161,0.786059,0.65527564,0.6261477,0.6905709,0.7286779,0.6861903,0.7409461,0.7144231,0.7987467,0.7679007,0.6514932,0.68341017,0.513589,0.5712758,0.5760058,0.5936504,0.5258868,0.58545065,0.70563734,0.5645844,0.56683093,0.7524457,0.61037356,0.6864196,0.5570102,0.4981548,0.46677917,0.43277684,0.46719778,0.505574,0.45126846,0.48928994,0.60599506,0.5590384,0.56223863,0.6241351,0.5611874,0.5495968,0.49027288,0.554943,0.6011644,0.6302034,0.6152757,0.6794156,0.5826063,0.52654237,0.56187636,0.51196015,0.6264271,0.5756033,0.47596094,0.53930116,0.4697637,0.57968485,0.52137184,0.5503933,0.5867729,0.54043,0.55161923,0.67632335,0.5835429,0.57283163,0.67503196,0.7477592,0.7169813,0.6132087,0.6246011,0.58895546,0.48467508,0.58952343,0.74164,0.7091984,0.71094733,0.51227635,0.66072917,0.65060335,0.56106645,0.60997117,0.5460515,0.56016695,0.6006648,0.5301053,0.67712426,0.7266898,0.7478121,0.6640818,0.5481596,0.51932263,0.57872695,0.5922559,0.544884,0.6235066,0.516915,0.61741024,0.45640862,0.6134507,0.65676165,0.7771942,0.5387107,0.5099631,0.48390198,0.50746214,0.49058518,0.5784361,0.58502084,0.53379965,0.49407604,0.61862314,0.7086751,0.4700581,0.5868234,0.6328666,0.6805478,0.68506104,0.47952056,0.42588693,0.6592105,0.729038,0.58458894,0.6202679,0.5632889,0.54955155,0.6174731,0.7528725,0.6195944,0.7295453,0.7565003,0.72493595,0.7279125,0.65169185,0.52577484,0.6252278,0.54941046,0.5176621,0.5582827,0.58490455,0.49645665,0.44684058,0.55846775,0.40697035,0.65125966,0.4762783,0.4164801,0.5349039,0.58307713,0.44318965,0.45364976,0.5109472,0.5625536,0.54720646,0.59113705,0.5932493,0.6464214,0.5156206,0.7018541,0.65573806,0.73489314,0.43334582,0.46228856,0.44680583,0.4659802,0.50153166,0.5343455,0.581418,0.6282797,0.5519443,0.56108993,0.4443667,0.5765749,0.65062064,0.49240676,0.5744025,0.6959826,0.6064732,0.5453645,0.45880845,0.6369337,0.48752645,0.6295623,0.5606946,0.7021153,0.562411,0.6913696,0.66733414,0.71402574,0.55435973,0.7322265,0.70264286,0.76302755,0.68431586,0.61285114,0.63741475,0.54175466,0.6911403,0.5687303,0.4837654,0.4925313,0.6289263,0.7328969,0.5635681,0.58445054,0.7482734,0.62016654,0.68284273,0.60926455,0.52048576,0.47154403,0.45634863,0.49912748,0.52931535,0.46720114,0.4673811,0.5920142,0.56191653,0.5665966,0.63544774,0.57245916,0.58340544,0.50647295,0.54631364,0.5980995,0.6188227,0.57136303,0.65571517,0.5204304,0.5336976,0.5219156,0.51769763,0.5834206,0.5534022,0.48344043,0.53308725,0.5119119,0.5863045,0.5027578,0.5088782,0.50634366,0.5146313,0.49952528,0.70563465,0.5849817,0.56180227,0.729678,0.7250485,0.7395128,0.59175026,0.65554756,0.67379063,0.5594544,0.6752002,0.6996715,0.6947043,0.7360527,0.48933235,0.6640941,0.6050373,0.54742146,0.60514575,0.59663224,0.55264074,0.6500942,0.5132226,0.6970247,0.7026036,0.76284444,0.6880621,0.6269718,0.5277823,0.5621312,0.6479929,0.5054206,0.5467913,0.4864923,0.5794545,0.5011875,0.6820582,0.58364505,0.7153758,0.52610016,0.5298396,0.48927683,0.5166014,0.41866425,0.61043864,0.5631107,0.52477145,0.5272672,0.5200121,0.5451445,0.54692703,0.5266919,0.6290597,0.6018317,0.5983514,0.59905714,0.5650795,0.5413889,0.5454575,0.53385484,0.5390899,0.5385067,0.609313,0.61402833,0.5772183,0.55943394,0.5598697
504,0.6180828,0.65774435,0.45260128,0.58998805,0.61956,0.66128606,0.6572117,0.43530348,0.4112586,0.65811485,0.7003649,0.5936121,0.623162,0.55360717,0.5304809,0.66157657,0.7217877,0.6252274,0.71220857,0.75683445,0.7071959,0.6619743,0.65106356,0.41790748,0.5375157,0.48145998,0.47926927,0.53303623,0.5794534,0.5240258,0.43706602,0.53623027,0.4071769,0.61953616,0.48711503,0.46829626,0.5122364,0.5919655,0.46306434,0.44466043,0.46112835,0.48946673,0.5534289,0.59657955,0.58263046,0.6522484,0.51993537,0.7259462,0.6826237,0.7369806,0.40277627,0.42760482,0.41850334,0.46009514,0.47431523,0.5216546,0.5572167,0.6634349,0.5507958,0.5357501,0.51047057,0.4861702,0.65856373,0.4445756,0.5169888,0.6520257,0.63326555,0.5714849,0.4825654,0.60724145,0.5672599,0.6445181,0.5189368,0.7648301,0.6160541,0.57911587,0.66774935,0.7284938,0.65656996,0.73168623,0.6830625,0.78970796,0.7681227,0.6749993,0.69518393,0.5190973,0.54035354,0.54003805,0.5965283,0.50919425,0.59060186,0.6995309,0.5589857,0.53485125,0.7562931,0.6101957,0.68921137,0.5649895,0.45821977,0.4177999,0.3763421,0.40204072,0.43487543,0.37534985,0.4268907,0.57340235,0.50260055,0.5569907,0.5972503,0.5464568,0.5203714,0.46131018,0.5367302,0.5700853,0.6078293,0.60362333,0.6776812,0.5741854,0.5146763,0.5461211,0.49516207,0.6114802,0.5453533,0.4020177,0.5077365,0.45578355,0.56054735,0.4966076,0.52151936,0.56705326,0.51872075,0.51105577,0.6749033,0.5800226,0.56520456,0.66821903,0.75131077,0.71780556,0.5980757,0.6308271,0.5863036,0.4804766,0.6035549,0.7508834,0.71423984,0.7190505,0.4765154,0.66374946,0.6517899,0.5416755,0.6087994,0.5444236,0.54958737,0.5827553,0.5260345,0.6934135,0.73193634,0.76091933,0.6723771,0.53486186,0.49961537,0.6027387,0.5703778,0.5419961,0.61586523,0.5229071,0.5841,0.4069716,0.5840189,0.65234953,0.76725984,0.51901996,0.42770416,0.40305787,0.44957584,0.45518327,0.5728503,0.55466986,0.5110456,0.46510568,0.6278526,0.7173938,0.45694473,0.5976242,0.6423408,0.68358344,0.6775589,0.45854872,0.39333588,0.6584133,0.72737896,0.59078515,0.6362603,0.5740068,0.56062675,0.62771916,0.7534644,0.6131387,0.7337936,0.7735988,0.7199423,0.7279603,0.65474415,0.4394789,0.62697965,0.5394509,0.530864,0.55896723,0.6086268,0.4810786,0.43594676,0.55819803,0.38129994,0.6609254,0.4709899,0.3982262,0.5191967,0.58846843,0.41984424,0.42474085,0.4829444,0.54684955,0.5403296,0.60286134,0.60958844,0.6630885,0.5020589,0.7044119,0.6543138,0.73965716,0.41045237,0.44137588,0.41626355,0.44705346,0.47938728,0.5124917,0.56693274,0.62522215,0.5362727,0.5498945,0.43954724,0.56556916,0.6359805,0.5011151,0.55624306,0.6579842,0.6078859,0.53604865,0.43225506,0.6145641,0.46687654,0.6318015,0.55750406,0.68577,0.5457389,0.65838104,0.65312207,0.71009874,0.5339419,0.7356856,0.6904547,0.7701128,0.68755305,0.641943,0.6534386,0.5593041,0.6900647,0.5401521,0.5128636,0.49120268,0.64011157,0.7272516,0.55255675,0.5574439,0.7649547,0.61960596,0.6950082,0.6110116,0.48843628,0.4286576,0.39418623,0.43525994,0.44915783,0.3957526,0.41603827,0.5652348,0.50995123,0.563134,0.6182463,0.5646496,0.5619189,0.48545915,0.5205185,0.56349266,0.5858674,0.5415896,0.64535725,0.52038366,0.5149633,0.50397944,0.4991548,0.57085204,0.53861505,0.40911612,0.49566343,0.5075028,0.5628189,0.4736704,0.4943473,0.48664254,0.4999528,0.48307574,0.7075487,0.5828025,0.5570002,0.73695797,0.73372865,0.7324184,0.5844421,0.668177,0.6829998,0.5538732,0.6989541,0.709547,0.7086386,0.74641746,0.45048165,0.664597,0.61639786,0.53806484,0.607966,0.59695387,0.5448195,0.63009393,0.5054447,0.71028376,0.6999359,0.77225786,0.69603527,0.613017,0.52658826,0.5851675,0.62739336,0.49215075,0.5373465,0.4958444,0.54875654,0.44816417,0.66114855,0.6070303,0.7087491,0.524759,0.44477087,0.39840794,0.4612188,0.3945377,0.6075794,0.5423769,0.51694864,0.51253873,0.51831186,0.5418796,0.5492557,0.5197236,0.617557,0.5952549,0.60834706,0.6042939,0.5622892,0.53948015,0.53381854,0.5209085,0.5445071,0.53375,0.58925587,0.59879196,0.5708572,0.55806893,0.55878323
505,0.62068653,0.65058845,0.45338324,0.59819347,0.6224508,0.6546801,0.65162295,0.41626388,0.38716215,0.64550626,0.6810236,0.5723736,0.6351788,0.5678159,0.55473906,0.6687654,0.711704,0.6062303,0.7076323,0.7611292,0.7038438,0.6380754,0.6481624,0.35257867,0.51138586,0.4547034,0.48965162,0.5012755,0.6223408,0.5172604,0.4248713,0.53918797,0.40397647,0.6087793,0.4817094,0.4550174,0.49637467,0.5940913,0.44971776,0.4155556,0.43035144,0.47583202,0.54624796,0.60502726,0.5983937,0.6772162,0.50895286,0.7211301,0.68355465,0.7447165,0.3865621,0.4126996,0.39194107,0.44404855,0.456193,0.50686467,0.5242404,0.6341351,0.538779,0.5264541,0.48977754,0.45399734,0.62287074,0.4331057,0.49132317,0.58841854,0.60450643,0.5536705,0.43940994,0.5530557,0.5385127,0.6059386,0.49990514,0.7258351,0.5699299,0.5233559,0.62844527,0.7148433,0.6125166,0.7051925,0.63841426,0.76002014,0.7497402,0.69077665,0.69861376,0.53135455,0.50560474,0.4960626,0.59435433,0.4941243,0.59381855,0.67507505,0.5520035,0.5014207,0.74948776,0.60507023,0.68246937,0.5650523,0.43012688,0.3809092,0.3349109,0.34992868,0.3785641,0.31678894,0.3760295,0.538233,0.44915685,0.5573758,0.5696447,0.52938205,0.49609047,0.43999976,0.524667,0.54198676,0.5782565,0.5859211,0.6676894,0.5599777,0.50363696,0.5256159,0.48035777,0.58493006,0.5152839,0.343541,0.47915912,0.4457551,0.5362128,0.4752354,0.49680346,0.5446729,0.49660072,0.46454662,0.6580464,0.5722208,0.55197453,0.64504343,0.73540103,0.70251817,0.57839036,0.62982935,0.577376,0.48508424,0.6128728,0.75071293,0.7090589,0.71638006,0.4485616,0.6592686,0.64594275,0.5193326,0.59903336,0.5450073,0.5407605,0.5647343,0.51753926,0.6960247,0.7208609,0.7604075,0.67421514,0.5275215,0.48814917,0.6220824,0.54374623,0.53504384,0.5968295,0.5307751,0.54820865,0.3698475,0.5550076,0.6441265,0.73623204,0.5040789,0.3601139,0.33930948,0.39850968,0.42021403,0.5614979,0.525242,0.49198294,0.44385344,0.6298134,0.71380025,0.45104933,0.60454315,0.64427984,0.676728,0.6610724,0.43895411,0.3684526,0.6539677,0.71291244,0.5938668,0.6487184,0.5902275,0.58366936,0.6327452,0.73921305,0.59834284,0.7267476,0.7760682,0.7002542,0.71579295,0.64949054,0.36793908,0.6279752,0.52741563,0.54889953,0.5615756,0.63568294,0.46771187,0.4320374,0.5564625,0.35929778,0.6583023,0.4737826,0.3838992,0.5051616,0.5943264,0.4001027,0.4001767,0.45992464,0.5308907,0.5387309,0.615531,0.62561774,0.6799948,0.49025676,0.6968477,0.64630455,0.73502034,0.39370582,0.42571363,0.39290193,0.43068045,0.45926756,0.49307626,0.5486227,0.6108959,0.52655303,0.5473011,0.43843013,0.5507336,0.61427015,0.511237,0.5263707,0.5961299,0.6024089,0.5197198,0.40459543,0.57538366,0.44418448,0.6205422,0.55314016,0.6569344,0.5269118,0.6089164,0.62721246,0.6967879,0.51574385,0.72740656,0.66213846,0.7593479,0.68465835,0.6689543,0.6655893,0.5824168,0.6733987,0.5008916,0.5524901,0.4944288,0.6472223,0.7012078,0.53898793,0.5209667,0.77241296,0.61683565,0.6992053,0.60593337,0.46349886,0.39614394,0.3450203,0.3813733,0.38411704,0.33912432,0.37684652,0.5370075,0.4602993,0.5667153,0.59896547,0.551221,0.542659,0.46879247,0.50106764,0.5335826,0.54991096,0.51060104,0.6298186,0.51945543,0.49630636,0.48532385,0.4823571,0.5529003,0.5236251,0.3509628,0.45859936,0.50525,0.53719294,0.4471609,0.4860093,0.46990395,0.48473686,0.4668743,0.69484234,0.57499856,0.54736185,0.726955,0.72769725,0.70934314,0.57405543,0.67063135,0.6802501,0.5534073,0.7129145,0.71564776,0.7165404,0.7453255,0.41926014,0.65994805,0.62567294,0.5252154,0.6061552,0.59432536,0.5400393,0.60598063,0.49765453,0.70936406,0.6843336,0.7675673,0.6946346,0.597763,0.5345657,0.6072019,0.5987686,0.4765934,0.5193675,0.50630265,0.5176825,0.40465063,0.63431704,0.62896544,0.6886349,0.52274656,0.37310055,0.32811368,0.41158032,0.3772721,0.59891564,0.52335805,0.5148945,0.49921462,0.5161331,0.5369937,0.5460505,0.5087596,0.5987223,0.58408284,0.6129246,0.60359836,0.55653787,0.53624266,0.5180919,0.50634104,0.54906595,0.5278113,0.5645875,0.57786185,0.55951196,0.5529464,0.55574626
506,0.6082799,0.63266957,0.4573932,0.59540427,0.6144357,0.6371958,0.6377813,0.40127042,0.37001768,0.62543994,0.65183073,0.54941934,0.6338667,0.581725,0.5836622,0.6615829,0.6869514,0.57955956,0.68889177,0.7492813,0.685273,0.6062799,0.6319264,0.3105401,0.49156132,0.4331255,0.501918,0.47624013,0.65725714,0.5107043,0.4174539,0.5345843,0.40649733,0.5886588,0.47988832,0.43779978,0.47895464,0.585644,0.43255925,0.3916852,0.40681565,0.46146354,0.5386723,0.6033113,0.6053152,0.6893495,0.49827856,0.7046546,0.6726805,0.7379127,0.37869748,0.40511173,0.37374055,0.432646,0.4381647,0.4961357,0.4851808,0.58988255,0.52342904,0.5168012,0.4683151,0.42142424,0.58078927,0.4214123,0.46127492,0.5110474,0.5661791,0.527017,0.39748788,0.49105167,0.5026615,0.54987824,0.48587498,0.67296743,0.5228333,0.46885777,0.5792872,0.68784916,0.55875814,0.66446096,0.5846169,0.71066743,0.7153926,0.6919563,0.69203985,0.54128414,0.46992734,0.4515641,0.5863888,0.48285273,0.59280384,0.6352606,0.5439533,0.4702202,0.7311856,0.59195846,0.66697586,0.55560803,0.41349655,0.36071593,0.31183803,0.31575945,0.3437771,0.2819279,0.34273264,0.5053025,0.40866295,0.55649203,0.54088825,0.5127439,0.47698033,0.42641968,0.5141312,0.5166216,0.546431,0.5639468,0.65040857,0.54146284,0.49533588,0.50305897,0.46406522,0.5520478,0.4893829,0.30784762,0.45832086,0.4400046,0.51055926,0.459821,0.47766274,0.52206147,0.47740254,0.42035156,0.6288379,0.5621397,0.5356927,0.6104208,0.7008273,0.67321146,0.5549225,0.6193408,0.5601155,0.49197587,0.61209965,0.7407964,0.69498837,0.70135623,0.42996436,0.6451429,0.63303447,0.4959858,0.58299017,0.5410439,0.5289441,0.5474759,0.50671077,0.68259925,0.69473696,0.7431199,0.6642872,0.5239541,0.4842154,0.63001615,0.51687795,0.52559066,0.5703875,0.5393425,0.513585,0.3489515,0.5274067,0.63200504,0.6869686,0.49503443,0.31678873,0.2998717,0.36327383,0.39186117,0.54686254,0.50214183,0.47448036,0.42823967,0.6161676,0.6956631,0.44811466,0.6004535,0.63328093,0.6571219,0.6349173,0.42090446,0.35056686,0.6414835,0.6863396,0.589215,0.64862686,0.6057162,0.61298484,0.6256537,0.7115686,0.5766543,0.7038485,0.7606222,0.66539913,0.68930537,0.63244873,0.32105345,0.6237215,0.51100725,0.5646566,0.56413597,0.6609439,0.46050575,0.43555513,0.5521055,0.34491366,0.64345765,0.4838568,0.36935362,0.48654637,0.59406257,0.37869695,0.3790491,0.43855968,0.5103004,0.5361669,0.6210291,0.6314587,0.6900129,0.47841018,0.6768975,0.62812173,0.7201928,0.38288733,0.41458708,0.37667492,0.41780746,0.43810058,0.4780314,0.5239174,0.58594966,0.51666254,0.54558325,0.43849382,0.5337556,0.59032243,0.5192836,0.49099407,0.5218769,0.5921094,0.5023547,0.38070884,0.5286999,0.42469174,0.59900606,0.5487084,0.621954,0.50673443,0.5545803,0.59680146,0.6762882,0.5027014,0.7097679,0.6237866,0.7333588,0.67876107,0.68656236,0.673712,0.60089576,0.6427492,0.4607914,0.59019154,0.5015233,0.64840835,0.66045654,0.52589947,0.4820598,0.7707117,0.6094496,0.69801825,0.5975793,0.44620052,0.37808976,0.31320012,0.3412839,0.3415795,0.30328473,0.35319915,0.51083386,0.42319164,0.5713015,0.5779262,0.534461,0.5265591,0.45729643,0.48564982,0.5097115,0.5171286,0.48529738,0.6122949,0.51806396,0.47878855,0.46795917,0.4652981,0.5337387,0.5117806,0.31566238,0.4305061,0.50339204,0.5126203,0.4280123,0.48233527,0.45826662,0.4726159,0.45547575,0.6713754,0.5639957,0.53569734,0.7013896,0.70820475,0.67228013,0.56083685,0.6611473,0.6632523,0.5536092,0.7140307,0.7189531,0.7196496,0.73178566,0.39945388,0.6484369,0.63254833,0.51309663,0.60341734,0.58224535,0.53440917,0.57976544,0.49128318,0.68975145,0.65586627,0.74588025,0.67978424,0.5814026,0.55095184,0.62317806,0.56565905,0.4626225,0.49749976,0.5172434,0.48895922,0.37555215,0.6052895,0.644529,0.6610581,0.52125394,0.32479617,0.28555402,0.37772015,0.37181205,0.5870278,0.50912154,0.51528794,0.48569655,0.5134664,0.5311133,0.53937113,0.49726146,0.5741346,0.5688771,0.6099741,0.59501785,0.5478398,0.5310971,0.5006959,0.49181956,0.5512173,0.52148056,0.5376212,0.5528832,0.54227144,0.5427078,0.549112
507,0.57639134,0.6034915,0.45744568,0.57624686,0.59137875,0.607493,0.6145821,0.389361,0.35766795,0.5956149,0.61399597,0.5224461,0.6133443,0.58870584,0.60818833,0.63679796,0.65073305,0.5498214,0.6549626,0.7198727,0.65174776,0.56977,0.6011318,0.2902671,0.47425374,0.4145074,0.5086047,0.45841768,0.6759683,0.50461745,0.41465035,0.5198665,0.41373467,0.5611894,0.47877946,0.4152651,0.45476866,0.5627128,0.40824282,0.3714411,0.38608855,0.44193143,0.5242044,0.5851945,0.5963502,0.68534386,0.48608822,0.67661434,0.65079075,0.71680075,0.37667543,0.40203205,0.36243477,0.4235655,0.41768822,0.48786044,0.44180742,0.53749216,0.49978623,0.49906048,0.44897944,0.3915185,0.53628093,0.4100224,0.43157038,0.43556088,0.5237744,0.4960112,0.3625335,0.43290803,0.46478543,0.48799542,0.4748262,0.6129397,0.479094,0.42383605,0.5291215,0.64904743,0.5021261,0.61488795,0.52733815,0.64579904,0.6689853,0.674292,0.6733898,0.5404555,0.4363249,0.41403332,0.5724922,0.475732,0.5850007,0.5864451,0.5350902,0.44421065,0.70143294,0.5692155,0.643039,0.5368997,0.40460438,0.35586473,0.30404675,0.29755014,0.3282381,0.268455,0.3256581,0.4767719,0.38389155,0.5471842,0.50929004,0.49772975,0.46079364,0.4183255,0.50009716,0.49181482,0.5168949,0.5398945,0.6281282,0.5211946,0.48965517,0.48064286,0.44347134,0.5187302,0.46806496,0.29395103,0.44533482,0.43755397,0.48647174,0.44956768,0.46224064,0.50071555,0.4624614,0.38520008,0.5926652,0.5512459,0.5194847,0.5714901,0.6509468,0.6344346,0.52869916,0.59805834,0.5338185,0.4946301,0.5986332,0.7206791,0.673008,0.6746519,0.4188742,0.61966836,0.6125616,0.4731824,0.5631628,0.527422,0.5111384,0.52952087,0.49531153,0.6538593,0.65738297,0.7086564,0.6394167,0.52006954,0.48429123,0.6224411,0.4928013,0.5150821,0.54070866,0.54692024,0.4808521,0.34281883,0.5003465,0.6155829,0.62600535,0.48946217,0.2968681,0.2823857,0.34603888,0.3735419,0.530965,0.48599708,0.45500758,0.4143498,0.58233726,0.6632952,0.4431926,0.58067524,0.60596925,0.62339455,0.5991626,0.40455034,0.33818772,0.61803883,0.6499003,0.5730725,0.63063556,0.6134144,0.6388954,0.6029881,0.6753619,0.5508833,0.6637817,0.72668403,0.6185683,0.6488561,0.6024326,0.2977354,0.60975754,0.48852542,0.5709941,0.5622973,0.67779356,0.4599666,0.4432664,0.54259175,0.34013218,0.61773086,0.49686915,0.3532303,0.45949295,0.5821543,0.3533812,0.36063114,0.41516334,0.482523,0.52672714,0.6123564,0.62088513,0.68862253,0.46542966,0.6453102,0.59962153,0.69657654,0.37672353,0.40604132,0.36618173,0.40831298,0.41394138,0.46730968,0.49131805,0.55287147,0.5013466,0.53635687,0.43778795,0.51426077,0.566081,0.52147347,0.4571455,0.45073387,0.5775832,0.48753953,0.36377794,0.48445642,0.41053614,0.57093143,0.542496,0.5857881,0.48450974,0.50584126,0.5673765,0.65019935,0.49246144,0.68417954,0.58166397,0.6949473,0.66924506,0.68848324,0.6746146,0.60528964,0.6014759,0.42909527,0.61404014,0.5099092,0.64124393,0.61292994,0.5150856,0.447786,0.75905764,0.5954736,0.69102114,0.58627045,0.43427992,0.3732468,0.29687083,0.31370056,0.31893983,0.2865342,0.34343064,0.48815972,0.4016744,0.5693235,0.5540814,0.5167019,0.51136875,0.44943705,0.47056374,0.48969382,0.49095097,0.4694682,0.5959814,0.51624334,0.46247703,0.45235732,0.44590327,0.51684266,0.5023381,0.30161694,0.41446224,0.50032187,0.49093854,0.41729265,0.47898364,0.45097724,0.4654425,0.4509755,0.64136344,0.55158526,0.52438825,0.6639678,0.6778009,0.62717515,0.5442245,0.6397036,0.63241214,0.5491732,0.7014835,0.71789104,0.7167299,0.7066109,0.39167926,0.6282083,0.63332903,0.50283164,0.59974706,0.5574667,0.5241002,0.5526354,0.48710594,0.6514136,0.6182774,0.7074805,0.6499038,0.56315905,0.5696657,0.62770957,0.5318798,0.45371178,0.4763405,0.52804005,0.46299335,0.35999718,0.57518333,0.6485953,0.62984616,0.520826,0.29919812,0.2672113,0.36216044,0.37838602,0.5736386,0.4998015,0.51229274,0.47059667,0.5104205,0.52392125,0.5318753,0.488455,0.54511017,0.5492844,0.59828943,0.57790697,0.53695875,0.52364475,0.4836081,0.4780225,0.55010253,0.5154084,0.5098784,0.5254873,0.51943594,0.5270163,0.53771156
508,0.5261143,0.562792,0.44716516,0.5389101,0.55140007,0.5651548,0.58124155,0.37930697,0.3475975,0.5554724,0.5689848,0.48925057,0.57160085,0.58393246,0.61972994,0.5945975,0.60937953,0.5196742,0.6073662,0.67364717,0.60576093,0.53033465,0.55662704,0.28690094,0.4547022,0.39774814,0.5035631,0.44532862,0.67297447,0.49825948,0.41345277,0.49693626,0.42267796,0.53051704,0.47599024,0.38957357,0.42188492,0.5245686,0.37814948,0.35300133,0.3640978,0.41589785,0.49721748,0.5479124,0.56819123,0.6646473,0.470179,0.63920295,0.6218398,0.68383247,0.37600568,0.39869878,0.35544834,0.41260225,0.3940121,0.47777134,0.39818758,0.4862372,0.46564966,0.46786416,0.43443078,0.3669942,0.49374947,0.3987109,0.40623173,0.37635708,0.48450208,0.4654661,0.33911166,0.39035016,0.43110752,0.4344343,0.46277395,0.5549056,0.44210136,0.39410934,0.48762256,0.6017679,0.45083007,0.5631305,0.47301245,0.57474416,0.6162669,0.63587344,0.6414649,0.52361846,0.4089033,0.3893182,0.55382043,0.47278237,0.56925803,0.5381748,0.52633804,0.42616206,0.66138947,0.5372177,0.6109573,0.5109748,0.39684567,0.3598088,0.30481002,0.290247,0.32570013,0.27110207,0.31946027,0.45169312,0.37206662,0.5237944,0.47297227,0.48368695,0.4447475,0.4124723,0.47740602,0.4639993,0.4906251,0.51453507,0.6031832,0.5018854,0.48505437,0.45952648,0.4171597,0.48938808,0.4484255,0.29782465,0.43669975,0.43568638,0.46455094,0.44049478,0.4469303,0.4818829,0.4513179,0.36288682,0.55658597,0.54035276,0.5060749,0.53511506,0.5927126,0.59210396,0.50035226,0.5653056,0.49895364,0.487199,0.57191664,0.69030476,0.64401454,0.63874763,0.4098801,0.58207065,0.58524925,0.45214733,0.5414515,0.50177723,0.4868511,0.5077753,0.4836296,0.61218536,0.61402947,0.659914,0.5986122,0.5110138,0.484201,0.59818673,0.4713093,0.50449777,0.5112198,0.55195105,0.4486233,0.34593186,0.47237557,0.59415066,0.5651568,0.48289198,0.29557544,0.28140336,0.34455413,0.3646748,0.5158624,0.47431523,0.43122756,0.3990665,0.5293964,0.61904675,0.4314286,0.5437745,0.5615944,0.5763779,0.55472636,0.39013538,0.32998654,0.5822464,0.6066006,0.54300857,0.5926334,0.6077259,0.65168655,0.5645269,0.63825023,0.52273697,0.60950524,0.67675984,0.5660111,0.5974764,0.5602577,0.29284933,0.58261645,0.46056634,0.5619154,0.5504022,0.67994744,0.46361914,0.4483028,0.52695465,0.34412774,0.58407694,0.50664234,0.3378199,0.42451185,0.55556226,0.32656053,0.3448646,0.38792765,0.4484137,0.50549966,0.5847404,0.591936,0.67414784,0.45046335,0.6055906,0.56435454,0.66776824,0.3728666,0.39700764,0.35960117,0.40024948,0.38716793,0.45699877,0.4519843,0.5165727,0.477661,0.5127023,0.43539196,0.4921161,0.5424896,0.51490706,0.42982855,0.39525306,0.5592006,0.47578797,0.3554425,0.45108244,0.40201843,0.5411937,0.53154767,0.551969,0.45958397,0.47010848,0.54339564,0.6187461,0.47883528,0.65069985,0.54059887,0.6476012,0.6533653,0.6699007,0.66511,0.58940965,0.55588377,0.41132143,0.6166888,0.5170214,0.6246303,0.5677086,0.50719476,0.42409632,0.73577106,0.57362586,0.67552656,0.571046,0.42234042,0.37531677,0.29150623,0.29563564,0.3101525,0.28435135,0.34273008,0.46760404,0.3931805,0.5536311,0.52576905,0.4991591,0.49425095,0.44262156,0.45057017,0.46822268,0.46933696,0.4616021,0.5821866,0.5142984,0.44723824,0.43765196,0.42249528,0.50376135,0.49063554,0.30428463,0.40815058,0.494149,0.47139257,0.41218534,0.47063977,0.44599032,0.4628745,0.45298603,0.60917217,0.5390624,0.51450515,0.6192663,0.6399376,0.58238333,0.5225539,0.6068303,0.58994204,0.53483236,0.6755991,0.70960355,0.70495987,0.67193884,0.39167115,0.597684,0.6239935,0.49290892,0.59269017,0.5203918,0.5059659,0.52464926,0.48375446,0.59822494,0.5767821,0.65696764,0.6056246,0.54114735,0.58161485,0.61598545,0.49992812,0.45212734,0.45942283,0.5380477,0.43850186,0.35340455,0.54372466,0.63747126,0.59820557,0.52132946,0.29171085,0.2670327,0.36223033,0.39285567,0.56063986,0.49346668,0.5010046,0.45392558,0.5070555,0.51436615,0.525945,0.4843409,0.51344055,0.525252,0.5781533,0.553505,0.5253635,0.5139665,0.46775737,0.4646346,0.54571617,0.51013196,0.48250178,0.4973386,0.4931151,0.50712794,0.5216506
509,0.46525618,0.51303655,0.42330283,0.4868328,0.49743402,0.513453,0.53970945,0.36967835,0.3376573,0.5083979,0.52072763,0.45157263,0.5119906,0.5658111,0.6130617,0.53991324,0.5694657,0.48991254,0.551262,0.6157823,0.55253744,0.48974243,0.502836,0.29562965,0.43170902,0.38359174,0.48350707,0.4346185,0.6450637,0.490166,0.40841845,0.47083488,0.42781353,0.5016615,0.4693647,0.36374456,0.38224444,0.47458893,0.3461189,0.3353868,0.33974317,0.38454467,0.45716488,0.49423364,0.5214172,0.62777084,0.44849747,0.5971881,0.59056205,0.6424718,0.37189242,0.39017022,0.34992903,0.39587533,0.36819768,0.46179166,0.35968387,0.44509596,0.4232587,0.4234992,0.42553794,0.34875104,0.45913652,0.38527688,0.38629997,0.34002754,0.45486635,0.43866664,0.32845312,0.37013763,0.40601534,0.3981128,0.44681785,0.5094146,0.4157089,0.38269532,0.46293724,0.5522608,0.4132501,0.51648825,0.42865312,0.51143694,0.565383,0.579,0.59938693,0.49034813,0.39127356,0.379978,0.5334445,0.4745468,0.5476046,0.50053316,0.5193946,0.418258,0.6152755,0.49830264,0.5731779,0.48057997,0.38463497,0.36466253,0.30698776,0.28852797,0.3302522,0.28436002,0.31856745,0.42873046,0.36892337,0.4856649,0.4332935,0.46986017,0.42801616,0.4062385,0.44425473,0.43159539,0.4658668,0.48678476,0.5768122,0.48558113,0.4802155,0.4405216,0.38579857,0.46632415,0.427851,0.3148282,0.42907518,0.43025,0.44322804,0.42847595,0.4295766,0.46700478,0.4428889,0.35351092,0.5273976,0.53028566,0.49698254,0.5060496,0.53583056,0.5514149,0.4713234,0.52268654,0.4576784,0.46563432,0.53250736,0.65256953,0.61065173,0.5972261,0.39742947,0.5344274,0.55485576,0.43355724,0.5189835,0.4655554,0.4577883,0.4807114,0.46980315,0.5619051,0.5697322,0.6040976,0.54518086,0.49318632,0.48096412,0.5592638,0.45059878,0.49428794,0.48429403,0.5536774,0.4172096,0.35138544,0.4445349,0.5683521,0.51862764,0.4722958,0.30785805,0.29168373,0.35490596,0.36122394,0.5039739,0.46525824,0.40354952,0.38146552,0.46547365,0.5678073,0.41016132,0.4931266,0.50426143,0.52095157,0.50524896,0.37749788,0.3243107,0.53627056,0.5612065,0.5007704,0.537007,0.5866807,0.6463724,0.51382995,0.60762095,0.49292678,0.54859245,0.6176686,0.5152063,0.54133093,0.5095296,0.30109692,0.54274946,0.4309535,0.53431284,0.5255259,0.6639341,0.46796104,0.44292855,0.50802743,0.35261387,0.5478094,0.50815636,0.32532457,0.38534126,0.5151405,0.30166557,0.331571,0.3580093,0.41118595,0.47166502,0.53835267,0.5456845,0.6463078,0.43203583,0.5631265,0.52710205,0.6382596,0.36801615,0.38421053,0.3549147,0.39047155,0.35985202,0.4422952,0.4100998,0.4836563,0.44595376,0.4729404,0.4302235,0.4701069,0.5235253,0.49844736,0.41037363,0.361057,0.53957796,0.46601596,0.35535237,0.434134,0.39841387,0.5163627,0.515405,0.52567977,0.43409994,0.453012,0.5302374,0.58380723,0.4584513,0.61148053,0.5054881,0.59798026,0.63170874,0.62963915,0.6473748,0.5525365,0.5150303,0.40829107,0.5972685,0.52220374,0.6016538,0.53398305,0.50261194,0.41486165,0.70150685,0.54393786,0.6515534,0.5535916,0.4055764,0.37707317,0.2925935,0.2845189,0.30986175,0.29174078,0.34560928,0.44734442,0.39342928,0.52209085,0.4943382,0.48260966,0.47578764,0.4349153,0.42248464,0.44187397,0.4483169,0.45667085,0.5698923,0.5129751,0.43318874,0.42306784,0.39495823,0.49448642,0.47269052,0.31848124,0.40742245,0.48246747,0.45105204,0.40858483,0.45469007,0.44177866,0.46312472,0.4592787,0.5800573,0.5281806,0.50613916,0.5722586,0.5994056,0.5448079,0.49570888,0.5647657,0.5397016,0.5075801,0.6374404,0.69428635,0.6841062,0.6311691,0.39245778,0.5578674,0.605161,0.48163527,0.5812709,0.47500095,0.47930855,0.49618742,0.47696176,0.5374185,0.535514,0.60335666,0.5510398,0.51436603,0.5802856,0.5860763,0.47099462,0.45775524,0.44852793,0.5467683,0.4150233,0.35063365,0.51396835,0.6115942,0.5728923,0.5223177,0.29761884,0.27953345,0.3732968,0.40865752,0.5511846,0.48845348,0.48087928,0.43677416,0.50316685,0.5021492,0.5230043,0.48507547,0.48274514,0.49903443,0.5521824,0.52513415,0.5149192,0.50294644,0.4534639,0.4512801,0.53892803,0.50622016,0.45765823,0.47109088,0.46689245,0.48596624,0.5027449
510,0.4072571,0.46091768,0.38808364,0.42971024,0.4389884,0.46084204,0.49571568,0.36032704,0.3276637,0.461977,0.47622165,0.4160413,0.44469753,0.5372257,0.5879802,0.48232645,0.5358194,0.46230304,0.4952231,0.5561799,0.5003335,0.4517807,0.448454,0.31179538,0.40833205,0.3742565,0.45030624,0.42547548,0.59321976,0.479487,0.3959749,0.44790584,0.4245313,0.4799033,0.45825204,0.34130278,0.34177324,0.42136544,0.31727356,0.31996676,0.3158422,0.35201076,0.41061684,0.43412402,0.46266094,0.5784104,0.42254677,0.5568181,0.5614767,0.59827006,0.3627471,0.37534413,0.34432754,0.374103,0.3435278,0.44026002,0.33215788,0.42139402,0.3799353,0.3734954,0.4224442,0.33733398,0.43841454,0.36878112,0.3721814,0.32721463,0.43834108,0.41753215,0.32931075,0.3730149,0.39117438,0.3817243,0.42762163,0.48468164,0.40345845,0.38976273,0.4587648,0.5094264,0.39502972,0.4823866,0.40028256,0.46930078,0.5254675,0.5128592,0.55553794,0.4461569,0.38514283,0.38569576,0.51505053,0.48121384,0.52507734,0.48089188,0.51607597,0.42167923,0.57113516,0.4577958,0.53526247,0.4492181,0.3661335,0.36531392,0.3066372,0.28894916,0.3376018,0.3026846,0.3192681,0.40887934,0.37065023,0.43883866,0.3959841,0.45735762,0.4127077,0.39971104,0.40442708,0.39682052,0.44253713,0.45741397,0.5509771,0.47393912,0.47558814,0.42561778,0.35340366,0.4511324,0.4067452,0.3391918,0.42112255,0.41874868,0.42229584,0.41245162,0.41131577,0.4575419,0.43670914,0.35482153,0.5098629,0.5221811,0.49286324,0.4872556,0.49067998,0.51729304,0.44448325,0.4760558,0.4153864,0.43066782,0.48443946,0.6143945,0.57850844,0.55507934,0.38016877,0.48358056,0.52720106,0.4179568,0.49712703,0.4241451,0.42730618,0.45047435,0.4529342,0.5101811,0.5294526,0.55111915,0.48766646,0.46646792,0.47375482,0.5121765,0.43062744,0.48550534,0.46263403,0.5527663,0.39014715,0.35428855,0.42113766,0.54114604,0.49677676,0.45786166,0.3281661,0.30823964,0.37208924,0.35901764,0.49743262,0.45861197,0.3760488,0.3638857,0.40460342,0.51657313,0.38098946,0.43785685,0.44414768,0.46617466,0.4573194,0.36714777,0.32029012,0.48656645,0.52028275,0.45378688,0.47217935,0.5534806,0.6238643,0.45879334,0.58736813,0.46323383,0.49097252,0.5596058,0.47268254,0.48870787,0.4573596,0.31742,0.49565956,0.40566254,0.49095106,0.49013588,0.6305341,0.47026175,0.4239297,0.49157894,0.3605597,0.5165676,0.5001094,0.3171006,0.34783944,0.46691266,0.2818639,0.32144254,0.32975706,0.37610516,0.4303418,0.48061258,0.48774052,0.6069256,0.41075015,0.52363116,0.49269596,0.61227524,0.36068156,0.36749813,0.35117808,0.37847468,0.33564624,0.4221898,0.37250596,0.46126592,0.41041535,0.4230104,0.4224531,0.45340484,0.5151622,0.4743912,0.3988197,0.3494427,0.5228458,0.45724162,0.362017,0.43518224,0.39855838,0.5026829,0.49727413,0.5124718,0.4129326,0.4576821,0.53170913,0.55042744,0.43367264,0.57279056,0.48194516,0.55613166,0.6091797,0.57248425,0.6282816,0.50070566,0.48748803,0.41785574,0.56121564,0.52647537,0.5786354,0.518978,0.50200945,0.42151478,0.6615723,0.5091578,0.6234381,0.5379352,0.38314182,0.3745895,0.29760936,0.27933928,0.31420416,0.30380926,0.34807795,0.42792052,0.3984339,0.47953367,0.46487418,0.4689064,0.46019796,0.4266648,0.38796824,0.41172087,0.42677894,0.45094448,0.5579078,0.5133934,0.4216292,0.40979433,0.36642927,0.4889122,0.4489719,0.33810174,0.4090553,0.4642624,0.42818362,0.40389043,0.43318444,0.4380399,0.46433502,0.46700233,0.55946696,0.5210455,0.49956003,0.5289234,0.5623311,0.51801026,0.46661237,0.518746,0.48795748,0.46918985,0.59042424,0.6760324,0.6583109,0.58923745,0.3888548,0.5137892,0.5821118,0.4687667,0.5670266,0.4281606,0.44686392,0.46855068,0.462977,0.4785702,0.4977056,0.5564898,0.49402747,0.48399305,0.56469595,0.5416633,0.4462717,0.46877286,0.44463003,0.55402195,0.39411408,0.34876388,0.49242237,0.5762776,0.5619831,0.5234232,0.31225318,0.29908824,0.3898349,0.4199536,0.54852855,0.48417765,0.45661542,0.4217972,0.49931294,0.4891802,0.52339333,0.4896945,0.45863378,0.4758498,0.52526456,0.49791104,0.5076562,0.49266148,0.44185823,0.43902874,0.53143203,0.5044892,0.43900126,0.45065057,0.4456757,0.46800193,0.48441058
511,0.3662862,0.41635776,0.3502328,0.3814422,0.39014855,0.41904747,0.45758462,0.35400647,0.32082155,0.42525983,0.44340748,0.3911021,0.3850697,0.5063219,0.55086035,0.4334733,0.51225865,0.44157153,0.4493597,0.5059971,0.45911336,0.42307746,0.40448812,0.33112624,0.3894549,0.37257984,0.41231468,0.418547,0.5276535,0.46781787,0.3791623,0.4349305,0.41364554,0.47086686,0.44569862,0.3276381,0.30965728,0.3778956,0.29836795,0.31130362,0.29859865,0.32617992,0.36904654,0.38294157,0.40632653,0.52715147,0.39949843,0.52393496,0.5391721,0.5606425,0.3525975,0.35943994,0.34021202,0.35443443,0.3258582,0.41902295,0.3215416,0.42084372,0.3465104,0.3303662,0.42670652,0.33594838,0.43588996,0.35387865,0.36688864,0.33783644,0.43578443,0.40490517,0.34040493,0.39601514,0.38780275,0.3862968,0.41005844,0.4840834,0.40683392,0.4129567,0.47369274,0.48280796,0.3970986,0.46749282,0.39148092,0.4569772,0.5048453,0.45345554,0.52110666,0.40235093,0.39049923,0.40423074,0.5019378,0.49134827,0.5080602,0.48286238,0.5174475,0.43622705,0.53854245,0.42462534,0.5053874,0.4231492,0.34433478,0.36189577,0.30531788,0.29180863,0.3459713,0.32145575,0.32099864,0.39641923,0.37522197,0.39451727,0.36929804,0.44958457,0.4034016,0.39686173,0.36659935,0.36577138,0.42556068,0.4327836,0.5306658,0.46892622,0.47367394,0.41881257,0.3274333,0.4464038,0.38873848,0.36451375,0.4136879,0.4035863,0.40631673,0.3954981,0.39600202,0.45481846,0.4337034,0.36431178,0.5065456,0.5174163,0.4943315,0.4814372,0.46655035,0.49605316,0.4238874,0.43536124,0.3806917,0.39052302,0.4379586,0.58525836,0.5554906,0.5195666,0.3626892,0.44111222,0.50836694,0.40682098,0.47957167,0.38609016,0.40045306,0.42295974,0.43684438,0.46657422,0.49927163,0.5099697,0.43756977,0.43591782,0.46422774,0.46865684,0.4151175,0.48072973,0.45076662,0.55126595,0.37340117,0.35441968,0.40776435,0.5176214,0.5033181,0.4428918,0.35093233,0.32678133,0.39077854,0.3570934,0.4974073,0.4552268,0.35646155,0.35226402,0.36147255,0.4735413,0.35076815,0.39112085,0.39523387,0.42315322,0.41938487,0.3618961,0.31979758,0.44244847,0.49065116,0.41301724,0.41207272,0.5170392,0.5905744,0.41074502,0.57762796,0.43816406,0.44611666,0.51338017,0.4438426,0.44864547,0.41367805,0.33752784,0.4507225,0.39045745,0.44220185,0.4518231,0.5861398,0.4696181,0.39657763,0.48381126,0.36590976,0.49914756,0.48623478,0.3156737,0.3196106,0.42225555,0.27157652,0.3176642,0.31006327,0.3508678,0.39128846,0.42547202,0.4307325,0.5624572,0.39220884,0.49221918,0.46666783,0.5936013,0.35403663,0.35224894,0.35008985,0.36904946,0.3200807,0.40142262,0.3476085,0.45569566,0.3788525,0.37518534,0.41554448,0.4474732,0.520664,0.44971454,0.39702693,0.36102623,0.51251924,0.4501495,0.37396958,0.45196754,0.40211987,0.50336504,0.48194563,0.5145212,0.40068698,0.48244005,0.54647416,0.5254282,0.4104118,0.54311657,0.4745856,0.5323785,0.5918359,0.51073265,0.6141205,0.4465976,0.47819078,0.43665403,0.5192266,0.53035367,0.5615565,0.52585554,0.5060377,0.44286233,0.62478065,0.47582856,0.59781075,0.5279223,0.35952708,0.36928922,0.30721068,0.2815035,0.32149783,0.31725314,0.34968087,0.41348457,0.4060114,0.43610018,0.4440396,0.46140578,0.45271564,0.42126077,0.3540586,0.38301775,0.40886796,0.44567996,0.54734737,0.51649314,0.41576877,0.4018062,0.34353787,0.48783422,0.4249468,0.35731378,0.41208524,0.44250977,0.4061108,0.39816445,0.41167656,0.43552426,0.46569836,0.47401637,0.55136776,0.5191422,0.49606842,0.49692088,0.5355851,0.5037488,0.44053575,0.47698048,0.44357103,0.42785808,0.5426646,0.6601792,0.6345305,0.5527646,0.3812385,0.47431114,0.5613941,0.45611867,0.55317616,0.38893458,0.41484594,0.44471022,0.443427,0.43221438,0.46784672,0.5230152,0.44492382,0.45406154,0.53928274,0.49375528,0.42859992,0.48321125,0.44887632,0.55962265,0.37952068,0.34876192,0.48450136,0.540386,0.56867886,0.5245133,0.33144295,0.32025585,0.40668443,0.42417678,0.55370605,0.48102364,0.43648663,0.41390672,0.4974922,0.47955492,0.526645,0.4971342,0.44711527,0.46212167,0.50337416,0.4777633,0.5052822,0.48600334,0.43593806,0.43124983,0.52526116,0.5057548,0.430548,0.44010112,0.43501157,0.4581761,0.47093415
512,0.35157207,0.3895369,0.3222324,0.35474288,0.3638167,0.3984071,0.43373048,0.35571542,0.32314935,0.4057674,0.42894018,0.38336214,0.3479187,0.4829943,0.51294553,0.40336376,0.50173575,0.43379378,0.4223266,0.473449,0.43727243,0.41143847,0.38037613,0.35219437,0.38045618,0.3812516,0.38160732,0.41633305,0.4681582,0.45832226,0.36579746,0.43698615,0.39984563,0.47717628,0.43669796,0.32901043,0.29572743,0.35705265,0.2967166,0.31560668,0.29588667,0.31657848,0.34412158,0.35511857,0.36969018,0.48904613,0.38857895,0.502642,0.52667725,0.53950703,0.34942067,0.35133672,0.34253103,0.3463863,0.32223365,0.4062048,0.3328428,0.44544867,0.3333699,0.3065037,0.4399419,0.34964243,0.4532679,0.34870946,0.3738694,0.37123892,0.446659,0.4045304,0.3607658,0.43395495,0.397788,0.41202506,0.4010647,0.506029,0.4244119,0.44739854,0.5024336,0.47935364,0.41639936,0.475295,0.40264246,0.47675428,0.50866896,0.41772324,0.50580263,0.37253252,0.40606788,0.4309074,0.4972485,0.5022618,0.5020883,0.5056756,0.5230906,0.45949632,0.5243926,0.40838578,0.49151087,0.4109118,0.3276493,0.36010963,0.3093648,0.30157888,0.35778943,0.34000915,0.32752633,0.39763695,0.38439584,0.3655191,0.3615368,0.45050254,0.40573487,0.40321904,0.3417484,0.34780785,0.42282236,0.4222304,0.52161926,0.47209218,0.47699535,0.4241523,0.31618458,0.45481625,0.3792027,0.38781783,0.41033292,0.39112347,0.40265676,0.38331288,0.3887014,0.45958322,0.43565267,0.37979424,0.51739645,0.51715744,0.50159425,0.49037892,0.4691462,0.49321258,0.4147175,0.41141933,0.3620434,0.35854164,0.40633622,0.5729293,0.5479697,0.4982535,0.35366362,0.41967532,0.5032405,0.40231317,0.47124422,0.3611412,0.3838427,0.40599018,0.42838562,0.44018826,0.48509976,0.48599523,0.40538773,0.4109991,0.45504513,0.44149557,0.40998626,0.48252377,0.45359883,0.5510323,0.373723,0.35656565,0.4090739,0.5031184,0.5357204,0.43290687,0.37412566,0.3467961,0.40842897,0.35720262,0.50382173,0.45735222,0.35360897,0.35401037,0.34558427,0.4468702,0.3298707,0.3652724,0.36984265,0.40152764,0.39993554,0.36639342,0.32763624,0.41354597,0.47717404,0.38850927,0.37161693,0.488149,0.555915,0.3810999,0.57570547,0.42403635,0.42154258,0.48688036,0.43328315,0.4292146,0.38840425,0.35999197,0.41908875,0.38939288,0.4027292,0.42096952,0.5424242,0.4662981,0.37167823,0.488099,0.36870325,0.50085026,0.47249886,0.32522258,0.30888435,0.39458036,0.27692297,0.3253616,0.30644363,0.34405866,0.36552358,0.3882691,0.39097232,0.5237139,0.38472632,0.47326964,0.4542854,0.5841787,0.35508257,0.34711978,0.35589907,0.3696108,0.31949,0.38798484,0.3431393,0.4697173,0.36086982,0.34333855,0.41435447,0.4561346,0.53798205,0.43341452,0.40671644,0.3943251,0.51079607,0.44701526,0.38940537,0.47922492,0.40970272,0.5169765,0.47301185,0.5295701,0.39922833,0.51951194,0.56824017,0.5145307,0.39546865,0.5289221,0.484045,0.53265494,0.5837133,0.46153855,0.60721034,0.4059974,0.4878086,0.45961177,0.48470908,0.53277236,0.55384856,0.55179495,0.51430327,0.47406197,0.5990789,0.45256934,0.58077663,0.5261976,0.34384507,0.36741206,0.32489437,0.2949582,0.3341519,0.33283594,0.35470212,0.41041178,0.41735294,0.40389428,0.43794468,0.46336398,0.45731282,0.42342374,0.3314084,0.36437747,0.40240806,0.44534725,0.5406821,0.52179134,0.41938663,0.403993,0.33406115,0.49204773,0.40837035,0.37491232,0.41815445,0.42393994,0.3928339,0.39360532,0.39676827,0.4355671,0.46726966,0.47920313,0.5563947,0.52249235,0.49723577,0.48336232,0.524554,0.50259525,0.4237804,0.44887307,0.4155271,0.39603943,0.5054883,0.64988565,0.6186083,0.52841735,0.37584534,0.44991115,0.5482842,0.44678774,0.543256,0.3668355,0.3918848,0.42983595,0.42548567,0.40760583,0.4515457,0.50550085,0.41375965,0.4314878,0.5112602,0.45702824,0.4223735,0.49877372,0.46135777,0.56272703,0.3766765,0.3553609,0.49116725,0.5138863,0.58928984,0.5254286,0.35403788,0.34133366,0.42213833,0.42200726,0.5643079,0.48079735,0.42889047,0.4182708,0.4996199,0.47726738,0.53163093,0.5061605,0.45168027,0.46203023,0.4915307,0.4694638,0.5081721,0.48512563,0.4392675,0.4321969,0.52192616,0.51002026,0.43481722,0.4420553,0.43872905,0.4596309,0.46595627
513,0.36636603,0.38747057,0.3150846,0.35696423,0.3671742,0.4042686,0.42998397,0.37049204,0.34137607,0.4084576,0.43688318,0.3962251,0.34219718,0.47329655,0.4845553,0.39801428,0.5052931,0.4427028,0.41921186,0.46194822,0.4383189,0.42217863,0.38116917,0.37904513,0.38705468,0.40247732,0.36888707,0.4235188,0.43382066,0.4540773,0.3637636,0.45455584,0.38830703,0.4953775,0.43472192,0.3502802,0.3077234,0.366658,0.31824228,0.33829692,0.3151994,0.33079594,0.34410793,0.35894063,0.36433706,0.4759856,0.39587638,0.49531248,0.5240841,0.5396004,0.36104634,0.35885373,0.35787222,0.35678118,0.33866173,0.4084603,0.36868808,0.4907435,0.34714037,0.310513,0.46118984,0.38144615,0.48915014,0.35932744,0.39343166,0.4224902,0.46926913,0.4188437,0.3893987,0.47994977,0.42192727,0.45479783,0.4067268,0.5448985,0.45297125,0.48699304,0.5378225,0.5006925,0.4483921,0.50415397,0.4316011,0.5228697,0.53594226,0.41512525,0.51350397,0.3665355,0.4301176,0.45975032,0.5033438,0.5119669,0.508888,0.54294264,0.5312516,0.48757437,0.5307434,0.41549945,0.4979685,0.41898268,0.32713276,0.36859465,0.32687625,0.3255385,0.37946177,0.3634843,0.3457705,0.41793698,0.40345836,0.36169592,0.3786362,0.46215594,0.4243471,0.42170626,0.3390466,0.35240626,0.43998381,0.43228775,0.5267105,0.48332822,0.48633537,0.44307482,0.3262752,0.4766969,0.3834891,0.41257912,0.4167175,0.38845864,0.41710952,0.38199514,0.39423278,0.47181827,0.44412306,0.39995292,0.5386754,0.5215639,0.5134455,0.51237464,0.49764508,0.5097476,0.42191133,0.41171244,0.36487183,0.3468705,0.39951354,0.57922965,0.5569751,0.49614176,0.36180413,0.4271669,0.5138183,0.4069013,0.47529334,0.3572123,0.38416776,0.40663671,0.43351004,0.43579575,0.48950243,0.48024073,0.39749017,0.4018667,0.44912693,0.43827197,0.42006725,0.49114126,0.4729917,0.55153245,0.3963222,0.36854678,0.42777404,0.5009726,0.58502966,0.4333314,0.40177628,0.37368423,0.42754546,0.36235365,0.51543623,0.4683992,0.3735359,0.37458596,0.36035797,0.44191456,0.32799277,0.3675644,0.3742309,0.40633634,0.40491834,0.3849665,0.34966367,0.40697342,0.48168856,0.38621202,0.3607721,0.47388327,0.5283263,0.37738106,0.5776876,0.4258897,0.4217143,0.4819109,0.44273463,0.4344906,0.38774553,0.38812754,0.40995488,0.40505797,0.3849484,0.4071322,0.51305324,0.46243265,0.36029232,0.5030533,0.3702349,0.5194543,0.4634549,0.35005432,0.32256675,0.393544,0.30419785,0.34922436,0.32502317,0.36198,0.36152053,0.3794082,0.38062295,0.502135,0.39445025,0.47009382,0.4582675,0.5834445,0.37087134,0.3595246,0.37391093,0.38549483,0.3391959,0.388949,0.36404955,0.50058997,0.3645018,0.3377473,0.42174384,0.48005655,0.5622518,0.43184072,0.4268578,0.4431519,0.51880735,0.45109898,0.4072548,0.5108432,0.4223495,0.5382986,0.47309765,0.5534945,0.40892687,0.55862343,0.59000915,0.52018845,0.3951683,0.53207314,0.5067055,0.5551477,0.5858164,0.4386337,0.60663813,0.39076963,0.5136011,0.48135698,0.4682163,0.5329687,0.5558589,0.58741766,0.52497375,0.5078089,0.58841866,0.44694886,0.57623637,0.5343017,0.34593672,0.37672663,0.35542172,0.32565394,0.35883597,0.3562067,0.37017253,0.42417857,0.43635413,0.39285624,0.45046473,0.47567433,0.47585365,0.4363948,0.32973585,0.36492702,0.4141731,0.45384267,0.54005086,0.5276501,0.435181,0.41956323,0.3445951,0.501345,0.40576166,0.39661777,0.43049884,0.4162444,0.3970429,0.39426523,0.3944608,0.44063643,0.46981063,0.48287874,0.5713691,0.5296793,0.5036062,0.49109754,0.5306078,0.5131268,0.4218955,0.44157684,0.41007796,0.38513774,0.48851207,0.6452874,0.6126007,0.52082866,0.3809966,0.44843316,0.5459658,0.444807,0.54013115,0.3687139,0.3862204,0.4295566,0.41837725,0.40927467,0.45254004,0.5032604,0.40689424,0.42411217,0.48814666,0.4427111,0.4316722,0.51223826,0.48019505,0.5614366,0.39080226,0.37525013,0.5103179,0.5045982,0.61659396,0.5258729,0.38397092,0.36719182,0.4395139,0.41735536,0.5760237,0.48617706,0.43899646,0.4369202,0.5055035,0.4836015,0.53656983,0.5151048,0.47147518,0.47569758,0.49190947,0.47468174,0.51507056,0.4904308,0.4536002,0.44466704,0.52173465,0.5161987,0.4520196,0.4569561,0.457063,0.47242686,0.47119513
514,0.40860486,0.41220534,0.3353585,0.38925213,0.4007172,0.4357607,0.4474901,0.4011506,0.37987587,0.43524954,0.4673832,0.42932287,0.37007347,0.47924507,0.47256622,0.41883823,0.52195114,0.46717384,0.44083115,0.47052637,0.45975062,0.4548144,0.40724862,0.41831872,0.41355118,0.43630847,0.38024625,0.44492415,0.43370268,0.45769933,0.37830454,0.4832884,0.3844191,0.51894754,0.44179302,0.39320028,0.3498287,0.4073873,0.36568126,0.38186023,0.36120933,0.37244937,0.37273192,0.39553759,0.39333194,0.49245498,0.42312163,0.5033297,0.5304447,0.5600034,0.3918154,0.3862081,0.3911215,0.38817325,0.37803605,0.42917562,0.42640015,0.5456125,0.3893107,0.34650674,0.48699835,0.42896897,0.5377183,0.38724875,0.4226518,0.48080638,0.49972942,0.4469678,0.42480674,0.5255561,0.45745647,0.50468177,0.42962977,0.5919844,0.48798433,0.5257082,0.5722379,0.54200745,0.48777783,0.5472837,0.47403517,0.5814071,0.5783186,0.44490486,0.5405449,0.38737217,0.45995158,0.4858833,0.52004206,0.5196102,0.52524805,0.58361816,0.539854,0.51643497,0.5558469,0.4473641,0.5239904,0.44774067,0.3511635,0.39420176,0.3640999,0.3700878,0.4174831,0.39938337,0.3819464,0.4586063,0.43714854,0.38689294,0.42159313,0.48378873,0.460033,0.45115945,0.3628685,0.3850493,0.47712046,0.46430552,0.5460338,0.5008173,0.50070274,0.4735845,0.36088,0.50854886,0.40476605,0.44535884,0.43765324,0.40027997,0.4506957,0.39621976,0.41540676,0.4905148,0.45945007,0.4242901,0.56382495,0.5293682,0.5272022,0.5418873,0.5438202,0.54133356,0.44743013,0.43810597,0.39110377,0.3625421,0.4209458,0.6004099,0.5791337,0.51495343,0.39238632,0.46349475,0.53782135,0.4225151,0.49170873,0.37824357,0.4053872,0.4284039,0.45432058,0.45220357,0.5105358,0.49049062,0.41511568,0.41490093,0.45042005,0.4593038,0.4463202,0.504594,0.50557846,0.5505018,0.44186512,0.3973106,0.46315265,0.5119591,0.63699317,0.44666085,0.44014892,0.41486546,0.4532482,0.37587634,0.52994126,0.49062878,0.41662663,0.41512254,0.40389973,0.45930687,0.35082978,0.3987909,0.40768158,0.43651253,0.43483135,0.41916966,0.38935775,0.42565334,0.50300664,0.40675983,0.38219422,0.47723144,0.5144856,0.40133393,0.5812331,0.44457513,0.44653782,0.49430442,0.4688778,0.46254158,0.41277337,0.42756656,0.42709848,0.4369348,0.39479086,0.41555402,0.50821054,0.46229312,0.37024766,0.5240576,0.37406534,0.5474723,0.46228293,0.39228624,0.3642595,0.42178327,0.35707533,0.39087954,0.36866874,0.40611488,0.3829483,0.40188238,0.4040612,0.5058953,0.42325762,0.48395768,0.478288,0.59087527,0.4046565,0.39261577,0.40776443,0.4174736,0.38158634,0.4079644,0.41044372,0.5406247,0.39317867,0.36316043,0.43812627,0.51556337,0.58837384,0.44668722,0.45454046,0.49744546,0.5354386,0.46463245,0.42784876,0.541287,0.44006458,0.56097555,0.48353523,0.5816081,0.4291497,0.5914385,0.6071817,0.5411911,0.41319138,0.54992604,0.53644747,0.59085023,0.59654385,0.44660458,0.61043525,0.40466037,0.5491325,0.49872842,0.4732218,0.531848,0.5651353,0.62026197,0.5356066,0.537187,0.59313136,0.4631545,0.5849626,0.5510118,0.37177822,0.40210032,0.4016233,0.37867752,0.40252423,0.39456204,0.40162984,0.45640236,0.46635732,0.4077262,0.48138735,0.49614105,0.5068767,0.4607008,0.35395968,0.39012513,0.44587848,0.4733485,0.54780555,0.53294,0.46358547,0.44868878,0.37841177,0.51458144,0.4198598,0.43065614,0.45165303,0.42446825,0.42326608,0.40440583,0.40849814,0.45329568,0.47455606,0.48655698,0.5909195,0.53839934,0.51411295,0.5171719,0.55083674,0.53239274,0.4372022,0.45688716,0.4292271,0.40158212,0.49570936,0.64588594,0.61602235,0.53164434,0.40247795,0.47183537,0.5545356,0.45355693,0.5450124,0.39664897,0.40235,0.44640073,0.42856798,0.43497393,0.47072545,0.5132329,0.42514503,0.43670818,0.47675526,0.4546051,0.45756817,0.5208519,0.502142,0.5538305,0.4241867,0.4134175,0.5385133,0.5149718,0.6431394,0.52579314,0.4274059,0.40591106,0.46410173,0.4161294,0.5851185,0.49890354,0.46687466,0.4677702,0.51333964,0.49701977,0.5396335,0.5224203,0.50166416,0.4999478,0.50320745,0.4914595,0.52396387,0.5008577,0.47772312,0.46868074,0.5238278,0.52261573,0.48004365,0.4828823,0.48664063,0.49392456,0.48605773
515,0.46939716,0.4600619,0.3845707,0.445849,0.4577698,0.48542544,0.48217097,0.44673398,0.43793833,0.48342103,0.51537097,0.47717008,0.42698956,0.49993485,0.47980285,0.46203154,0.54881465,0.501783,0.4829803,0.49461547,0.4940317,0.50218314,0.45429593,0.4728249,0.45939943,0.47838134,0.41592878,0.4818674,0.46590716,0.46989486,0.4102443,0.51603824,0.39243987,0.5423619,0.45895174,0.45435208,0.42010316,0.471589,0.4354774,0.44371948,0.43191898,0.43888617,0.42835912,0.45836774,0.45168796,0.53469455,0.4685032,0.5261945,0.54533166,0.5955755,0.44125977,0.43348226,0.44255674,0.4390475,0.43785617,0.4682945,0.4955284,0.59671384,0.4545153,0.412489,0.5132822,0.48407593,0.5886375,0.42974058,0.45688352,0.5337703,0.53161687,0.4841744,0.46418354,0.56239945,0.49787155,0.54960483,0.4669579,0.6369956,0.52302575,0.55804,0.59892476,0.59298116,0.5274671,0.5944668,0.5229778,0.6357047,0.62289697,0.49777436,0.57762057,0.43149784,0.49061868,0.506172,0.54401755,0.5244399,0.54516876,0.6167333,0.5472094,0.54251194,0.5943434,0.49939463,0.5633365,0.49088567,0.40221682,0.4391828,0.422617,0.436015,0.47355655,0.45190284,0.43789905,0.5149703,0.4853868,0.4380132,0.48432434,0.51266646,0.5080602,0.48786163,0.4120598,0.44443157,0.5289959,0.5150386,0.5779066,0.52191585,0.5179009,0.5110396,0.41789052,0.5438248,0.44169948,0.49003756,0.47387168,0.42716643,0.49848023,0.4275093,0.4509796,0.5129534,0.48004425,0.4514866,0.58623224,0.5382429,0.53976977,0.5720816,0.59453416,0.5800407,0.48861036,0.48620698,0.4385116,0.406797,0.46701384,0.6294435,0.6085541,0.5520643,0.4457731,0.5203625,0.5687061,0.44838333,0.5169037,0.42332473,0.4468006,0.46939328,0.48778838,0.48329163,0.54280704,0.512273,0.45446816,0.450501,0.46219763,0.4985033,0.4850976,0.5202174,0.54349864,0.5466124,0.50409555,0.44548362,0.5096589,0.5339326,0.67769974,0.47112158,0.49151793,0.4731683,0.4888204,0.3998259,0.54408705,0.52275455,0.47614747,0.4712977,0.46735504,0.4951906,0.39884982,0.4528233,0.46248987,0.4846373,0.48309737,0.46643263,0.44503325,0.46771643,0.5371036,0.44533604,0.43131152,0.49775535,0.5182093,0.44841716,0.58641577,0.47635105,0.4901789,0.51661175,0.5042027,0.50579846,0.45959404,0.48093155,0.46794686,0.47911108,0.43082017,0.44584298,0.52955866,0.46923673,0.40363064,0.54572815,0.38412857,0.57651657,0.47083303,0.44949168,0.43132398,0.4743251,0.43230212,0.44721088,0.43456787,0.47103179,0.42814618,0.45193172,0.45766616,0.5362697,0.46902722,0.5130419,0.51169384,0.60676134,0.45432943,0.44441476,0.45703486,0.462223,0.4437936,0.44525945,0.4753279,0.58050394,0.44389683,0.41865095,0.4624368,0.55553955,0.6115275,0.47545528,0.4860743,0.54735106,0.55659723,0.48649183,0.45151663,0.5662293,0.4608093,0.57990634,0.50252,0.6085048,0.45658153,0.61306685,0.61746144,0.5735942,0.44849187,0.5769418,0.5666198,0.6281931,0.6123568,0.48167306,0.6166162,0.44382724,0.58516055,0.5107835,0.496536,0.53100353,0.577668,0.6410389,0.5442127,0.55774754,0.61039597,0.5005028,0.60398996,0.57154155,0.4214378,0.4439386,0.46144485,0.45308113,0.46689254,0.4513213,0.4502645,0.5037111,0.5070357,0.44737238,0.52573043,0.52064496,0.5451905,0.49420816,0.40328434,0.43955955,0.4941448,0.5051014,0.5664947,0.53761446,0.50167686,0.4883029,0.43334466,0.5301193,0.44840834,0.48108163,0.48164326,0.44887018,0.46884602,0.42572555,0.43853784,0.4736114,0.48230663,0.49149618,0.60955846,0.54628015,0.52653855,0.5542075,0.5794804,0.55708945,0.46740878,0.49074277,0.46987537,0.4451572,0.52404,0.6517222,0.6268928,0.55851924,0.44221023,0.51561743,0.57047385,0.47287354,0.5563545,0.4471441,0.4394835,0.47787166,0.4564682,0.47636908,0.50258136,0.530644,0.46364406,0.46836635,0.4807962,0.48864946,0.49652082,0.52413243,0.52337474,0.53980464,0.47423938,0.46974576,0.5710126,0.5409537,0.6627238,0.5256987,0.4867067,0.46204713,0.49893263,0.4228061,0.5893077,0.5185306,0.50768584,0.5059501,0.5216312,0.5148605,0.53985953,0.5273367,0.53518873,0.5296187,0.52132106,0.51497525,0.5330229,0.5144664,0.50796306,0.5014257,0.5267417,0.5278055,0.51456213,0.5154467,0.52150005,0.51977056,0.5078021
516,0.5344325,0.5218379,0.4578274,0.5145112,0.52546483,0.54151154,0.5264893,0.50337154,0.5102045,0.5447285,0.5714404,0.53113574,0.5013698,0.5293294,0.5024947,0.5189969,0.58177024,0.539996,0.5371338,0.5275953,0.53172296,0.5537381,0.51351124,0.5399692,0.51865464,0.5219972,0.47111046,0.5316178,0.52014697,0.4880421,0.4554981,0.5453602,0.41215095,0.5608235,0.48397276,0.525724,0.50857425,0.5455393,0.5170883,0.5163519,0.51652324,0.51997983,0.5022697,0.5339443,0.5271757,0.5923892,0.52676797,0.56014407,0.56790924,0.63760585,0.50519335,0.49683702,0.5082653,0.5039921,0.5098874,0.52198803,0.56270087,0.6353054,0.53008103,0.49720913,0.5361356,0.5364636,0.6314797,0.4805638,0.49086076,0.57360375,0.559087,0.5236381,0.5039063,0.585995,0.53604853,0.58082455,0.5122378,0.67171067,0.5527844,0.5808046,0.6142819,0.6416424,0.56097156,0.636504,0.57126683,0.6749595,0.658714,0.55939484,0.6140854,0.4896321,0.51735634,0.519632,0.57009447,0.5261808,0.5626069,0.6360028,0.5521334,0.5631274,0.6376964,0.56200504,0.60601664,0.53854144,0.4755465,0.50143504,0.49833965,0.51723707,0.5430834,0.5203026,0.50976497,0.57807887,0.54341424,0.50500125,0.5544542,0.54532665,0.55958503,0.5267914,0.47946003,0.52117896,0.5874832,0.57725835,0.61760277,0.54361725,0.53540045,0.54952013,0.4899708,0.57633793,0.48953757,0.54675764,0.5221014,0.46662515,0.55286586,0.47434896,0.4964275,0.5355849,0.5035095,0.47946432,0.6017881,0.54606456,0.5491698,0.5977308,0.6383928,0.61812705,0.5396366,0.5469709,0.501341,0.47516277,0.5294928,0.6575667,0.6376423,0.6004134,0.5163108,0.5843472,0.5983003,0.48119268,0.544767,0.4869031,0.50344026,0.52294797,0.52853256,0.5206064,0.57985324,0.54021674,0.50809246,0.503713,0.48373494,0.54598826,0.53061956,0.5356024,0.5784114,0.5400361,0.5718295,0.51103795,0.5586826,0.56131524,0.69978803,0.5026005,0.55335504,0.5455899,0.5346927,0.43471882,0.55445623,0.5606528,0.539765,0.533462,0.53619486,0.5423188,0.46697614,0.5177745,0.5257346,0.5393576,0.53855354,0.52182055,0.5114672,0.5260712,0.57819074,0.49445015,0.49694604,0.52940977,0.5365627,0.5089882,0.59398437,0.5153156,0.5428616,0.5412218,0.5405288,0.55390805,0.5199032,0.5462497,0.52507615,0.52369046,0.4864031,0.4942185,0.5698108,0.48327214,0.45646256,0.56255484,0.40177897,0.5989844,0.48742342,0.5155901,0.5136673,0.5401064,0.5188048,0.51169974,0.5138579,0.5453155,0.4897723,0.51971126,0.530687,0.58621025,0.526177,0.55254835,0.5542183,0.62943953,0.5147224,0.50896657,0.51820076,0.51447004,0.51744556,0.49788013,0.54669183,0.6133929,0.50733536,0.49589235,0.4914748,0.5919664,0.6279484,0.5120308,0.51715285,0.5871648,0.5773066,0.51312846,0.4782526,0.5842862,0.48278803,0.5920064,0.5271068,0.62989515,0.48759422,0.6230219,0.6201547,0.6113243,0.49694115,0.6077243,0.5933385,0.65872973,0.62821335,0.53421926,0.62211096,0.4987161,0.6143156,0.5183562,0.53009874,0.5315601,0.5890644,0.6467514,0.5498515,0.5683432,0.6347223,0.5529695,0.6271567,0.59037524,0.48885563,0.49992216,0.5288786,0.5401122,0.5463541,0.5240765,0.51256406,0.5593044,0.55492646,0.5048282,0.5749504,0.5452013,0.5835403,0.53220946,0.47108105,0.50682485,0.55263937,0.5483799,0.59561306,0.5418045,0.54378945,0.5328978,0.5023125,0.54665285,0.4866403,0.54636306,0.51929826,0.48601583,0.5261245,0.45818946,0.48131576,0.49990603,0.49333516,0.49791718,0.6232771,0.5520305,0.5389571,0.59433687,0.6103717,0.5843166,0.50793004,0.53594285,0.52545273,0.50914496,0.5662705,0.6605481,0.6404519,0.5957026,0.4980721,0.57029784,0.58830523,0.49957335,0.57021433,0.5119229,0.4921124,0.5182305,0.4983705,0.52271485,0.5428098,0.55058897,0.5140475,0.5135997,0.49868408,0.53594047,0.54214895,0.5234147,0.54103947,0.5214689,0.534193,0.5392986,0.6030406,0.5737102,0.67131096,0.52641207,0.558607,0.5345532,0.5445873,0.43902734,0.5871974,0.54307497,0.55309594,0.54478717,0.5294578,0.5343029,0.53765357,0.5302214,0.56529576,0.55870616,0.5413266,0.53971124,0.54106116,0.5291123,0.53963417,0.5381254,0.52912503,0.5313072,0.55018026,0.5489769,0.55533576,0.5454354,0.5325823
517,0.5896474,0.5833315,0.542309,0.5800295,0.5886181,0.5915996,0.57102364,0.56502944,0.587811,0.6063067,0.6240432,0.58285564,0.57601833,0.5575451,0.53210145,0.5764424,0.6142577,0.5758237,0.59130543,0.5601982,0.56305707,0.599513,0.572121,0.6136013,0.58206,0.5619645,0.53754216,0.58863276,0.5831169,0.5080455,0.5068556,0.5658784,0.43852198,0.5699538,0.51132846,0.59735197,0.59944344,0.61538893,0.59707016,0.589212,0.59959733,0.6011726,0.57928556,0.60663855,0.6041832,0.6536527,0.58882153,0.59610397,0.59349537,0.67646617,0.5761882,0.5679286,0.5811352,0.5732188,0.582711,0.5822184,0.61835724,0.65854424,0.60039353,0.5820897,0.5520241,0.578191,0.66047007,0.5314562,0.5191035,0.59666824,0.57947147,0.55889106,0.539871,0.5966362,0.5671401,0.5943938,0.55900323,0.69215447,0.5751597,0.5933917,0.6180609,0.6789516,0.5842485,0.6681387,0.61308914,0.6957447,0.6807201,0.61582834,0.64232177,0.5492483,0.5377844,0.52684796,0.5935509,0.52625877,0.5735248,0.639533,0.55403924,0.57688195,0.67690104,0.623795,0.6430101,0.5817623,0.55951005,0.57494044,0.58170813,0.60289866,0.61696917,0.5991197,0.58875835,0.6385179,0.6044183,0.5736274,0.61818504,0.5776924,0.6059061,0.5627343,0.5530518,0.600456,0.64410734,0.6408137,0.65742195,0.562402,0.55124944,0.5828732,0.56601435,0.6022762,0.54213005,0.6129737,0.5767487,0.5142213,0.6073256,0.5321762,0.5459705,0.5559563,0.5276557,0.50608647,0.6090884,0.55173004,0.55487704,0.6153496,0.6694098,0.650169,0.5932926,0.6091847,0.57085234,0.5569205,0.59883726,0.6776893,0.6600198,0.65041,0.59294623,0.6425853,0.6208054,0.5168833,0.5700585,0.55803806,0.5665403,0.5792271,0.57227147,0.5541659,0.61424154,0.5669738,0.5651915,0.56541187,0.51060945,0.5924773,0.576768,0.5485033,0.6050046,0.53111255,0.63368136,0.58788687,0.60180336,0.5866555,0.70248944,0.5369237,0.62050194,0.6255263,0.58890015,0.4788366,0.5590253,0.5992297,0.59511006,0.58996975,0.59573925,0.58964884,0.5442846,0.5794245,0.58302295,0.5883687,0.58942086,0.57952076,0.582314,0.58817697,0.6187142,0.5462854,0.5630026,0.5618827,0.5614333,0.56947553,0.6014569,0.55469716,0.592521,0.5602463,0.57001275,0.5958246,0.58138055,0.6177276,0.58737725,0.56444645,0.55183077,0.55410016,0.61814183,0.50215316,0.5204824,0.570055,0.42519268,0.60918826,0.5075497,0.5832972,0.5965555,0.60610384,0.6026839,0.5765676,0.5942768,0.61623764,0.5558259,0.59083027,0.6080538,0.64337116,0.58650964,0.5935638,0.598452,0.65382206,0.5797827,0.5777161,0.5858337,0.56817365,0.5911387,0.55923516,0.612496,0.63593644,0.5710835,0.578866,0.51973265,0.61854005,0.6354494,0.5481927,0.5428591,0.61359346,0.5938016,0.54069686,0.50685805,0.5959905,0.5053374,0.59540254,0.5553156,0.6434173,0.51910555,0.62316066,0.6154121,0.64694387,0.55240506,0.6377588,0.6150838,0.67791075,0.6395306,0.5914273,0.6232753,0.55645794,0.6327193,0.52278525,0.5638757,0.53408337,0.5953628,0.6378343,0.5525689,0.5695392,0.6596753,0.6105144,0.64809185,0.6043126,0.5634542,0.5659583,0.5968417,0.6267304,0.62985617,0.6051326,0.5815719,0.61531925,0.6057525,0.56824183,0.6194866,0.5666389,0.61539936,0.56854725,0.5456982,0.58057076,0.613746,0.5988413,0.63013744,0.54502183,0.583795,0.57580554,0.5750326,0.56285495,0.5294354,0.6210169,0.5629744,0.53047633,0.58612627,0.5003428,0.5317996,0.52994496,0.50709194,0.5049895,0.629646,0.55524695,0.5502216,0.63041234,0.6381154,0.60992366,0.55327564,0.58396065,0.58678377,0.5817888,0.61417097,0.6680607,0.65113765,0.6352406,0.5637795,0.6244324,0.60343003,0.5294764,0.5828763,0.5788904,0.5508425,0.559963,0.54952127,0.56307787,0.58400095,0.56686723,0.56593657,0.56371546,0.52512115,0.58731276,0.58691984,0.5201614,0.5541589,0.5016343,0.5950978,0.6143819,0.6301081,0.6039493,0.66707265,0.5282085,0.63564295,0.6175394,0.5996208,0.46398893,0.5782786,0.570005,0.5941517,0.57696754,0.53544396,0.5521253,0.534087,0.5318256,0.58708066,0.58146036,0.558867,0.5610014,0.54723537,0.5428205,0.5680918,0.57319164,0.53030556,0.5336687,0.58157104,0.5779175,0.58299476,0.56682384,0.5563116
518,0.62499815,0.62940246,0.61982375,0.62897444,0.6342607,0.62502384,0.6055477,0.6222812,0.6576222,0.6538952,0.6622512,0.6235734,0.6336689,0.5764704,0.56066775,0.6190317,0.6369117,0.60371286,0.6320977,0.5807568,0.57931143,0.631436,0.61653405,0.6824893,0.63742924,0.5935195,0.60406995,0.64341897,0.64313906,0.52716804,0.5563349,0.5752926,0.46602476,0.56766784,0.53595865,0.6581834,0.67629087,0.6705957,0.6630224,0.65048605,0.66730744,0.66900367,0.64323145,0.6640941,0.6694498,0.70842606,0.6436197,0.6212682,0.6135841,0.7045885,0.64244366,0.63401955,0.6494184,0.6337991,0.6447923,0.63799757,0.6565785,0.6653931,0.6530701,0.6496371,0.55911285,0.6052273,0.67319137,0.5752629,0.53791887,0.6007267,0.5919255,0.5855702,0.5678226,0.5964314,0.5887532,0.5905458,0.6009271,0.6957532,0.5878097,0.59524465,0.6111344,0.6998583,0.59355706,0.68567026,0.6419834,0.6966933,0.6875394,0.6578044,0.65828174,0.5988039,0.5507631,0.5285802,0.61087185,0.5268924,0.5765737,0.62737685,0.55284804,0.5827651,0.70387346,0.67464167,0.6682712,0.6149925,0.6385101,0.64807224,0.65851295,0.67855525,0.6828791,0.67574704,0.66239285,0.68772423,0.65985394,0.63058406,0.66474634,0.6045392,0.6402381,0.59120125,0.6201491,0.66757107,0.6913742,0.69527304,0.6895103,0.57461154,0.56367135,0.60546005,0.6322571,0.6190892,0.59092146,0.680148,0.62909186,0.5633316,0.6556952,0.5912003,0.5916487,0.5723541,0.54963833,0.52912146,0.60786915,0.5547193,0.5570795,0.6220102,0.68470514,0.67195654,0.6406498,0.66161835,0.63513464,0.6358004,0.6645897,0.6856964,0.67165524,0.69163203,0.6626661,0.6866048,0.6334826,0.55086243,0.59035313,0.62121433,0.62421,0.6267414,0.61514086,0.57434905,0.6379646,0.582983,0.6126701,0.623694,0.53740185,0.6313146,0.6164827,0.5568304,0.62121695,0.51997286,0.68042225,0.663672,0.6314374,0.60329866,0.6871127,0.56896585,0.6837023,0.7008361,0.6443373,0.52648246,0.5580373,0.6323319,0.6337212,0.6313067,0.6349962,0.62510645,0.6154271,0.62523305,0.6224744,0.62094045,0.6257081,0.6315089,0.6480422,0.63937384,0.6493802,0.5912952,0.61349785,0.58595556,0.5845258,0.615369,0.6021569,0.5872532,0.6269552,0.56607175,0.5859276,0.62182486,0.6309314,0.68407845,0.6417115,0.5947462,0.614601,0.6137365,0.6639806,0.52271247,0.58448946,0.56600124,0.4510272,0.6043971,0.5269357,0.64366966,0.6654229,0.66101956,0.67160714,0.6329976,0.6629796,0.6737106,0.6132638,0.6507857,0.6752131,0.6949879,0.6412667,0.6244125,0.63465995,0.67254347,0.6409247,0.64003074,0.6501897,0.61650825,0.6532724,0.6193569,0.6630987,0.64565897,0.62398535,0.64963585,0.5420434,0.6309038,0.6313657,0.5767633,0.5589612,0.62273955,0.6029936,0.56513286,0.5334994,0.600184,0.52623284,0.58855677,0.58276623,0.6456645,0.544494,0.61282015,0.60249823,0.6728228,0.6043871,0.66060036,0.6282252,0.68193847,0.6425042,0.64068645,0.61649054,0.60434395,0.6372277,0.5244133,0.58939034,0.5379329,0.593222,0.6147584,0.5526907,0.5610979,0.6780294,0.6620439,0.6612774,0.61129075,0.6329277,0.6334035,0.6569431,0.69872856,0.70295286,0.6811019,0.6476991,0.6633555,0.65357465,0.6238393,0.6505923,0.5820102,0.6351804,0.597054,0.6139642,0.64695096,0.6688762,0.64853185,0.6626705,0.546287,0.61608684,0.6100154,0.6386637,0.57615274,0.56944567,0.6938058,0.6073284,0.5752387,0.63955766,0.54572356,0.58073837,0.5590047,0.5213599,0.51132435,0.6263621,0.5550501,0.559171,0.65544623,0.6573192,0.62777007,0.5951539,0.6254887,0.64208895,0.6484315,0.65911597,0.6693561,0.65432256,0.66767335,0.6297312,0.6680048,0.6120573,0.5574426,0.5919586,0.63437796,0.6037685,0.59431845,0.603527,0.58828413,0.61763585,0.5715985,0.60816085,0.60790646,0.553037,0.63401884,0.62264574,0.51558506,0.5629326,0.4828537,0.6469737,0.68352574,0.6456219,0.6247658,0.64813274,0.53030235,0.7054387,0.69758475,0.6569379,0.4941738,0.56296325,0.5957435,0.62309694,0.5966061,0.5380717,0.56476486,0.5301568,0.53245246,0.5971808,0.5931563,0.57021254,0.5750668,0.5504352,0.55343235,0.5890881,0.6009908,0.5304237,0.5355324,0.603688,0.59740645,0.6002052,0.5798892,0.57472086
519,0.6364668,0.6526064,0.67452633,0.65427905,0.65597636,0.63659555,0.6230285,0.66415536,0.70599806,0.6780604,0.6802416,0.6466147,0.6649623,0.5821777,0.5816756,0.6380885,0.64352083,0.62021273,0.651052,0.58285236,0.5780644,0.645082,0.6395402,0.7324463,0.6741058,0.61216086,0.65814316,0.6849842,0.6897008,0.54402465,0.59555537,0.57444817,0.49103144,0.5551141,0.55456835,0.6987106,0.7275819,0.70487404,0.7063747,0.69048136,0.71048874,0.71484053,0.6830308,0.6996691,0.71462506,0.74802047,0.68221086,0.6276635,0.62198395,0.7175177,0.69110423,0.68255335,0.69919735,0.67501575,0.68703705,0.6784023,0.67478824,0.6562252,0.6819522,0.6900415,0.5584421,0.61683697,0.66875416,0.6077973,0.5474926,0.5873658,0.5966899,0.60221523,0.58605814,0.588708,0.6008635,0.57431346,0.63151187,0.6808592,0.5887469,0.587187,0.59564155,0.70247,0.5884175,0.6861633,0.6532323,0.67768216,0.67964303,0.6812391,0.6599267,0.63106453,0.55738264,0.5266472,0.61931854,0.5293955,0.57252026,0.6023465,0.5488183,0.57999915,0.7127092,0.7076418,0.67798805,0.6360742,0.69701123,0.7047047,0.71431094,0.7304452,0.72852874,0.73368347,0.7174921,0.71804124,0.7006552,0.66709316,0.6881502,0.62066996,0.65705675,0.607925,0.66950524,0.7117956,0.72245836,0.7323271,0.707995,0.5777901,0.57015467,0.61391586,0.6762222,0.62519383,0.627141,0.73374724,0.6691516,0.6050781,0.69077617,0.6390814,0.62515736,0.5833716,0.5664389,0.54768753,0.59904873,0.5549349,0.55632436,0.61672044,0.68404275,0.68071324,0.67344403,0.696713,0.6828847,0.6949412,0.71576303,0.6790652,0.6696015,0.71549904,0.7133364,0.71259135,0.6354238,0.57888067,0.60422885,0.66340935,0.6650429,0.6560928,0.65078014,0.5781867,0.64723563,0.5830673,0.6410913,0.6668359,0.55909497,0.6570423,0.64311737,0.5595397,0.6274221,0.5075644,0.70633745,0.72119474,0.6421891,0.60728985,0.6563806,0.5931113,0.7306736,0.7561596,0.68937474,0.5695462,0.5537545,0.6541057,0.65153617,0.6522345,0.64916617,0.6427206,0.6663571,0.6484989,0.63892156,0.63226944,0.6421936,0.66854554,0.6963621,0.66975886,0.663437,0.6210463,0.6399087,0.5963724,0.59858483,0.63841254,0.59177166,0.60823435,0.6397318,0.55674636,0.58718175,0.62815243,0.6610683,0.73138684,0.6782308,0.60976183,0.6627273,0.6603631,0.6973316,0.5419985,0.63558185,0.5515397,0.47654802,0.58565646,0.5421364,0.68697584,0.7105942,0.6968718,0.7171042,0.67217636,0.7093419,0.7113219,0.65158826,0.6899046,0.7222415,0.73083997,0.682501,0.6377296,0.65596175,0.6788822,0.68735486,0.6853788,0.6979758,0.6523986,0.69474685,0.6663616,0.6929958,0.64082366,0.6581018,0.6955734,0.556021,0.6272413,0.613938,0.59430784,0.56451374,0.6136376,0.6035014,0.58331925,0.55483866,0.5960783,0.5433563,0.5725061,0.6032498,0.63382655,0.5578898,0.59138423,0.5819498,0.6829843,0.6421436,0.6697129,0.6289789,0.6688221,0.634244,0.67324233,0.59944874,0.6342544,0.62742525,0.5244431,0.601848,0.54171515,0.58175,0.5804563,0.55058783,0.5440787,0.68335265,0.6983446,0.66196185,0.610407,0.6847223,0.68773675,0.6994825,0.74478984,0.752859,0.7369604,0.69918734,0.6947486,0.6902865,0.6605481,0.66207355,0.5891358,0.63839346,0.61264646,0.6640378,0.69319224,0.7079805,0.6869818,0.685274,0.5449148,0.6357262,0.6298236,0.6812694,0.58343554,0.59929216,0.74974316,0.64376885,0.6118108,0.67776525,0.5846738,0.61756295,0.5816571,0.5336366,0.5164992,0.6127221,0.5509028,0.5646042,0.6657379,0.66422784,0.6336526,0.6253706,0.6539283,0.681612,0.69561327,0.6930802,0.6592844,0.6460716,0.68521416,0.68322885,0.69468623,0.6117739,0.579253,0.59574324,0.6686426,0.64020526,0.6145284,0.6503661,0.5960304,0.63837296,0.5618204,0.63349724,0.63690025,0.5750288,0.66723245,0.6433608,0.5110945,0.56819946,0.468075,0.6812516,0.7329571,0.64355546,0.632505,0.614652,0.5317476,0.7543809,0.7571475,0.7042823,0.524383,0.5432836,0.6156196,0.63475305,0.600918,0.53712445,0.56973636,0.52721494,0.5327292,0.59474504,0.5920856,0.5736532,0.5802148,0.54975224,0.559094,0.59972787,0.6169891,0.53012913,0.5369382,0.6132292,0.60477006,0.6045449,0.58217466,0.5843985
520,0.6278113,0.6531686,0.6987657,0.6562326,0.6544524,0.62791115,0.6221024,0.6826554,0.72536427,0.67682636,0.67803395,0.6505941,0.668426,0.57634807,0.59142166,0.6329546,0.63454753,0.62424445,0.646693,0.56741786,0.5627634,0.6400585,0.64081156,0.75513625,0.6877167,0.61719096,0.69111,0.7060675,0.7160394,0.55876684,0.6193118,0.5683708,0.51296884,0.53837705,0.5668708,0.7139143,0.7490425,0.71697474,0.72346103,0.7047159,0.72574276,0.7355492,0.69449455,0.71274036,0.7367852,0.76796913,0.7008432,0.6153564,0.6183181,0.7154689,0.7142556,0.7064831,0.7211443,0.6927201,0.7045207,0.6964856,0.6749983,0.63647175,0.68725234,0.70163965,0.5552239,0.6178325,0.6511373,0.62886006,0.5520063,0.565072,0.5968408,0.6109666,0.59784,0.57972026,0.6069248,0.55610067,0.64772826,0.65149254,0.580209,0.5754773,0.57738084,0.6892631,0.57492375,0.67070276,0.64740425,0.643943,0.6612584,0.6859148,0.6482569,0.644267,0.56218135,0.5252107,0.6189765,0.53451616,0.5641408,0.5722199,0.54321784,0.57154524,0.702219,0.72098935,0.67264605,0.6470261,0.72433174,0.7322825,0.7410137,0.75208944,0.74745876,0.7623008,0.7453567,0.72512996,0.7203079,0.67943656,0.6873623,0.62340194,0.65475464,0.61123633,0.6923924,0.7274583,0.7331924,0.74868476,0.7115997,0.57269746,0.5698741,0.60948956,0.69238734,0.6214161,0.64494294,0.76196027,0.68930435,0.6315511,0.7072934,0.66646165,0.64103556,0.5894662,0.5760832,0.56303215,0.58620805,0.5529202,0.55367243,0.6022995,0.6715274,0.6768129,0.6861954,0.7116643,0.7077887,0.72447693,0.7448087,0.659226,0.65458983,0.7185133,0.7376928,0.720638,0.62927014,0.5992299,0.6120608,0.6779478,0.68201226,0.6631055,0.67295307,0.56883603,0.64347094,0.56794465,0.64613503,0.687279,0.57390666,0.66708124,0.65285295,0.5581778,0.6266636,0.49698314,0.7103806,0.74817103,0.633857,0.5998594,0.61863893,0.6047984,0.7529944,0.7822256,0.7139197,0.601494,0.5499413,0.66130316,0.6504471,0.6536406,0.6413825,0.64200664,0.68941265,0.6494242,0.63406163,0.6242294,0.6390662,0.6838042,0.71831036,0.6760644,0.6595014,0.6322774,0.64131796,0.5931529,0.5997981,0.63763493,0.5720189,0.6158665,0.6308821,0.53587973,0.57698363,0.6168535,0.6693329,0.751656,0.69242203,0.6110225,0.6895715,0.6858453,0.71243507,0.55933785,0.6653189,0.5335409,0.5013771,0.5602391,0.5520756,0.70608366,0.7286665,0.7104863,0.7354865,0.68824846,0.7278462,0.72614294,0.6649183,0.704937,0.7455859,0.74623257,0.7050401,0.63275975,0.66056097,0.6705381,0.71072346,0.7071833,0.719164,0.6710787,0.7109664,0.6903482,0.7018503,0.62414986,0.6695794,0.711753,0.5636109,0.61187685,0.58794117,0.6022889,0.5633743,0.59281814,0.59801054,0.59533,0.57199925,0.5873875,0.5584894,0.5535736,0.61424863,0.61122495,0.5605439,0.5648053,0.55938554,0.6757804,0.66007465,0.66282904,0.61846733,0.64230645,0.61600447,0.68582165,0.57475233,0.6445919,0.6086879,0.5265464,0.60190654,0.5454433,0.56443673,0.54350257,0.54696804,0.5252955,0.6735459,0.7149563,0.64917237,0.60447603,0.7090483,0.7154047,0.7179405,0.76092315,0.7740831,0.7639658,0.7262753,0.703435,0.7089826,0.6730858,0.65247804,0.58775765,0.6254174,0.6140256,0.68731374,0.7107734,0.7226851,0.7062442,0.6928794,0.5423003,0.6407728,0.63359165,0.69691896,0.5831978,0.61524653,0.77869433,0.6648553,0.6326619,0.69530517,0.60945565,0.63612354,0.5959783,0.54276705,0.521877,0.5926263,0.5442146,0.5659949,0.6620131,0.65907335,0.6271669,0.63915396,0.6664526,0.7004915,0.7160018,0.71072054,0.637039,0.6266283,0.6844373,0.7132031,0.7024703,0.6042276,0.5942516,0.5945881,0.6776281,0.65403914,0.6176684,0.6799696,0.58900654,0.644227,0.5408544,0.63849854,0.6455528,0.5871264,0.681843,0.6469676,0.50906974,0.5719629,0.4607261,0.6935179,0.7537832,0.6245342,0.6281202,0.5746147,0.53255135,0.7755166,0.785843,0.7311567,0.5503594,0.52444935,0.6250701,0.6302627,0.59261364,0.5343897,0.5672389,0.52608675,0.53366715,0.5835508,0.5818512,0.57080585,0.5781284,0.5457957,0.55964756,0.60004896,0.6196874,0.53008944,0.53756785,0.61046344,0.6009705,0.59805936,0.57547426,0.584458
521,0.6088006,0.63478935,0.69319147,0.64020175,0.63514775,0.60531884,0.6062376,0.67623925,0.7160315,0.65395105,0.6590677,0.63835037,0.64725876,0.5651594,0.5909069,0.6074423,0.6146974,0.6162839,0.6226766,0.5395755,0.5389393,0.6195199,0.62366915,0.75112027,0.6796352,0.61221176,0.70230913,0.7050513,0.7220048,0.5723578,0.6287544,0.56428325,0.53406876,0.52576864,0.5759399,0.7042176,0.74315315,0.7105067,0.71564996,0.694816,0.7153529,0.733397,0.67971927,0.70763725,0.73853457,0.7696241,0.70143205,0.58942544,0.6064274,0.70233107,0.71108747,0.7057587,0.7139991,0.68917626,0.6979807,0.6917528,0.66275406,0.6145774,0.67442226,0.6890294,0.5561162,0.61697865,0.6285406,0.6414933,0.55676776,0.5456601,0.5969983,0.61580044,0.60878587,0.57572126,0.61188525,0.54604864,0.6515208,0.61650467,0.5673943,0.5684858,0.562965,0.6662387,0.5610715,0.64411527,0.6290145,0.60506225,0.63852924,0.6751114,0.6273699,0.6419204,0.5699138,0.52843636,0.61307263,0.5426213,0.5551392,0.5460611,0.537974,0.5638065,0.6755428,0.7177324,0.65669316,0.65238917,0.71852523,0.72788674,0.738856,0.7448299,0.7404115,0.7603707,0.7450065,0.7098219,0.7167492,0.66918796,0.6660698,0.61381966,0.6372537,0.604394,0.6871056,0.7146873,0.7241338,0.74640316,0.703196,0.56304634,0.5652208,0.5971312,0.6831868,0.61060715,0.6426762,0.76150906,0.68617404,0.64026934,0.7050636,0.6700477,0.6377669,0.59252113,0.57830906,0.5770585,0.57376087,0.5495916,0.5501968,0.5837347,0.653507,0.6633346,0.6768754,0.70739794,0.71009314,0.724313,0.7508981,0.6313182,0.63104004,0.7021879,0.7360252,0.71397203,0.6201298,0.6129211,0.6160341,0.66439474,0.6743526,0.6493207,0.6799558,0.5508924,0.63034314,0.541682,0.6279382,0.6841215,0.58425075,0.6637693,0.6458914,0.55597425,0.62274516,0.49193203,0.6958277,0.74261606,0.61170495,0.5864455,0.5845934,0.6022231,0.7494687,0.77852273,0.71385336,0.62017846,0.5496235,0.6539575,0.6375905,0.64194024,0.6210751,0.62492627,0.6842601,0.6331677,0.6140371,0.6030337,0.6206315,0.67599726,0.71249217,0.66027147,0.6405264,0.6270029,0.62118495,0.5808627,0.5895325,0.61666393,0.5476541,0.6104826,0.6046301,0.50904095,0.5592299,0.593002,0.6561611,0.74534833,0.68478245,0.60466534,0.69531006,0.6885279,0.7092682,0.57536864,0.67388,0.5213702,0.52697694,0.5381585,0.5585671,0.6996056,0.7219778,0.70413035,0.7281292,0.6812164,0.7195782,0.7195573,0.65382063,0.69840693,0.74765366,0.7423413,0.7089019,0.6129723,0.6512095,0.64986926,0.7088834,0.7050702,0.71183264,0.67259973,0.7031761,0.6884966,0.6937418,0.60226375,0.660126,0.7003815,0.5697542,0.5935984,0.56245005,0.60506105,0.56136066,0.57094973,0.5912502,0.6032894,0.5886903,0.57988805,0.5755461,0.53932214,0.6177441,0.5855157,0.55881435,0.5424638,0.5414951,0.65412766,0.6578624,0.642144,0.6015509,0.61045927,0.59210294,0.6802572,0.54826057,0.6394234,0.5887791,0.5339652,0.5947258,0.55034477,0.5467315,0.51338863,0.5425868,0.5139123,0.6505915,0.7130222,0.62592804,0.59774613,0.703551,0.71176106,0.7120987,0.7495631,0.7681648,0.76174396,0.72647285,0.6888789,0.7072755,0.66268516,0.62580997,0.57979256,0.6021734,0.60491306,0.6823879,0.6982692,0.7108313,0.7050587,0.68529266,0.5411461,0.63348246,0.6241696,0.68691987,0.57633525,0.61766034,0.77888626,0.66727006,0.6353999,0.6920636,0.6172583,0.6361644,0.6038013,0.5488818,0.529121,0.57194763,0.53737605,0.5637325,0.6471837,0.64506924,0.6106207,0.63566095,0.66312027,0.6986833,0.709729,0.7110401,0.6065871,0.6000374,0.66607475,0.71675736,0.69342697,0.59345675,0.60422724,0.5902482,0.66225505,0.6450362,0.60492057,0.68850386,0.5709595,0.6359184,0.5144631,0.6227678,0.633712,0.5900888,0.67857313,0.6349487,0.51180637,0.57632446,0.4625941,0.68471533,0.74513316,0.5957577,0.61586124,0.53935313,0.5333282,0.7696808,0.78337586,0.7336281,0.57054305,0.51192445,0.62183946,0.61670846,0.57919836,0.53240895,0.5598352,0.52602196,0.5355509,0.5703186,0.5692882,0.5652482,0.57271564,0.5407059,0.5568087,0.5927076,0.61111045,0.53084016,0.53735715,0.59922516,0.59016085,0.58669907,0.56512725,0.5769877
522,0.5908615,0.60541284,0.66488844,0.61492586,0.60702676,0.57816607,0.582409,0.6502534,0.6844615,0.61767757,0.6295872,0.6162718,0.60974944,0.55642164,0.5852769,0.5701279,0.59037995,0.5998715,0.58743286,0.50850403,0.51422065,0.59078,0.59607595,0.7257381,0.655512,0.60307544,0.6976923,0.6855302,0.7125077,0.5862046,0.6296294,0.5692529,0.55756265,0.524543,0.58703,0.6760695,0.7175998,0.69305325,0.68979335,0.6680962,0.6868301,0.7152852,0.64658177,0.6921848,0.72610813,0.75726163,0.690029,0.5578672,0.59146774,0.6833729,0.68637824,0.685944,0.6832638,0.67137265,0.674079,0.6698376,0.64632964,0.59831625,0.65315926,0.6619775,0.5655024,0.62268305,0.6093263,0.6508037,0.56633925,0.53858584,0.6009895,0.62093955,0.6240435,0.579882,0.6199643,0.54924774,0.6483125,0.58469814,0.5559419,0.5713764,0.55582494,0.640609,0.55247813,0.6127001,0.6051214,0.5709225,0.6168693,0.65595824,0.6036212,0.6321625,0.58319575,0.5385398,0.6066773,0.55411583,0.54955417,0.5295404,0.53455883,0.5628846,0.6391296,0.7038187,0.63634384,0.6563501,0.6849154,0.6962836,0.7135399,0.71448606,0.712431,0.73168886,0.7214362,0.6781567,0.69181615,0.64331496,0.6330798,0.59686905,0.61292106,0.5949109,0.6600584,0.6796201,0.7003049,0.731118,0.6877528,0.55375695,0.5600271,0.5833214,0.6570604,0.5965793,0.62398034,0.73442227,0.6613026,0.63462585,0.688314,0.6534759,0.6191812,0.5953291,0.57539994,0.591895,0.56495637,0.54623073,0.54676765,0.56623375,0.6360853,0.64523673,0.6487727,0.68880755,0.6961497,0.7007952,0.73820907,0.60195744,0.6050106,0.6715282,0.7146018,0.6983702,0.61281127,0.6231209,0.6188371,0.6290035,0.647504,0.62117344,0.6745936,0.53069943,0.61330515,0.5119107,0.5934059,0.6619572,0.5952284,0.65388906,0.62663025,0.555718,0.6187324,0.49405736,0.66953284,0.7094847,0.58444995,0.5738063,0.5606744,0.58769083,0.72317296,0.74862057,0.6903851,0.6284892,0.55428016,0.6348374,0.622662,0.62730366,0.60014695,0.597371,0.65671325,0.6082297,0.5881529,0.5777898,0.59456885,0.6501508,0.6841682,0.6293701,0.6129972,0.6120912,0.58717674,0.5669437,0.57367104,0.5834091,0.52402234,0.59594667,0.5693325,0.48360747,0.5396294,0.56473505,0.62727594,0.7175395,0.66100556,0.598267,0.68540084,0.67321897,0.6915344,0.59156066,0.6675845,0.5227056,0.5556042,0.52744627,0.56600076,0.67285186,0.69770527,0.68443346,0.70165366,0.65715736,0.6917125,0.6977134,0.6255054,0.6776605,0.734172,0.7232945,0.6990735,0.5848875,0.63395786,0.62220144,0.6856902,0.684339,0.6813486,0.6617856,0.6784234,0.6662922,0.67645526,0.5828588,0.63692254,0.66971076,0.58000946,0.58161134,0.54519683,0.60805935,0.56359637,0.55738884,0.5878823,0.61033946,0.6088232,0.57837397,0.5984193,0.5350815,0.6184895,0.56433225,0.56014353,0.5309722,0.5316836,0.6247714,0.63996494,0.61355746,0.58456904,0.5821912,0.568076,0.66287965,0.52639055,0.6274474,0.5746326,0.5478243,0.58753115,0.55797726,0.5339915,0.4957375,0.53846365,0.5162221,0.6197158,0.6977429,0.5979314,0.5935117,0.67360705,0.6808741,0.68699396,0.71713346,0.73993015,0.7343851,0.70381594,0.6568536,0.6870652,0.63655853,0.59127885,0.56893635,0.5779812,0.5932237,0.65575445,0.66154057,0.6773691,0.68827456,0.66667145,0.54310364,0.6194651,0.60796344,0.6587333,0.5656093,0.6109019,0.7524564,0.6524451,0.62333786,0.67233443,0.61134845,0.6232867,0.60943925,0.5532148,0.5390579,0.5557115,0.5325488,0.55934685,0.62635654,0.6274113,0.5891746,0.61892515,0.64803076,0.68129504,0.6824018,0.6969012,0.5742287,0.5720986,0.63464797,0.69867665,0.6733391,0.5840717,0.6124197,0.58514637,0.62912035,0.6188462,0.5815592,0.67830294,0.5484943,0.61844045,0.48942834,0.5918231,0.60621077,0.58889055,0.66280025,0.6123007,0.5198864,0.58269864,0.47219488,0.66079307,0.7119592,0.5669903,0.60185796,0.5164878,0.5345682,0.7411333,0.75333273,0.7130691,0.58611965,0.50846624,0.6070224,0.6040272,0.56999475,0.5331691,0.55148816,0.5257739,0.5378356,0.5617521,0.56105435,0.561056,0.5684792,0.53710794,0.5534737,0.5820835,0.59624296,0.5328646,0.53684974,0.58578944,0.5783847,0.5771665,0.5570272,0.5664504
523,0.5830832,0.5771408,0.62652105,0.59097075,0.58110946,0.55668503,0.559234,0.61564577,0.64259267,0.5795575,0.5980261,0.59364074,0.5694926,0.55699396,0.5812433,0.5340572,0.56805986,0.581968,0.55278593,0.4854977,0.49767175,0.563984,0.5704603,0.6865643,0.6242527,0.5958971,0.68573296,0.65518636,0.69449455,0.60218877,0.62901056,0.58790725,0.58569264,0.53967786,0.6050739,0.6420355,0.68404865,0.6737838,0.65817726,0.63630754,0.6524701,0.6909788,0.60787696,0.6753371,0.70643187,0.7350973,0.67410403,0.52947646,0.5774185,0.6633912,0.6494892,0.6565864,0.6402238,0.6492236,0.64410216,0.6404146,0.63498914,0.59320354,0.63475966,0.6335021,0.5842303,0.63959676,0.5993349,0.6617343,0.58389115,0.5481388,0.6106095,0.6299414,0.6465588,0.5923303,0.63352484,0.56633955,0.644535,0.5623518,0.55078495,0.58481616,0.5563487,0.618668,0.5522318,0.5829783,0.5841794,0.54883534,0.60047156,0.6372061,0.58401614,0.6245842,0.60240686,0.5559449,0.60491997,0.5693722,0.5506276,0.52438724,0.53355825,0.5717853,0.60172176,0.6857795,0.6179011,0.66126543,0.6350236,0.64785993,0.67464894,0.67082524,0.67132694,0.68332714,0.68355,0.63999647,0.65104145,0.612349,0.6005025,0.5796333,0.5912991,0.5907621,0.6231597,0.63415086,0.66944325,0.70969594,0.6703064,0.54926544,0.5574939,0.57448435,0.6265741,0.5835871,0.5974853,0.68586636,0.6215049,0.6213336,0.66338784,0.6263242,0.5943456,0.60111606,0.5717017,0.6094749,0.5618499,0.54415345,0.54438514,0.55407643,0.6237412,0.6279274,0.61126435,0.6638539,0.6758013,0.6641024,0.71277624,0.5779898,0.5832161,0.6340348,0.6830199,0.6801054,0.6104226,0.6337996,0.62307745,0.5846781,0.6119377,0.58824885,0.66169345,0.51667553,0.59854335,0.48818296,0.555673,0.6286722,0.6117228,0.6455418,0.6025272,0.5587814,0.6169576,0.50260675,0.64033014,0.65906537,0.5612644,0.5682571,0.54852784,0.5669707,0.67979217,0.6988339,0.64898485,0.6324416,0.5642171,0.60865045,0.6143478,0.6200603,0.58888453,0.56912667,0.617905,0.5848581,0.5670132,0.5583989,0.57015806,0.6166796,0.64417917,0.5944945,0.5852839,0.597573,0.5511865,0.5594108,0.5602794,0.5494252,0.5059216,0.5795371,0.5361343,0.46774167,0.52584493,0.54221255,0.5943378,0.67589265,0.6306581,0.5988175,0.66799456,0.6491882,0.6650154,0.61045814,0.6552046,0.54176855,0.58930004,0.53316236,0.58002454,0.6375559,0.66652757,0.65993,0.6680974,0.62666005,0.6564029,0.6702728,0.5919018,0.65282345,0.7114672,0.69350624,0.6827969,0.5566931,0.6153977,0.5937756,0.6501141,0.6546473,0.6390575,0.64640707,0.6482192,0.6350247,0.6595813,0.5724836,0.6102688,0.63252866,0.5979951,0.58269054,0.54055715,0.61605155,0.5739564,0.5577228,0.59179866,0.6201066,0.6350944,0.5860077,0.6292704,0.5439403,0.6218101,0.5534868,0.5704886,0.53274417,0.53078705,0.5962874,0.61476815,0.58496445,0.57403445,0.5642924,0.5501176,0.6421448,0.5149658,0.61873096,0.57137644,0.567961,0.5867966,0.5697573,0.5302595,0.4921071,0.5360725,0.53425974,0.588566,0.6758616,0.57251304,0.5942264,0.6308696,0.63339025,0.65179324,0.67445314,0.696461,0.68922114,0.66635346,0.61813784,0.6533038,0.6054418,0.5606098,0.55946845,0.5619712,0.58772767,0.6194167,0.6126502,0.6329715,0.6637418,0.64324254,0.5482877,0.6059293,0.59326434,0.6246839,0.55465794,0.6021128,0.7035688,0.6260647,0.60314167,0.64283526,0.5996616,0.60739344,0.61792994,0.5578209,0.5517695,0.5480361,0.53132164,0.55513257,0.60651124,0.6119885,0.5695098,0.5972847,0.6288689,0.6573932,0.64354247,0.6727303,0.5471925,0.54987514,0.5976598,0.66771513,0.6496651,0.5806104,0.6230451,0.5827402,0.5902935,0.5856924,0.55546427,0.6547173,0.5315181,0.59960526,0.47222644,0.5571569,0.57171184,0.59096944,0.6424988,0.5864676,0.5321998,0.5918129,0.48579797,0.6308603,0.66449255,0.54663336,0.59287614,0.50923985,0.53646266,0.69613683,0.70132405,0.6744686,0.59980273,0.5143762,0.58427787,0.60106516,0.57237375,0.537687,0.5463462,0.5251137,0.5401462,0.56226283,0.56145024,0.5616397,0.5689719,0.5369281,0.5525446,0.57346874,0.5818017,0.5363167,0.53684616,0.5764495,0.5713263,0.5741811,0.55527323,0.55802697
524,0.5901974,0.5619292,0.5935022,0.57789826,0.56746656,0.5493264,0.54488784,0.58515877,0.60511774,0.551615,0.57289356,0.5793749,0.5415168,0.5712023,0.58496463,0.5124929,0.5525866,0.57016665,0.53047574,0.47997773,0.4970345,0.54876006,0.5587497,0.643346,0.5956461,0.59521246,0.6736313,0.6234094,0.6743447,0.62216413,0.63280255,0.62000424,0.6187138,0.5728582,0.6325084,0.61664325,0.6553544,0.659774,0.6349364,0.6120748,0.6269576,0.6703686,0.57818234,0.66382056,0.6846561,0.7055911,0.6596141,0.5112717,0.5657288,0.6450352,0.6124757,0.62870896,0.5994617,0.6324602,0.6205536,0.613816,0.63504726,0.60043806,0.62808096,0.616001,0.6098888,0.6670981,0.6012396,0.6764144,0.6101715,0.5732495,0.6253595,0.64452976,0.67553717,0.6112907,0.65250885,0.5950484,0.6450336,0.5531124,0.55498,0.6060077,0.56362784,0.6039535,0.5616012,0.56024474,0.57358295,0.5415873,0.59172845,0.62518644,0.5736713,0.6259631,0.62600344,0.579645,0.6109731,0.5882127,0.5592488,0.52959126,0.5348942,0.5898496,0.57197493,0.6684176,0.6064744,0.6674167,0.5862528,0.5972837,0.63497245,0.6272643,0.62753725,0.62703687,0.64344066,0.60584116,0.60424167,0.5870043,0.57930726,0.5683241,0.57956815,0.5967932,0.59056795,0.59379447,0.6393728,0.68747514,0.6538481,0.5520937,0.55921876,0.57524943,0.6046797,0.57525104,0.5737294,0.62571645,0.57775813,0.6074819,0.6365104,0.6005259,0.57397515,0.6121807,0.5714994,0.6305004,0.5651322,0.54407746,0.5439518,0.54911405,0.61756754,0.6147694,0.5767973,0.64042795,0.6580634,0.6263669,0.68047965,0.5650867,0.5716847,0.598219,0.65175205,0.6631122,0.6140651,0.6478359,0.63089234,0.5472649,0.58018184,0.56067127,0.6457565,0.5164023,0.5903467,0.47863147,0.52902687,0.59371096,0.6362596,0.644235,0.5816752,0.5650236,0.61876106,0.51539916,0.6164494,0.6063229,0.5491412,0.5749398,0.5472688,0.5469491,0.6288486,0.6401645,0.5993078,0.6377695,0.5787133,0.5812622,0.6173565,0.62641466,0.59318066,0.5503131,0.58173436,0.57223463,0.5594236,0.55283594,0.55586225,0.58773494,0.60644543,0.5677098,0.5643288,0.591876,0.5264331,0.56460804,0.5569786,0.526714,0.4967691,0.5689328,0.5157123,0.46819508,0.5250139,0.5346094,0.5704129,0.63074386,0.603739,0.6099651,0.65068865,0.625852,0.6362569,0.6344266,0.6451435,0.5782415,0.6282841,0.557312,0.6050104,0.60816884,0.6399553,0.6382673,0.6420474,0.60154104,0.62780684,0.64753693,0.5660343,0.6332322,0.6847747,0.65659803,0.6666369,0.53597164,0.6000519,0.5696063,0.6141963,0.62745166,0.5992607,0.6342558,0.6251557,0.607354,0.6508253,0.57406527,0.5904117,0.6027243,0.6235336,0.5992367,0.5494726,0.63103515,0.59444463,0.57281786,0.60488135,0.6350589,0.66672856,0.6033794,0.66600835,0.56616557,0.63045985,0.5557398,0.5914883,0.5465453,0.5385076,0.5757348,0.5915146,0.5625319,0.57401973,0.5587166,0.543303,0.62483424,0.51751596,0.6199862,0.5808072,0.59324723,0.5960435,0.5862059,0.5369939,0.500714,0.53666204,0.56569374,0.5645459,0.6534125,0.55658615,0.60106736,0.59113896,0.5844126,0.61866677,0.6361575,0.64825904,0.6381299,0.6253035,0.5847927,0.6133879,0.57976747,0.5434461,0.554579,0.5597614,0.5938006,0.5878758,0.5675505,0.5910035,0.63897294,0.62054694,0.55584395,0.5992483,0.5872281,0.5981791,0.5465609,0.5977136,0.6412184,0.5960325,0.5824284,0.61138153,0.5905929,0.59792495,0.63224083,0.56444085,0.566786,0.5514664,0.5342736,0.5528395,0.5933496,0.6026597,0.5570619,0.5794183,0.6133835,0.63630766,0.6048347,0.6425562,0.53171086,0.5401228,0.56341946,0.6340144,0.6285855,0.5857347,0.6393647,0.5866926,0.5595043,0.5571558,0.53506815,0.6242817,0.5295656,0.5865285,0.46771142,0.5319199,0.54052085,0.6031181,0.625108,0.5652737,0.546691,0.6031495,0.49927092,0.6042817,0.61732644,0.5392608,0.5939691,0.5176445,0.538698,0.64427483,0.6382206,0.6263254,0.6138908,0.5283404,0.55858356,0.6117795,0.58898365,0.54572546,0.54715663,0.52459574,0.5423784,0.57278717,0.571477,0.56839806,0.5754341,0.54068005,0.55563974,0.57139593,0.5739915,0.5407639,0.5377707,0.5750292,0.57224065,0.57926124,0.561143,0.55553204
525,0.61190027,0.5670624,0.5782512,0.58123064,0.57186437,0.56029963,0.5450724,0.5677741,0.58335584,0.54305166,0.56096375,0.5787318,0.53683406,0.5997784,0.6004076,0.5147139,0.54733783,0.56892633,0.52898055,0.4977075,0.51631916,0.5510861,0.56719804,0.6075704,0.57817054,0.60282874,0.66582376,0.5989072,0.65629756,0.6462277,0.643108,0.66037345,0.6541584,0.62037295,0.6680913,0.6091823,0.6411211,0.654278,0.62933034,0.6039384,0.62168634,0.6605525,0.56844896,0.6601191,0.6640021,0.6699364,0.6497668,0.50844723,0.55705404,0.6289336,0.5858491,0.6111561,0.57292664,0.6271877,0.61192024,0.597296,0.6473618,0.615879,0.6371628,0.6173102,0.6377112,0.69996506,0.6146221,0.69350904,0.6422968,0.60833555,0.6427975,0.6632811,0.70659494,0.6334783,0.6744203,0.62971437,0.6518126,0.5577533,0.56892973,0.63054615,0.5755879,0.5969326,0.58013564,0.5470145,0.57743114,0.54725915,0.5903337,0.62219393,0.57424194,0.6385678,0.65111375,0.6067721,0.6247835,0.6094938,0.57403153,0.5421865,0.53805786,0.6139157,0.55603915,0.65402985,0.60452,0.6731445,0.5559982,0.55881447,0.6070993,0.59687996,0.5929882,0.5780518,0.61379033,0.5838443,0.5641174,0.5753353,0.57621324,0.56629574,0.58140147,0.6143107,0.57406425,0.57268703,0.61572504,0.6672392,0.63913935,0.5619747,0.56489086,0.5866975,0.59945875,0.57287306,0.5612838,0.56870085,0.54213995,0.5978974,0.61210966,0.5855149,0.56609577,0.6286063,0.57690924,0.6535938,0.5730991,0.54604363,0.545326,0.5501409,0.6152651,0.6062109,0.55600834,0.6242002,0.6478385,0.5985032,0.6465141,0.56589353,0.5730083,0.5714567,0.62925,0.6489535,0.62312055,0.6655913,0.6423636,0.5295723,0.5624524,0.546317,0.6291553,0.5336833,0.5905815,0.4886212,0.5241471,0.5662453,0.6683726,0.6510166,0.5699722,0.57316184,0.6239414,0.5294875,0.60408074,0.5659059,0.55204475,0.59579825,0.55402225,0.53368765,0.58393496,0.58795416,0.5537693,0.64695674,0.5959904,0.5594321,0.6318805,0.6472418,0.61347425,0.5480961,0.5599754,0.57559323,0.5697905,0.5652024,0.55737287,0.57171303,0.5819926,0.5583155,0.554077,0.598024,0.52327555,0.5856264,0.5688515,0.5241623,0.49939552,0.5690321,0.5160531,0.48904303,0.54154545,0.5478023,0.56439775,0.5941931,0.5880005,0.63061726,0.6386156,0.60979235,0.61110157,0.6632975,0.64241725,0.6268171,0.66914755,0.59736603,0.6412196,0.5945933,0.6269128,0.6249005,0.6339307,0.5900251,0.6165701,0.6369201,0.557187,0.6245164,0.6583859,0.6169127,0.65481466,0.5290311,0.59094614,0.5533193,0.5883007,0.6116855,0.573035,0.62969494,0.61765295,0.59194326,0.6535558,0.5858416,0.58487326,0.59080917,0.65334904,0.62895995,0.5700634,0.65203506,0.623644,0.5987654,0.6259786,0.65487844,0.6991344,0.6277832,0.70280695,0.59795934,0.6437902,0.57034796,0.6198031,0.5686207,0.55373853,0.5667971,0.57739305,0.549278,0.584382,0.5631466,0.54974884,0.61481184,0.53438365,0.6332388,0.6006581,0.6209277,0.61604416,0.60657716,0.55381644,0.5174113,0.54048544,0.60449576,0.5526354,0.63485104,0.55408055,0.6132187,0.5684474,0.5479645,0.5988302,0.6155202,0.6090461,0.5957522,0.5926212,0.5658727,0.5764604,0.5673152,0.54494065,0.5554467,0.5731835,0.61209315,0.57336223,0.5411225,0.5625893,0.61908257,0.60226184,0.56409264,0.6025742,0.5929092,0.5881742,0.5426272,0.6011202,0.5809148,0.5699466,0.5674679,0.58575994,0.5892581,0.5998426,0.65191734,0.5733164,0.5830465,0.56545496,0.54079723,0.5527025,0.5890248,0.6000609,0.55521274,0.57096875,0.60654473,0.6241803,0.57726604,0.6103263,0.53100497,0.5463319,0.5391819,0.6064581,0.6141249,0.59935147,0.6614529,0.59862155,0.54722595,0.5423925,0.52773035,0.59327507,0.54796624,0.5839288,0.47951624,0.5262448,0.52201784,0.6283883,0.61460036,0.5550815,0.56058943,0.6146909,0.5091725,0.5885835,0.5842565,0.54603577,0.6067095,0.5392891,0.5404423,0.5987455,0.58108777,0.5799961,0.6287134,0.5478471,0.5356645,0.6346904,0.61781925,0.5556948,0.5542286,0.5243313,0.54397935,0.59114355,0.58918726,0.5804266,0.58675367,0.5474747,0.56242615,0.57752424,0.57600623,0.5452504,0.5393107,0.58206344,0.5813561,0.59100837,0.5732201,0.56022584
526,0.6431361,0.5927264,0.5861333,0.60096896,0.59397477,0.5880441,0.56111795,0.56667817,0.58190554,0.5569038,0.5652399,0.5920491,0.5588812,0.6381222,0.62682205,0.54348797,0.55411106,0.57790303,0.5507493,0.53883004,0.5534646,0.57110226,0.59456956,0.5888396,0.5770841,0.6171332,0.6640272,0.5878654,0.64237565,0.67113525,0.6576676,0.7008011,0.68711424,0.67216897,0.70598775,0.620465,0.64384204,0.65703994,0.6415784,0.61363715,0.63870966,0.6631331,0.5813262,0.6626991,0.6464094,0.6304162,0.6453848,0.5239075,0.5528536,0.6148463,0.5757958,0.60816497,0.5662893,0.63469493,0.6193474,0.59351724,0.6678186,0.63272476,0.65992105,0.63733083,0.6619145,0.7305115,0.6356446,0.7094971,0.6740065,0.6451039,0.6589662,0.6819037,0.7334769,0.65369105,0.6946092,0.6617233,0.6639076,0.5734351,0.5899963,0.6532979,0.58864087,0.59589857,0.60479265,0.5430417,0.5950334,0.56109804,0.5937978,0.6268393,0.58387494,0.6596973,0.67369914,0.63238287,0.6430902,0.6304308,0.5917329,0.5580506,0.5421754,0.6389956,0.5557364,0.64314413,0.61094314,0.67584413,0.5530644,0.5415216,0.5983381,0.5873611,0.57697535,0.5494748,0.6022127,0.5780927,0.5414665,0.580123,0.5917655,0.5736733,0.5960693,0.64072907,0.57775223,0.57721543,0.6010298,0.6500895,0.6259803,0.57608503,0.5730327,0.606163,0.6118127,0.5752181,0.5642749,0.5293397,0.5242208,0.59425056,0.59277636,0.58561057,0.5735288,0.6475747,0.5871744,0.67495966,0.5817902,0.5494666,0.54708815,0.55421686,0.6133877,0.600959,0.5543213,0.6179385,0.6456965,0.5871488,0.615592,0.57865834,0.58464664,0.55780584,0.6191871,0.6379036,0.63534003,0.68439627,0.6546903,0.5373732,0.56323767,0.5486769,0.61261576,0.5665834,0.5988506,0.51899195,0.54481214,0.55268264,0.7036751,0.66320056,0.5694545,0.58149135,0.6306563,0.5416411,0.6059525,0.5469773,0.56969136,0.62685955,0.5641385,0.53116256,0.55776024,0.55633795,0.5237864,0.65879065,0.6131324,0.5493341,0.6539343,0.6780759,0.6450162,0.5640353,0.5590589,0.59488314,0.5967051,0.59392476,0.57556957,0.57118726,0.57536,0.5693872,0.5557404,0.61423844,0.54564834,0.62021744,0.5960974,0.5448575,0.5152002,0.58028245,0.539577,0.52890056,0.57403326,0.58130974,0.5779317,0.5757763,0.5870298,0.6561782,0.63441384,0.6048128,0.59383106,0.6934652,0.6478409,0.6780572,0.70595306,0.6452439,0.6834937,0.59855753,0.63030326,0.6220175,0.6449172,0.5939719,0.62510306,0.63969797,0.5670536,0.62726253,0.6355427,0.5802907,0.6486149,0.5394226,0.58995134,0.5469345,0.57792157,0.6107535,0.5651499,0.63255167,0.6264659,0.5911589,0.6662153,0.60291326,0.595399,0.5996532,0.6825755,0.66542655,0.59829456,0.67595667,0.6566096,0.62895775,0.65110576,0.6768301,0.726734,0.65436876,0.7337203,0.6323134,0.659766,0.5939003,0.65000707,0.5944918,0.5745819,0.5695951,0.57650566,0.5463984,0.60202736,0.57396257,0.5681868,0.61351913,0.56280094,0.65607345,0.6258206,0.6469524,0.6444388,0.62860394,0.578812,0.5376491,0.5468366,0.6428324,0.5544967,0.62241,0.5649334,0.62855774,0.5687046,0.5322813,0.59747475,0.6182183,0.59014744,0.5734834,0.57573545,0.5649785,0.5511757,0.571388,0.5649263,0.5614641,0.6000805,0.6390299,0.58004993,0.5408938,0.5527633,0.60650396,0.59004056,0.5711541,0.6149484,0.60877985,0.59675413,0.5426459,0.61317134,0.53915036,0.5539511,0.56146586,0.57174563,0.59733087,0.61345756,0.67413324,0.5833739,0.5988636,0.5861394,0.54952705,0.5539115,0.5925071,0.6023946,0.5644782,0.5743378,0.60958,0.6226319,0.567919,0.5805546,0.5443608,0.5668579,0.52913785,0.5900189,0.6077074,0.6193332,0.68619347,0.6169648,0.55766225,0.5455979,0.5371344,0.5667937,0.58448076,0.5923876,0.5083278,0.5435165,0.521667,0.6643324,0.61163855,0.55865914,0.5710028,0.6240798,0.51342535,0.58772314,0.5729684,0.5656473,0.62877876,0.56994116,0.541091,0.571958,0.54616976,0.5468037,0.64325035,0.5694665,0.52075964,0.66424435,0.6527359,0.5651462,0.5655377,0.52398664,0.54429513,0.6129583,0.6105883,0.59510285,0.60018533,0.5555182,0.57103103,0.59019965,0.5872366,0.5485713,0.5406622,0.59525657,0.59620345,0.60622436,0.5884333,0.5708366
527,0.675793,0.6317814,0.6145725,0.63169384,0.62754667,0.6253177,0.5893529,0.58047026,0.59916675,0.58849925,0.583211,0.615206,0.60228217,0.6766972,0.6577767,0.5930172,0.57162625,0.593034,0.5903632,0.5955173,0.59995806,0.60278845,0.63306123,0.5901262,0.592338,0.6340435,0.6668145,0.5914149,0.63229877,0.6907314,0.671126,0.73296195,0.71152776,0.7155265,0.73745817,0.6443951,0.65847564,0.664763,0.66418767,0.6365654,0.6697577,0.6735554,0.6108932,0.667711,0.63222337,0.59116346,0.64548755,0.55568814,0.55450296,0.6020733,0.5835383,0.6188432,0.5791304,0.6520865,0.6375425,0.6014151,0.68965155,0.6450293,0.68865263,0.66801685,0.67726845,0.75155014,0.6575812,0.7199077,0.69767183,0.67518306,0.66917413,0.6947908,0.7503183,0.6660604,0.7074949,0.6823063,0.6775833,0.59403366,0.613301,0.66926247,0.5985058,0.59770674,0.63002646,0.54599494,0.62081575,0.57740086,0.59816223,0.63495874,0.59803253,0.68284,0.6892154,0.6507295,0.6605418,0.64694,0.6080067,0.57274187,0.54616636,0.65943325,0.5677189,0.6349934,0.6211314,0.6730135,0.5749602,0.54769164,0.6080938,0.5985884,0.58160436,0.54659134,0.60754985,0.58743936,0.5400167,0.598039,0.62009645,0.5876797,0.6185748,0.66969264,0.59697133,0.60316914,0.59476674,0.6360447,0.61393744,0.590301,0.581847,0.6285146,0.63661456,0.57950836,0.58111227,0.5152603,0.52760005,0.59540945,0.57944936,0.59951013,0.59350747,0.6641607,0.599372,0.68939555,0.5866485,0.5530677,0.5474213,0.55838436,0.6088433,0.5970567,0.5706837,0.6207284,0.6489445,0.5930068,0.59091717,0.5973138,0.59975326,0.55653703,0.6200221,0.62871796,0.6467575,0.6993979,0.6628375,0.5683612,0.5805771,0.5662202,0.5960475,0.6074492,0.61213315,0.56428856,0.58601844,0.55481577,0.7346263,0.6757046,0.5784861,0.5880047,0.6355127,0.5493091,0.6196071,0.5516982,0.5969401,0.65893316,0.57221776,0.5401939,0.55534655,0.55154604,0.515242,0.6695349,0.62633806,0.5532069,0.6769503,0.710405,0.6795154,0.5930265,0.5791426,0.62494946,0.6331245,0.6314613,0.60565877,0.58424205,0.58543473,0.59639657,0.56776243,0.63634133,0.5889994,0.66001433,0.63263917,0.584493,0.54194707,0.5990433,0.58070946,0.57929033,0.6142261,0.6266394,0.6055703,0.5778549,0.59917027,0.68089384,0.6377013,0.61158174,0.5859367,0.7188573,0.65834767,0.72142947,0.7326525,0.68916065,0.72276396,0.615458,0.64575785,0.6275504,0.6675352,0.6097145,0.64749205,0.6506659,0.59028745,0.6377105,0.61720425,0.5517662,0.6467194,0.5653975,0.59664154,0.54984283,0.5835891,0.6225238,0.575135,0.63982266,0.6457239,0.6026051,0.68312144,0.6195776,0.61686367,0.6237634,0.7056275,0.6998623,0.6283528,0.6979499,0.68593377,0.6562869,0.6745734,0.6964205,0.7451708,0.67755663,0.75476706,0.6615814,0.6758471,0.621215,0.6773683,0.61969,0.59768385,0.58097506,0.58908904,0.55349183,0.62230086,0.587353,0.59399587,0.6196792,0.59700745,0.6823498,0.6500133,0.666602,0.67528373,0.6485167,0.60781455,0.5575355,0.5544418,0.67349374,0.56762105,0.61548954,0.58499944,0.6441417,0.5884548,0.5391526,0.61206555,0.64021003,0.59377,0.5742766,0.5746179,0.57982075,0.54197,0.5898219,0.59780955,0.5706442,0.6341478,0.667874,0.60282815,0.56441975,0.5601683,0.6014365,0.5836026,0.5755354,0.6319555,0.6300485,0.6200135,0.5456441,0.63194984,0.52451795,0.5512482,0.56381345,0.5708326,0.6134932,0.63555366,0.6949597,0.5928442,0.6118162,0.6073217,0.5586578,0.5554119,0.60049915,0.6063263,0.5816964,0.58886063,0.61983854,0.62887156,0.5775069,0.5567944,0.5670608,0.5949191,0.5327047,0.5852401,0.6074445,0.64185894,0.7084316,0.6370532,0.587668,0.56542486,0.5613609,0.547592,0.6291834,0.60779303,0.54956514,0.5787591,0.5391858,0.7031838,0.6145764,0.5739874,0.5757494,0.629071,0.5118761,0.6003696,0.5835075,0.59418005,0.65453196,0.6035419,0.54073304,0.5690472,0.5401431,0.53331417,0.65569276,0.5890663,0.51640564,0.6930215,0.6849437,0.5716007,0.5777551,0.52335125,0.54313326,0.632757,0.63055295,0.60871893,0.61203545,0.562809,0.579019,0.60556984,0.6039989,0.549735,0.5411065,0.61048275,0.6124148,0.62096506,0.6031989,0.5842391
528,0.7011787,0.6722839,0.6536548,0.6638518,0.6620854,0.6612339,0.62196386,0.60392165,0.6281804,0.6274828,0.6076236,0.64180547,0.65390915,0.70511127,0.6837579,0.64938927,0.5953347,0.60859895,0.63570267,0.6536874,0.64435923,0.6360159,0.67121637,0.60668993,0.6186011,0.6496537,0.6699403,0.6047004,0.6230327,0.697957,0.6761872,0.75100315,0.72141606,0.74035704,0.7548126,0.67117196,0.675988,0.67211664,0.6865467,0.6637914,0.70120096,0.6839196,0.6462445,0.6710315,0.6204203,0.5564272,0.6477118,0.5960693,0.56239593,0.5897159,0.60476846,0.6376318,0.6055431,0.6731043,0.65790445,0.6172932,0.7063498,0.6488253,0.7136829,0.6981472,0.6802123,0.75808144,0.67278916,0.7200714,0.7065682,0.69203633,0.6691034,0.6959733,0.7533578,0.6665363,0.70824164,0.6846424,0.68761855,0.6118901,0.6342199,0.67540383,0.6010123,0.59849966,0.6501472,0.55180675,0.6466578,0.59040356,0.5978582,0.6414425,0.61063546,0.70124,0.69456166,0.6573932,0.671011,0.655342,0.6188936,0.5816949,0.54891187,0.6709741,0.5845783,0.6276276,0.6277342,0.66198826,0.6106601,0.57263035,0.6288409,0.62309945,0.6009347,0.5653288,0.6217389,0.6055967,0.55506754,0.6221909,0.65192175,0.603223,0.6422679,0.6937937,0.6221032,0.6385284,0.59384567,0.62417775,0.6025394,0.60031253,0.5888526,0.6473352,0.664558,0.5820281,0.6053978,0.5250042,0.5482423,0.5978679,0.5708338,0.6211106,0.61964685,0.6734751,0.60986686,0.6924654,0.58381516,0.55518484,0.5449786,0.56008357,0.59920025,0.59244627,0.59835935,0.6282826,0.65294576,0.61083484,0.57306314,0.6132347,0.60925835,0.56254864,0.6268604,0.6191202,0.6521103,0.70550686,0.6603432,0.61278486,0.60742205,0.5929448,0.5779158,0.6460073,0.62577593,0.6140946,0.6353158,0.56959826,0.7539259,0.68192595,0.59284586,0.5900095,0.63395953,0.5513739,0.63800436,0.575322,0.62620384,0.68185997,0.5728963,0.5583326,0.5722917,0.56985784,0.52634233,0.6745084,0.63169646,0.56756127,0.69453466,0.7356345,0.7077635,0.62564796,0.6133954,0.65679234,0.66855055,0.66712177,0.63867086,0.60555315,0.60671335,0.6298564,0.58607143,0.65962046,0.6408158,0.69362134,0.66792434,0.6320382,0.57411087,0.6196311,0.627642,0.62809736,0.6513304,0.670939,0.63785577,0.59529275,0.6191207,0.700325,0.6448517,0.62692904,0.584927,0.7328469,0.66702336,0.74888253,0.74415356,0.7176169,0.74962157,0.6373396,0.6643818,0.63613045,0.690428,0.63006276,0.6732888,0.6616452,0.618343,0.6503228,0.6025247,0.53398675,0.64625555,0.59992975,0.6085873,0.5592795,0.6011585,0.64071625,0.5980804,0.6473233,0.66654676,0.62117136,0.69717425,0.6308096,0.6404808,0.6532649,0.71735436,0.7241897,0.6537151,0.7123769,0.7031941,0.6739036,0.6904752,0.7078323,0.75175256,0.6919213,0.76402783,0.6792122,0.688963,0.64633626,0.69916666,0.63977516,0.6175607,0.5956506,0.6115664,0.5681569,0.6396499,0.59892243,0.61947125,0.62951386,0.628849,0.7051919,0.66722006,0.6751564,0.7013198,0.66237247,0.635157,0.57322216,0.56157804,0.69171166,0.58579975,0.6115807,0.60620475,0.65581894,0.61770624,0.5642319,0.6340875,0.6701108,0.6127396,0.5920846,0.58337647,0.6033244,0.5468196,0.61660683,0.6344789,0.57983166,0.6672071,0.69115376,0.63144654,0.6013814,0.57869184,0.6020408,0.58140266,0.5757336,0.64709234,0.6498547,0.6493966,0.5499103,0.65260303,0.53480935,0.56027645,0.57034874,0.5796257,0.6333952,0.660836,0.71052915,0.59958756,0.6189758,0.6219453,0.56600285,0.556052,0.6085509,0.60830885,0.60160476,0.6108629,0.6323843,0.6375716,0.60003275,0.54030204,0.5912609,0.62029463,0.5454403,0.5894132,0.60944444,0.66161495,0.7222193,0.6517133,0.62749517,0.5955258,0.59368694,0.5348341,0.6697455,0.6241953,0.59480894,0.6207613,0.56889355,0.73479104,0.619113,0.5953786,0.5734253,0.6269934,0.5062927,0.6202405,0.60916775,0.62569696,0.6765288,0.6323994,0.53972703,0.5857201,0.55843526,0.5385707,0.6630204,0.60241896,0.52139807,0.7145455,0.70647407,0.573304,0.587344,0.52224106,0.5404943,0.64533335,0.6438669,0.6174676,0.6186208,0.5675997,0.5840982,0.61846244,0.620316,0.54833853,0.5403206,0.6231293,0.6250494,0.63103056,0.6139156,0.59632665
529,0.7122852,0.7023442,0.6892863,0.68691313,0.6865148,0.685217,0.6492301,0.62885565,0.65820736,0.6618521,0.62907714,0.66576654,0.6977798,0.7160151,0.6961161,0.69629776,0.6183402,0.6190404,0.6725618,0.6991457,0.676866,0.66023725,0.6982863,0.6284178,0.6476585,0.6618955,0.66835237,0.61937803,0.6101318,0.6876813,0.66617304,0.7519578,0.7123581,0.74116266,0.75359595,0.69091606,0.6873715,0.6733655,0.69941926,0.6851457,0.7208695,0.68667525,0.6760146,0.66939545,0.6091663,0.52862424,0.64859724,0.6335521,0.5746032,0.57669765,0.63037086,0.6560629,0.6353149,0.68976754,0.6718816,0.63522565,0.71348834,0.64205724,0.7271051,0.71846133,0.6693456,0.7473325,0.6752205,0.7062079,0.6966606,0.691555,0.6563986,0.6807096,0.7415314,0.6545126,0.6942737,0.66500854,0.68955284,0.62028325,0.6500377,0.67166054,0.5933508,0.59468377,0.6617589,0.5556734,0.66519046,0.5951542,0.58735174,0.641877,0.6159025,0.7104614,0.6895739,0.65098196,0.66940945,0.6540178,0.62187064,0.58078444,0.5494042,0.6716913,0.5975626,0.6183194,0.6234307,0.64062893,0.6455337,0.6053743,0.64959955,0.64903975,0.6237729,0.5943001,0.63464797,0.62310773,0.5764051,0.64504004,0.67801493,0.6141629,0.6609988,0.70707965,0.6430446,0.669072,0.59331256,0.6124543,0.5909724,0.6025301,0.5908027,0.6564631,0.68504936,0.5791137,0.6291396,0.5497042,0.5763748,0.5971923,0.5636106,0.64225674,0.6450241,0.67268676,0.6158015,0.682509,0.5713847,0.5545035,0.5394227,0.55702674,0.58324623,0.58520204,0.6273764,0.63460726,0.65262765,0.63105524,0.5601249,0.61837995,0.60533136,0.56847894,0.63334864,0.6069315,0.6466539,0.6995378,0.6417152,0.6562109,0.63376707,0.6196428,0.5561284,0.6733837,0.63480014,0.6564008,0.6776597,0.5896897,0.75710005,0.6753869,0.60678786,0.5848781,0.6221308,0.54802614,0.6523647,0.6070337,0.6503087,0.6885767,0.56254303,0.5806754,0.59759945,0.59957254,0.54898256,0.67029,0.6267488,0.5847312,0.7020868,0.74802214,0.7221455,0.65195876,0.6490887,0.6803475,0.6926961,0.69114053,0.66441584,0.62742525,0.63047296,0.65921867,0.60453105,0.6797557,0.6852304,0.7114514,0.6912553,0.6736754,0.604375,0.6362732,0.66696405,0.6646233,0.6768772,0.7028165,0.66493315,0.6179752,0.6400331,0.71249384,0.65051466,0.64458287,0.5855098,0.7307911,0.665797,0.75619173,0.7372034,0.7227778,0.7575194,0.65556353,0.67688143,0.64117277,0.7035673,0.6465652,0.69197375,0.6653077,0.6428202,0.6597712,0.59004176,0.5267966,0.64360553,0.63286185,0.62154007,0.5709149,0.62266487,0.6569774,0.62515503,0.6506655,0.68044287,0.64012843,0.7025615,0.63305885,0.65788406,0.67830074,0.714211,0.73318785,0.6690425,0.71450967,0.7015672,0.6762452,0.6944239,0.7058861,0.7456534,0.6935127,0.7613664,0.6808403,0.69629294,0.6638369,0.7145814,0.6508312,0.6282729,0.6076538,0.6379183,0.58588403,0.64888585,0.60396314,0.6361084,0.637837,0.6502178,0.7195496,0.6730964,0.6696389,0.7167568,0.667789,0.6553093,0.5806806,0.5662991,0.69554394,0.6013284,0.6075786,0.61915237,0.65919733,0.64422387,0.597433,0.65278274,0.6945346,0.6349328,0.615147,0.59358203,0.62574905,0.55848366,0.6439769,0.6651354,0.5853247,0.69183415,0.7029584,0.6552355,0.6375952,0.5990357,0.6043444,0.58090156,0.5704411,0.65392184,0.6611598,0.6741514,0.55307513,0.6693617,0.55965745,0.5753918,0.57520175,0.59116155,0.65130824,0.6838978,0.7181824,0.60180026,0.61814225,0.6244813,0.56945395,0.55473393,0.6123322,0.60582834,0.6185726,0.6345395,0.6421417,0.6430445,0.6247167,0.52995324,0.60855466,0.6332972,0.5608858,0.5974267,0.6095967,0.67329395,0.72279924,0.6539042,0.663765,0.62580854,0.62457204,0.5251474,0.69690627,0.6362182,0.63451153,0.6565008,0.6010006,0.7509355,0.619116,0.6153783,0.56370366,0.61563075,0.49964523,0.63848,0.6385769,0.65330154,0.687983,0.64934915,0.5382943,0.6105795,0.5883597,0.55532956,0.66221225,0.6064719,0.5315032,0.72478884,0.71244925,0.5697651,0.5914066,0.52056515,0.53664696,0.64711094,0.6466071,0.618687,0.61749536,0.56853694,0.58457,0.6237504,0.62966466,0.54464185,0.53832334,0.629307,0.63003266,0.63258404,0.6173824,0.60305905
530,0.70464605,0.7136717,0.7084061,0.6926782,0.69264966,0.6900325,0.6624556,0.645949,0.67770314,0.6814495,0.6389462,0.68203884,0.72139853,0.7056299,0.6889088,0.72191924,0.6327787,0.61988807,0.6897037,0.72268164,0.6914472,0.66754484,0.70699495,0.6437062,0.67092717,0.6696029,0.6579119,0.6271143,0.5898497,0.658414,0.63768065,0.7347108,0.6825805,0.71539754,0.7319444,0.69588107,0.6855077,0.6636893,0.69661486,0.6920203,0.72116137,0.6763483,0.6911365,0.6600743,0.5958817,0.50710845,0.6435713,0.6568345,0.5859382,0.5610024,0.6491356,0.66520524,0.6565226,0.69427615,0.67283076,0.6471915,0.7084913,0.6242568,0.7238644,0.72310364,0.6456842,0.7186049,0.6616122,0.676951,0.6677508,0.67198944,0.631514,0.6474991,0.7162529,0.63248,0.6659737,0.62407374,0.6807788,0.61450404,0.6588009,0.66002357,0.5751025,0.5832898,0.66357946,0.5530963,0.67098874,0.5880685,0.5638315,0.6332294,0.6100324,0.7084041,0.6764051,0.63321906,0.6531793,0.64364004,0.61625814,0.56778735,0.54684836,0.66143394,0.5987432,0.60389996,0.60374767,0.60911846,0.66637,0.63150316,0.6597618,0.66424114,0.6382239,0.6191294,0.6377761,0.6301511,0.5928722,0.65974444,0.6907759,0.6148972,0.6696802,0.70570576,0.6515913,0.6832159,0.5870459,0.59721875,0.57702607,0.5948899,0.5847526,0.6514508,0.6891615,0.56829894,0.64523345,0.5762916,0.6005941,0.5899134,0.5535172,0.6552617,0.663521,0.6611374,0.61539876,0.66078603,0.55023307,0.5505615,0.53151375,0.54752743,0.5611445,0.573238,0.64759475,0.6336723,0.6430883,0.64265144,0.5482778,0.6074262,0.5838147,0.5669014,0.6323668,0.59048533,0.6279452,0.6806485,0.60522026,0.6846867,0.64940226,0.6362711,0.53004783,0.6840659,0.6344834,0.6811712,0.70108104,0.60525,0.7420593,0.65164775,0.6140287,0.5716297,0.5989703,0.5404848,0.6550574,0.63237053,0.66362816,0.6758846,0.540969,0.6009344,0.6184166,0.62546426,0.57202864,0.65557,0.6115886,0.5963905,0.69686764,0.744784,0.71756136,0.6642837,0.6721695,0.6875445,0.69838303,0.6970819,0.674476,0.64136106,0.6467573,0.67547077,0.61563486,0.6923339,0.70956075,0.70774996,0.6947757,0.6979902,0.62504756,0.64388096,0.68807,0.68210363,0.68625987,0.71540487,0.6787828,0.63438934,0.6547031,0.7166633,0.6492733,0.65695864,0.5815573,0.7109264,0.6487073,0.7417007,0.71069866,0.70063657,0.74294627,0.6626597,0.6760238,0.636575,0.70046675,0.65163326,0.69545925,0.65660083,0.65654075,0.66118634,0.577509,0.52651775,0.6344607,0.653969,0.6293066,0.5786533,0.63831687,0.66297764,0.6452836,0.6456174,0.68080926,0.6512815,0.6954478,0.6243922,0.6630268,0.6909554,0.69500643,0.72452533,0.6711634,0.701732,0.67768025,0.6600565,0.6844066,0.68766004,0.7277647,0.680552,0.74767685,0.66469294,0.69552356,0.66928786,0.7228124,0.64995635,0.6259266,0.6108847,0.66073656,0.60015255,0.6460062,0.5983721,0.6373831,0.63927853,0.6556294,0.72254145,0.6655529,0.6500878,0.7184312,0.6643961,0.6641353,0.57676625,0.5668662,0.6851655,0.6068002,0.59989226,0.6164494,0.65123534,0.65719885,0.6249552,0.65891415,0.7026805,0.6483758,0.63080543,0.59710234,0.6370602,0.56785107,0.6637409,0.6814491,0.58380103,0.7025654,0.69969976,0.6655498,0.6595742,0.61037266,0.60211116,0.5778421,0.5595145,0.6478562,0.6586458,0.68441075,0.55253834,0.6774443,0.5849938,0.58924407,0.57329065,0.5971972,0.6618975,0.69986,0.7162364,0.5985131,0.6090597,0.6125177,0.5676367,0.55067134,0.6081984,0.59720016,0.6271399,0.6529989,0.64461094,0.6398658,0.6394581,0.52236867,0.6122018,0.6275736,0.57162267,0.60183686,0.6040365,0.67309374,0.7075472,0.63932943,0.68401396,0.6452946,0.6443033,0.51491135,0.7058527,0.6391951,0.660149,0.6753707,0.6242453,0.74652654,0.6086522,0.626517,0.54810756,0.594874,0.49523276,0.6465306,0.65874386,0.66994065,0.6845755,0.6498807,0.5365369,0.6298206,0.61429137,0.5732968,0.6518562,0.60033524,0.54123175,0.7219471,0.7012485,0.5620167,0.58821756,0.5186897,0.5324669,0.636865,0.6371473,0.6114962,0.6080941,0.56479007,0.579557,0.61793125,0.627135,0.5394112,0.5352582,0.62635785,0.6249099,0.62305385,0.6114374,0.60142344
531,0.6767866,0.7020384,0.7024715,0.67683953,0.67645645,0.67244273,0.6562684,0.64734405,0.67778385,0.6798924,0.63204694,0.68616337,0.71818393,0.67279744,0.65887976,0.7207661,0.63242245,0.608316,0.6811085,0.7204559,0.68562835,0.65379477,0.69360685,0.6438555,0.6812277,0.6707674,0.63631344,0.6219896,0.5604081,0.61233324,0.59189457,0.6996573,0.6337754,0.6626153,0.68982804,0.6810194,0.6660759,0.64064276,0.6747905,0.6789672,0.6982298,0.65018874,0.68551284,0.64081824,0.57832885,0.4890549,0.628014,0.65897757,0.5904963,0.54013264,0.65164286,0.65810895,0.659223,0.6806652,0.6565975,0.6447867,0.68999326,0.59654564,0.7015691,0.70875293,0.6128248,0.67404383,0.631493,0.63499904,0.6240798,0.6347195,0.5971269,0.599378,0.6808979,0.6041023,0.6265014,0.56811696,0.66028404,0.5918174,0.65768313,0.6426953,0.54799646,0.56241864,0.6549248,0.54088867,0.66020685,0.56747174,0.52853346,0.6144728,0.59175956,0.69452804,0.65750974,0.6075526,0.6226554,0.6260515,0.60307676,0.54394954,0.54082435,0.64111423,0.58262813,0.58183753,0.56812185,0.57079154,0.6642334,0.6382737,0.65183026,0.65974045,0.6359243,0.6280352,0.62588173,0.6194348,0.59607387,0.6611417,0.6848303,0.60203546,0.66468006,0.6879183,0.6423386,0.67402196,0.5695003,0.5743829,0.5573154,0.57742554,0.56956524,0.6303113,0.67120856,0.54905736,0.6479844,0.5922694,0.6114098,0.5747068,0.5372257,0.65381926,0.6694714,0.6390532,0.60737437,0.6299987,0.5236019,0.5437463,0.5226389,0.5315338,0.5344036,0.5548972,0.6513507,0.6212364,0.6205071,0.63686913,0.53359723,0.57817745,0.5445079,0.5526299,0.6173027,0.56941676,0.59639806,0.6493314,0.553984,0.689174,0.6470241,0.635276,0.50129515,0.67573035,0.62158215,0.6828463,0.6992594,0.60780305,0.7077088,0.6101369,0.60937566,0.55184305,0.56689304,0.53092176,0.641694,0.638013,0.66254926,0.64335084,0.5111697,0.61293566,0.62501025,0.635028,0.5850804,0.63022906,0.588444,0.5968894,0.6779311,0.7253987,0.6917518,0.65857744,0.6726034,0.6740718,0.6825018,0.6822979,0.66420364,0.6402237,0.6473168,0.67289555,0.61302364,0.69275284,0.70729506,0.67987424,0.6736336,0.6986818,0.63018566,0.6386286,0.68543476,0.6777548,0.67812157,0.7060576,0.6743252,0.6359204,0.657445,0.71183884,0.6369823,0.6577379,0.5674025,0.6735094,0.6132426,0.70507914,0.6656909,0.6505298,0.7041684,0.65350825,0.6578451,0.61847866,0.67794234,0.6403052,0.67878103,0.6330449,0.6538819,0.65064746,0.56240934,0.5270061,0.61466366,0.65637535,0.6260536,0.5759883,0.6394778,0.65231174,0.6485437,0.6286545,0.66337955,0.64616424,0.67395484,0.6045155,0.65272707,0.68584955,0.66171306,0.698034,0.658865,0.67420685,0.63248324,0.62537587,0.660543,0.6527538,0.7001855,0.6532786,0.7240561,0.6314069,0.6846323,0.6594801,0.72189707,0.6358218,0.60935396,0.60002995,0.6726208,0.60437465,0.6288335,0.58013195,0.6197189,0.6298978,0.6425308,0.71308404,0.6447324,0.61928576,0.70550543,0.6529727,0.659582,0.5609234,0.56212026,0.6622658,0.59656185,0.58490306,0.5941611,0.630839,0.64919984,0.63388103,0.6468553,0.6878003,0.64520967,0.62983155,0.5882161,0.6294788,0.5674689,0.66911435,0.6778748,0.5734834,0.69623005,0.68009084,0.65669805,0.65824354,0.6033497,0.5884195,0.56669354,0.5443778,0.62699014,0.63959646,0.6733559,0.5462262,0.67334116,0.59848887,0.5947349,0.56210035,0.5911891,0.66079867,0.7040513,0.70317006,0.5895027,0.59329724,0.5866725,0.56028116,0.54357064,0.59399194,0.5811655,0.6229854,0.6598265,0.6363683,0.6237962,0.63492835,0.5135341,0.5975593,0.5999233,0.5710844,0.5944429,0.5898764,0.65903306,0.6756378,0.6069022,0.6803005,0.6459326,0.6461126,0.50183535,0.6951402,0.6295643,0.6663806,0.6714395,0.6299886,0.71797824,0.584033,0.6233527,0.5300518,0.5672364,0.49585694,0.6387632,0.6588544,0.6699852,0.66461074,0.63233423,0.53460723,0.63280916,0.624028,0.5827058,0.6321957,0.5852121,0.5460844,0.7057892,0.67436564,0.5523178,0.57749057,0.5173257,0.5291207,0.6159034,0.61651266,0.5967597,0.5916645,0.5564907,0.5692154,0.5998803,0.6106004,0.53368324,0.53132933,0.61327684,0.6092961,0.6022405,0.5958288,0.59026396
532,0.63262147,0.66767365,0.66864204,0.6403831,0.63921946,0.63433874,0.63028985,0.6294162,0.65486187,0.6555856,0.6082348,0.6755106,0.68682855,0.6205558,0.6073971,0.6924409,0.61549497,0.5845346,0.64679724,0.69301176,0.6605665,0.61973673,0.6584504,0.6256942,0.67452073,0.66364574,0.60446924,0.60197127,0.5234307,0.55634487,0.5364005,0.6510279,0.5735837,0.5891209,0.6317632,0.6452856,0.62935007,0.6062961,0.63461655,0.6453193,0.6523839,0.6100363,0.65676147,0.6118786,0.55664027,0.47212544,0.6004235,0.6392788,0.58557516,0.51367253,0.63350505,0.6322604,0.6386946,0.64729553,0.62294495,0.62300426,0.6593848,0.56306434,0.66194785,0.6751715,0.57755387,0.62146795,0.58894736,0.58873826,0.574992,0.58746636,0.5587449,0.54541796,0.6416214,0.5742218,0.5828826,0.5100307,0.6295524,0.55399764,0.6448547,0.62247187,0.516514,0.53332454,0.636877,0.5191125,0.63213813,0.5359809,0.4874888,0.5878787,0.5629928,0.67040896,0.635748,0.57896096,0.5821447,0.60418534,0.5849228,0.5151766,0.5319597,0.61388135,0.54876685,0.55271894,0.5213357,0.53247184,0.63565165,0.6193354,0.62348074,0.63216937,0.6141571,0.6153265,0.5982712,0.5891926,0.58213425,0.6472035,0.6585061,0.57650995,0.6453082,0.65533745,0.61417073,0.64002234,0.5391533,0.5432227,0.5302096,0.55315083,0.54721993,0.5950263,0.63089013,0.5237693,0.63402563,0.58958447,0.60320884,0.553144,0.51459825,0.63432527,0.6589024,0.6083333,0.5916108,0.59461904,0.49663106,0.5352542,0.51436865,0.5118871,0.5069782,0.531027,0.63526696,0.59695154,0.58508873,0.61040485,0.51475614,0.53306466,0.4924784,0.5251507,0.5858844,0.5460128,0.5563939,0.6087058,0.4968049,0.6668163,0.6246253,0.6145026,0.4736208,0.64959204,0.5967689,0.6613644,0.6714145,0.5938362,0.6559983,0.5570258,0.59087574,0.5297475,0.5317224,0.52215385,0.61286473,0.61672276,0.64669746,0.5948953,0.4790262,0.61261714,0.6131426,0.6222714,0.5814265,0.59616905,0.56143147,0.5846896,0.6475698,0.6923737,0.6476715,0.63526005,0.647078,0.6408253,0.6470205,0.6488485,0.63419026,0.6208522,0.62851924,0.6503335,0.5945716,0.67843044,0.6775769,0.62929356,0.6268022,0.6747821,0.6177532,0.61948735,0.6591875,0.65292543,0.65423137,0.6758904,0.6503398,0.6193954,0.64594287,0.6978935,0.61237466,0.64406973,0.53978217,0.62198967,0.5623872,0.6497226,0.60800666,0.57903075,0.6434842,0.627099,0.62324786,0.587365,0.6371803,0.61232245,0.6414422,0.59615123,0.63233227,0.6269763,0.54388654,0.52238643,0.58328927,0.6386232,0.60989094,0.55912596,0.62166446,0.62281495,0.6298604,0.59923035,0.6279335,0.6199454,0.6395424,0.57574594,0.6274589,0.6609748,0.62089354,0.65688354,0.63338816,0.6362489,0.5738294,0.5781237,0.62585217,0.6050689,0.6669623,0.61537343,0.6930046,0.5855135,0.6629861,0.634296,0.7107075,0.6104668,0.5806227,0.57332414,0.6687119,0.59481204,0.5989818,0.5513142,0.5835511,0.608901,0.6113043,0.692246,0.61414933,0.5829106,0.6793341,0.63508457,0.6422789,0.53703326,0.55213624,0.63125926,0.5686894,0.5611289,0.5533729,0.59987015,0.61793077,0.61715454,0.6158622,0.64825577,0.62323374,0.60871667,0.56557727,0.60042256,0.55388415,0.6568475,0.65292954,0.5556356,0.67278993,0.64621615,0.6274164,0.63091594,0.5741908,0.5600021,0.5439175,0.5278965,0.5934096,0.6053532,0.6393296,0.5338644,0.65555775,0.59299266,0.5868746,0.54255146,0.57103455,0.64581525,0.6932956,0.67884135,0.575705,0.573768,0.5509207,0.54868895,0.5339487,0.5706128,0.5581098,0.6048731,0.6514017,0.6166285,0.5942529,0.6076536,0.5012633,0.5629851,0.55120295,0.55596614,0.57079387,0.5669621,0.6315826,0.62961596,0.5597194,0.6507416,0.62524766,0.6283343,0.48582602,0.6667163,0.60694313,0.6526226,0.6441595,0.6151046,0.6644143,0.54606843,0.6043815,0.5140822,0.5377924,0.5028034,0.61445445,0.6337432,0.65157306,0.6295809,0.59866816,0.53287506,0.6152303,0.6120191,0.577093,0.6054073,0.5642593,0.5440206,0.6781051,0.63718337,0.5434008,0.56078726,0.51691025,0.52742696,0.5888678,0.58907646,0.5772711,0.5715234,0.54537594,0.555287,0.57174695,0.58178216,0.52881545,0.52714044,0.5919666,0.586,0.5739147,0.5734457,0.57128465
533,0.5830125,0.6162806,0.6112834,0.59087527,0.5887803,0.5838755,0.5896594,0.5946471,0.6120928,0.6122529,0.57201755,0.65147954,0.6319135,0.55740875,0.54199475,0.641457,0.5852141,0.55272245,0.5934962,0.645263,0.6212813,0.57194185,0.6073877,0.5915144,0.651308,0.64933085,0.5669166,0.5693399,0.48388702,0.5011793,0.4839109,0.59795666,0.5152218,0.51085407,0.5684358,0.593946,0.5819322,0.5679411,0.5829755,0.59696084,0.59063286,0.56380326,0.6081283,0.57817674,0.53437847,0.45637375,0.56486815,0.6023206,0.57289666,0.48474163,0.5967518,0.5911233,0.5972555,0.5992178,0.57738966,0.5835394,0.62302655,0.53138506,0.6127653,0.6273272,0.54854053,0.5738311,0.54276234,0.5503117,0.5330028,0.54498863,0.5243286,0.4984377,0.60719544,0.5491834,0.5452136,0.46546182,0.5932687,0.50915235,0.6227536,0.6036464,0.48741108,0.5016638,0.61414117,0.49235865,0.5915292,0.5020094,0.44978485,0.55927193,0.5283841,0.64019144,0.6155897,0.5542091,0.53903294,0.5816364,0.56510943,0.49052763,0.5222732,0.58569175,0.5027767,0.5216534,0.47277066,0.50266075,0.5841369,0.5770772,0.57890487,0.5853194,0.5760591,0.5818183,0.55956095,0.5450007,0.55211645,0.62017053,0.6161096,0.5440421,0.61479974,0.61400133,0.5723169,0.58678335,0.50089103,0.5088103,0.49809447,0.5277235,0.52242804,0.5525077,0.5758525,0.49772727,0.60445,0.5660002,0.5755962,0.52933115,0.48929578,0.59811515,0.6320748,0.5737344,0.5704792,0.5615575,0.47504088,0.52672887,0.50827074,0.49416903,0.48530322,0.50568026,0.6012984,0.5652423,0.54326093,0.56687117,0.49393776,0.47951278,0.43749246,0.4888384,0.54365623,0.5251356,0.51540387,0.56591344,0.4453824,0.6210861,0.586143,0.5780001,0.45160607,0.6108567,0.5651687,0.6216772,0.6221403,0.5655476,0.5943186,0.50443935,0.5610389,0.5109215,0.50099736,0.51647997,0.5746984,0.57013094,0.6198171,0.539611,0.4520604,0.5996241,0.5837261,0.58774793,0.559747,0.55926543,0.53537756,0.561932,0.61223996,0.6519131,0.595648,0.5990559,0.5999438,0.59491736,0.5998659,0.60407,0.5906359,0.58598584,0.59305763,0.6115363,0.5632126,0.6515167,0.62521917,0.56316227,0.5587472,0.6306122,0.5896396,0.5894222,0.6146996,0.61281604,0.61931217,0.62989986,0.61008006,0.5868782,0.6217564,0.67766035,0.5781043,0.6173876,0.49939564,0.5641485,0.5056273,0.58506835,0.5502436,0.501882,0.57036275,0.588302,0.5791021,0.5487262,0.58589983,0.57362807,0.5895292,0.5526086,0.5946255,0.593263,0.5240918,0.509168,0.5451261,0.6042206,0.58394825,0.5285738,0.5863479,0.57836205,0.59124947,0.56182957,0.5804915,0.5754964,0.59841746,0.54339325,0.59204227,0.61901,0.5824837,0.6081861,0.59836626,0.59603727,0.51654077,0.5309962,0.58619297,0.55378217,0.6345536,0.57474357,0.6599875,0.5359973,0.63261706,0.59800917,0.6919505,0.5799011,0.544846,0.5346104,0.6489441,0.57199,0.5629043,0.51848817,0.53373593,0.5791159,0.56522626,0.6633653,0.5810874,0.54917824,0.64297587,0.61257136,0.61497307,0.5130079,0.5386925,0.59965634,0.52553093,0.5309809,0.50067633,0.56323516,0.56835556,0.57641333,0.5708843,0.5898501,0.5855141,0.57012236,0.5332238,0.5547114,0.5283613,0.62840426,0.61051077,0.53481,0.63577753,0.60432893,0.5829803,0.5825576,0.5275041,0.52061605,0.51074654,0.51341754,0.5534384,0.5624791,0.58809096,0.5177199,0.62647235,0.5668938,0.5651299,0.5182212,0.539618,0.6190514,0.6682139,0.64637876,0.5597485,0.5540892,0.5120473,0.5356253,0.5233106,0.54251915,0.53128606,0.57535124,0.6288803,0.58832556,0.5557288,0.5610909,0.4858205,0.51090044,0.4876564,0.5268536,0.5341846,0.53865236,0.593796,0.5769471,0.5051173,0.60045296,0.58699954,0.59446174,0.468802,0.6263625,0.57524526,0.6226013,0.5982692,0.58203095,0.5911654,0.5006978,0.5724155,0.5043976,0.51315784,0.5152391,0.5784782,0.5860702,0.61786723,0.58435076,0.55476856,0.53190905,0.579145,0.5789229,0.5549389,0.5762017,0.5414163,0.53558767,0.6428838,0.5980815,0.53767806,0.5415783,0.5173902,0.52783054,0.56311285,0.56179845,0.55727345,0.5525624,0.53447723,0.54095984,0.53917426,0.54648995,0.5264934,0.52382916,0.56770146,0.5610527,0.5454208,0.55000037,0.54899496
534,0.539951,0.5564909,0.5413573,0.53878057,0.5356519,0.5313088,0.54215235,0.5505624,0.55784845,0.5567142,0.52901006,0.6181115,0.56333226,0.49289805,0.4722625,0.5761472,0.54707396,0.51897603,0.5316426,0.5850917,0.57433283,0.5196379,0.5498038,0.54715925,0.61503804,0.6303417,0.5292625,0.5289375,0.44631612,0.45629254,0.44543305,0.5496095,0.47143868,0.44447288,0.51117104,0.53755915,0.5340003,0.5337721,0.53087807,0.54414713,0.52486265,0.5214411,0.54755926,0.5461828,0.51598847,0.44289684,0.5280708,0.55471027,0.5562339,0.45699522,0.5480273,0.5419803,0.54321146,0.54551727,0.5291683,0.5332055,0.5895447,0.5082987,0.5640848,0.5736167,0.5319574,0.54055095,0.49979088,0.5285936,0.5084168,0.521125,0.49983823,0.46733224,0.58494747,0.53349406,0.52055025,0.44420627,0.5566387,0.4655766,0.59678906,0.58927196,0.46567842,0.47279894,0.5920214,0.4665591,0.5463509,0.47407767,0.42142078,0.53361845,0.49105483,0.60718447,0.6014307,0.53997815,0.49856943,0.56079227,0.54510874,0.47665557,0.5139904,0.56194407,0.45187464,0.49474505,0.4297431,0.48588347,0.5197047,0.5210436,0.5263742,0.52855396,0.52832246,0.53332126,0.51691127,0.49624166,0.5109102,0.58426034,0.56596094,0.5115276,0.57710236,0.571226,0.52609366,0.525143,0.46216688,0.47759768,0.46460557,0.5064151,0.50025576,0.51139945,0.5188953,0.47661808,0.5650645,0.5249581,0.5331469,0.5080184,0.46636364,0.5517789,0.5931581,0.540679,0.5483455,0.5380204,0.46235058,0.5194636,0.50559825,0.4834615,0.47389314,0.4829717,0.55526066,0.5320905,0.50430685,0.5147242,0.47470602,0.42462415,0.3875498,0.44948536,0.49992353,0.51020235,0.47848764,0.529051,0.40752864,0.56087697,0.53894603,0.5328001,0.4385758,0.5660727,0.53216165,0.5711444,0.55994993,0.5281324,0.53213054,0.46236435,0.5253158,0.49960756,0.4802133,0.5142058,0.53488094,0.5078355,0.5868011,0.48610145,0.43430752,0.5767406,0.54132944,0.5370317,0.5239958,0.5285103,0.51328355,0.53246444,0.5780998,0.6102454,0.54816353,0.5557073,0.5416728,0.5460774,0.55094373,0.5564881,0.54190373,0.5429358,0.54860336,0.56283873,0.5243858,0.61784065,0.559693,0.49130568,0.47821546,0.57396567,0.54964006,0.5538318,0.55968255,0.5637084,0.5786452,0.57484025,0.55955845,0.54377174,0.58842486,0.6554574,0.53961474,0.5824025,0.44970667,0.5096777,0.45470777,0.5222873,0.5080489,0.43508348,0.49834195,0.54601794,0.53495264,0.5095499,0.53570086,0.5334969,0.53363705,0.5108209,0.547502,0.55459124,0.50622606,0.48621398,0.50739175,0.5586945,0.55338347,0.4873773,0.5399283,0.52689713,0.5407128,0.5233549,0.5309874,0.52189904,0.5586819,0.51283896,0.5532706,0.5662228,0.5543426,0.5584929,0.55714893,0.56081825,0.4753908,0.4977029,0.5466539,0.50926477,0.61010027,0.5399714,0.63187397,0.49216542,0.5977788,0.55619335,0.6717261,0.5508879,0.5074447,0.4900978,0.6174358,0.5394992,0.52866817,0.48856384,0.47612023,0.54405856,0.5080974,0.6293213,0.552787,0.52665967,0.5983154,0.58662885,0.5797509,0.49611405,0.5245527,0.57468665,0.47147405,0.4987588,0.44360027,0.52551055,0.51093465,0.52069426,0.52023983,0.5243051,0.5379223,0.52116734,0.49768913,0.5021467,0.4956379,0.58787817,0.5579377,0.51617384,0.5893211,0.5619345,0.5332194,0.5237642,0.4731791,0.47789055,0.4711057,0.5032382,0.51417786,0.5197445,0.5309698,0.5014858,0.59250546,0.52318794,0.5340905,0.493155,0.50245893,0.5876026,0.63308895,0.61160976,0.54556936,0.5379579,0.47633532,0.5238752,0.51382595,0.5151815,0.50486696,0.53880906,0.59749246,0.5562877,0.51549596,0.5035829,0.46848574,0.44609496,0.418121,0.4867049,0.49289295,0.5088135,0.5489831,0.5275418,0.45116672,0.5401378,0.5389304,0.5506532,0.45347005,0.5809749,0.5398828,0.5817221,0.5417564,0.53652453,0.5096096,0.45575547,0.5325104,0.50351757,0.49927816,0.5307684,0.53851867,0.52484983,0.57482755,0.5335574,0.50671995,0.53207165,0.53078693,0.5301623,0.5198526,0.5516427,0.5191272,0.5225816,0.6033796,0.56361204,0.53626716,0.52348644,0.51898456,0.53089726,0.5439115,0.53964406,0.5400556,0.5383934,0.52646977,0.5292294,0.50871205,0.51166636,0.52786183,0.5224128,0.54597336,0.54007083,0.5229824,0.53050756,0.5281769
535,0.5092136,0.49707282,0.47299403,0.49182302,0.48742276,0.48402202,0.4953441,0.5067054,0.50245506,0.49640048,0.483377,0.5786204,0.49327332,0.43569162,0.40828535,0.50677997,0.50692093,0.48894417,0.47153163,0.5222721,0.52654743,0.4712509,0.49540538,0.50122577,0.5695741,0.6081778,0.49622524,0.48670512,0.412612,0.42900765,0.42721054,0.51281154,0.45209017,0.4010606,0.46946016,0.48752305,0.49384913,0.5075272,0.4881315,0.49703154,0.46711525,0.4895491,0.48455364,0.5182561,0.5022309,0.43066207,0.49539793,0.5033489,0.5384728,0.43147936,0.49607414,0.49303767,0.48787972,0.49494213,0.4872167,0.48046997,0.5644654,0.49575284,0.52249587,0.52158386,0.53018016,0.52444774,0.4622795,0.52598065,0.5068642,0.5216789,0.48782843,0.45508218,0.5790715,0.5289272,0.51095176,0.44874373,0.52377975,0.42666796,0.5715609,0.5799678,0.4535533,0.44686395,0.57273376,0.44452047,0.50383747,0.45411497,0.4025076,0.51032376,0.45111486,0.5718976,0.59593207,0.5410512,0.463282,0.5440002,0.52456105,0.4743725,0.50849146,0.5460161,0.40125906,0.47436634,0.39459878,0.48089442,0.45617414,0.4641658,0.47532758,0.47346666,0.47934705,0.47999558,0.4777339,0.45095137,0.46618912,0.5424553,0.51556003,0.48406494,0.5347577,0.5335624,0.48387557,0.46655768,0.42804185,0.45218378,0.43211007,0.49243104,0.48471156,0.4788601,0.47158596,0.464133,0.5237783,0.47595403,0.48387176,0.49324664,0.44953027,0.50507295,0.54825324,0.51414835,0.5302116,0.53040296,0.45934972,0.51422036,0.50690985,0.48098725,0.47113937,0.46434325,0.50446755,0.50095314,0.4752298,0.4637277,0.4589629,0.3725563,0.34650576,0.41168192,0.46147442,0.49901146,0.44716424,0.50492626,0.38683897,0.49818775,0.49110577,0.48580912,0.43576396,0.5213192,0.5006883,0.5181049,0.49563533,0.48752326,0.47951847,0.43404397,0.49015862,0.49750027,0.47148827,0.51436436,0.4981648,0.4442218,0.55042475,0.4398891,0.42413792,0.5480833,0.4939893,0.48047107,0.48256883,0.51327175,0.4971077,0.5003431,0.5475323,0.57114923,0.5120604,0.5101938,0.48499033,0.5014109,0.5069356,0.51186603,0.49525198,0.50043976,0.5046802,0.5103702,0.48306483,0.5821654,0.4925696,0.4244533,0.39809793,0.5137507,0.503967,0.5185062,0.50224036,0.51254404,0.5377212,0.5182113,0.50615203,0.4982193,0.5489272,0.63315463,0.50238746,0.5446899,0.3957051,0.46902668,0.41906616,0.47120097,0.49510625,0.38846213,0.44133824,0.5089323,0.49815255,0.4742396,0.4963421,0.49997258,0.48411092,0.47675082,0.49842817,0.5140874,0.49065793,0.453983,0.47563744,0.5081929,0.5226723,0.44041902,0.49153286,0.47742602,0.48900735,0.48982558,0.48861256,0.469754,0.52591354,0.48691428,0.51657003,0.50995505,0.5402867,0.51167333,0.51213574,0.53391516,0.45975244,0.4860432,0.51007664,0.47931886,0.59974337,0.51691675,0.61436,0.46076074,0.5631465,0.51237106,0.6544697,0.5278124,0.47301203,0.44413328,0.578808,0.50085515,0.5010962,0.4636742,0.4160818,0.50461435,0.4444959,0.5902564,0.53206503,0.5221952,0.546269,0.55927837,0.5376965,0.48850974,0.51259845,0.56077516,0.41156122,0.46770394,0.38740766,0.48907167,0.45723155,0.46282026,0.4732766,0.4646755,0.48795557,0.47191572,0.46549866,0.452647,0.4625022,0.5391458,0.5025124,0.50277734,0.5365618,0.52533066,0.48772112,0.46624297,0.42128465,0.43897,0.4297287,0.49854,0.48114836,0.48457652,0.4793443,0.48852855,0.560707,0.4703368,0.50143534,0.47113258,0.46586406,0.5605425,0.5931725,0.58104694,0.5372641,0.52939516,0.44780138,0.5149615,0.50766706,0.49150753,0.48073453,0.50088257,0.5629388,0.5241375,0.48000896,0.4453517,0.44988143,0.37560496,0.35189933,0.44034964,0.45524934,0.47867376,0.4998937,0.49075943,0.40531576,0.4820517,0.48999518,0.5042954,0.44226652,0.53667605,0.5057551,0.536447,0.48434225,0.48645562,0.43506598,0.4169944,0.49091947,0.51237094,0.49984902,0.54648143,0.50119096,0.4622323,0.5277429,0.47995427,0.45857832,0.5329668,0.47933045,0.47605085,0.47998688,0.539614,0.4988601,0.506822,0.56100696,0.53694147,0.5388128,0.50880396,0.522258,0.5369553,0.5315113,0.52303123,0.5262845,0.52937543,0.52271867,0.5217815,0.485656,0.48288953,0.532493,0.52324766,0.52930045,0.525089,0.5086214,0.5168567,0.5117031
536,0.49088857,0.44769996,0.41966414,0.4546743,0.44889814,0.4471321,0.45618108,0.47277427,0.45650217,0.43937352,0.43911698,0.53556395,0.43391964,0.3944654,0.3603866,0.44501853,0.47062615,0.46761578,0.42246878,0.46782377,0.4862748,0.43383852,0.4539859,0.4635893,0.5196699,0.5839957,0.4715848,0.44934326,0.38358295,0.4257323,0.43232685,0.49305296,0.46425682,0.3873953,0.45156324,0.45331013,0.46619856,0.48856658,0.46154997,0.4641499,0.4272999,0.47134045,0.4294184,0.49300265,0.49019885,0.4166593,0.4713558,0.45567486,0.5209942,0.40750414,0.4512828,0.45330033,0.4430079,0.4557041,0.4591275,0.43487135,0.5491062,0.4917778,0.49058196,0.47713882,0.5429195,0.5260304,0.43185356,0.5404689,0.52961504,0.544703,0.4894929,0.46231124,0.591436,0.5364302,0.51679635,0.47843453,0.4986064,0.3932318,0.5494457,0.57535446,0.45295295,0.42146617,0.55631024,0.42603558,0.4692057,0.43890157,0.39079168,0.48563913,0.40978616,0.5353869,0.59995055,0.5592811,0.4362702,0.53500473,0.5037448,0.4804692,0.5063219,0.5396394,0.35523564,0.45957094,0.3682053,0.4843334,0.40763766,0.41938084,0.43606752,0.43151987,0.43845937,0.4350179,0.45022458,0.4147839,0.42744422,0.49763137,0.47024354,0.46512532,0.49052337,0.50683427,0.45198956,0.42032343,0.40173957,0.43285167,0.40334955,0.4876708,0.47835895,0.46023902,0.44142678,0.4617453,0.48805663,0.43259326,0.43784744,0.48806095,0.44060943,0.4679904,0.504755,0.49874952,0.52065575,0.5438692,0.4657027,0.51150155,0.51199293,0.48446515,0.47133228,0.44953412,0.4571282,0.47333086,0.45948896,0.42238477,0.44639346,0.32709095,0.31731743,0.3789867,0.4330392,0.48605537,0.42290968,0.49879313,0.38619202,0.4454607,0.4504652,0.44385767,0.4426563,0.48389363,0.47312632,0.47166187,0.44083866,0.45015326,0.4466554,0.41872126,0.46206057,0.50445247,0.4747862,0.51647335,0.46690056,0.3940855,0.51222605,0.40565237,0.41810468,0.518431,0.45208076,0.43139815,0.4464205,0.5202676,0.48926118,0.46965444,0.521344,0.53766245,0.48833,0.46903864,0.44132963,0.4651372,0.47179788,0.47451767,0.4568249,0.4672659,0.47067082,0.46036777,0.44339085,0.54622465,0.43545878,0.37360018,0.33287042,0.46000174,0.4618189,0.4892215,0.45131868,0.4684085,0.5040827,0.46907845,0.45958066,0.45982215,0.5062279,0.6093174,0.46998343,0.5089693,0.34382382,0.4519091,0.4045247,0.4400273,0.5194601,0.3670236,0.41082555,0.48429638,0.4731222,0.44447008,0.47432947,0.4791288,0.44926086,0.45436046,0.4549598,0.4733917,0.47483295,0.41490668,0.45438564,0.4602431,0.4956979,0.39474934,0.4515981,0.4392694,0.44708532,0.4669803,0.46071112,0.42918324,0.5025775,0.4664731,0.48538557,0.45806462,0.5415504,0.471432,0.46650133,0.5156525,0.4736574,0.4965358,0.47896048,0.4686715,0.6067176,0.508259,0.6103259,0.44622847,0.5319898,0.46824947,0.63926625,0.5119832,0.4458367,0.39995986,0.5361512,0.45834935,0.48059952,0.44139636,0.3602845,0.4605675,0.38196003,0.5456087,0.51728004,0.53902143,0.49046263,0.5344653,0.49112388,0.48737723,0.5052695,0.55882084,0.3522298,0.44027728,0.33668968,0.45578173,0.4175545,0.41587302,0.43954316,0.4223045,0.44469938,0.43398434,0.44380197,0.41368017,0.43632436,0.4864738,0.45041925,0.49571288,0.4812771,0.4991599,0.45407653,0.41992474,0.3805737,0.41035974,0.39302552,0.50006783,0.45881233,0.46269733,0.4412785,0.48114836,0.5352009,0.42161354,0.47500783,0.45602122,0.43616238,0.5442692,0.5527023,0.5596335,0.53772557,0.53193676,0.42894745,0.5090412,0.5062642,0.4716626,0.4584902,0.46871555,0.52917796,0.493956,0.45359883,0.39579532,0.4299633,0.30946878,0.29788753,0.39462194,0.42893422,0.448427,0.4503881,0.4735857,0.3745234,0.43632612,0.44871035,0.4636479,0.4370637,0.50017834,0.47807926,0.4949266,0.4366192,0.44094074,0.38170275,0.38731694,0.45509136,0.5306272,0.51551545,0.55971646,0.4709962,0.41073123,0.48010013,0.4269367,0.4139814,0.53345215,0.43559337,0.4297573,0.44585508,0.5453992,0.48253787,0.49014866,0.5176532,0.51969814,0.54442465,0.499022,0.5275717,0.5457553,0.523558,0.51037,0.5150886,0.52403957,0.5234467,0.5192215,0.4740004,0.46459252,0.5386594,0.52609855,0.5180265,0.51564014,0.501889,0.50898033,0.5008116
537,0.4829187,0.4162757,0.3888901,0.42997184,0.42313448,0.42413276,0.42943513,0.45605773,0.42799956,0.39232895,0.40030545,0.49274388,0.3936399,0.37277997,0.33257794,0.40079886,0.4421497,0.45816776,0.39087123,0.429912,0.46060914,0.41103396,0.4325069,0.44081745,0.47141466,0.5594176,0.45672423,0.42220232,0.35949484,0.448961,0.46035513,0.49090418,0.5083952,0.40420428,0.45971584,0.4400526,0.45199162,0.47413775,0.4540377,0.4505617,0.41004673,0.46701452,0.39052764,0.4687033,0.47638607,0.39846864,0.45933193,0.41776162,0.5043134,0.38363573,0.42276013,0.43010345,0.4169508,0.43395504,0.4495547,0.4046642,0.5417593,0.49270186,0.4674537,0.44361562,0.56646484,0.5427483,0.40974885,0.5663438,0.57217216,0.58208925,0.5040991,0.48742774,0.61954564,0.55495846,0.53655565,0.5291264,0.4834616,0.36539078,0.5311462,0.57376146,0.46515086,0.39580792,0.5426245,0.41008353,0.44461575,0.4243578,0.3843298,0.45684958,0.37020138,0.49987116,0.61210734,0.5922593,0.41988575,0.5365007,0.4830918,0.49051574,0.5071654,0.54108876,0.31685492,0.44873145,0.3510492,0.4927618,0.38276818,0.39524195,0.41643378,0.41008785,0.41209945,0.40881488,0.44048816,0.39017057,0.40252492,0.45367682,0.4324144,0.4560958,0.44648477,0.49248347,0.43421364,0.39067566,0.38495055,0.41947138,0.38101256,0.4923166,0.48145008,0.45758733,0.4313083,0.46883595,0.4632343,0.4056252,0.40422437,0.49404854,0.43946177,0.44720972,0.46962816,0.49629855,0.52218825,0.57923007,0.47991908,0.51128304,0.5197108,0.4898803,0.46892637,0.43750486,0.42039117,0.4501899,0.45691168,0.3949336,0.43580317,0.2905865,0.301454,0.35342866,0.41782048,0.46705955,0.40684703,0.512173,0.40680635,0.41126683,0.42226195,0.412451,0.45767176,0.46045738,0.45133162,0.438597,0.40344453,0.42116484,0.43759543,0.41368735,0.44515672,0.5189364,0.4882333,0.52013195,0.44187355,0.36635605,0.4736198,0.38569668,0.41389966,0.49253246,0.42357954,0.39961296,0.42459235,0.55053407,0.49108133,0.44381902,0.49914977,0.5105836,0.47535038,0.43873408,0.4171744,0.4395794,0.44781315,0.447681,0.4304624,0.45010796,0.4530953,0.41851628,0.40892974,0.51112694,0.39620718,0.34398058,0.28939492,0.4217234,0.43092927,0.47005242,0.4141163,0.4385854,0.48380658,0.43416905,0.428223,0.43482035,0.46415052,0.58229005,0.44360206,0.4786366,0.30006948,0.4633089,0.4130885,0.43148667,0.5795269,0.37065986,0.41080537,0.4770421,0.46120587,0.41980273,0.47238111,0.47446513,0.43342894,0.44515187,0.4233111,0.43446228,0.45592254,0.37300447,0.44640514,0.42188364,0.47517192,0.35612765,0.42823932,0.41900504,0.42268243,0.45916632,0.4514342,0.40738076,0.4883106,0.45068574,0.46055683,0.41650182,0.5556719,0.44021896,0.42398182,0.503722,0.5154572,0.52423066,0.4556809,0.47896406,0.62957287,0.5139561,0.6190283,0.44994012,0.5062115,0.4254854,0.6229988,0.5029326,0.42928526,0.36089507,0.49284428,0.41481447,0.4659024,0.41827545,0.31490484,0.41340458,0.3279433,0.49599847,0.50548226,0.5756555,0.43613842,0.51611745,0.44328076,0.48796034,0.50372696,0.56572485,0.30016595,0.41864192,0.2955859,0.42828956,0.39811507,0.3885398,0.42501354,0.40307897,0.41480303,0.41573596,0.43797752,0.38826978,0.42219245,0.43495342,0.40533048,0.49489927,0.42704952,0.48406494,0.43621513,0.3901401,0.35612696,0.3964091,0.3666221,0.5080277,0.44947684,0.45703587,0.42058626,0.48031184,0.5171828,0.3883194,0.46032545,0.45086417,0.41759074,0.5409814,0.5149112,0.5492181,0.54782695,0.546801,0.42069823,0.50559896,0.5096927,0.4547704,0.43712345,0.44737428,0.49902913,0.4673315,0.43805045,0.35994416,0.40909278,0.2558956,0.2608169,0.35566887,0.4193046,0.41892618,0.40529352,0.47916305,0.36305115,0.40783998,0.42027506,0.43475372,0.4393316,0.47640815,0.46023643,0.4639742,0.40561765,0.40669852,0.35526404,0.36776373,0.43055958,0.5562812,0.5438823,0.5686453,0.44972852,0.37842584,0.43442628,0.37860337,0.37659425,0.5324512,0.40717328,0.4003372,0.42579782,0.5695871,0.47161365,0.47423422,0.47495458,0.51010007,0.5517132,0.4945494,0.5351509,0.55696905,0.517548,0.5002133,0.5055576,0.52083564,0.5277976,0.5212063,0.4754277,0.45927885,0.5446118,0.5303953,0.5118185,0.5106772,0.50142,0.5061022,0.49556223
538,0.48212773,0.40529352,0.38082176,0.41787046,0.41067547,0.41572404,0.41654715,0.45906502,0.41978502,0.35856897,0.36988118,0.4554078,0.3744305,0.3669342,0.32094818,0.37837082,0.42234492,0.4607978,0.37819147,0.41072807,0.45169088,0.4020125,0.43211854,0.43354252,0.43093526,0.5369413,0.44943008,0.40732035,0.33932495,0.4940406,0.5053908,0.49996144,0.57435423,0.44460124,0.4877789,0.44678047,0.44824675,0.4606231,0.46311533,0.45619512,0.41317302,0.47317985,0.37147537,0.4450806,0.45829952,0.375536,0.46038222,0.39227676,0.4889378,0.35844597,0.41494533,0.42647925,0.41221142,0.43203214,0.45835206,0.39472333,0.53896385,0.49466965,0.449693,0.42097998,0.5940858,0.5673744,0.39539602,0.594823,0.6237826,0.62226427,0.52766687,0.5246787,0.65572447,0.5803774,0.5649459,0.5904363,0.4773444,0.3431818,0.51733315,0.5727064,0.48897594,0.37155902,0.5321579,0.3958961,0.4294995,0.40795383,0.3812616,0.42359036,0.33507484,0.46693537,0.6290972,0.6333144,0.41346243,0.5476621,0.46218827,0.5002821,0.5100996,0.54559124,0.2869556,0.44081816,0.34216025,0.5025112,0.38280666,0.3942054,0.4188049,0.41009122,0.4012371,0.40488878,0.44903517,0.37622252,0.3950638,0.41450843,0.4018005,0.45599976,0.40366378,0.48667845,0.43094578,0.37620643,0.3775617,0.41186357,0.36675873,0.50417024,0.4916066,0.46866158,0.43957186,0.48264757,0.45179588,0.39875472,0.38834617,0.5104947,0.44399825,0.444605,0.4476088,0.5046955,0.53416884,0.6301671,0.49840242,0.51269543,0.52811277,0.49305484,0.46045294,0.42657763,0.3982569,0.43183082,0.4638118,0.38067198,0.4255121,0.26270342,0.297217,0.33483747,0.41692916,0.44070786,0.39816293,0.54127586,0.44527808,0.39758787,0.40775326,0.3942084,0.47803086,0.4536002,0.4355332,0.42089435,0.3846853,0.40285993,0.44832408,0.41443923,0.43993026,0.5379165,0.507976,0.52400327,0.4221178,0.3623224,0.43635976,0.37877956,0.41052753,0.47383317,0.41107154,0.3875853,0.4212908,0.5979729,0.5016272,0.42481595,0.4789897,0.48745766,0.47004062,0.42221305,0.41296536,0.42487252,0.43477905,0.4320021,0.4163887,0.45133448,0.45344326,0.38798773,0.3822539,0.47945544,0.37642562,0.33319372,0.26546878,0.40310064,0.41416365,0.462016,0.39287555,0.4245127,0.47770223,0.41427827,0.41488102,0.4234605,0.42642495,0.55292493,0.42245987,0.45535836,0.26774955,0.50119597,0.4424308,0.44130692,0.6606537,0.393755,0.43685207,0.4877806,0.459768,0.39811516,0.4878113,0.4856405,0.43558386,0.44676477,0.4065029,0.39968356,0.43230423,0.33275163,0.45149043,0.39704537,0.4621378,0.32675576,0.4243935,0.4180977,0.41818884,0.46754003,0.46009502,0.40741202,0.48010513,0.43731967,0.44047165,0.38716108,0.5760442,0.41754144,0.38781312,0.49413916,0.5759519,0.56089985,0.44145086,0.50777847,0.66239095,0.5314737,0.63657635,0.46930537,0.4866597,0.38704228,0.6048741,0.49992657,0.42494085,0.32994342,0.45395744,0.37408054,0.45611173,0.39220816,0.28301144,0.36652198,0.28640366,0.44359693,0.494706,0.62570715,0.38742307,0.5062243,0.39749202,0.48627177,0.50773513,0.57598835,0.25955263,0.4040862,0.26637086,0.40915048,0.39968315,0.38342956,0.42987436,0.40600443,0.39930198,0.4188584,0.44864586,0.37515378,0.4215085,0.38949332,0.36839494,0.49921885,0.37671044,0.47638845,0.43344113,0.37704217,0.3484814,0.39831376,0.35329375,0.5215026,0.4521913,0.46654677,0.41730723,0.4856114,0.5065287,0.3748291,0.45969796,0.45643774,0.4108279,0.549713,0.48306778,0.54887074,0.5661847,0.57200843,0.4216103,0.5039806,0.5166329,0.43962362,0.41588083,0.43729573,0.47483093,0.44533587,0.43211246,0.33776322,0.38789135,0.21781926,0.24024889,0.3262129,0.4281565,0.39130804,0.36860287,0.5058431,0.37089944,0.395658,0.4055197,0.41932842,0.44942993,0.46564367,0.45183423,0.44610298,0.3917175,0.3859214,0.35314164,0.3576743,0.41862452,0.5855522,0.57998395,0.57242477,0.43640226,0.36691934,0.3934777,0.33850577,0.3490656,0.52978677,0.39563528,0.38920856,0.42320862,0.60786295,0.4661555,0.46039638,0.43333465,0.50251454,0.558533,0.49413827,0.5448845,0.57018954,0.51164794,0.49163854,0.49697936,0.51830333,0.53398424,0.52641547,0.48836476,0.4664599,0.5492908,0.5354292,0.5101478,0.509321,0.5050094,0.5068571,0.49475253
539,0.4835376,0.41168004,0.3908174,0.4155529,0.4089381,0.41911682,0.4159509,0.47899845,0.42959368,0.3379705,0.34875554,0.42749047,0.3728729,0.36975142,0.31860438,0.37560403,0.4096045,0.47282907,0.38115004,0.4070831,0.45632774,0.40291035,0.44838327,0.43805537,0.40179935,0.5188193,0.44490394,0.4035208,0.32093552,0.54918975,0.55638534,0.51016253,0.64382786,0.49561125,0.52428824,0.4670542,0.4494041,0.44442376,0.4815409,0.4762291,0.42943925,0.48399052,0.3708316,0.4225453,0.4347596,0.3488065,0.47280923,0.37853712,0.4754547,0.33163846,0.42723435,0.44112316,0.426056,0.44823363,0.48053613,0.40604484,0.53640527,0.49435842,0.43317622,0.40647003,0.61832106,0.59013927,0.38669872,0.6166617,0.6711818,0.6549316,0.55360335,0.5646101,0.6898441,0.60666543,0.59393823,0.6480609,0.4761583,0.32681298,0.508841,0.57010436,0.5204098,0.35110053,0.52512264,0.3827932,0.42185616,0.38926348,0.37936655,0.3872594,0.3055796,0.43659487,0.6465304,0.6737546,0.41368556,0.564278,0.44037518,0.506493,0.5141041,0.5480412,0.26478955,0.4349774,0.33904126,0.5094847,0.40389335,0.41415244,0.4405102,0.42723632,0.40297532,0.42079648,0.47105172,0.3704591,0.40484756,0.38245434,0.37695205,0.4621905,0.36325866,0.48343915,0.43939912,0.372687,0.37838623,0.40998098,0.36115402,0.5192194,0.5048,0.4879436,0.46044934,0.49893898,0.45316976,0.4104713,0.391146,0.53394276,0.45094293,0.4577738,0.4401551,0.51924443,0.552969,0.6846931,0.51608765,0.514308,0.5352183,0.49119785,0.44455552,0.41499716,0.3911403,0.41734987,0.4742263,0.37607205,0.4132891,0.24193312,0.30069923,0.32152185,0.42960596,0.40817255,0.3943941,0.5777878,0.4928113,0.40066448,0.4052811,0.38897988,0.4995624,0.46108824,0.42447692,0.4163371,0.38060012,0.3951833,0.47026724,0.41552928,0.44410166,0.5570787,0.5287059,0.52620864,0.4056376,0.37848437,0.40233818,0.38183793,0.4077,0.4634887,0.4131012,0.39266393,0.4363726,0.65087277,0.5179194,0.41328013,0.4581206,0.46446285,0.4674582,0.41817126,0.42469716,0.41858092,0.42956477,0.42504016,0.41182026,0.4684016,0.46845523,0.36859205,0.3641102,0.45362228,0.37258908,0.3350759,0.2557268,0.40220708,0.41018757,0.46326742,0.384975,0.42248675,0.48198816,0.40529782,0.41701984,0.42218447,0.3949936,0.5231826,0.40439004,0.43842062,0.24702129,0.55603284,0.48533356,0.46082047,0.7398032,0.4267324,0.47853482,0.51208144,0.46301123,0.37697774,0.51287204,0.50845003,0.45023966,0.4539568,0.40379316,0.37065712,0.40382177,0.29774758,0.46696573,0.3857569,0.45613572,0.30640218,0.43813637,0.43361104,0.4311415,0.4897319,0.48134008,0.42842585,0.47342226,0.42377323,0.42268464,0.36843267,0.5940323,0.40057334,0.3596578,0.4827898,0.63961184,0.5975519,0.4354164,0.54772884,0.69628733,0.55578506,0.65688217,0.49801868,0.47220105,0.35629997,0.5859408,0.50189215,0.43214676,0.30872288,0.4238571,0.33886454,0.45025557,0.3629826,0.26447436,0.32345158,0.25790545,0.39145288,0.4836672,0.6790108,0.34633222,0.50408673,0.35672092,0.48045072,0.5160968,0.58405954,0.2309318,0.39630654,0.24891427,0.3989941,0.41876942,0.39879185,0.45000163,0.4250966,0.39518434,0.43943498,0.47199678,0.37113813,0.43287373,0.35313293,0.3395088,0.50655484,0.33258876,0.47064063,0.44166124,0.37790057,0.35549098,0.41488212,0.3533388,0.53813803,0.46324158,0.4863728,0.42827675,0.49551418,0.5018528,0.38003498,0.47232163,0.47078526,0.41368634,0.56683475,0.45970023,0.5553644,0.5892161,0.60258764,0.4279178,0.5033885,0.52487427,0.42461064,0.39437148,0.4354471,0.4574815,0.42768285,0.43188524,0.3265142,0.3665838,0.19431859,0.23308076,0.30561957,0.45424876,0.36632386,0.34185687,0.546504,0.39416718,0.3950039,0.40237477,0.41587913,0.4658307,0.46428683,0.44992787,0.43969452,0.3902909,0.3775695,0.36873382,0.3546839,0.41727027,0.6137849,0.61698633,0.57103,0.4284757,0.37339607,0.35958925,0.30873275,0.33198175,0.526223,0.39824268,0.3929762,0.43708828,0.6517405,0.46513185,0.44988924,0.39276603,0.4906491,0.5623962,0.49523094,0.55591536,0.5842739,0.50440687,0.48364267,0.48826754,0.5145408,0.53975105,0.5326575,0.5084039,0.48268712,0.5521082,0.54034007,0.51182485,0.51036096,0.50945604,0.5090393,0.4960691
540,0.48155653,0.42854768,0.41160205,0.41812328,0.41298604,0.4288392,0.4240505,0.50822216,0.45137832,0.32825184,0.33653736,0.40925887,0.38267893,0.37510097,0.32057315,0.38596556,0.40231064,0.48922607,0.39412636,0.413146,0.46794423,0.40916103,0.4722924,0.44995874,0.38404626,0.5056845,0.43897244,0.40791267,0.303276,0.59965926,0.6003526,0.5141003,0.69900066,0.54283804,0.55753493,0.49181575,0.45087826,0.42432344,0.50104314,0.5028874,0.4504618,0.49475193,0.38316798,0.4017482,0.40768918,0.32161027,0.49259448,0.37437478,0.4646762,0.30601278,0.4543792,0.4687625,0.45199054,0.47634274,0.5079781,0.43475685,0.53035945,0.48960453,0.41557094,0.3965498,0.6331075,0.6029522,0.38207376,0.6249103,0.7034113,0.67361647,0.5755105,0.5974435,0.7135122,0.628634,0.6163404,0.6899349,0.47502548,0.3171475,0.5054776,0.5655502,0.5538928,0.3361432,0.5205875,0.3701886,0.4190767,0.3697547,0.37710315,0.35115576,0.2826047,0.40834814,0.6600279,0.7054773,0.41724238,0.5812979,0.4185781,0.5076704,0.5183998,0.5458798,0.24980085,0.43058404,0.33935273,0.51044905,0.43903106,0.4492783,0.4749593,0.45438245,0.41379794,0.4507097,0.49956003,0.37083992,0.42850834,0.35817036,0.3569886,0.47121504,0.3280528,0.47810137,0.4547288,0.37638983,0.38607803,0.41392323,0.36390883,0.5329352,0.5170725,0.508543,0.48534602,0.5133341,0.46346074,0.43705726,0.40926573,0.5583128,0.45742962,0.4802463,0.44478625,0.53498715,0.57299006,0.7305856,0.5286014,0.51508045,0.53961563,0.48380366,0.4226851,0.40268305,0.3963058,0.40556172,0.48251283,0.3775255,0.3985583,0.2278318,0.3080428,0.31246126,0.45315143,0.37350938,0.39370745,0.6118393,0.5378124,0.41363242,0.41191575,0.3948598,0.51731765,0.47673023,0.4172189,0.42112264,0.3854142,0.39725307,0.49459627,0.41296965,0.45418796,0.57170475,0.5450508,0.52560407,0.39156762,0.40880936,0.37335637,0.39161742,0.40612683,0.46054828,0.4270245,0.41083154,0.46601385,0.6958345,0.5362093,0.4093638,0.43498543,0.43953398,0.46225816,0.42249015,0.44556612,0.41660282,0.42744648,0.4228759,0.4131589,0.49447873,0.49171507,0.3580188,0.35382286,0.43334672,0.37883702,0.34376734,0.25629112,0.4126451,0.41621304,0.4700011,0.38620868,0.42716187,0.49111262,0.40208054,0.42867213,0.4277907,0.37037674,0.494275,0.38770533,0.4256649,0.23689984,0.6129098,0.5301246,0.4817089,0.79848754,0.45956162,0.5230087,0.5418778,0.4658823,0.35658854,0.5385229,0.53593177,0.47020972,0.46247783,0.41103798,0.3481286,0.37364858,0.27132383,0.48910755,0.38561654,0.45632198,0.29511467,0.46382535,0.45963052,0.4555465,0.51979685,0.50725526,0.46461022,0.46489003,0.4089807,0.40613407,0.35747615,0.6021658,0.387123,0.3405159,0.46741056,0.69046015,0.6260192,0.43583107,0.5881506,0.7223213,0.5809786,0.67363197,0.5282517,0.46077937,0.33629328,0.56630754,0.5077684,0.4490754,0.29745105,0.40336728,0.3102798,0.44664225,0.33308476,0.25814494,0.28763583,0.24228396,0.34371832,0.47197148,0.7243031,0.31421068,0.507423,0.32454285,0.47140634,0.52698076,0.5863661,0.21331133,0.39430258,0.24232136,0.39734983,0.4488961,0.42959768,0.47923708,0.45246315,0.39941713,0.4707733,0.5023315,0.37354264,0.45332947,0.326704,0.31873274,0.5139899,0.29748738,0.46263596,0.45547208,0.38941512,0.3739114,0.44272622,0.3654347,0.55456764,0.4776535,0.5090818,0.44750193,0.50757354,0.49990693,0.40072992,0.49397334,0.48968983,0.42324185,0.58567166,0.4447265,0.5642544,0.6114914,0.63175666,0.43556857,0.50328887,0.53200346,0.40862313,0.37366766,0.43847328,0.44552726,0.41325548,0.43302107,0.3237146,0.34677935,0.18375662,0.23633003,0.292889,0.49299774,0.34555706,0.32554263,0.59003234,0.42678884,0.40028462,0.4075641,0.42201525,0.48508725,0.4672583,0.4518343,0.441571,0.39575052,0.3797996,0.39446354,0.3559442,0.42358652,0.63614386,0.6475093,0.56505007,0.42389333,0.3931442,0.33418322,0.2902672,0.32535458,0.5227474,0.4113981,0.40784496,0.46344733,0.69059986,0.4678721,0.44408536,0.35474548,0.47140592,0.5611054,0.49499214,0.5663131,0.5965382,0.49469462,0.47503582,0.47859907,0.5078718,0.54316,0.53746206,0.52946216,0.5023297,0.5527536,0.5441705,0.51454717,0.511737,0.5114407,0.5101986,0.4972042
541,0.47298402,0.44769973,0.4343493,0.42067766,0.41755274,0.43866682,0.43609083,0.5363076,0.47665432,0.32638568,0.33263558,0.39877337,0.3966282,0.37944818,0.32465443,0.40063938,0.40006113,0.504167,0.41072983,0.42260602,0.47912914,0.4170381,0.49310595,0.46556047,0.37625086,0.49718642,0.43090612,0.41740897,0.28772023,0.6338649,0.6265847,0.5105225,0.7298802,0.5753135,0.57937866,0.5126103,0.451538,0.40323174,0.51601726,0.5278136,0.47004077,0.50432956,0.4012183,0.38469204,0.383182,0.2998087,0.51491344,0.3767866,0.45730877,0.28731632,0.48699978,0.5009987,0.48105896,0.5066677,0.53235745,0.4724986,0.5200072,0.48038286,0.3980414,0.38939577,0.6351531,0.60231155,0.38136542,0.6167856,0.71449345,0.67562664,0.58956486,0.61646163,0.7231409,0.64381546,0.6284505,0.7097175,0.47131863,0.3151816,0.5061189,0.5610432,0.5835804,0.32803398,0.51767623,0.35821933,0.41880637,0.3520479,0.3743252,0.32063803,0.26762983,0.38348413,0.6670733,0.72325754,0.42236677,0.5955791,0.40019763,0.5040797,0.5224077,0.5402123,0.24219719,0.42803025,0.34185645,0.5046172,0.47906324,0.49027848,0.5127843,0.48318675,0.4306336,0.48627502,0.52843314,0.376288,0.4594555,0.3421825,0.34271008,0.47957155,0.30203423,0.46919596,0.47222283,0.38522232,0.3996064,0.42404974,0.37442255,0.54150194,0.5254633,0.5243014,0.50513875,0.52256733,0.4769695,0.47248727,0.43547052,0.57622236,0.461571,0.5032187,0.45636076,0.54859525,0.5889055,0.7607129,0.5337524,0.51502633,0.5405325,0.47255138,0.39969102,0.3919827,0.408891,0.39690155,0.48579884,0.3821451,0.38397613,0.22109614,0.31625357,0.30789918,0.4832908,0.34393004,0.39584896,0.63594955,0.56980485,0.42862907,0.42391315,0.40831715,0.5265005,0.49244544,0.4143249,0.4309412,0.393715,0.40725493,0.5151138,0.4054528,0.46665603,0.57793885,0.5529872,0.5222531,0.38125405,0.44503325,0.35141653,0.40438646,0.40690616,0.46312505,0.44926405,0.43709552,0.5024542,0.72334355,0.5531576,0.41286534,0.4110051,0.41458833,0.4517009,0.43020916,0.4672839,0.4151078,0.42452443,0.42217198,0.41746953,0.5204302,0.5153192,0.3538615,0.3504734,0.41721106,0.3888705,0.3548563,0.26508754,0.42600355,0.4289738,0.47820073,0.39262533,0.43364942,0.50014174,0.4011514,0.44277775,0.4384247,0.35369185,0.46829098,0.3731564,0.41599256,0.23690781,0.6581176,0.56398225,0.4990577,0.83077455,0.48455936,0.55901676,0.5681461,0.46694875,0.34059158,0.55825853,0.56018275,0.4892923,0.47162962,0.42268658,0.333487,0.348806,0.25684175,0.5144164,0.39291117,0.46173817,0.2940397,0.49325198,0.48872027,0.4831435,0.54983205,0.5303361,0.5058212,0.45476657,0.39454058,0.3922331,0.35252675,0.59687406,0.3779109,0.33215103,0.44910753,0.7183184,0.64053607,0.4417877,0.6196083,0.7355039,0.60268253,0.6835833,0.5533721,0.45272398,0.32949767,0.5462704,0.5172165,0.47339797,0.29610947,0.39123487,0.28969625,0.4439915,0.3076421,0.26323017,0.2630281,0.2400856,0.30625537,0.46117753,0.7535676,0.29299873,0.5145706,0.30549586,0.46230778,0.5381358,0.58275986,0.20614955,0.39796135,0.24616615,0.40436524,0.4818698,0.4677402,0.5106634,0.48050064,0.4103524,0.5047976,0.5339979,0.3809455,0.47835803,0.31042832,0.30693686,0.5186155,0.27486292,0.45157588,0.47034264,0.40822613,0.39975676,0.47667974,0.38729778,0.56728673,0.49070156,0.5271808,0.46727857,0.5186863,0.49772468,0.4317871,0.5178944,0.5072433,0.4362491,0.59901327,0.4365029,0.57242036,0.62759763,0.653235,0.4423178,0.50385416,0.5361257,0.3927014,0.3574803,0.44452235,0.4368932,0.40229636,0.43310848,0.32756191,0.33228803,0.18539856,0.24788788,0.28825307,0.5367271,0.33260697,0.32099572,0.625888,0.46181968,0.40674496,0.41722852,0.4348216,0.5020319,0.4700282,0.4568647,0.44819194,0.40381935,0.39025527,0.42289662,0.3589429,0.43473712,0.64848465,0.6657599,0.55574024,0.42240196,0.4204199,0.31847617,0.28337073,0.32999945,0.5200495,0.4313829,0.43011233,0.49583185,0.7160573,0.4745101,0.4436862,0.32355097,0.4466672,0.5538102,0.49187946,0.5735211,0.6035311,0.48285016,0.46567634,0.4689473,0.49850827,0.5432495,0.5391734,0.5455949,0.51919353,0.551445,0.5461981,0.51601285,0.5116637,0.5089639,0.5088406,0.497043
542,0.4589106,0.46289104,0.45149085,0.42088878,0.41990313,0.4444565,0.4478455,0.55475074,0.49758273,0.33027273,0.3365498,0.39557815,0.4086728,0.3807831,0.32950112,0.41155463,0.40216953,0.5140698,0.42431796,0.42979982,0.4843698,0.42452142,0.50390255,0.48122597,0.3783448,0.4937102,0.42363995,0.43015432,0.27764744,0.64667076,0.62997895,0.5020503,0.73436594,0.58716947,0.58620197,0.5238211,0.45273992,0.3868706,0.524122,0.5450311,0.48504865,0.5137449,0.41962963,0.37546945,0.36876115,0.28951433,0.53624123,0.38142425,0.45282727,0.28083083,0.5155962,0.52998686,0.5049716,0.5312943,0.548478,0.51068205,0.5086674,0.4693585,0.38463593,0.3862982,0.62438846,0.58949757,0.38492018,0.5945746,0.703543,0.66169775,0.5948195,0.6194286,0.71977115,0.651919,0.6300196,0.70597875,0.46650302,0.32108104,0.51036847,0.5597023,0.60429674,0.32851398,0.5174034,0.34885663,0.42072988,0.33923605,0.3720659,0.30165866,0.26243272,0.36602172,0.6680842,0.7257882,0.4281597,0.60612035,0.38934156,0.49677628,0.5255811,0.5340624,0.24257118,0.429058,0.34622827,0.49425864,0.515262,0.52743196,0.5454184,0.50657696,0.45021233,0.5181937,0.5536429,0.3864034,0.49005303,0.33620405,0.33651325,0.48488542,0.288695,0.45831543,0.48957717,0.3981607,0.41858587,0.44108525,0.39228052,0.5427886,0.52802247,0.5318588,0.51363426,0.5254699,0.4901155,0.50823516,0.46202856,0.58240974,0.46264535,0.52066845,0.47078347,0.5587924,0.5981229,0.7736963,0.53161377,0.5148663,0.53801006,0.4605413,0.38216996,0.38607913,0.42446476,0.3941442,0.48463354,0.38761288,0.37379065,0.2224109,0.3232944,0.30812073,0.51602995,0.32732952,0.4009181,0.6472595,0.58263546,0.43905962,0.4372901,0.42469895,0.52474886,0.5020405,0.4167339,0.44012886,0.40114972,0.4216634,0.52882254,0.3940812,0.47897547,0.57418805,0.55121005,0.51669365,0.37723005,0.4785557,0.33909976,0.4160803,0.41010013,0.46985927,0.47456563,0.46472058,0.5365167,0.7310721,0.56608707,0.4228782,0.39043412,0.39464977,0.43727508,0.43770316,0.48307,0.41269383,0.41979823,0.42135152,0.42282578,0.5388389,0.5327462,0.35502645,0.35357293,0.4068548,0.39741692,0.36449933,0.27987933,0.4350974,0.44332874,0.4859263,0.39977083,0.43727314,0.50598866,0.40081,0.45449546,0.4518023,0.3475519,0.45024005,0.3643168,0.4112086,0.24764057,0.68485236,0.5788401,0.51015234,0.83909404,0.49665275,0.5792667,0.5839973,0.46726415,0.33352286,0.5688801,0.5753788,0.5038896,0.4827028,0.43534315,0.32988364,0.33672452,0.25648293,0.5402702,0.40280712,0.4701912,0.30350593,0.51898354,0.5148285,0.5063278,0.57433677,0.54610467,0.54298383,0.44677952,0.38396794,0.38412318,0.3541416,0.57923025,0.3753817,0.3364922,0.431706,0.72021234,0.6395882,0.4529865,0.6375041,0.736142,0.61852837,0.6875872,0.5690451,0.45178166,0.3371463,0.5299087,0.52967787,0.5011713,0.3053713,0.38847205,0.28004542,0.44328132,0.29215568,0.2789477,0.25352758,0.2517807,0.28517017,0.45430318,0.7644481,0.28454813,0.5251151,0.30292162,0.456427,0.5473556,0.5758443,0.20964931,0.40824458,0.26022345,0.42030784,0.5106523,0.50475776,0.5382863,0.5034832,0.42630377,0.5334739,0.56230277,0.3927329,0.5025812,0.3056837,0.305485,0.5191313,0.2674878,0.4397946,0.48440853,0.43095925,0.42928058,0.51186603,0.41623604,0.5736105,0.4992815,0.5363606,0.48144504,0.52617204,0.49630713,0.46555075,0.5386617,0.5178299,0.44879258,0.60430914,0.43553755,0.57975924,0.6347617,0.66335195,0.44784537,0.50554526,0.5365676,0.3805759,0.35091043,0.45220724,0.4323079,0.3977326,0.4325177,0.33593738,0.32679853,0.19934276,0.2658601,0.29183373,0.57800823,0.33176023,0.32972422,0.64813185,0.49211395,0.4109185,0.42774054,0.45010197,0.5119797,0.47020775,0.46537966,0.45462966,0.41118708,0.40513566,0.4475759,0.36218426,0.44765013,0.64876145,0.66926265,0.5449973,0.42531013,0.44949472,0.3141251,0.28775293,0.34604493,0.51872736,0.45345572,0.45457652,0.527113,0.7254098,0.484274,0.44828734,0.30490497,0.42178193,0.54193866,0.48687008,0.5757413,0.60346496,0.4715564,0.45749798,0.46201187,0.4889265,0.5400732,0.53769386,0.5533346,0.5290712,0.548968,0.5463037,0.51582414,0.5103992,0.50216025,0.50504667,0.4957503
543,0.44437796,0.47140247,0.45985138,0.4201583,0.4211417,0.44582427,0.45710483,0.5602489,0.510175,0.3400248,0.34835428,0.40155855,0.4159815,0.37925205,0.33505765,0.41477078,0.40712306,0.5186643,0.4301424,0.43100098,0.48148584,0.43155903,0.50377905,0.49466527,0.39186683,0.49611318,0.42221156,0.44610658,0.27801105,0.63819087,0.6114694,0.49207285,0.71380764,0.5773833,0.57836974,0.5241997,0.45720464,0.38171646,0.525968,0.5528162,0.49557495,0.5243432,0.43709588,0.37924287,0.37076545,0.295943,0.554629,0.38447043,0.4500176,0.28998548,0.53464335,0.55119914,0.5194219,0.5474279,0.5556629,0.5432766,0.50200546,0.46092743,0.3807843,0.39108893,0.60351896,0.56874204,0.39297837,0.564835,0.6734134,0.6354949,0.5920056,0.60754675,0.70620185,0.65268266,0.6223942,0.6800526,0.46510103,0.3346377,0.5183819,0.5629502,0.6122127,0.34006488,0.52145964,0.34636703,0.42686492,0.33505085,0.37274325,0.2996928,0.2692568,0.3612907,0.6645507,0.7141234,0.43416634,0.61216766,0.38898596,0.4874316,0.52750003,0.52985334,0.2526387,0.43635014,0.35339376,0.48355657,0.54223484,0.554083,0.56846577,0.5214474,0.46995413,0.53989714,0.5734481,0.40171078,0.51493466,0.34315938,0.34197858,0.486911,0.2908025,0.44906858,0.5072713,0.4152603,0.4430666,0.46538886,0.41702026,0.5369326,0.52419937,0.53117996,0.50983083,0.5233538,0.5027448,0.536403,0.48414135,0.57596004,0.46226987,0.531588,0.48633814,0.5652421,0.60058695,0.77013123,0.52418506,0.5154489,0.5331661,0.45179778,0.3764981,0.38799027,0.44085562,0.40128225,0.4820927,0.39342368,0.37261164,0.23309453,0.32963693,0.314045,0.5484078,0.33040133,0.4089562,0.6460432,0.5755894,0.44220054,0.44929662,0.4400728,0.51433706,0.5031001,0.4245637,0.44292632,0.40541425,0.43661687,0.53510725,0.3828492,0.4901068,0.56168956,0.54168206,0.50968814,0.38279134,0.5035392,0.33969906,0.42431813,0.41511634,0.48022574,0.4980654,0.48771068,0.56133103,0.7212515,0.57266665,0.4383786,0.37881055,0.38555187,0.42416674,0.4438263,0.49023247,0.41119865,0.41560555,0.42102078,0.42869046,0.5467621,0.5413164,0.36263096,0.36369962,0.4071258,0.40214172,0.37062278,0.29867163,0.43702137,0.45300183,0.49346355,0.4039577,0.4343363,0.5074013,0.40096074,0.46263844,0.46602553,0.3557044,0.44629747,0.3664887,0.41536075,0.27099356,0.6918575,0.57397676,0.5131914,0.82617396,0.49403876,0.5810909,0.58668506,0.46913177,0.33948654,0.5702674,0.57981306,0.5136797,0.49703354,0.44926423,0.34181806,0.34313732,0.27181572,0.5644426,0.4111275,0.47883463,0.3222688,0.5370774,0.5350205,0.5210687,0.59167933,0.55407655,0.5711105,0.4461206,0.38134423,0.38596052,0.36513466,0.5541523,0.38149062,0.354374,0.42010474,0.69755465,0.62565887,0.46851,0.641211,0.7269349,0.6267858,0.68738955,0.5728894,0.4622066,0.35900182,0.52385217,0.5431614,0.5263881,0.3266944,0.3988867,0.28575605,0.44747266,0.29137394,0.30416444,0.26287675,0.27702597,0.28547597,0.45436725,0.7577795,0.29046342,0.5383912,0.31784195,0.4556227,0.5529349,0.5685913,0.22540976,0.42643657,0.2842277,0.4438246,0.53181523,0.53454226,0.5588146,0.5191477,0.4459095,0.5518264,0.5843393,0.4089626,0.5219394,0.31543687,0.31622782,0.5165458,0.27721643,0.43153548,0.49874592,0.45509037,0.45994946,0.5443872,0.44909886,0.57222366,0.50274736,0.53643584,0.48794058,0.529006,0.49997234,0.49467835,0.55414474,0.5188244,0.4582418,0.6041544,0.44477808,0.5876386,0.6328555,0.66087365,0.45315617,0.5085199,0.53401244,0.3777739,0.35858762,0.4597194,0.43556774,0.40394384,0.43409067,0.34759772,0.3330854,0.226366,0.28885177,0.30349094,0.61178935,0.3468139,0.35204798,0.6550264,0.51188433,0.41202495,0.4370499,0.46348554,0.5138542,0.46795875,0.4771207,0.45560578,0.41578397,0.42027247,0.46476975,0.36675593,0.45964292,0.63732153,0.65849787,0.53481096,0.4348905,0.47630796,0.32348737,0.30328986,0.37135592,0.5193107,0.47356802,0.47647992,0.55192995,0.71991783,0.49477696,0.4573589,0.30394757,0.40325078,0.5287109,0.4828516,0.5726996,0.59709185,0.4647834,0.45374727,0.46075526,0.48258072,0.53449637,0.53415036,0.5523898,0.5309992,0.5462003,0.5448219,0.51574373,0.51024914,0.4933849,0.5003522,0.49434444
544,0.4362109,0.47361434,0.4615359,0.42227602,0.42475238,0.44533643,0.4636912,0.5546404,0.5150714,0.35760555,0.36890826,0.4184271,0.41932768,0.37851948,0.34399498,0.41148573,0.41353557,0.5196693,0.42785025,0.42522913,0.471196,0.4391165,0.49579158,0.5071454,0.41783828,0.50403655,0.43132788,0.4659139,0.29398623,0.6121985,0.57789373,0.48361444,0.6719539,0.5499054,0.5600522,0.51705474,0.46853465,0.39314747,0.52474517,0.5534414,0.50463516,0.53709435,0.4555474,0.4000595,0.39330253,0.32291725,0.56874335,0.38536555,0.4487372,0.31662494,0.5431148,0.56322753,0.52488285,0.5560794,0.5568408,0.5667763,0.50458574,0.45909753,0.39167556,0.40805307,0.57789826,0.5456505,0.40556675,0.53668875,0.6309152,0.60339135,0.58227426,0.5841779,0.6851406,0.64467984,0.6071645,0.6363232,0.47169214,0.35558057,0.5290287,0.56892544,0.60535645,0.3651717,0.52928275,0.35579532,0.43937486,0.34332505,0.37952802,0.31918782,0.2904041,0.37353274,0.6566718,0.69028646,0.44058955,0.6121791,0.40028474,0.47864538,0.5280125,0.5285395,0.2752018,0.45239106,0.3652882,0.4764284,0.5589639,0.5680286,0.5820836,0.52933127,0.48960197,0.5503464,0.58839446,0.42340413,0.5323022,0.3661281,0.36311087,0.48758528,0.31098834,0.44628868,0.52745306,0.4377241,0.47259906,0.4959993,0.4472248,0.52655053,0.51579285,0.5247671,0.49806985,0.5193736,0.5157326,0.5533613,0.500108,0.5603414,0.46456915,0.5376261,0.5017887,0.5673498,0.59710014,0.7498926,0.5144731,0.5172879,0.5279809,0.45047227,0.38713282,0.40002128,0.45758644,0.42141908,0.4823026,0.40204763,0.38485426,0.2556574,0.3386111,0.32796955,0.57823867,0.35821924,0.42008385,0.6335482,0.55302936,0.44022512,0.4594717,0.45286757,0.5017096,0.495997,0.43690795,0.43637902,0.40707403,0.45027545,0.53496075,0.37813663,0.50015086,0.54416794,0.5286466,0.50261414,0.4017887,0.5183718,0.3566936,0.42981005,0.42154494,0.49349153,0.5182149,0.5044234,0.57376623,0.6975535,0.57102287,0.4586736,0.3812512,0.3923656,0.41904467,0.44934577,0.49048203,0.414434,0.41607895,0.4233776,0.43601605,0.5455347,0.5422871,0.37981373,0.38247198,0.4222612,0.40442753,0.37489304,0.32137334,0.43376693,0.45360878,0.50159854,0.40470263,0.4238958,0.5042416,0.40282777,0.4683241,0.48193756,0.3816883,0.46003518,0.38414702,0.43217388,0.30856755,0.679919,0.5550431,0.5080577,0.79257417,0.47948045,0.566814,0.5778096,0.47575343,0.36181194,0.5651031,0.57566833,0.5211358,0.51497626,0.4669232,0.37326846,0.3715813,0.30432394,0.58434,0.4165711,0.48598158,0.34806564,0.5467949,0.5486404,0.52743787,0.6019202,0.5569107,0.588317,0.4569751,0.38970393,0.40191105,0.38919914,0.52936685,0.39678538,0.38446105,0.41904044,0.65557754,0.60396737,0.48609498,0.6317944,0.71032995,0.62575895,0.68283975,0.56440055,0.48498422,0.39310005,0.53225106,0.5546604,0.5425341,0.36142284,0.42565387,0.31141868,0.45928344,0.30919713,0.33691952,0.2944367,0.31357467,0.31080115,0.46287614,0.7350976,0.3120748,0.55207074,0.34878242,0.46018466,0.5539319,0.56279784,0.25631535,0.45306632,0.3172485,0.47073296,0.54586667,0.5540523,0.5720184,0.5290669,0.46956354,0.56000316,0.5995499,0.43010607,0.5351866,0.34323466,0.34131885,0.51327276,0.30547705,0.43190223,0.5162938,0.47980416,0.49033776,0.57082707,0.48197827,0.5635457,0.50281644,0.53024805,0.48887083,0.5280813,0.5119866,0.51588553,0.5640062,0.5117564,0.46510506,0.60236955,0.46593595,0.5962243,0.62298244,0.64617336,0.45957753,0.51232684,0.5300445,0.38937435,0.38313964,0.46525684,0.45039797,0.4241326,0.44174218,0.3638277,0.353129,0.26704672,0.31631124,0.32331398,0.6353447,0.38033384,0.38590658,0.64707536,0.51844364,0.4128735,0.44545576,0.4726307,0.5107784,0.4646869,0.4905279,0.4482755,0.41771758,0.43331906,0.4745156,0.37635526,0.4694258,0.6165947,0.63611627,0.52655286,0.4536273,0.49917012,0.34906572,0.32981354,0.401258,0.5218476,0.49101952,0.494905,0.5676835,0.70200217,0.5031091,0.47080398,0.32411915,0.397142,0.5177648,0.48276323,0.5652614,0.58659226,0.46578556,0.45716214,0.46682635,0.48210168,0.5280552,0.530122,0.54481703,0.5267559,0.54360044,0.5421336,0.51844877,0.51401645,0.48652875,0.49713334,0.4942524
545,0.44003868,0.4721683,0.46215752,0.43087637,0.4340695,0.44667023,0.46889833,0.54313564,0.51622593,0.38521698,0.39946178,0.44552758,0.42183468,0.38410988,0.36031798,0.40635324,0.42090324,0.5194955,0.42185742,0.41427204,0.45630065,0.4482912,0.48459372,0.52340084,0.45476273,0.51525795,0.45306084,0.48980346,0.32895213,0.5761451,0.541471,0.47864327,0.617413,0.513586,0.5380533,0.5083426,0.48986116,0.42349854,0.5246652,0.5513696,0.5165192,0.55229235,0.47789055,0.43859705,0.43681094,0.371589,0.57782143,0.38727418,0.45057496,0.3602759,0.54323834,0.566845,0.5253083,0.5595141,0.55642366,0.58052313,0.5174413,0.46609738,0.4200801,0.439268,0.55445504,0.5260439,0.42306355,0.51885647,0.58662766,0.57327485,0.56745964,0.55506605,0.6591055,0.62656623,0.5864781,0.58414936,0.4881765,0.3838339,0.5395957,0.57373184,0.58519423,0.40481058,0.5375307,0.38070658,0.45867434,0.36674586,0.39547706,0.36202464,0.32689804,0.40326518,0.64330345,0.6575044,0.44851375,0.6044907,0.4218839,0.47387195,0.5273917,0.53002036,0.31268054,0.4783259,0.38436815,0.4754618,0.56826365,0.57186085,0.58940154,0.53510463,0.5114187,0.5542075,0.60076284,0.45236132,0.54392296,0.40628532,0.40221494,0.49014655,0.35061762,0.45417124,0.5520211,0.46702236,0.5057055,0.5304372,0.4802495,0.5160848,0.50717,0.5165624,0.4865249,0.5173138,0.52892315,0.5613138,0.51063716,0.54248977,0.4745639,0.54082537,0.5152791,0.56454957,0.5886925,0.7129964,0.5056299,0.52033275,0.5246686,0.45925105,0.4151134,0.42278862,0.47501892,0.4549243,0.48911113,0.41786784,0.4135525,0.29282176,0.35474944,0.35281166,0.60416836,0.41239357,0.4348134,0.61206794,0.5239865,0.43864626,0.4696067,0.4643192,0.4950883,0.48276946,0.4521307,0.42214718,0.40919772,0.46384126,0.53033316,0.386423,0.5098032,0.52690125,0.5173375,0.4973639,0.4368049,0.5257146,0.39185143,0.43597078,0.43023446,0.50809944,0.53750587,0.51872605,0.5748906,0.6647143,0.5609246,0.483365,0.40049782,0.41739324,0.42710793,0.4557044,0.48845124,0.42576432,0.42466027,0.43078327,0.4466759,0.5391426,0.53939533,0.40967578,0.41140875,0.45242196,0.40797117,0.38197932,0.34952703,0.43006936,0.44503683,0.51039594,0.40490532,0.4084634,0.4971305,0.40814963,0.47325546,0.5032503,0.42630646,0.48960215,0.41823867,0.46244338,0.35937408,0.65163356,0.53248686,0.4973407,0.73965734,0.4603607,0.54340655,0.5621465,0.49012014,0.4017047,0.5577304,0.56735474,0.52993613,0.53545755,0.49032182,0.42456916,0.42170364,0.35410374,0.5973909,0.4211212,0.49194086,0.37840617,0.5493638,0.5560388,0.52856755,0.6049512,0.5584715,0.59517944,0.48047504,0.40989742,0.43388218,0.4283291,0.5124722,0.42052764,0.42302677,0.43150902,0.6050529,0.5813664,0.5031818,0.6120828,0.6880718,0.61533785,0.6722274,0.5463318,0.5163896,0.43585762,0.55329484,0.56213206,0.5462205,0.40918252,0.46768898,0.35925257,0.47976893,0.3477743,0.37472075,0.34908444,0.35661665,0.36138678,0.4793222,0.6990746,0.34879234,0.5624642,0.39107427,0.46956828,0.5505239,0.5587992,0.30486757,0.48703754,0.35770112,0.49567434,0.5561699,0.563827,0.5799187,0.537492,0.4992898,0.56286865,0.609436,0.4565348,0.5442753,0.3905675,0.38174194,0.51187104,0.3521338,0.4447117,0.53958875,0.506063,0.51973784,0.58882105,0.5109463,0.550171,0.5028533,0.5222777,0.48921746,0.5257415,0.53151196,0.53137827,0.56870013,0.50188917,0.47269,0.6008919,0.49638203,0.6036681,0.60708153,0.6216119,0.46820104,0.5162185,0.52665436,0.41744313,0.4236096,0.4680092,0.4772903,0.4580498,0.4586109,0.3879504,0.3874816,0.32029083,0.3486156,0.35136056,0.64803255,0.43168864,0.42676166,0.6271761,0.51394415,0.4183479,0.45518115,0.47824615,0.5085131,0.46150804,0.50317186,0.43374893,0.41936386,0.4448967,0.47992054,0.3956813,0.47750297,0.5907704,0.6070755,0.5205316,0.48272547,0.51875865,0.39172167,0.36620474,0.43063447,0.5257585,0.50916964,0.51355493,0.5751629,0.6747384,0.50755274,0.48859823,0.3655393,0.40717244,0.5117216,0.48807764,0.55492127,0.57428163,0.47574997,0.46864256,0.47975576,0.48817542,0.5226978,0.5271481,0.5341379,0.5199049,0.5412297,0.53876936,0.52601343,0.5232778,0.48541275,0.49757496,0.4968741
546,0.45844066,0.47115707,0.46764517,0.4478693,0.45082554,0.4531289,0.4745539,0.5326506,0.5190701,0.4233854,0.4404731,0.48042178,0.42715046,0.3995498,0.38575563,0.40476885,0.42949027,0.52085865,0.41867173,0.4018772,0.44105282,0.46009383,0.47580004,0.5480796,0.49875978,0.5271625,0.4862709,0.51794773,0.38221246,0.5404594,0.5160142,0.47746465,0.5642882,0.47959447,0.5188985,0.50477725,0.52219564,0.47071573,0.5299787,0.5514147,0.53444654,0.5701112,0.5058095,0.49069732,0.49631542,0.43844768,0.5828245,0.3947578,0.45784727,0.41669098,0.53962916,0.5649161,0.52634215,0.5602125,0.55865324,0.5872306,0.5387642,0.48258922,0.46433914,0.48283315,0.53903157,0.51444364,0.44565052,0.5168243,0.5519991,0.55224305,0.5505417,0.5282973,0.63140905,0.5991624,0.5636463,0.5369145,0.5129353,0.41875938,0.54783213,0.5738057,0.55713713,0.45659983,0.54311246,0.42168194,0.4835045,0.40537265,0.42238486,0.4244203,0.37616333,0.4456904,0.62429893,0.6213283,0.4587678,0.5883042,0.44913155,0.47615278,0.5263344,0.5333305,0.36503926,0.5133147,0.41253155,0.48191208,0.5749466,0.57213604,0.5945582,0.5447297,0.5381561,0.55917615,0.61322016,0.4881048,0.55423486,0.46037602,0.45668057,0.49771133,0.40609804,0.47351548,0.5805332,0.5031823,0.54004925,0.56546825,0.5130429,0.5098346,0.5034089,0.5107666,0.48386165,0.5203354,0.5421999,0.56662846,0.5191217,0.5305183,0.49549258,0.5441719,0.5261457,0.5573418,0.5773993,0.6632441,0.50037915,0.52397543,0.5249442,0.478172,0.45745486,0.45448816,0.4945474,0.49896988,0.5056109,0.44432053,0.45863217,0.34469423,0.38129878,0.39023268,0.6258089,0.486969,0.4532317,0.5863909,0.49956498,0.44323993,0.48226067,0.47697175,0.50112075,0.46705237,0.4682993,0.40550208,0.41570526,0.47961673,0.52332306,0.41139236,0.51991856,0.51525044,0.51276064,0.49538916,0.48609468,0.5314492,0.44249398,0.44652852,0.44285113,0.52244925,0.5597032,0.53718764,0.5702217,0.63006,0.5444172,0.51197886,0.4351252,0.45795998,0.45025098,0.46413228,0.4895359,0.44631603,0.44249547,0.44419503,0.46190047,0.53294134,0.53760654,0.45209646,0.45011085,0.49379975,0.41616645,0.3962303,0.38360205,0.43032715,0.43091097,0.51945674,0.40805092,0.39229313,0.4874837,0.4180376,0.47946772,0.53321415,0.48491165,0.52825475,0.46544772,0.503514,0.41865563,0.6135079,0.51867527,0.4852993,0.67569697,0.44602206,0.52000475,0.5468389,0.51372755,0.45599917,0.5536077,0.55998045,0.54328525,0.55685276,0.51901704,0.48922524,0.48699558,0.41724706,0.6026732,0.428051,0.49811515,0.4108393,0.5477987,0.55860627,0.5294972,0.6009865,0.5623122,0.59503615,0.51449406,0.4403615,0.4792351,0.4800651,0.5075161,0.45021695,0.4641175,0.4568361,0.56093603,0.5652827,0.5177862,0.5878222,0.66265136,0.59846276,0.6548748,0.5249033,0.5498556,0.48200774,0.58106107,0.56542003,0.5387597,0.4658132,0.5192473,0.42559186,0.50846475,0.40500525,0.41457677,0.42108873,0.3991048,0.4298954,0.501599,0.6559589,0.3953958,0.56606185,0.43612328,0.48278213,0.54412735,0.5557274,0.3698149,0.52517766,0.40326753,0.51465,0.56692356,0.56809056,0.5854098,0.5493503,0.5364949,0.5673931,0.61632466,0.48794547,0.55327594,0.4532083,0.43461272,0.51453495,0.41176566,0.46980768,0.56827414,0.5350987,0.5474794,0.5981219,0.53330296,0.5364034,0.50659907,0.5174437,0.49469954,0.52487993,0.5552831,0.5466939,0.570611,0.49582517,0.4844362,0.600964,0.53069884,0.6077793,0.58866525,0.59214216,0.47962037,0.519669,0.52578616,0.45966235,0.4745377,0.46868056,0.5133342,0.501504,0.48588815,0.42248288,0.43387228,0.38135666,0.3860184,0.38653854,0.65103805,0.49432406,0.4681622,0.60160583,0.5045126,0.43251792,0.46855533,0.48245883,0.51269245,0.45911342,0.51295847,0.41586593,0.423962,0.45701605,0.48519337,0.42821056,0.48535287,0.56515807,0.57877886,0.5164183,0.5205599,0.53755015,0.44788808,0.40898302,0.45573607,0.5301769,0.5328169,0.53772575,0.5787448,0.6433677,0.5076541,0.51017016,0.42232403,0.43290415,0.51176566,0.49869433,0.54386663,0.5625798,0.4936171,0.4871052,0.49730882,0.4998148,0.52031004,0.52668476,0.5246654,0.514804,0.5393267,0.53582674,0.5390309,0.53770536,0.49217966,0.50281847,0.5031983
547,0.49045953,0.47478887,0.4817303,0.4733066,0.47517896,0.46664727,0.48210928,0.52967834,0.5283994,0.46984637,0.49005175,0.52021086,0.437838,0.4250095,0.4185324,0.41023374,0.43950266,0.5265296,0.42278886,0.39179465,0.42964014,0.4753777,0.475059,0.5811831,0.5452842,0.53802,0.5274559,0.55067444,0.4472928,0.5142459,0.51094306,0.4793003,0.52706593,0.45684725,0.50635815,0.5118975,0.56348157,0.52855647,0.5443308,0.55752647,0.55922997,0.5908765,0.5390786,0.5483163,0.56189144,0.5139789,0.5865579,0.41013497,0.47101668,0.47811174,0.5381531,0.5623993,0.53307164,0.5614769,0.5667568,0.5920243,0.56594706,0.5081719,0.51859397,0.53360325,0.5341272,0.5126474,0.4713558,0.5321855,0.5352217,0.5446004,0.53368366,0.51122886,0.60618293,0.5650545,0.54189587,0.5056939,0.54193366,0.45726475,0.5531969,0.5669335,0.5271072,0.51433533,0.54555,0.47574484,0.51173276,0.45550346,0.45877907,0.49587357,0.43097386,0.492649,0.6013978,0.58862567,0.47019744,0.5640344,0.47559774,0.4862739,0.52546865,0.53655946,0.42802864,0.55418473,0.44891468,0.49534604,0.58340937,0.5761685,0.6013454,0.56221676,0.5701516,0.57091093,0.62752324,0.5283804,0.56764144,0.52068865,0.5184668,0.5118469,0.46771914,0.5011846,0.6104608,0.5437863,0.57343715,0.59854496,0.5431368,0.5098252,0.50743264,0.5107823,0.49523914,0.5299227,0.5570493,0.5749412,0.530322,0.53004295,0.5268054,0.55191344,0.5361194,0.54698837,0.5662207,0.60928875,0.49992216,0.527276,0.52934194,0.5051848,0.5079758,0.49130267,0.5181395,0.548783,0.53350407,0.48166138,0.5153796,0.40620536,0.41815853,0.43850732,0.64397985,0.56787264,0.47307855,0.56247276,0.48705518,0.4569527,0.49881145,0.49249384,0.52149564,0.4533987,0.48374218,0.39169696,0.4292164,0.4982619,0.5155971,0.45168674,0.53165483,0.5125297,0.51755863,0.49698088,0.5427981,0.5415719,0.5011883,0.46256393,0.45900288,0.53556764,0.585606,0.56358224,0.5671104,0.6026136,0.5244434,0.54327375,0.47971794,0.5072889,0.48668265,0.47504833,0.49778587,0.47487238,0.4684751,0.46254566,0.48103023,0.5321631,0.5415937,0.5024432,0.49540854,0.54140764,0.43026114,0.41942897,0.42174366,0.43650526,0.4151926,0.5289394,0.41504887,0.3783533,0.47710532,0.4319167,0.489342,0.5705401,0.5479468,0.56818473,0.51989037,0.55097365,0.47877303,0.57527655,0.5229473,0.47568575,0.6173914,0.44374993,0.5044372,0.539412,0.54569715,0.5167495,0.5580954,0.55819046,0.5627972,0.5781365,0.55071867,0.5556316,0.55561715,0.4840671,0.60190135,0.438748,0.50469327,0.44238767,0.54669595,0.5595245,0.5352632,0.5926369,0.5710427,0.59341455,0.5549735,0.47777075,0.53110766,0.5376364,0.5148536,0.48193163,0.50111485,0.49112228,0.53586364,0.5620225,0.52822363,0.56624275,0.6384028,0.57978225,0.6330429,0.50666887,0.5799401,0.5252314,0.6104341,0.56539065,0.52365494,0.5236996,0.5737289,0.500037,0.5439479,0.47307187,0.45264786,0.49776107,0.43410847,0.50208354,0.5265735,0.61549413,0.44267705,0.56126297,0.47421342,0.4984462,0.53682077,0.55245006,0.44356024,0.5627152,0.45049095,0.5258002,0.5811908,0.57276124,0.5911941,0.56778,0.5793271,0.57850116,0.62214714,0.52289075,0.5654208,0.521166,0.4927602,0.5226232,0.47337028,0.5030619,0.59942555,0.5666328,0.57288426,0.6008964,0.5480929,0.5261572,0.5165248,0.5198942,0.5092128,0.5276941,0.58141434,0.5658427,0.5740619,0.49766192,0.5009771,0.6055321,0.56500816,0.6080165,0.5723847,0.56366205,0.49344626,0.52244747,0.52862704,0.5101282,0.5277465,0.4685151,0.55462646,0.54838574,0.5224345,0.46637413,0.48601612,0.4421433,0.42722398,0.42556828,0.64714164,0.55692595,0.50338864,0.57810265,0.4959213,0.45629036,0.48632616,0.48642144,0.52550906,0.45833108,0.5191755,0.39810005,0.43342042,0.47056067,0.49396124,0.47386304,0.494104,0.5447005,0.5587022,0.51411635,0.5628835,0.55808306,0.5093794,0.45221266,0.47404698,0.534423,0.5633936,0.5694149,0.58388084,0.6153822,0.50309825,0.53378856,0.4835801,0.47014093,0.51817185,0.51392704,0.5345887,0.55409837,0.51679075,0.5102547,0.5166174,0.5151891,0.52188,0.5298253,0.52040786,0.5153064,0.5383841,0.5344546,0.5566891,0.555762,0.50645775,0.51268023,0.5133641
548,0.5314821,0.484907,0.5040953,0.50499403,0.5054348,0.48696256,0.49198171,0.53653014,0.5456972,0.520301,0.54410076,0.5606426,0.45412353,0.4598,0.4568043,0.4229757,0.45139435,0.53766036,0.43540132,0.3863427,0.42410797,0.49475682,0.48440903,0.61876744,0.5898567,0.54604894,0.5718775,0.5874748,0.51536,0.50105786,0.5275467,0.4838289,0.51203924,0.4497257,0.5011826,0.53101754,0.6090449,0.5889743,0.56838375,0.5708825,0.58943707,0.613927,0.5750639,0.60264546,0.6233128,0.58722955,0.5906943,0.43288526,0.4878808,0.537898,0.5424563,0.56318533,0.5472943,0.56550527,0.58124727,0.59806997,0.59538704,0.5410819,0.575406,0.5850717,0.5382427,0.51929706,0.49774572,0.5620249,0.53717095,0.5501494,0.51727736,0.5067419,0.5851865,0.5270672,0.52261555,0.49385178,0.5705295,0.49641857,0.5552767,0.5525737,0.49924666,0.5711933,0.54523385,0.53755194,0.54099584,0.5116559,0.5016353,0.56454456,0.4842182,0.5365773,0.5755663,0.5629713,0.481516,0.53339493,0.49743533,0.5034123,0.5252731,0.5378332,0.49584332,0.5961786,0.49093527,0.5138406,0.59557414,0.5874043,0.61156464,0.58758914,0.60555524,0.5903572,0.6439604,0.57054347,0.58592904,0.57824665,0.5782981,0.5319503,0.5257727,0.53215355,0.6383938,0.5853659,0.6048473,0.62803435,0.5693794,0.51548046,0.5191891,0.5179954,0.51986605,0.5457724,0.57412016,0.5886253,0.54680073,0.54115707,0.5653018,0.5657544,0.5462903,0.53467435,0.5567049,0.5586113,0.5043999,0.5299617,0.5373349,0.53789777,0.5606551,0.53004605,0.5462216,0.5991822,0.5713192,0.52700037,0.5763758,0.47134224,0.46398148,0.49414772,0.6591189,0.6410718,0.49194658,0.54324317,0.48777136,0.47846204,0.518718,0.51101005,0.55295765,0.44453198,0.4980203,0.38394454,0.45002007,0.519019,0.508663,0.502486,0.5459469,0.51858413,0.53112775,0.50186974,0.59909874,0.55883324,0.55936104,0.48300675,0.47782153,0.54651433,0.61345774,0.59737736,0.57030165,0.58641154,0.5037055,0.5757399,0.52755135,0.5581344,0.53116214,0.48782763,0.5134145,0.5082208,0.49968335,0.48364446,0.50218266,0.53886735,0.55311,0.55389917,0.5428712,0.5889164,0.44931737,0.4521344,0.46301532,0.4477092,0.4011995,0.5388246,0.4252233,0.36810857,0.46753764,0.44840786,0.5038354,0.6109418,0.6058091,0.60257286,0.57537293,0.5995557,0.53397965,0.5442003,0.5470518,0.47129893,0.57724744,0.45741835,0.500879,0.5430014,0.58292794,0.5756476,0.57293856,0.5637651,0.5875022,0.5990667,0.58196574,0.613498,0.6168828,0.54481083,0.59749717,0.45251364,0.5104157,0.47171968,0.54944164,0.5619072,0.5479473,0.5833447,0.5849541,0.59366995,0.59695745,0.5188619,0.58193827,0.5931637,0.5322618,0.5129109,0.5306867,0.5297401,0.5333808,0.57334954,0.5340652,0.5517062,0.6176631,0.5628083,0.608903,0.49563584,0.6038242,0.5614029,0.63661796,0.56336176,0.5051265,0.5761101,0.6251534,0.57105064,0.5834734,0.54272276,0.4869926,0.56702286,0.45992172,0.564989,0.5514605,0.58432305,0.48332584,0.54883945,0.5009222,0.5158843,0.530423,0.54825383,0.51688886,0.5955679,0.49754873,0.52988505,0.5993436,0.58125144,0.5989865,0.59284997,0.6241365,0.5971199,0.6279086,0.5593259,0.58162457,0.5837359,0.5487875,0.5358714,0.5278291,0.539268,0.6291638,0.59879565,0.59571016,0.59978443,0.5562842,0.52103615,0.5328962,0.5309714,0.5324934,0.53490704,0.60830635,0.58984935,0.58170474,0.5074873,0.5211837,0.61573905,0.5964094,0.604403,0.5606426,0.5395456,0.50955856,0.5247336,0.5351393,0.5622549,0.5768871,0.46901745,0.59652,0.59291637,0.56498015,0.51601225,0.53746295,0.49756065,0.4716214,0.46599483,0.6385819,0.6104531,0.52923286,0.5610602,0.49168822,0.4873634,0.5073533,0.49043992,0.5453508,0.45961767,0.5226036,0.38304558,0.44806722,0.48561794,0.50870895,0.5291293,0.5045084,0.53171605,0.55007714,0.51366955,0.60478383,0.58119744,0.5679074,0.49143013,0.4862194,0.53804463,0.5988225,0.6072121,0.5937049,0.5952132,0.49491546,0.5574674,0.5396491,0.5136383,0.5302328,0.53283906,0.5285273,0.54998344,0.54218626,0.5355085,0.5354294,0.5322868,0.5270857,0.5364233,0.52321845,0.5230612,0.5385077,0.5348241,0.57687366,0.5752477,0.5259339,0.5258723,0.5265205
549,0.573869,0.5003081,0.5312523,0.53864664,0.53804225,0.51188695,0.50379395,0.5513561,0.56945294,0.5690527,0.5964835,0.59553343,0.47459698,0.5026066,0.49982017,0.44125867,0.46637103,0.552886,0.45601562,0.38688338,0.42458627,0.51802003,0.50136316,0.6565569,0.6274661,0.54936767,0.61376274,0.62548685,0.57923937,0.5004101,0.56062555,0.4913104,0.5165977,0.45922384,0.5027697,0.55887896,0.652414,0.6436391,0.5984605,0.589685,0.6216409,0.6368282,0.60888356,0.6461079,0.67305213,0.6507871,0.5949064,0.46110255,0.5054853,0.5924578,0.5534821,0.5686616,0.56796265,0.57263494,0.5998174,0.6054011,0.62175125,0.57715565,0.6267873,0.6299712,0.54735297,0.53130925,0.5241762,0.59883267,0.5520667,0.56441075,0.5023635,0.51387024,0.56706303,0.48947644,0.5066272,0.49907735,0.59471893,0.5356234,0.55294436,0.53237265,0.47787032,0.6217631,0.54147005,0.599816,0.56869614,0.56773114,0.54835576,0.62125736,0.5319988,0.5716943,0.5469045,0.5437197,0.49371845,0.50015104,0.51401955,0.52617544,0.5263083,0.5362844,0.56317604,0.63432014,0.5360951,0.5351851,0.61118275,0.6053124,0.6251834,0.6181919,0.6419706,0.61599493,0.66143155,0.61215436,0.6086243,0.6248537,0.62824774,0.55553234,0.5741761,0.5611991,0.660285,0.62422884,0.63410956,0.6528703,0.5922056,0.52499163,0.5367465,0.531634,0.552365,0.5663692,0.5911735,0.608672,0.5681189,0.5597563,0.6069303,0.5832249,0.5554932,0.5220997,0.5485175,0.51494944,0.5139483,0.53263056,0.54778993,0.5732248,0.61037487,0.56883794,0.5765343,0.6442413,0.6131022,0.57532436,0.6340813,0.53640604,0.51757056,0.5535919,0.67056656,0.69776905,0.5099912,0.528667,0.5007583,0.5038463,0.5402814,0.5318227,0.5903788,0.44079077,0.51176167,0.38420418,0.4762315,0.54126567,0.50435555,0.5576517,0.56258196,0.5307244,0.55092216,0.5094543,0.6487577,0.5832773,0.6092063,0.5068191,0.5003853,0.5542736,0.6419513,0.6362601,0.5814594,0.5789061,0.48535547,0.6075635,0.57188946,0.60360163,0.57579494,0.50127214,0.5335413,0.5417589,0.5317741,0.5051683,0.5234283,0.55190295,0.5712336,0.59926856,0.5873808,0.6276583,0.4715928,0.49388552,0.5079294,0.46210578,0.39315063,0.54796356,0.4387492,0.36342886,0.46016574,0.4665288,0.52152747,0.6505528,0.65108585,0.62506104,0.62549675,0.6423385,0.5827046,0.5230864,0.58581656,0.47397372,0.55591065,0.48770648,0.51008606,0.555711,0.62044483,0.62645626,0.5952665,0.57543457,0.6139583,0.61915994,0.60818577,0.6562779,0.66474634,0.59536475,0.5917063,0.46852496,0.51481664,0.5005315,0.55753505,0.56762725,0.5668549,0.5758062,0.60188264,0.59564596,0.63459516,0.5601278,0.6251047,0.6393293,0.55511117,0.5414996,0.5527225,0.5675612,0.54899955,0.5951802,0.53659964,0.54486537,0.59856033,0.5493313,0.5821323,0.4933888,0.619331,0.58894086,0.6526445,0.5606756,0.4884158,0.6188183,0.6664025,0.62972033,0.6219348,0.60576665,0.5182757,0.62128633,0.47957548,0.6105342,0.5737329,0.5630971,0.51434773,0.53132766,0.5170911,0.5345372,0.5262273,0.5425779,0.58302486,0.62163013,0.5444624,0.5297818,0.6193264,0.5938004,0.6097018,0.6225454,0.6674805,0.6219902,0.6340947,0.5949101,0.60178417,0.6323677,0.59662986,0.5523667,0.57077247,0.57332724,0.6530913,0.6285041,0.61629117,0.5973196,0.5611288,0.5209163,0.55421007,0.54883504,0.56073046,0.54596764,0.6318847,0.6189642,0.5930283,0.5235753,0.544712,0.62799937,0.6204016,0.5962136,0.5526483,0.5205889,0.52843434,0.52686954,0.5442169,0.60971415,0.6179929,0.47247103,0.63235843,0.62940514,0.6078567,0.5670524,0.5846812,0.5473734,0.5196947,0.50781906,0.62694097,0.6505248,0.5461292,0.5508348,0.4945719,0.52179974,0.52949744,0.4953679,0.56982934,0.4626373,0.5247415,0.3738456,0.4675368,0.5027111,0.5304285,0.5881514,0.5173941,0.52586627,0.5516493,0.5144071,0.64146465,0.6064443,0.6168964,0.52536166,0.49584678,0.54049534,0.63662696,0.648881,0.6089994,0.5819049,0.48631224,0.5797023,0.5842416,0.55745465,0.545637,0.5533869,0.5257621,0.54931873,0.5663044,0.55981,0.55177844,0.5487683,0.534586,0.5448931,0.53256285,0.5373375,0.5391505,0.53624594,0.59620583,0.59317803,0.5475792,0.5404486,0.5409197
550,0.60933936,0.5185768,0.5595552,0.5696494,0.5688551,0.53824633,0.5168178,0.57148033,0.59720695,0.6094446,0.6395777,0.61956567,0.4978039,0.5490065,0.5451003,0.46367788,0.48537838,0.5695821,0.48277035,0.39433703,0.4306297,0.5431683,0.5220654,0.68980545,0.6533518,0.5475215,0.6466232,0.6592359,0.6331357,0.5100343,0.60154074,0.50148654,0.53418577,0.48357084,0.50997394,0.5905323,0.68630934,0.685012,0.62825716,0.610724,0.65049917,0.655429,0.6352518,0.67357785,0.7058803,0.7002631,0.59860694,0.49153078,0.521372,0.63891697,0.5716093,0.579225,0.5932207,0.5831027,0.61898607,0.6134973,0.64004993,0.6109706,0.6649488,0.6613265,0.5571949,0.5450962,0.55020183,0.6329023,0.57187986,0.5814078,0.4915128,0.5294998,0.54993236,0.45833847,0.49548754,0.51691985,0.6118223,0.57407963,0.5459499,0.5099326,0.46735618,0.661938,0.5336677,0.6543091,0.5921426,0.617342,0.5952932,0.65984005,0.57180876,0.5938443,0.51723564,0.52909124,0.50857496,0.46978006,0.5253613,0.5520753,0.5287854,0.53188807,0.6239254,0.6641252,0.5808203,0.5568898,0.62826407,0.6275075,0.6411684,0.65003186,0.6755289,0.64471686,0.67696476,0.64982724,0.63350827,0.6543683,0.6624818,0.5788235,0.608745,0.58358353,0.67213005,0.65574527,0.66066724,0.67244923,0.6129034,0.53638923,0.5569432,0.54977775,0.58588755,0.5893559,0.6051467,0.63405585,0.59230375,0.5805977,0.64670867,0.60071474,0.5625362,0.5118103,0.54143107,0.4809557,0.52828884,0.53559643,0.5589731,0.6066492,0.65204537,0.6053967,0.60499275,0.677706,0.6500083,0.62028104,0.68131196,0.5975174,0.5755055,0.6114274,0.6774597,0.73364663,0.528204,0.5182663,0.5243749,0.529271,0.5613184,0.55335116,0.6283428,0.44228172,0.52550197,0.39319304,0.5041282,0.56379145,0.50393325,0.60952806,0.5800483,0.5454298,0.5732215,0.51824677,0.68655366,0.6133703,0.6442219,0.5329225,0.52741414,0.5586817,0.66920584,0.6755681,0.5998594,0.57609236,0.47266063,0.63544965,0.6060014,0.6369689,0.6124112,0.5143111,0.55553484,0.5711938,0.5601391,0.52485037,0.54278624,0.5697842,0.59425944,0.6321124,0.6235201,0.65076643,0.4956141,0.5407401,0.55492324,0.47917357,0.39540175,0.55509263,0.4558922,0.36653903,0.45612204,0.48503312,0.5399268,0.6849409,0.6784789,0.63156384,0.6640297,0.67223406,0.6247962,0.51245564,0.6303296,0.48368534,0.54853994,0.5308979,0.5299714,0.57450444,0.6517774,0.66390955,0.6198635,0.5909717,0.6374545,0.6362617,0.62524766,0.6805224,0.695898,0.6349119,0.5871268,0.48601967,0.5185846,0.53097147,0.5723117,0.5781363,0.5905326,0.5730674,0.61871344,0.5987977,0.66208106,0.5969842,0.6548487,0.6700193,0.5771353,0.56516534,0.5676561,0.59865004,0.5751787,0.6206024,0.53769356,0.5449638,0.57855093,0.5403947,0.5526221,0.49982256,0.6249206,0.607044,0.6527181,0.55831933,0.47848442,0.64945406,0.6914123,0.6708837,0.6534274,0.6554821,0.5472043,0.6562999,0.49639088,0.6346311,0.59061456,0.55019,0.53493476,0.512527,0.5246096,0.55319756,0.5249084,0.5353499,0.63704264,0.6398322,0.5895647,0.5289412,0.63796246,0.6094954,0.62338036,0.6532724,0.70451397,0.6500628,0.64024204,0.6267207,0.62448716,0.661505,0.6312024,0.56922626,0.5995811,0.6003529,0.6669678,0.65144545,0.6350102,0.59680015,0.5673151,0.52510035,0.5776571,0.5701258,0.5893024,0.5594497,0.6476556,0.6513906,0.6063857,0.5435197,0.57086116,0.6373022,0.6332033,0.583488,0.5468426,0.5068563,0.5499262,0.52897465,0.5540705,0.64704204,0.6481817,0.4809873,0.65597016,0.65292645,0.6437296,0.6141704,0.6246585,0.5921568,0.570002,0.5501759,0.61490357,0.67494273,0.5558129,0.5464143,0.5064532,0.5553429,0.55047363,0.5021464,0.5967382,0.46703422,0.5267701,0.3731574,0.49030656,0.52159303,0.5577594,0.6432865,0.53271925,0.52580297,0.56014526,0.5148299,0.66850364,0.6326844,0.65119064,0.5535926,0.5064432,0.5412621,0.6729373,0.6896536,0.62863225,0.5727724,0.48098928,0.5984885,0.61320925,0.5942322,0.56054837,0.57219815,0.525977,0.5506269,0.58519644,0.57944554,0.56341356,0.5617788,0.54227567,0.5529062,0.5467536,0.5560074,0.5392376,0.53770536,0.61076707,0.6062584,0.56819254,0.5542421,0.5541986
551,0.6324533,0.53786916,0.58626896,0.5947065,0.59449464,0.562975,0.5302632,0.5942461,0.6257822,0.63651633,0.6677154,0.6310309,0.5226741,0.59211886,0.58763075,0.49002326,0.508578,0.58505446,0.5127761,0.4096552,0.4421006,0.56703246,0.543648,0.713694,0.66498387,0.54228413,0.6654018,0.6832234,0.6727394,0.52662355,0.6403097,0.51394403,0.55679786,0.5185403,0.5212119,0.6215624,0.7054217,0.7087436,0.6520189,0.6303921,0.6708329,0.66569906,0.65056473,0.6835433,0.71926606,0.7333975,0.6015766,0.52100253,0.5345737,0.6748915,0.5957141,0.59382653,0.6204184,0.59643775,0.63520473,0.62165326,0.64827096,0.6386909,0.6851438,0.67499,0.5650506,0.55767256,0.5752371,0.6558633,0.58950603,0.5963938,0.48796204,0.5494056,0.5336812,0.43991348,0.4912762,0.5423176,0.6208067,0.6102906,0.53650063,0.49050874,0.4708075,0.6897045,0.52351123,0.6950109,0.60952884,0.65638417,0.6380887,0.6781016,0.60227984,0.601263,0.49107063,0.51825285,0.5270325,0.44791836,0.5317746,0.5781356,0.5324984,0.5260787,0.67281735,0.6826368,0.6209928,0.5761824,0.64324135,0.65004873,0.6568702,0.6782986,0.70138144,0.6716859,0.68635255,0.6796396,0.65674394,0.6642609,0.6787928,0.59817475,0.62727314,0.59629387,0.6712186,0.67572093,0.6826337,0.6860415,0.63239115,0.5480477,0.5761967,0.5700589,0.6145046,0.61180127,0.61392426,0.66059667,0.6163659,0.5985683,0.6790985,0.61533815,0.56742924,0.5067108,0.536097,0.45913395,0.5465168,0.53856426,0.5687465,0.6334945,0.6821377,0.63686544,0.6274254,0.6954533,0.67464924,0.6555998,0.71271706,0.65048444,0.6318152,0.6610194,0.6787118,0.74811167,0.5473203,0.5122504,0.5554659,0.5524974,0.5795427,0.57321817,0.6612011,0.4499384,0.5395059,0.4108235,0.52986974,0.58406276,0.5077789,0.6508622,0.5958259,0.5596206,0.5943537,0.526356,0.70916593,0.6453183,0.6611849,0.559944,0.5584403,0.5605478,0.69183314,0.70873,0.6221107,0.5749595,0.46835998,0.6556305,0.625339,0.65402055,0.63595045,0.5265859,0.5777546,0.5938848,0.58156043,0.5411778,0.5586065,0.59112746,0.6195167,0.649209,0.64790595,0.6566641,0.5202925,0.58582485,0.5996866,0.49965137,0.4112401,0.55970424,0.47644147,0.37935066,0.45640823,0.5028372,0.5569662,0.7093424,0.68603736,0.62282294,0.68691653,0.68520117,0.65978706,0.5120452,0.67067677,0.49962822,0.54979795,0.57963854,0.5560781,0.5968328,0.6715025,0.6847564,0.6417546,0.6077383,0.6538807,0.6474057,0.6311009,0.68583304,0.70900744,0.663387,0.5857529,0.5046229,0.5231437,0.56379426,0.5936966,0.593412,0.61671543,0.5770709,0.6325589,0.6028595,0.6760648,0.6256713,0.6677338,0.6820032,0.5926168,0.5820811,0.5771493,0.61829495,0.60423386,0.64355314,0.5399216,0.55126154,0.5577389,0.5376636,0.5234587,0.51437974,0.6214296,0.61688995,0.6361302,0.55810034,0.47949138,0.6680311,0.69786894,0.6941484,0.6743549,0.6891892,0.57455873,0.6713156,0.5135847,0.6372842,0.6011952,0.5442171,0.5460227,0.49697018,0.52617663,0.5712494,0.5265392,0.52824336,0.676981,0.64981776,0.6298228,0.53118354,0.6518574,0.6263447,0.6382922,0.6805244,0.7298514,0.67639345,0.6444192,0.6518565,0.64642644,0.6696253,0.6504126,0.58361405,0.613502,0.6172653,0.6679246,0.6637031,0.6511394,0.6007163,0.5785747,0.53267145,0.5997862,0.5912655,0.61436665,0.57334805,0.65323645,0.68212533,0.6198506,0.56381106,0.5969401,0.640085,0.6342741,0.56854147,0.5423507,0.4984771,0.5734635,0.53133744,0.56281614,0.6713889,0.6665745,0.49567497,0.6646261,0.6613833,0.66686153,0.6520192,0.65419245,0.63203657,0.61909366,0.59008795,0.6050364,0.6834261,0.5615027,0.5473626,0.52782845,0.584667,0.56825787,0.511114,0.6225484,0.47327402,0.52931154,0.38256013,0.51402026,0.54054606,0.5873213,0.6875064,0.5491127,0.5298045,0.5720677,0.5134287,0.6830554,0.65776855,0.6689834,0.57609016,0.5216203,0.54022956,0.7024588,0.722491,0.64942974,0.5657836,0.48212132,0.611416,0.6253952,0.61791897,0.57087934,0.5857939,0.52884114,0.5526838,0.5960359,0.591641,0.56902695,0.56920373,0.5481686,0.55850244,0.5635649,0.5761595,0.53779227,0.53832304,0.61768687,0.61224145,0.58507967,0.5655805,0.5643907
552,0.64266187,0.55797744,0.6096073,0.6127496,0.6136174,0.58458865,0.54412264,0.61637837,0.65142703,0.64973027,0.67986846,0.63206553,0.5488356,0.6265027,0.62254995,0.5209094,0.53520894,0.5972862,0.54383916,0.43446875,0.4597895,0.58742404,0.5648513,0.72553605,0.66338134,0.5371787,0.66904914,0.6951385,0.6966267,0.5471767,0.6688193,0.52967197,0.57722956,0.55916846,0.5355039,0.648695,0.70879996,0.7148643,0.6672093,0.645885,0.68090963,0.6665618,0.6546322,0.6784739,0.7138625,0.7495653,0.6040933,0.54831094,0.5454351,0.6991306,0.62198305,0.60977745,0.64586896,0.6109926,0.6460973,0.62869257,0.6480235,0.65904635,0.6878173,0.67183566,0.570425,0.5684417,0.6000926,0.66371095,0.60066193,0.60713285,0.49482715,0.57035714,0.5211098,0.43904868,0.49658597,0.5704037,0.62288815,0.6433413,0.52917355,0.48026818,0.4895337,0.70530087,0.5156568,0.7197464,0.6210152,0.6841675,0.67358255,0.6781959,0.6243306,0.59600186,0.47431093,0.5120028,0.54953843,0.43938646,0.5351652,0.6019692,0.5371855,0.52243865,0.7076868,0.68929785,0.6544242,0.5914691,0.65300244,0.6684276,0.6688525,0.6989256,0.7164426,0.6922266,0.6869479,0.6990375,0.67454576,0.6564575,0.67941034,0.6117134,0.6315095,0.5997096,0.657948,0.6832339,0.6973216,0.6925996,0.65005535,0.55901605,0.5918043,0.5903406,0.63513535,0.63058233,0.6169268,0.6829912,0.6370683,0.6097226,0.6996041,0.62543464,0.5712294,0.50972724,0.53370005,0.45162398,0.56736046,0.54132193,0.5750965,0.6504255,0.69964534,0.6604956,0.6416808,0.6973318,0.6844842,0.67729056,0.7261711,0.69266385,0.6805569,0.6973966,0.6736672,0.74325275,0.5686557,0.5121814,0.5897893,0.57337177,0.5935624,0.5896081,0.6838834,0.465255,0.5540555,0.4371676,0.55220276,0.59956807,0.5169955,0.6783665,0.6074226,0.571355,0.6123055,0.5325493,0.7164963,0.6737616,0.66141546,0.58684176,0.59274864,0.56096435,0.7067112,0.73076445,0.6433542,0.57372296,0.474865,0.66622937,0.6302529,0.65546304,0.6463062,0.5388933,0.59874487,0.60938805,0.5955862,0.55469453,0.5709106,0.6134626,0.6430672,0.6520222,0.66050625,0.64874136,0.54520714,0.6234479,0.6380236,0.52433205,0.44170842,0.56225485,0.500598,0.4033442,0.46274,0.52066773,0.5718614,0.72113264,0.6761057,0.6047125,0.6936997,0.68189543,0.6871785,0.5220187,0.69945014,0.5226239,0.555352,0.62667644,0.58393407,0.6197816,0.6781213,0.68958175,0.65820634,0.62285596,0.661888,0.65142494,0.6268419,0.67528874,0.70502293,0.6807749,0.58819145,0.5249212,0.5302102,0.59760696,0.6184903,0.6112248,0.6418879,0.5869752,0.6419214,0.6074896,0.67730415,0.64514303,0.66424155,0.6765276,0.5989856,0.5943591,0.5857607,0.6258827,0.6302334,0.6606791,0.54730713,0.56398904,0.53973836,0.54393244,0.50126255,0.53703785,0.6130334,0.623023,0.6080689,0.56337595,0.49514663,0.67696697,0.68771017,0.7025793,0.6846797,0.70831275,0.60250896,0.6695275,0.5358158,0.6233058,0.6080594,0.5444653,0.5512793,0.4893935,0.5270219,0.5891499,0.53099704,0.5250496,0.70423496,0.6524949,0.66389436,0.5412183,0.6589523,0.64148754,0.651713,0.70094573,0.7407548,0.69628555,0.6448198,0.6687764,0.66395944,0.65975547,0.6566169,0.5936626,0.6160228,0.62440026,0.6562236,0.6646558,0.66296023,0.60900146,0.5954426,0.54261404,0.61804676,0.6096858,0.6337767,0.58541125,0.6490289,0.70558304,0.6313196,0.58068883,0.61907786,0.6352127,0.6264548,0.55608577,0.53908193,0.4959755,0.5986988,0.53482425,0.56907743,0.68274003,0.67468,0.51624006,0.6596799,0.65659225,0.6757765,0.67746675,0.67135924,0.6672869,0.6639093,0.62401134,0.5983935,0.67838174,0.56875837,0.5548946,0.55843663,0.60847163,0.5818265,0.52243584,0.6423444,0.48300108,0.5329865,0.40318388,0.5372693,0.5578426,0.6160434,0.7171057,0.56490445,0.53569597,0.58479786,0.50949824,0.6850262,0.6791013,0.67304397,0.5947755,0.54597276,0.5377527,0.72139966,0.74208635,0.6674874,0.5603897,0.49237564,0.61700124,0.6242686,0.6271479,0.57403356,0.5922815,0.53354424,0.5542708,0.59899193,0.596478,0.5697395,0.57122546,0.5514892,0.56109273,0.58071715,0.59503186,0.53479093,0.5377787,0.6167452,0.61125684,0.59695804,0.5739436,0.5710825
553,0.643697,0.58013344,0.62918115,0.6250094,0.627446,0.60391575,0.55970716,0.6344521,0.671208,0.65323824,0.6794133,0.6275531,0.5768345,0.650771,0.6480038,0.5568478,0.5630835,0.60549814,0.5755161,0.47060302,0.48498428,0.60463035,0.58564174,0.72613734,0.65330553,0.53604007,0.6610406,0.6967928,0.7068061,0.56993926,0.6836692,0.5508115,0.59136105,0.60136914,0.5529722,0.6698516,0.6997368,0.70696884,0.6747709,0.6562464,0.683596,0.66049165,0.65118945,0.6641233,0.6929953,0.7491596,0.6066022,0.573878,0.55394685,0.7113123,0.64544195,0.62419075,0.66610116,0.62497485,0.6513135,0.6337974,0.64329493,0.67250717,0.67840505,0.65807164,0.57428914,0.5795695,0.6273575,0.65756416,0.6044752,0.6137386,0.5139279,0.59154,0.51625717,0.45744684,0.513631,0.5970076,0.6217665,0.6735579,0.52904457,0.48412454,0.52235323,0.7106369,0.51592356,0.7297469,0.62905204,0.70234823,0.70092183,0.6657893,0.6414458,0.5842112,0.47124258,0.5119379,0.57650733,0.44733194,0.5393095,0.62222385,0.54271865,0.5255845,0.7294954,0.6857646,0.6820764,0.60343415,0.6573504,0.68006486,0.67521876,0.7104589,0.7211738,0.7042985,0.67975074,0.7082625,0.6854814,0.63739836,0.67064,0.61996025,0.62808585,0.59800756,0.6369526,0.6818549,0.70298195,0.6912817,0.6636603,0.56909937,0.6029304,0.60939515,0.6485435,0.64314085,0.61556816,0.6980422,0.6527399,0.61272657,0.7062219,0.6310572,0.5758834,0.52305466,0.5352575,0.45921192,0.58917314,0.54420483,0.5767853,0.6560178,0.7053073,0.67424643,0.648945,0.68699884,0.681706,0.6850045,0.72244054,0.72397685,0.71857506,0.7188279,0.6634128,0.72294086,0.5942353,0.5203895,0.62360525,0.59329087,0.6039657,0.6027179,0.6936421,0.489192,0.5691736,0.4721109,0.57324857,0.6096886,0.5339667,0.69379216,0.6137212,0.5798655,0.6270296,0.536509,0.7118154,0.69471914,0.6506172,0.61347294,0.6295173,0.56099766,0.7132122,0.7408356,0.65995395,0.5718176,0.4938336,0.66852844,0.6263194,0.64704823,0.647611,0.5528106,0.61727345,0.61939484,0.60462123,0.5681677,0.5820421,0.6333471,0.6610718,0.6458775,0.6639279,0.63348925,0.57088375,0.6520548,0.6685723,0.5531669,0.48400375,0.56404066,0.5291297,0.43905854,0.4773937,0.54116,0.5850416,0.7213287,0.65502614,0.5857642,0.68722093,0.66719973,0.70741266,0.5430013,0.7142663,0.55507725,0.56213975,0.66789746,0.6113841,0.6397391,0.67430687,0.68277824,0.66906595,0.63402504,0.6635571,0.64985776,0.6167728,0.65543157,0.68676317,0.68708843,0.5935559,0.54775256,0.5404316,0.62906986,0.64156425,0.62840235,0.662465,0.5996944,0.64717484,0.6128752,0.67019475,0.6571667,0.64903855,0.65965223,0.5976272,0.608269,0.6001781,0.62564915,0.6500885,0.67126346,0.5643118,0.5842703,0.52943516,0.5614931,0.49299663,0.5677803,0.6063067,0.63211125,0.5775233,0.5775327,0.52783597,0.6803186,0.66684717,0.7007312,0.6871766,0.71625185,0.6344838,0.65768576,0.56865424,0.6020647,0.6159703,0.55025333,0.55676687,0.49367324,0.53446025,0.60749334,0.5382383,0.5299622,0.72214603,0.6500654,0.693649,0.5637478,0.6600647,0.6530913,0.66207826,0.7140398,0.7385987,0.70780164,0.641658,0.67836803,0.6753355,0.6394855,0.65607953,0.59887743,0.61561084,0.6255073,0.63635147,0.65845263,0.66954607,0.61949795,0.61514246,0.55397373,0.6321754,0.6248636,0.64791,0.5937304,0.6380273,0.7190589,0.6393809,0.59217453,0.63433784,0.6242138,0.61490184,0.5514704,0.53725547,0.49999368,0.6253889,0.5406195,0.5723351,0.6827844,0.6753266,0.54068977,0.645939,0.64372206,0.6729897,0.69078696,0.67615485,0.6989594,0.7035881,0.64952904,0.59499407,0.6646798,0.5843188,0.5710908,0.5976379,0.62753755,0.59196365,0.5367079,0.6521526,0.49834692,0.5385581,0.43531162,0.5605185,0.57338893,0.64304626,0.7322684,0.57927924,0.54096675,0.59668034,0.5031927,0.6773972,0.6953281,0.669983,0.6141723,0.5835389,0.5344961,0.72964156,0.74759066,0.6803501,0.55750036,0.5135909,0.6157456,0.61797905,0.62575215,0.5697887,0.59220743,0.53842884,0.5538953,0.59750736,0.5971353,0.5688127,0.57028735,0.5528644,0.5615662,0.5966113,0.61120313,0.53127337,0.53648305,0.61071765,0.605967,0.6042745,0.5799763,0.5755737
554,0.641809,0.60579246,0.6464847,0.63465536,0.6393457,0.6236423,0.57932246,0.6466452,0.6848421,0.6537592,0.6723596,0.623612,0.6077454,0.667109,0.6657125,0.5973508,0.5889619,0.6105202,0.6086693,0.5184654,0.5180076,0.621282,0.60662836,0.7196864,0.6420156,0.5417029,0.64782,0.69282913,0.7081434,0.59432435,0.6867558,0.5787723,0.598826,0.64249045,0.5741443,0.68478435,0.6844546,0.69110906,0.67797285,0.66279954,0.68503964,0.65199983,0.6465699,0.6478783,0.6620287,0.7337572,0.6091929,0.5981353,0.55867684,0.71191776,0.6630321,0.63575053,0.67999315,0.6377735,0.65271825,0.63750166,0.6387658,0.68062097,0.66544956,0.64327514,0.57786375,0.59424734,0.6597664,0.64244413,0.6027032,0.61768013,0.5446492,0.6139425,0.52142227,0.49258626,0.5425065,0.6192548,0.6225586,0.7023834,0.53951293,0.5035532,0.56527036,0.708778,0.52824515,0.72861886,0.6375154,0.71351224,0.72153765,0.6483586,0.6583141,0.5738961,0.48242575,0.51886016,0.6081617,0.4722728,0.54813236,0.6386429,0.54910725,0.53881484,0.74119246,0.6753591,0.70699143,0.614622,0.6595525,0.6860365,0.6771961,0.71485764,0.71922284,0.70933354,0.6691307,0.71038693,0.69111913,0.6163898,0.66093934,0.6252014,0.6262825,0.5971257,0.61586094,0.6783837,0.70023996,0.6823045,0.6707557,0.5786848,0.6108016,0.6272465,0.6589306,0.6486837,0.6132502,0.70601165,0.6643356,0.60956776,0.7002089,0.63418144,0.583931,0.5471964,0.54121,0.48039117,0.610036,0.54794246,0.5738641,0.65077406,0.70087504,0.67770547,0.65305734,0.67044306,0.67149186,0.6821069,0.70470184,0.7465706,0.7462734,0.72672737,0.6511645,0.69254065,0.62556064,0.5384343,0.65499353,0.6139792,0.6133885,0.6150251,0.6915095,0.52096057,0.5843556,0.51425797,0.5965971,0.6163978,0.5608081,0.70219535,0.6158976,0.58533156,0.6396935,0.5383205,0.70092064,0.70806533,0.6371147,0.64056534,0.66732323,0.56207144,0.71385384,0.7421624,0.67119294,0.56996894,0.5250136,0.6663647,0.621759,0.63721037,0.6464253,0.56939095,0.6333263,0.6273117,0.6128132,0.5851981,0.5958739,0.6483532,0.6721079,0.63749135,0.66212547,0.61839753,0.5985514,0.67388344,0.69325143,0.5851169,0.531354,0.56691396,0.5624608,0.48502913,0.50144815,0.5669876,0.5975048,0.71425575,0.6311593,0.573653,0.6728276,0.64851075,0.7227418,0.5752123,0.718077,0.5984378,0.56878513,0.7028563,0.639041,0.65407646,0.6653684,0.67104924,0.676221,0.64067745,0.66341895,0.64597964,0.60689646,0.63475955,0.6584609,0.68298644,0.6001162,0.5728674,0.55238396,0.6546079,0.6592314,0.64304674,0.6770341,0.6121595,0.6504039,0.62023413,0.6609547,0.6653024,0.62965316,0.6406127,0.5925544,0.63072014,0.6260612,0.6246157,0.66377085,0.676518,0.5937143,0.6132132,0.53012544,0.5904917,0.5025183,0.6057829,0.6080114,0.6500327,0.5536202,0.602214,0.5769166,0.6826004,0.64380306,0.6935228,0.68632597,0.7169632,0.6732767,0.6444664,0.6154742,0.5844985,0.6292988,0.56066316,0.56872034,0.5116401,0.5546113,0.6262589,0.5482225,0.5453449,0.7346416,0.6455132,0.72308123,0.6013901,0.65902025,0.66205055,0.67040485,0.7224535,0.7282687,0.712457,0.637286,0.6838444,0.68138754,0.61903775,0.65662247,0.6001286,0.62254506,0.62602085,0.6158831,0.652513,0.67230123,0.6298621,0.6337458,0.5661139,0.6443145,0.6383474,0.6598808,0.597623,0.62536466,0.7237319,0.644214,0.59934694,0.6426543,0.61103255,0.60563755,0.558509,0.53722376,0.51073825,0.6532339,0.5497459,0.57310814,0.67417455,0.6715727,0.5659112,0.6301282,0.6293948,0.6635359,0.6955112,0.67052937,0.7288485,0.739399,0.6663711,0.5948447,0.6482419,0.6131737,0.59738123,0.64416575,0.6439207,0.60128945,0.5549975,0.65154326,0.52053136,0.5464024,0.47709855,0.5853497,0.58901924,0.6700013,0.73643726,0.5927459,0.54346025,0.60699767,0.49492526,0.66547555,0.70766103,0.66798925,0.6397818,0.6350334,0.5312485,0.73051596,0.7424518,0.68810105,0.55891,0.5459336,0.6099407,0.6164374,0.6204145,0.55978376,0.5881157,0.5415115,0.5501731,0.596652,0.5983244,0.5699597,0.56964755,0.5536617,0.56164855,0.6109365,0.6251571,0.5286387,0.53540134,0.6041118,0.6004152,0.6088916,0.5851378,0.5800775
555,0.64389205,0.6355452,0.6646766,0.64614934,0.65369093,0.6469625,0.6051725,0.6538842,0.6950312,0.6573421,0.6650569,0.6258009,0.64247584,0.6793698,0.67976815,0.6406649,0.61015236,0.6146239,0.64430887,0.57583874,0.55714226,0.64076865,0.6288329,0.7121673,0.6364913,0.55548877,0.63653123,0.68851256,0.70720005,0.6207685,0.684114,0.6131751,0.60258013,0.681294,0.59935796,0.6955073,0.67052007,0.6748047,0.6811794,0.668572,0.6918983,0.6458191,0.64693457,0.6366794,0.62789464,0.7069759,0.6115286,0.6207718,0.5575181,0.7024203,0.6749712,0.6450639,0.68961746,0.6502004,0.65387326,0.64129347,0.63862014,0.68565416,0.6574856,0.6365492,0.58199656,0.61443883,0.6976347,0.62512285,0.5984864,0.6209184,0.584133,0.63891894,0.53625506,0.5383981,0.58065605,0.6363306,0.6298275,0.73126537,0.561246,0.5359256,0.6125872,0.70325434,0.553021,0.72100675,0.649873,0.72032535,0.73815835,0.63300836,0.67840314,0.57150006,0.5054405,0.53209335,0.64418846,0.51166636,0.5634309,0.65180653,0.5563891,0.5622492,0.7465216,0.6624846,0.7319385,0.62818193,0.6648235,0.6902269,0.6783329,0.7164664,0.7154286,0.71090233,0.66053706,0.7099312,0.69442314,0.60194457,0.65744567,0.6302021,0.63286513,0.6013387,0.6020576,0.67990625,0.6918317,0.66730595,0.67004585,0.58838797,0.6178889,0.6448801,0.67213166,0.6488536,0.6143232,0.7093275,0.67444164,0.6047051,0.6860066,0.63818973,0.5976661,0.5807673,0.5516287,0.51190054,0.62852985,0.55324614,0.567677,0.637076,0.68922,0.6727308,0.6581996,0.653914,0.66047204,0.6748805,0.67876756,0.7635254,0.76628655,0.7248271,0.64105624,0.658475,0.6623373,0.56654024,0.68414426,0.63670135,0.62535626,0.6299448,0.68229496,0.557858,0.5987771,0.5608356,0.62490404,0.6233841,0.5977549,0.7094539,0.6170725,0.58871645,0.65181524,0.53813094,0.69037426,0.7170967,0.6282815,0.6691843,0.7039041,0.566188,0.712779,0.73999757,0.67848706,0.57041115,0.56555116,0.6640617,0.62327784,0.6329936,0.64977336,0.58827406,0.64888877,0.63752055,0.6246168,0.608476,0.6160687,0.6586666,0.67815316,0.6322903,0.6590981,0.610321,0.6296524,0.6927568,0.7156251,0.61865485,0.575563,0.5728783,0.5999004,0.5374705,0.5333025,0.5990175,0.6103742,0.70556086,0.6117347,0.5733132,0.6576526,0.6334013,0.7366549,0.6178342,0.7178347,0.65086746,0.57673484,0.7333936,0.6690468,0.6629305,0.6574378,0.661265,0.6829544,0.6443803,0.6665505,0.6434376,0.6025441,0.62084323,0.62572736,0.6701653,0.60634863,0.59854734,0.56331736,0.67184716,0.67114806,0.6554268,0.6872601,0.6230766,0.6548019,0.63100624,0.655505,0.67307514,0.61386913,0.6281821,0.58819264,0.66446483,0.66418546,0.62909514,0.6738079,0.67891693,0.63504165,0.65090585,0.5428659,0.6289054,0.5300193,0.6490916,0.6227659,0.6789933,0.5432012,0.63653684,0.6373966,0.6870628,0.62658525,0.68527985,0.68699855,0.71444416,0.71825904,0.637527,0.6736632,0.57866305,0.6502708,0.5751326,0.591008,0.5423031,0.5886493,0.64488655,0.56058913,0.5706767,0.7451724,0.6417613,0.7551486,0.6525073,0.6611052,0.6713752,0.6793462,0.73058695,0.716049,0.7138354,0.63455135,0.68922466,0.6842722,0.6069156,0.6640622,0.59935486,0.64271647,0.6304815,0.60239065,0.6537812,0.6742751,0.6385587,0.64801174,0.57877225,0.65752554,0.65256697,0.6743475,0.59807974,0.6173261,0.72293526,0.64739794,0.60562044,0.6471878,0.6012014,0.6041326,0.578664,0.5397911,0.5277372,0.68183607,0.56272244,0.5727961,0.6605107,0.6662196,0.5888949,0.6186399,0.6193446,0.65362656,0.69738847,0.65832925,0.75791395,0.77277017,0.676172,0.5980122,0.6340621,0.6556057,0.63397694,0.6954654,0.66017866,0.6133309,0.5782163,0.6442124,0.5491716,0.55602336,0.52428615,0.61330473,0.6074302,0.7001686,0.73546773,0.6066708,0.5422853,0.61623317,0.48499784,0.6550424,0.71918166,0.6732282,0.674695,0.69582295,0.528742,0.72867125,0.7324898,0.6924806,0.5668189,0.58691937,0.6023556,0.6262593,0.6170426,0.5462966,0.5831571,0.5416974,0.5426915,0.6005231,0.6039188,0.575841,0.5720196,0.55515605,0.5630898,0.62457716,0.6386222,0.5279255,0.5355112,0.6009159,0.5982319,0.6132806,0.5911445,0.5866906
556,0.65501803,0.66840595,0.68682706,0.6633615,0.6737249,0.67542315,0.63760173,0.6587108,0.7052343,0.66725105,0.6622691,0.63766074,0.6805499,0.69148695,0.6950047,0.6837965,0.62567675,0.6203843,0.6820939,0.63776016,0.5986789,0.66482925,0.6530852,0.7090475,0.64110726,0.57712126,0.6331671,0.68809044,0.71029836,0.65043104,0.6832909,0.65197414,0.6078054,0.7173835,0.6287714,0.70479023,0.66459435,0.66520673,0.6879072,0.67623776,0.70797384,0.6450746,0.6556661,0.6352423,0.5979834,0.6744607,0.612788,0.64125323,0.5491925,0.68517697,0.68288136,0.6529025,0.69845,0.6630207,0.6581805,0.64593184,0.6455099,0.6895513,0.6600355,0.6431009,0.5870538,0.6395607,0.7376031,0.61161774,0.59510344,0.6253655,0.62845343,0.6670189,0.55885726,0.5873188,0.6237659,0.6493077,0.6460642,0.7602481,0.5923606,0.5755641,0.6586867,0.6970327,0.58777076,0.710987,0.66779387,0.7252874,0.7531941,0.6249872,0.7023111,0.58018315,0.53699815,0.5499747,0.6833954,0.5602676,0.5843009,0.66236484,0.56444114,0.5926303,0.7490605,0.6513993,0.75748,0.64632815,0.6776409,0.6964884,0.6815786,0.7194412,0.71367455,0.71247673,0.65768546,0.71066904,0.6977472,0.5988794,0.66339517,0.63693523,0.6484669,0.611516,0.6000377,0.69084626,0.6807557,0.648537,0.6614096,0.5985528,0.6263573,0.66306615,0.69236076,0.6467693,0.622412,0.71058667,0.6854033,0.6027796,0.66952515,0.6466783,0.61822623,0.62099326,0.56640786,0.5499482,0.64430517,0.5605161,0.56029177,0.61894256,0.67435914,0.66274464,0.6669508,0.6421926,0.65494484,0.6703883,0.6522997,0.7775684,0.78153783,0.71785486,0.63596517,0.62736464,0.7021997,0.6039528,0.71232164,0.6619222,0.6424728,0.6495821,0.67230195,0.5960629,0.6115111,0.6084654,0.6585639,0.6339516,0.64306194,0.720209,0.6204238,0.5913007,0.66438895,0.5361921,0.6853963,0.72565615,0.62777835,0.70017076,0.7363991,0.5752422,0.7135441,0.7391654,0.683628,0.5764406,0.6103784,0.6646051,0.63323605,0.6371081,0.66263837,0.6080048,0.66685575,0.65363026,0.64312744,0.6384524,0.6441193,0.6661062,0.6827341,0.63344496,0.6578264,0.6147189,0.6647674,0.7118974,0.7386838,0.65194046,0.6102732,0.58338964,0.6393602,0.5912228,0.56915057,0.6358387,0.62452346,0.699982,0.60141426,0.58695006,0.64909875,0.6278779,0.75162995,0.6683445,0.72125906,0.7069132,0.59005046,0.76134324,0.70300734,0.6681796,0.6553825,0.6583794,0.69207156,0.6473541,0.6761509,0.644615,0.606702,0.6181176,0.59485716,0.6507559,0.6108972,0.6225004,0.57072526,0.67952234,0.67868316,0.6662731,0.69605523,0.6321617,0.66296065,0.6452212,0.65763503,0.68192744,0.6074063,0.62756413,0.587629,0.70581925,0.70898414,0.64199156,0.68353045,0.6811166,0.6842065,0.69515985,0.5670034,0.6729774,0.57287353,0.69426733,0.6513255,0.7163974,0.5506448,0.6767543,0.7002948,0.6945105,0.62038183,0.67892754,0.6928213,0.7122028,0.7644773,0.6411139,0.7341395,0.58786964,0.6783477,0.59347016,0.62387246,0.5815593,0.6318522,0.6624575,0.57435113,0.60273564,0.7558956,0.6404954,0.7890603,0.7102115,0.6705498,0.68359023,0.6903706,0.74182963,0.7070642,0.7153194,0.6347175,0.6972526,0.68597543,0.60694927,0.67993796,0.59890276,0.67393696,0.64089835,0.60081476,0.66560113,0.6777149,0.64406943,0.6553102,0.5915277,0.6734518,0.6689337,0.69463104,0.59710246,0.61966825,0.71996987,0.65101355,0.614288,0.6521353,0.6003797,0.61429507,0.611189,0.5461889,0.54974824,0.71025705,0.5792097,0.5729148,0.6461981,0.6615872,0.60747343,0.6161952,0.61710274,0.64898044,0.7022,0.64429,0.78488517,0.8033938,0.68100023,0.60354984,0.62503666,0.7063063,0.6794095,0.747086,0.6785597,0.63092107,0.6061596,0.6356148,0.58248085,0.56609476,0.5715587,0.6449631,0.6304594,0.73622644,0.7358857,0.6219898,0.5380558,0.62553954,0.47385684,0.65041924,0.73228776,0.68733233,0.7169498,0.7566914,0.5275092,0.7278599,0.7236346,0.6954282,0.583111,0.63115233,0.59529847,0.64768374,0.61844885,0.5314842,0.57971275,0.53946006,0.5324718,0.61052483,0.6152596,0.5875015,0.5790521,0.55802435,0.56694984,0.6385001,0.65289146,0.52955043,0.5372141,0.60299104,0.60135776,0.6192656,0.5989893,0.5965066
557,0.67588645,0.7013193,0.71320105,0.68676835,0.69909614,0.7070619,0.6736616,0.6629686,0.7168152,0.68360627,0.66620934,0.65933996,0.718658,0.7062583,0.7149882,0.72261626,0.6359822,0.6290839,0.71918535,0.6970069,0.6377185,0.69196314,0.67868495,0.7137733,0.65664786,0.604252,0.6411872,0.6940751,0.72096217,0.68375415,0.6896837,0.6917692,0.61946845,0.7501549,0.66203785,0.71376383,0.66990256,0.66645753,0.698707,0.6861052,0.73213875,0.65002865,0.6721911,0.6447068,0.5781491,0.64253134,0.61179805,0.65924513,0.53433096,0.6632002,0.6872961,0.6585115,0.7085501,0.67545545,0.6667327,0.6505071,0.6594511,0.692768,0.6740751,0.6628061,0.59294873,0.6666234,0.7741241,0.6054029,0.5948941,0.63203937,0.67317396,0.6970217,0.5867283,0.6322901,0.66652894,0.65958923,0.6709904,0.78742844,0.62878215,0.6157807,0.69889075,0.69162285,0.62795824,0.7009431,0.6907881,0.73018336,0.7673854,0.62689394,0.72775567,0.5997007,0.57367057,0.5704804,0.72316855,0.61125016,0.60809314,0.6701125,0.57278913,0.62481046,0.7514934,0.64476115,0.7816938,0.6686407,0.6990086,0.7062052,0.6871307,0.72560155,0.7160254,0.71611375,0.66129583,0.71408916,0.70210326,0.60768336,0.6779368,0.6458355,0.6687735,0.62614155,0.6104857,0.71134967,0.6689011,0.62794465,0.6457382,0.60884833,0.63682055,0.6810679,0.719178,0.64508325,0.6387032,0.7117807,0.6979837,0.60635716,0.6555663,0.66173375,0.6446063,0.66391414,0.58486056,0.59046966,0.6575414,0.5696458,0.553742,0.60100734,0.66040176,0.65124786,0.67965037,0.6378277,0.6585583,0.6733339,0.63224494,0.79033166,0.7938163,0.71003056,0.6360478,0.60479033,0.7411859,0.6483242,0.7399977,0.68859565,0.6647531,0.6730546,0.6662061,0.6313331,0.6216751,0.65329117,0.6951126,0.6489281,0.6933482,0.73644805,0.6272089,0.5939694,0.6772007,0.53287345,0.6883511,0.7355432,0.6354351,0.733189,0.7618959,0.58962613,0.71819925,0.7426862,0.6878601,0.5907183,0.65346944,0.6692367,0.6496827,0.64827955,0.68546265,0.62672913,0.6882802,0.6760045,0.6682079,0.67254215,0.6779302,0.67185855,0.68800396,0.64218247,0.6599857,0.6340751,0.70181817,0.73264337,0.763422,0.6823354,0.63255787,0.5984565,0.67730474,0.64075595,0.60458523,0.67415935,0.639951,0.7006199,0.6027851,0.6136876,0.6523134,0.6353416,0.7676318,0.72171664,0.73268193,0.7593466,0.6124964,0.78678447,0.7401774,0.6708372,0.66092604,0.6642473,0.7036326,0.6504329,0.691915,0.649515,0.619323,0.627335,0.5711867,0.6272498,0.61218697,0.6428838,0.57344776,0.6775295,0.6824179,0.6748602,0.7049504,0.6385782,0.67503613,0.6608492,0.66795087,0.6907157,0.61272866,0.63955337,0.5920906,0.7470438,0.7517523,0.6621761,0.6948542,0.6846651,0.7344631,0.74086076,0.6002409,0.7175104,0.62567294,0.7364513,0.69007987,0.7562264,0.57720554,0.71690834,0.75577265,0.7038094,0.62719434,0.67615634,0.70511764,0.7125095,0.80540514,0.6555096,0.7863702,0.6113177,0.71029913,0.61500615,0.66386503,0.623087,0.67623377,0.6775431,0.5879512,0.63674045,0.76759267,0.64180106,0.82088053,0.7645586,0.68820566,0.6986622,0.70221573,0.75647396,0.7041529,0.71870595,0.63683933,0.70831716,0.6879544,0.61865556,0.7019237,0.6005871,0.7085039,0.65696114,0.6123188,0.6868798,0.682703,0.64457786,0.6538458,0.60326976,0.69108975,0.68653834,0.72003263,0.5964683,0.6353287,0.71738327,0.65670574,0.62637573,0.65987915,0.6122789,0.63715583,0.65291786,0.5572991,0.5746354,0.7366717,0.5976734,0.5743257,0.6356536,0.6594708,0.6206417,0.62527573,0.62388206,0.6530301,0.7131087,0.6325587,0.8073578,0.8294725,0.68233716,0.60906106,0.62219006,0.7566649,0.7294075,0.7934097,0.6996627,0.65435976,0.6367347,0.62979513,0.6173152,0.57515895,0.6139827,0.67895144,0.6575397,0.77756304,0.7422411,0.6381985,0.53237647,0.63556796,0.46233174,0.6535625,0.7468551,0.7078826,0.7602631,0.80818385,0.5278365,0.7303549,0.72049963,0.698519,0.608119,0.67182875,0.5906043,0.67593354,0.6247414,0.51735675,0.57882684,0.53629893,0.5215964,0.62537456,0.63102007,0.6043168,0.5910757,0.56229925,0.57324994,0.6524447,0.667476,0.533287,0.5401742,0.61006254,0.60983914,0.62705904,0.60816467,0.60908633
558,0.70232457,0.72973245,0.7401945,0.7125023,0.72550523,0.7368137,0.70741516,0.666857,0.7284935,0.70345074,0.6760212,0.6865651,0.75113624,0.72396713,0.73957574,0.75276387,0.6416065,0.63991356,0.75072455,0.7455122,0.6691607,0.717846,0.7028679,0.7266487,0.6797414,0.6319215,0.6604621,0.70663726,0.73851156,0.7187333,0.70424956,0.72807616,0.63930947,0.7781492,0.69700277,0.72163564,0.6850403,0.6780955,0.71133846,0.6963622,0.7592065,0.6587899,0.6923948,0.662252,0.5712095,0.6172181,0.6082369,0.67387223,0.5155561,0.640471,0.6878077,0.6605047,0.7194334,0.6857332,0.6780173,0.65336764,0.67759264,0.6945845,0.6959607,0.6904326,0.59914184,0.6914509,0.80225986,0.60716087,0.5988216,0.6402212,0.71334326,0.72580653,0.6166797,0.6678296,0.7034062,0.6676235,0.7012576,0.8096349,0.6644324,0.65047723,0.7295942,0.6871722,0.6670343,0.69177455,0.71607566,0.7352601,0.7798302,0.63797736,0.75066864,0.6261166,0.6110123,0.59141886,0.75918484,0.65765727,0.63111496,0.6739196,0.58049905,0.6535112,0.75511265,0.6433055,0.8016333,0.6915397,0.7252383,0.7179729,0.69323456,0.7343037,0.7226515,0.7221979,0.6697749,0.7195404,0.70737106,0.6247566,0.6969913,0.65588725,0.68780404,0.6425229,0.63023233,0.73721236,0.65759116,0.6078147,0.6257613,0.6182678,0.64818656,0.6966589,0.7475968,0.6449567,0.66090363,0.71411407,0.71104234,0.6152666,0.64672256,0.68248314,0.6729408,0.7043166,0.6051594,0.6288423,0.66818243,0.57977057,0.5495125,0.5870415,0.6503517,0.64098716,0.6944088,0.64117986,0.67105365,0.683949,0.6227443,0.80203134,0.80355126,0.7041238,0.63947034,0.5940464,0.77467775,0.69447684,0.76587343,0.71366006,0.68893,0.6964342,0.66604936,0.6595582,0.6285828,0.690299,0.7293877,0.6659017,0.74308383,0.75706494,0.63624465,0.5970083,0.6890314,0.5286475,0.69822615,0.7461411,0.648058,0.76554096,0.7782966,0.60716057,0.72699916,0.751151,0.691656,0.61334425,0.6893148,0.67761236,0.66789633,0.66304326,0.7136978,0.64232975,0.7107274,0.7008711,0.69579905,0.7053751,0.7117541,0.6757886,0.69381183,0.6573586,0.66588914,0.66530204,0.7355899,0.75398153,0.7883345,0.7064481,0.64214134,0.61599267,0.70899105,0.6803493,0.6351557,0.70901597,0.6552819,0.70849013,0.61579347,0.6484687,0.6681304,0.6553211,0.78314805,0.7711603,0.75137496,0.801921,0.6442117,0.8081791,0.7769605,0.6706739,0.6723996,0.6775815,0.7152815,0.65296334,0.7105315,0.6565168,0.63722897,0.64578825,0.5580564,0.60369825,0.609611,0.65822864,0.57176757,0.66767,0.6821996,0.6797236,0.7134317,0.64145625,0.68878895,0.67489904,0.6840467,0.6973069,0.62825793,0.6607631,0.6011222,0.7809063,0.78560704,0.6855567,0.7076678,0.6897554,0.7785959,0.7816633,0.638416,0.75691545,0.6802063,0.7708046,0.7322671,0.7917557,0.61858785,0.7509638,0.79725957,0.7131969,0.64544386,0.67794687,0.7228851,0.7159864,0.83659506,0.67754966,0.8241262,0.6442708,0.74120855,0.6381885,0.70431703,0.66047037,0.7140951,0.6884042,0.5996484,0.6678518,0.7800843,0.6451637,0.84659606,0.80743635,0.71079755,0.7141594,0.71228963,0.7721272,0.70780295,0.7241545,0.6391197,0.72086155,0.69117534,0.6382739,0.72529936,0.6049697,0.73836935,0.6766091,0.63374746,0.71279377,0.68796504,0.6395274,0.6442783,0.6126145,0.7077297,0.70268846,0.7460823,0.5970545,0.6624206,0.71687955,0.66493887,0.6404982,0.6699616,0.63653576,0.6692766,0.69786215,0.5727059,0.59948224,0.7589131,0.6155126,0.5771629,0.6320848,0.66120964,0.6282986,0.64487404,0.6385904,0.6659583,0.72923326,0.62610006,0.8238386,0.84941125,0.6812111,0.6121745,0.62535125,0.7988408,0.77710974,0.8299268,0.72131443,0.68031764,0.6655514,0.62856203,0.64903307,0.5822268,0.64688706,0.71130955,0.6849235,0.81912655,0.7554267,0.6531997,0.5272177,0.6460231,0.45155522,0.66385263,0.76076907,0.73022926,0.7976625,0.84504724,0.5297633,0.7368878,0.7250737,0.70281386,0.6397096,0.7033363,0.58942443,0.70453984,0.63443404,0.505789,0.5803568,0.5338027,0.51256204,0.6420544,0.64820415,0.6240858,0.60678273,0.56751037,0.58114725,0.66483736,0.6804245,0.53834087,0.54360604,0.62042135,0.6220938,0.63544947,0.61705446,0.6226337
559,0.7274167,0.749341,0.76209426,0.73447,0.74711764,0.7590841,0.73220253,0.6695847,0.7377674,0.7213849,0.68785053,0.71205217,0.7726105,0.74153197,0.7640292,0.770924,0.6419948,0.65040654,0.7718073,0.7769627,0.688627,0.73716134,0.7218067,0.74375653,0.7036339,0.65370655,0.6869887,0.72312856,0.7590049,0.7509074,0.72380507,0.75599295,0.6643332,0.7991961,0.7288056,0.7273327,0.704833,0.69561505,0.7229411,0.70468986,0.78282845,0.6689936,0.7104805,0.6824673,0.57660234,0.6037836,0.60370815,0.68285817,0.49641585,0.6220122,0.684785,0.65889674,0.72884667,0.6925923,0.68923604,0.65353674,0.69530374,0.6943954,0.7187986,0.7176699,0.6045139,0.7099169,0.8193843,0.6151793,0.6063461,0.64758986,0.74436,0.7495749,0.64451784,0.69053906,0.7301171,0.6728723,0.731104,0.82392704,0.6926476,0.675015,0.74876034,0.68352675,0.6978468,0.6839823,0.73899096,0.7392538,0.7891408,0.6542049,0.766989,0.65236413,0.643459,0.61040616,0.78653765,0.69381064,0.64909714,0.67272776,0.586288,0.6743412,0.7596014,0.6464827,0.8151666,0.7101215,0.74948186,0.72865206,0.69810885,0.7433389,0.7316343,0.7292523,0.68031466,0.72520316,0.71255404,0.64346206,0.71450055,0.66521037,0.7000729,0.65665215,0.65301937,0.76147485,0.6485027,0.5918282,0.60652345,0.62547195,0.65831345,0.70731634,0.77115864,0.64634544,0.6839261,0.7172577,0.722241,0.62725395,0.64375985,0.705094,0.6975292,0.736769,0.6243881,0.6605009,0.6759029,0.58923215,0.54825926,0.5789043,0.64582425,0.6338066,0.70758307,0.65061057,0.68883866,0.6981768,0.62462497,0.81155807,0.8105405,0.7011539,0.6443618,0.5955042,0.7988847,0.73524946,0.78755754,0.73269916,0.709415,0.71435004,0.6720141,0.67745703,0.631653,0.7136924,0.75514364,0.68025833,0.7850798,0.77847946,0.6446972,0.60023457,0.6984737,0.5241186,0.7112689,0.755324,0.66030395,0.79257655,0.78509736,0.62355757,0.73769486,0.7620734,0.6945191,0.6410553,0.714143,0.68778837,0.68211603,0.67670655,0.7400591,0.6524162,0.7292722,0.722212,0.7195331,0.73062587,0.73821884,0.6773579,0.69866985,0.6748554,0.67407113,0.69974524,0.75991803,0.77272505,0.80982244,0.7210317,0.6396257,0.6320758,0.729441,0.70454955,0.65616286,0.7344452,0.6678671,0.72117436,0.6362845,0.6828937,0.69267654,0.682816,0.7969734,0.8107927,0.7731003,0.83110064,0.6805138,0.8236155,0.8081518,0.66793066,0.68601596,0.6945473,0.7245113,0.65404373,0.7274881,0.66387826,0.6550601,0.66814977,0.55670345,0.5857529,0.60492754,0.6667813,0.5666233,0.6535337,0.6786779,0.68055123,0.7199022,0.64137274,0.7010332,0.6849533,0.70165557,0.70033646,0.6483199,0.6845353,0.61241907,0.803243,0.8076175,0.7068292,0.72062075,0.69585764,0.81143636,0.8129156,0.6756982,0.78689265,0.7274422,0.79430646,0.77056974,0.8180666,0.6644343,0.77500933,0.82299906,0.72111416,0.66984653,0.68419284,0.743222,0.72171,0.85681605,0.70179355,0.84651124,0.678534,0.76634175,0.6608085,0.73703843,0.689128,0.7401852,0.6937949,0.6079387,0.6920614,0.79246366,0.65034294,0.86424977,0.83575255,0.7324138,0.7266873,0.7186607,0.7854388,0.71586704,0.73041505,0.64045376,0.7322159,0.6955829,0.65955335,0.74435437,0.6111129,0.7579743,0.6958336,0.6581651,0.7365413,0.69198585,0.6310018,0.63052964,0.61882645,0.7206365,0.7145414,0.76724625,0.5989105,0.69434935,0.7185061,0.6747499,0.6539261,0.67971236,0.66791624,0.7031437,0.7384204,0.5902165,0.62108016,0.7753677,0.629857,0.581061,0.6362152,0.66731185,0.6302529,0.6697905,0.6577941,0.6847057,0.7462324,0.62648845,0.8342474,0.8627942,0.67841226,0.61231166,0.63337547,0.828687,0.8158973,0.85489947,0.7389287,0.7027304,0.68672127,0.6323387,0.6722029,0.58650404,0.66548866,0.7363473,0.7065994,0.8538854,0.772915,0.6637807,0.5241532,0.6559753,0.4428369,0.6781265,0.77138096,0.74916553,0.8246603,0.8668149,0.53303635,0.7457419,0.73515344,0.70828897,0.6733587,0.7230016,0.5915051,0.72764087,0.64437866,0.498109,0.58328354,0.5331536,0.50767565,0.65691495,0.6633341,0.64347446,0.6233151,0.5726891,0.58925265,0.6738186,0.6896622,0.5435913,0.54666746,0.63147146,0.635244,0.6426967,0.6240259,0.63472056
560,0.74445117,0.7574804,0.7736283,0.747233,0.75910234,0.7698947,0.743174,0.66997313,0.74204946,0.731626,0.69661593,0.7289927,0.77981114,0.7540735,0.7819444,0.77526164,0.6364861,0.65755916,0.7792486,0.78848106,0.6933342,0.74561733,0.73199815,0.7583608,0.72114956,0.6645276,0.71424466,0.7389322,0.777706,0.7754322,0.74274534,0.77187186,0.6882403,0.8111784,0.7517591,0.73037416,0.7226138,0.7128236,0.7313237,0.7089984,0.7978761,0.67857546,0.72109824,0.6997754,0.59106266,0.60569465,0.6010764,0.6836327,0.4807049,0.61303306,0.67959034,0.655296,0.7338589,0.6955653,0.69742215,0.6509622,0.707956,0.69230473,0.7353321,0.7365633,0.6077845,0.719107,0.8250257,0.6261744,0.6154412,0.6512502,0.76341826,0.76534563,0.6660063,0.6994792,0.74475783,0.6744745,0.7544983,0.8286121,0.70848036,0.6870098,0.7562194,0.6809532,0.715216,0.6781354,0.7546056,0.7402808,0.7943286,0.6699549,0.77424,0.6713019,0.6661246,0.62493366,0.80188483,0.7163707,0.658609,0.6665208,0.5889742,0.6845033,0.76349646,0.6530986,0.8215439,0.7210211,0.7648293,0.7344169,0.70039326,0.7495985,0.7394332,0.734246,0.68951094,0.7288025,0.7159929,0.65668124,0.7244443,0.671628,0.70177674,0.66381496,0.671187,0.777242,0.6432909,0.58435434,0.5942443,0.6291598,0.6647843,0.71116775,0.7846304,0.6484881,0.7020213,0.7192503,0.72914463,0.638781,0.64598006,0.724312,0.71327573,0.7575356,0.6392433,0.6822602,0.6804029,0.5961583,0.549687,0.5763608,0.6473002,0.63092864,0.71520036,0.66289616,0.70679885,0.7100512,0.6359023,0.81721395,0.81448424,0.70084953,0.64937663,0.60686284,0.812015,0.76461625,0.8027827,0.741377,0.7205631,0.7221487,0.6826031,0.6831451,0.6309193,0.7192138,0.7674243,0.68740714,0.8136016,0.7961719,0.64948297,0.60302716,0.7046278,0.5200084,0.72263175,0.7602554,0.6664625,0.8099653,0.7833243,0.6343578,0.746051,0.77075434,0.6952322,0.66809475,0.72656363,0.6967054,0.68765754,0.68454385,0.7576832,0.6550916,0.7387171,0.73453146,0.7334581,0.743384,0.75140804,0.67612857,0.70056844,0.68884975,0.68162817,0.7274216,0.77027214,0.7849862,0.82398105,0.7237788,0.6267391,0.6424938,0.7351702,0.70973235,0.6637623,0.7456072,0.67474806,0.733181,0.65702766,0.7087887,0.7191284,0.71014434,0.8085072,0.8375745,0.79241014,0.84602636,0.7135329,0.8316153,0.8293025,0.6638128,0.6974394,0.71011966,0.7296842,0.6528244,0.73849183,0.6702738,0.667043,0.6882657,0.566517,0.5789616,0.60160536,0.6670631,0.5595281,0.63978565,0.67338383,0.67835665,0.72236985,0.6399976,0.7086809,0.68946105,0.71623594,0.69959927,0.6652004,0.7031947,0.62238777,0.8127026,0.81761664,0.7214293,0.7315239,0.70171624,0.83086705,0.8326922,0.7059952,0.8052557,0.76098186,0.80610746,0.79946667,0.8328838,0.70270056,0.78761584,0.8342266,0.7263075,0.6931282,0.69304657,0.76184154,0.7277185,0.86666566,0.72252476,0.85531,0.705534,0.7824859,0.68010694,0.7557281,0.70694107,0.75228906,0.6933056,0.6118634,0.7064594,0.8031987,0.65723974,0.8735768,0.85028696,0.74693143,0.7328342,0.72024894,0.7932129,0.724211,0.7350901,0.64037937,0.7392277,0.6998352,0.6755981,0.7539782,0.61687744,0.76443326,0.7094548,0.6771449,0.75159055,0.6931316,0.62289387,0.6185153,0.62196845,0.72781366,0.7200239,0.7790508,0.60144806,0.72268933,0.72049695,0.68412524,0.6635157,0.6858249,0.6979877,0.7304312,0.76827455,0.60617805,0.63659275,0.78517205,0.63848245,0.5852365,0.6460006,0.67695653,0.6264783,0.69248784,0.6766882,0.7043471,0.75867045,0.6338551,0.83904254,0.8699281,0.67490995,0.61047286,0.6442446,0.84557474,0.8420468,0.8687387,0.74748117,0.7153754,0.6952968,0.6402339,0.6824504,0.5875199,0.66656995,0.7489637,0.7169832,0.87703735,0.79026943,0.66701186,0.5236311,0.66431147,0.4374893,0.69152284,0.77622026,0.7603617,0.83972615,0.87524736,0.53705055,0.75297844,0.7451755,0.7136419,0.7030689,0.7308536,0.5951413,0.7411318,0.65040594,0.49480078,0.58607495,0.5348466,0.5081971,0.6666967,0.6733333,0.65895534,0.63716984,0.57648784,0.59586096,0.6779886,0.6936991,0.5479092,0.54870576,0.64022183,0.6457725,0.6472442,0.6280343,0.64294356
561,0.748751,0.7532239,0.7710699,0.7473178,0.7583556,0.767069,0.7379358,0.66648406,0.73889494,0.7301442,0.6985101,0.73324525,0.77126235,0.75784785,0.78903633,0.76508814,0.6266146,0.658871,0.7718039,0.7796067,0.6824763,0.7408281,0.73108774,0.76418453,0.7274378,0.66242045,0.73551255,0.74941987,0.7909421,0.7888856,0.7549048,0.77455187,0.7044003,0.8128117,0.7620855,0.7303038,0.7326645,0.7245553,0.73480475,0.7072937,0.8009686,0.68592817,0.7203794,0.7101728,0.610161,0.6233827,0.6028168,0.67540616,0.4726038,0.6176464,0.67323834,0.65134215,0.73149824,0.6942386,0.6998842,0.6458241,0.71241075,0.6890117,0.740502,0.74180645,0.6083238,0.7180701,0.8199023,0.6365454,0.6231021,0.6490937,0.7698347,0.77139336,0.678226,0.69614506,0.7475403,0.6722329,0.76703626,0.8233662,0.7096894,0.68668914,0.7532824,0.68022966,0.71707505,0.67468387,0.75944185,0.7372552,0.7951646,0.6806172,0.77200687,0.6786781,0.6764371,0.6326441,0.8042874,0.72420543,0.658574,0.6567983,0.5880535,0.6831294,0.7653613,0.66173065,0.8208841,0.7236706,0.76620203,0.7315132,0.6985386,0.7496788,0.74228096,0.7336675,0.6940909,0.72818196,0.7157829,0.65934014,0.7226757,0.67316407,0.69144225,0.66056216,0.67779434,0.77969015,0.64276415,0.58861405,0.5942613,0.62833655,0.665403,0.70719916,0.78438205,0.6502968,0.71057576,0.717644,0.7298424,0.6454935,0.65126455,0.7351592,0.7171767,0.7651762,0.64682525,0.6926887,0.6817224,0.5993419,0.552851,0.57811224,0.65481764,0.63338417,0.71461076,0.6744272,0.72022617,0.71438926,0.6527797,0.8178882,0.81517303,0.702594,0.6530314,0.6244528,0.81416404,0.7794251,0.80998695,0.7365451,0.7184359,0.71698624,0.69423616,0.67633426,0.62808174,0.7058803,0.76353216,0.68429524,0.82619333,0.80634326,0.64831424,0.60444975,0.70729256,0.51718736,0.7282449,0.75786895,0.662617,0.8152719,0.7752428,0.6366753,0.747819,0.7725489,0.6926005,0.68795913,0.72717464,0.7012853,0.682559,0.6835365,0.761945,0.6500623,0.73506033,0.73425925,0.73368454,0.74110436,0.74816144,0.6714416,0.6972051,0.6942582,0.6855914,0.7412256,0.7642638,0.78800976,0.82822746,0.7136011,0.6081339,0.6444002,0.72521675,0.69527173,0.65661675,0.74029994,0.67386824,0.7386008,0.67117935,0.7210034,0.74037695,0.7300025,0.8167909,0.8505209,0.8039964,0.8472108,0.73529196,0.8314098,0.8379013,0.6592243,0.7030466,0.71996045,0.72965854,0.6481343,0.7400782,0.6748176,0.6684994,0.7009698,0.58544123,0.5868213,0.60279053,0.6591611,0.55328375,0.6315698,0.6673712,0.6741695,0.71855426,0.63838404,0.70917624,0.68706656,0.72430545,0.6956109,0.6723176,0.7104085,0.62780315,0.8093623,0.8161446,0.72666967,0.73736364,0.70510364,0.83665544,0.8404262,0.7244263,0.81129384,0.7781515,0.8065467,0.8155942,0.8355382,0.7246544,0.7885836,0.8326189,0.72772723,0.70857054,0.70126927,0.7740302,0.73203367,0.86677915,0.7354459,0.85235894,0.7195457,0.78792393,0.6927484,0.75784874,0.7134621,0.750609,0.6873064,0.6111112,0.70926404,0.8103966,0.6653031,0.87460685,0.8526585,0.7495371,0.72938174,0.71599126,0.79274625,0.72860473,0.735269,0.638289,0.7389272,0.70201564,0.6809848,0.75076336,0.61983633,0.75670666,0.71308005,0.68349606,0.7530564,0.6895853,0.6187008,0.61375403,0.6221892,0.72783667,0.7177344,0.778224,0.60352945,0.74044317,0.7204726,0.6905811,0.6660883,0.68574893,0.7181624,0.7449977,0.78379637,0.61646193,0.64382476,0.78789616,0.64023554,0.5885585,0.6579897,0.68834937,0.6185942,0.7061881,0.6909287,0.72006685,0.76224685,0.6470941,0.8384545,0.87100625,0.67229986,0.60760176,0.6556735,0.85021335,0.8543184,0.8722034,0.74351233,0.7138395,0.6890047,0.6493336,0.6779672,0.58610016,0.6505717,0.74625707,0.71282226,0.8870178,0.80287695,0.6616116,0.52499664,0.6699311,0.4365696,0.6991919,0.77305865,0.76098853,0.84273815,0.87191063,0.5409466,0.7544556,0.74933577,0.7168965,0.72247624,0.7281931,0.59819454,0.7428521,0.6494553,0.49578178,0.58728486,0.5385199,0.51369303,0.66933095,0.67611885,0.6677279,0.6454656,0.5776261,0.59925073,0.6764367,0.6914841,0.55042434,0.54927135,0.6439615,0.6505495,0.6480523,0.62851495,0.645304
562,0.7381166,0.7369318,0.752098,0.73318744,0.7432538,0.74966705,0.71598357,0.65724033,0.7259715,0.71561456,0.6923066,0.72336006,0.7465568,0.7516335,0.7839699,0.7406976,0.6165815,0.65299946,0.7496883,0.7509592,0.65742856,0.7222955,0.7182394,0.7573022,0.72065485,0.6484302,0.745528,0.75138956,0.79619616,0.7893339,0.75485265,0.76508385,0.70771486,0.80391425,0.7585162,0.725877,0.73169774,0.7280985,0.7319024,0.69777614,0.78995085,0.6901694,0.7061502,0.7116697,0.6298035,0.6532072,0.60973006,0.65993637,0.4760716,0.6370707,0.6651766,0.6471717,0.7191088,0.6876695,0.6945497,0.63796073,0.70768464,0.68560106,0.7322412,0.7309414,0.6064383,0.7077577,0.8053653,0.64320326,0.6262469,0.6410919,0.7643988,0.76686186,0.6799717,0.6842124,0.73994863,0.6674603,0.76618797,0.8093082,0.69657004,0.6766471,0.74225867,0.68246335,0.70440227,0.67385805,0.75218165,0.73112273,0.79226536,0.68430674,0.761556,0.6734992,0.67432904,0.632035,0.7944212,0.71753913,0.650541,0.64652675,0.5840571,0.67127067,0.7646495,0.6708589,0.813586,0.71939874,0.7503935,0.7169169,0.6906043,0.74059516,0.7374042,0.7245556,0.6919694,0.7219539,0.7102836,0.6494876,0.7077856,0.6685382,0.6701612,0.6463725,0.6686024,0.76633227,0.6465418,0.6050748,0.60887504,0.6226169,0.6585749,0.6953015,0.7676703,0.6508383,0.7067584,0.71056646,0.72291446,0.6428774,0.65633416,0.7337546,0.70823544,0.759746,0.6452886,0.6915559,0.68050253,0.5987847,0.5568113,0.5833058,0.6684673,0.6417135,0.70520663,0.68253344,0.7258828,0.70792055,0.6705881,0.8137129,0.8125747,0.70574075,0.6536935,0.64482445,0.80646026,0.7786064,0.80817515,0.71673614,0.70143074,0.6979397,0.7017327,0.6584173,0.6263983,0.67638946,0.74264336,0.66963184,0.8223051,0.8065555,0.6400082,0.603572,0.70658094,0.51666796,0.72599703,0.7452321,0.64808154,0.80770254,0.76426035,0.6297271,0.7401861,0.76433825,0.6858761,0.695008,0.7176646,0.69935745,0.6678841,0.67326236,0.7506449,0.63905394,0.71595347,0.719852,0.71869904,0.7234234,0.72768295,0.662149,0.68624127,0.6882984,0.6840703,0.73768044,0.7409887,0.7806847,0.82124597,0.6907756,0.5911676,0.63697547,0.7011827,0.6641971,0.6367706,0.7190529,0.6647354,0.73332673,0.67489505,0.7174623,0.7506686,0.73712075,0.81965804,0.848696,0.80302936,0.83524746,0.73980117,0.82302547,0.83249915,0.6535849,0.70080304,0.72161657,0.72353673,0.63871896,0.72997737,0.6772839,0.65680045,0.7029394,0.6101466,0.6088564,0.6096211,0.64505845,0.5516741,0.6330144,0.6600479,0.66790396,0.7060839,0.6359009,0.700937,0.6763298,0.7240726,0.68921465,0.6663285,0.70231646,0.6270263,0.7937548,0.80333126,0.7214887,0.7348396,0.7035213,0.8287571,0.8351536,0.7276338,0.80476695,0.7781578,0.7961957,0.81657666,0.8256198,0.7259013,0.7779042,0.81911355,0.7246281,0.7113811,0.7053652,0.77586585,0.7335685,0.85690165,0.73799974,0.8383987,0.718097,0.7819057,0.6953558,0.7436524,0.7087019,0.736879,0.6771358,0.6059792,0.6999248,0.8120405,0.6730907,0.8667107,0.84332997,0.73707956,0.7135568,0.7045963,0.7819431,0.7261901,0.7283312,0.633454,0.7292704,0.7005593,0.6727669,0.73334867,0.61839384,0.73510355,0.7044489,0.67305934,0.7379651,0.679885,0.6197608,0.6190069,0.61917627,0.71962005,0.70675963,0.7620792,0.6037667,0.74325407,0.7164493,0.69156486,0.6587183,0.6780254,0.7219204,0.7433156,0.7830229,0.6177548,0.6412043,0.7833481,0.6350909,0.5897723,0.66904765,0.6995681,0.6101326,0.7066359,0.6978009,0.7282132,0.754347,0.6637396,0.83225405,0.86559343,0.6720307,0.6035566,0.6658682,0.84276366,0.8517972,0.8650373,0.72597885,0.69607747,0.6683121,0.6548574,0.66002226,0.5846402,0.62223583,0.7277189,0.69331336,0.88316274,0.8068234,0.6482065,0.52725255,0.67158586,0.4406561,0.6978651,0.759963,0.749594,0.83329797,0.8573892,0.543931,0.74750066,0.7437632,0.7159799,0.7257968,0.7164844,0.59920317,0.73204094,0.6411717,0.500845,0.5861568,0.5431455,0.52228886,0.6644409,0.6710326,0.6681591,0.64679176,0.57546383,0.5981504,0.6686569,0.68225497,0.5507563,0.5481198,0.64108807,0.6478419,0.6447535,0.6251476,0.6405841
563,0.71331203,0.7105242,0.71630955,0.7056567,0.71428823,0.71862924,0.6793884,0.64078456,0.7016801,0.68996686,0.679599,0.7005926,0.70707434,0.73614657,0.76709163,0.7040748,0.6110744,0.64056635,0.7150186,0.70556396,0.622685,0.6921471,0.69496024,0.73647124,0.70174396,0.6259514,0.74118024,0.7435785,0.7915676,0.775843,0.7388492,0.7458481,0.695107,0.78537196,0.74148095,0.7151031,0.7193344,0.7232854,0.7214762,0.67951745,0.76382315,0.6909894,0.67849743,0.7042478,0.6469622,0.6876059,0.620222,0.6408528,0.49287847,0.66767377,0.65325236,0.64093024,0.69518375,0.67458266,0.68054694,0.62697613,0.695197,0.6834314,0.7115088,0.7043219,0.60293216,0.69046736,0.7833968,0.6438633,0.6227568,0.6300272,0.7491098,0.7517736,0.6716827,0.66894525,0.72426385,0.6629745,0.75099224,0.7894081,0.67225415,0.6611423,0.72615004,0.68846947,0.6816184,0.67579967,0.7341063,0.72514814,0.7869282,0.6820489,0.74523854,0.6571351,0.6619003,0.62347424,0.7738654,0.6976788,0.63773644,0.6393159,0.57843894,0.6517813,0.76167893,0.6788622,0.80010426,0.7099137,0.71629095,0.6894485,0.6747233,0.72054887,0.72342664,0.70524913,0.6827198,0.71005344,0.6985775,0.6285676,0.6817008,0.6576906,0.6415247,0.62392676,0.6437703,0.7372376,0.6530934,0.6304613,0.63555485,0.61262566,0.643879,0.67657477,0.7332334,0.64982307,0.6899555,0.6970595,0.70754033,0.6279214,0.6578651,0.7179451,0.68726516,0.7422614,0.63449425,0.6796056,0.6780366,0.5956237,0.56110245,0.5922827,0.68786407,0.6551263,0.6884396,0.68622106,0.72250783,0.68949956,0.6847718,0.80576193,0.8066808,0.70926154,0.6502818,0.6654144,0.79043245,0.7623035,0.79674774,0.68298626,0.6710705,0.66659117,0.70031357,0.6330305,0.628994,0.63750666,0.70639837,0.64416057,0.8017042,0.7956551,0.6249201,0.59994245,0.70246506,0.51911914,0.715983,0.72039133,0.62591547,0.7876767,0.75431144,0.6146895,0.72213113,0.7449347,0.6747636,0.6859273,0.7002462,0.69018394,0.64699674,0.65541434,0.7243878,0.6254938,0.6815807,0.69227624,0.69006306,0.6927305,0.6921701,0.6471498,0.6661485,0.6711697,0.6770538,0.7166606,0.7016154,0.7629384,0.80208826,0.6575081,0.58237106,0.62173605,0.66734326,0.62403136,0.6099678,0.685627,0.6489328,0.71581674,0.6680616,0.69864255,0.74640226,0.7288998,0.81390697,0.83008087,0.7853118,0.8104952,0.72375876,0.80714387,0.81147283,0.6449768,0.6906646,0.7147273,0.71083987,0.62406826,0.70780754,0.67794216,0.632364,0.6931076,0.63608897,0.63930386,0.620364,0.62795377,0.55742913,0.64464015,0.64922434,0.6581521,0.68343484,0.63056606,0.68397814,0.6566055,0.7155757,0.6813947,0.6478739,0.6782707,0.61998343,0.7668402,0.7790979,0.7057539,0.7215956,0.6958665,0.8068783,0.8150167,0.7139276,0.7858804,0.76063603,0.77587605,0.8002918,0.80286974,0.70579326,0.75610894,0.7942595,0.71695817,0.69937086,0.7031746,0.7655186,0.7326214,0.8360348,0.72922236,0.8131798,0.7011668,0.7649842,0.68596697,0.71505755,0.6926454,0.7138783,0.6654457,0.59735894,0.6796881,0.80636686,0.67839885,0.84852713,0.82141024,0.70857567,0.6841885,0.6849984,0.7595648,0.7157153,0.712562,0.6254061,0.7100268,0.6946464,0.65105265,0.70314,0.6126097,0.7016775,0.6839423,0.64599437,0.7059695,0.66393894,0.62462145,0.6327188,0.6123434,0.7026516,0.6870487,0.7291832,0.6012432,0.7294637,0.7068978,0.6851259,0.63981646,0.6624235,0.7060481,0.72414327,0.7646467,0.60892624,0.6281614,0.77178794,0.62425554,0.5880257,0.67754066,0.70918727,0.6049639,0.6928516,0.6965902,0.72691476,0.73394173,0.6800548,0.8197568,0.8524874,0.67394537,0.59733754,0.67375845,0.8223339,0.8326296,0.84562975,0.6966698,0.6632332,0.6364038,0.6520932,0.6334149,0.58601093,0.5897785,0.69574773,0.6603478,0.8635315,0.79919964,0.6290884,0.5298098,0.6679867,0.44952497,0.6867475,0.7358164,0.726492,0.81032854,0.8319609,0.5456061,0.731318,0.7269165,0.7091179,0.70889854,0.6970798,0.5977773,0.70907605,0.62764364,0.50959647,0.58286214,0.54760677,0.5316789,0.6535448,0.65914667,0.66015476,0.6415899,0.5704805,0.59234756,0.6548713,0.6659411,0.549227,0.54542714,0.6318699,0.63804466,0.63775456,0.6179392,0.62893105
564,0.6785873,0.67783356,0.66683936,0.66876245,0.6753836,0.678185,0.63434136,0.61754143,0.66671205,0.65808004,0.6637848,0.6693621,0.6575456,0.7120917,0.73860836,0.6594676,0.61176395,0.62452394,0.6724077,0.65119016,0.58594716,0.65590316,0.66561824,0.7032339,0.6740981,0.5998512,0.7218406,0.7264714,0.7756066,0.7484944,0.7058887,0.71926814,0.6657233,0.75841326,0.7121561,0.6964165,0.69757277,0.7114937,0.70303077,0.6532072,0.7235831,0.6874631,0.6405135,0.6894588,0.65932095,0.71744704,0.63016367,0.62174207,0.5202444,0.7007426,0.6352117,0.6296808,0.6608958,0.6542342,0.6585882,0.6127323,0.67830765,0.68341345,0.6818409,0.66550994,0.5981239,0.66866255,0.75623405,0.6370445,0.61211056,0.62018603,0.7270957,0.7274256,0.6552733,0.6552093,0.7031052,0.66114956,0.7223646,0.76759744,0.64284223,0.64450383,0.7079513,0.6972095,0.6559854,0.67998326,0.70905006,0.7229685,0.7800913,0.6762416,0.7254642,0.63250667,0.64303243,0.60947436,0.74481285,0.6676086,0.6233145,0.637477,0.572754,0.6285788,0.7564478,0.68376,0.7806152,0.69615364,0.6665663,0.65135264,0.6499583,0.68972576,0.70022595,0.67609453,0.66668814,0.6935716,0.6807314,0.60102224,0.6495325,0.64191914,0.6103428,0.5974093,0.6084774,0.6959619,0.6597223,0.65787774,0.66656965,0.59990925,0.62249637,0.6532354,0.6838143,0.64734197,0.6623624,0.6771648,0.6842288,0.60131043,0.65392876,0.68844426,0.6571774,0.7148865,0.6163026,0.6587614,0.6754683,0.5912292,0.565437,0.605364,0.7103874,0.67071956,0.66718566,0.68572944,0.71070176,0.6602822,0.6917461,0.7945643,0.7967131,0.7110677,0.64245963,0.6836766,0.76752347,0.73222804,0.7754497,0.63974667,0.6326775,0.6277222,0.68789357,0.6059541,0.6362717,0.5985789,0.6602706,0.6112491,0.76453596,0.77359176,0.60544866,0.59375256,0.69458044,0.52389836,0.6997407,0.68394494,0.6015871,0.75690943,0.7479053,0.59424984,0.6943789,0.715254,0.6594366,0.66112894,0.6773076,0.67453927,0.6236556,0.6320854,0.6873955,0.6130406,0.6361849,0.6558656,0.65322477,0.6548011,0.6480909,0.6266354,0.63767684,0.6459442,0.66629994,0.68221664,0.6510931,0.7345592,0.7693376,0.6182339,0.5828578,0.60236824,0.6298997,0.58491576,0.5840469,0.6470716,0.6300207,0.6871283,0.6534695,0.667965,0.72686875,0.7062693,0.79628325,0.7923063,0.748152,0.7733217,0.68728197,0.78403777,0.7728178,0.63170785,0.6739619,0.70027673,0.6916126,0.604987,0.67576224,0.6762802,0.5992601,0.6729171,0.6578113,0.66830724,0.630532,0.6108133,0.56953067,0.6613975,0.63271606,0.6429692,0.6515654,0.62045157,0.6600437,0.6293894,0.7001921,0.6727066,0.6209775,0.6417513,0.60704273,0.730263,0.7442283,0.6798746,0.6973197,0.68338567,0.7715639,0.7784992,0.68431336,0.75618446,0.72651535,0.7472458,0.76595396,0.7683725,0.66854453,0.7255075,0.7594311,0.7052254,0.67394173,0.69489163,0.7441946,0.7303366,0.8034943,0.7098856,0.77653015,0.67115474,0.7400196,0.6655894,0.6757368,0.6659778,0.6847918,0.6556011,0.58662724,0.6520332,0.79222476,0.67869717,0.818628,0.7861708,0.6665529,0.6437268,0.65703064,0.725741,0.69698685,0.6875115,0.61370057,0.68334234,0.683868,0.61954033,0.66502583,0.60407376,0.6604997,0.6544022,0.6074863,0.6610628,0.6434712,0.6293947,0.64896226,0.60144836,0.6774,0.65995276,0.68182796,0.5960165,0.70058745,0.69059855,0.6709888,0.61073345,0.6402478,0.6720383,0.68940985,0.72894686,0.5917989,0.60596025,0.7539755,0.61001384,0.5833709,0.6831808,0.7158584,0.6046944,0.6677904,0.68827105,0.7164299,0.7017657,0.6917609,0.799692,0.8298135,0.67548174,0.5879747,0.67819494,0.7880095,0.794936,0.8118521,0.65994686,0.6207768,0.5989982,0.63896435,0.6056516,0.5912545,0.5616659,0.65601283,0.61912113,0.82468235,0.7784172,0.6075844,0.53243506,0.65842384,0.46190304,0.66746694,0.7013274,0.6946556,0.77351457,0.79695714,0.54596144,0.70658356,0.69935256,0.6954072,0.6712439,0.6715127,0.59419394,0.6758105,0.6111735,0.52073026,0.5779716,0.5513089,0.54013324,0.63931197,0.6427752,0.6453998,0.6318175,0.5641693,0.58294934,0.6363659,0.64371043,0.5467873,0.5419778,0.6183779,0.62350774,0.62791044,0.6073656,0.6121295
565,0.6396858,0.6432369,0.6107732,0.6286146,0.6329953,0.6348242,0.5896519,0.59044284,0.6249985,0.6251947,0.6472337,0.63612264,0.6056939,0.678438,0.6975016,0.61238045,0.61546564,0.60836154,0.6275009,0.5984631,0.5549432,0.6201896,0.635462,0.66139233,0.64255804,0.57524294,0.68923175,0.70145833,0.7471666,0.7084632,0.65817016,0.68633157,0.6211704,0.72304004,0.67181045,0.67000526,0.6689255,0.6935889,0.6768076,0.6211474,0.67278814,0.6771777,0.5976646,0.6690229,0.66423404,0.7350248,0.6342831,0.6039854,0.5507218,0.72562915,0.61087465,0.61147374,0.62063926,0.6271704,0.630505,0.59551907,0.6601943,0.68415993,0.6473608,0.62043035,0.5910223,0.6435252,0.72522795,0.6218055,0.59506017,0.6138546,0.701402,0.69578475,0.6333328,0.64487207,0.6784508,0.66090006,0.68333346,0.74565345,0.61524236,0.62927884,0.6893807,0.7043501,0.63403237,0.68374044,0.6813596,0.7246274,0.77046627,0.66787314,0.70322716,0.60320467,0.62225914,0.5932566,0.709377,0.63215965,0.6088472,0.6398502,0.56756663,0.6050412,0.74698985,0.6826345,0.7542194,0.67779684,0.608799,0.6084758,0.6173987,0.6506629,0.6688491,0.6398262,0.6440278,0.67354983,0.65778774,0.57240486,0.6171231,0.62301356,0.5803855,0.5699981,0.5705734,0.64899117,0.66253036,0.67873645,0.6915181,0.58588594,0.5966367,0.6274402,0.6271513,0.642528,0.62869716,0.6521424,0.65553236,0.5677102,0.6439458,0.6494998,0.6230762,0.6809353,0.5938588,0.63196415,0.6721388,0.5859662,0.5689203,0.6202419,0.73003024,0.6832054,0.64442265,0.68087053,0.6915291,0.62334067,0.6888304,0.7782635,0.78013664,0.7073814,0.63002145,0.6957544,0.73850894,0.6920338,0.7440021,0.5939653,0.59355646,0.5878686,0.665156,0.58261853,0.6443792,0.56686395,0.6123799,0.5761992,0.7123586,0.7407527,0.5849923,0.58515584,0.68207616,0.5288128,0.6787356,0.63986385,0.5796615,0.71779597,0.74394244,0.5719085,0.65928346,0.6780769,0.6408061,0.6250223,0.6508471,0.65398455,0.5998786,0.604363,0.64584726,0.6033726,0.5876933,0.617044,0.6154541,0.61660093,0.60416794,0.60267264,0.60452974,0.6167696,0.65292317,0.6418043,0.59781736,0.69434434,0.7209815,0.5784749,0.58744246,0.5829104,0.5943829,0.5541381,0.5648526,0.6106936,0.6116321,0.6503173,0.63439876,0.63133705,0.6941008,0.6735522,0.7641986,0.73504376,0.69185776,0.7240743,0.63446045,0.75183886,0.7152398,0.6140289,0.65186083,0.6789166,0.66635907,0.58342093,0.63799363,0.6698854,0.5637826,0.64532214,0.669715,0.68599594,0.6345683,0.59483415,0.58279747,0.674155,0.6104726,0.6213066,0.61450195,0.6049466,0.6315386,0.5981773,0.67918396,0.6620863,0.59066516,0.5995131,0.5879151,0.6859356,0.70089084,0.6447036,0.66334635,0.6677622,0.72514117,0.7262427,0.642936,0.7184322,0.67941576,0.7122197,0.7159138,0.7249934,0.6232985,0.6898627,0.7174218,0.68901145,0.64008194,0.6814434,0.7147896,0.7261726,0.7597971,0.681868,0.72962725,0.6326252,0.7111505,0.6376527,0.63107383,0.63113177,0.65208805,0.64914477,0.5751931,0.62128264,0.76841915,0.6711603,0.77605945,0.73893076,0.61743504,0.5988071,0.6222193,0.6824993,0.670478,0.65434504,0.5980009,0.65264064,0.66771114,0.58435977,0.62548864,0.5944752,0.6164659,0.61953306,0.5657681,0.6114363,0.6207159,0.62903273,0.65953094,0.5868858,0.6452675,0.62798053,0.6271635,0.58850724,0.6612426,0.66724443,0.6509879,0.57582206,0.61370754,0.62652504,0.64503026,0.6796327,0.5701128,0.5778875,0.730112,0.5946121,0.5764124,0.6848043,0.7167516,0.6069846,0.63738066,0.6739906,0.69781554,0.6601661,0.6945272,0.76977205,0.7950376,0.6721127,0.575324,0.67669266,0.7405373,0.73920906,0.76260996,0.6208468,0.57707536,0.56257623,0.6165718,0.5832035,0.5978179,0.54250264,0.61527735,0.5768703,0.763571,0.7439169,0.5865295,0.5344759,0.6429169,0.4759745,0.6426944,0.65956485,0.6586722,0.7252176,0.7549294,0.5450742,0.67480046,0.66344887,0.67528194,0.6178685,0.64170414,0.5888295,0.6354974,0.5920926,0.531641,0.5713687,0.55418205,0.5467606,0.6236242,0.623777,0.6262992,0.61937636,0.55792004,0.571555,0.61498064,0.6176781,0.5443816,0.53879946,0.6029872,0.60684174,0.615632,0.5940417,0.59269
566,0.6007347,0.6104748,0.5571934,0.59061605,0.59311,0.5942161,0.5522916,0.56385803,0.5826525,0.59483796,0.6297997,0.60704464,0.55988944,0.6342568,0.64372116,0.56891924,0.6167232,0.5937773,0.5852201,0.55608034,0.5342404,0.5891071,0.6082764,0.6156188,0.61241835,0.5565757,0.6470262,0.67051417,0.7055903,0.65827656,0.60088384,0.64718115,0.56637394,0.678406,0.6227526,0.63823456,0.63526446,0.6690847,0.64428705,0.58687013,0.61725295,0.6578813,0.5562173,0.64388657,0.65874285,0.73525226,0.6291356,0.5872306,0.5759725,0.7342198,0.583215,0.58740973,0.5803854,0.5958805,0.59891444,0.5761074,0.64202183,0.6815101,0.6111616,0.57559407,0.58001035,0.6151887,0.6905764,0.598192,0.5731974,0.60979533,0.6736549,0.6586568,0.60833555,0.6366368,0.65136933,0.6578558,0.6386081,0.7218228,0.59414303,0.6159734,0.6704172,0.7037066,0.6188062,0.68250936,0.6538592,0.7254696,0.7544043,0.65564334,0.67794555,0.5731725,0.6031041,0.57711405,0.6692004,0.5965491,0.5944444,0.6419808,0.5623378,0.5829174,0.7297539,0.67208487,0.7192377,0.6542034,0.55333245,0.5677968,0.5809515,0.6078076,0.63181376,0.6011093,0.6157892,0.65012026,0.6317737,0.5473701,0.5883557,0.60241413,0.55381185,0.5435952,0.5368083,0.60312325,0.65725154,0.6858089,0.701684,0.5711373,0.5685145,0.6006566,0.57273656,0.63320875,0.59507334,0.62443745,0.62588876,0.5333591,0.627373,0.6081014,0.5916088,0.64435947,0.5706168,0.60279477,0.66543466,0.5792016,0.57007664,0.6316949,0.73971933,0.68639,0.62278885,0.67046,0.66567487,0.58302736,0.6739922,0.7530781,0.7534155,0.69370407,0.6127644,0.69704884,0.7036067,0.64685786,0.70221967,0.55296713,0.5597212,0.55249566,0.6335572,0.56603783,0.64755636,0.54512405,0.570341,0.54412895,0.6496405,0.6976436,0.5658391,0.5738712,0.6638541,0.5315855,0.6537782,0.5941009,0.56212795,0.6727183,0.73814785,0.5515324,0.62053645,0.6372416,0.6208519,0.584585,0.62232596,0.63012975,0.5763854,0.5735092,0.60457444,0.5963094,0.5446273,0.5813411,0.58221364,0.5831252,0.5668181,0.5784948,0.5719881,0.58726925,0.63574797,0.60307246,0.5507588,0.6420891,0.65687925,0.54380924,0.589598,0.5659322,0.5642253,0.53405917,0.55435663,0.5808201,0.59592986,0.6093812,0.61313826,0.5951193,0.6517709,0.636526,0.7162155,0.66266316,0.6212819,0.6641586,0.5729306,0.7073655,0.6412236,0.594383,0.6251556,0.650407,0.63664323,0.56212443,0.5991452,0.6559037,0.53194654,0.61327875,0.6675799,0.68610513,0.6286894,0.579973,0.5914455,0.67472744,0.5852986,0.5944497,0.5777338,0.58520085,0.60084265,0.56703395,0.6530791,0.6468896,0.560946,0.5587096,0.5627315,0.6360699,0.6521924,0.60239536,0.62178445,0.6487883,0.6714553,0.6620678,0.5958035,0.6752005,0.625315,0.6717993,0.6557824,0.6761347,0.5801361,0.6520306,0.67166555,0.66639394,0.6047095,0.6621287,0.6791816,0.71630853,0.7066997,0.64705265,0.67554957,0.5912804,0.68072784,0.60563886,0.5868143,0.5922706,0.61749494,0.64386463,0.563973,0.590426,0.7330131,0.65314937,0.72084355,0.68338054,0.56942123,0.5574394,0.5843761,0.6340124,0.63777894,0.61632884,0.57931745,0.6206144,0.64608383,0.5515331,0.5892522,0.5844495,0.5739541,0.58244765,0.52838576,0.5658875,0.5966638,0.61948687,0.65753984,0.56958514,0.60861737,0.59432286,0.5743624,0.57873374,0.6179054,0.6384187,0.6284416,0.54053813,0.584733,0.57914966,0.5997074,0.623982,0.54763496,0.5482005,0.6992354,0.5791727,0.5675591,0.6791708,0.7076574,0.60730106,0.6078594,0.654196,0.67148465,0.61287946,0.6845457,0.7272177,0.74563885,0.65945566,0.560259,0.66590756,0.6832758,0.6701306,0.69936514,0.5838424,0.53955376,0.5321835,0.58745885,0.5689623,0.60141504,0.53285754,0.5789965,0.54002887,0.6817344,0.6958239,0.5672507,0.5348216,0.62180585,0.49029946,0.6148015,0.6152269,0.62205136,0.67030346,0.70817417,0.54306215,0.63822526,0.62302035,0.65058875,0.55880207,0.6097308,0.58212405,0.59225696,0.56987494,0.53964067,0.5623856,0.55622345,0.55129486,0.6067777,0.6027933,0.60458046,0.6050172,0.55203074,0.55925614,0.5924898,0.5903243,0.542385,0.5364068,0.587126,0.5895312,0.60075456,0.57855725,0.5726877
567,0.5641129,0.5835937,0.5145367,0.55836177,0.55987036,0.5602338,0.525629,0.5420719,0.54597026,0.5694849,0.6108529,0.58652204,0.5271371,0.5823302,0.58162427,0.5361027,0.61211014,0.58090526,0.550161,0.5293458,0.52565664,0.56408876,0.58693373,0.5712272,0.58879393,0.54670703,0.6005291,0.6369998,0.6518982,0.6026381,0.54201585,0.6033649,0.5101862,0.62549573,0.5698651,0.6049062,0.59888196,0.63782567,0.60867393,0.554779,0.56416,0.6298038,0.5219463,0.614941,0.640897,0.71490854,0.61473,0.57202744,0.59088194,0.7221794,0.5573843,0.5618234,0.5456448,0.5649123,0.5674875,0.5559131,0.6236617,0.6709296,0.57598126,0.537056,0.5645858,0.5846294,0.65256137,0.5686729,0.54938954,0.605771,0.6445365,0.61847776,0.58285713,0.6281569,0.62317544,0.6480695,0.5939312,0.6931798,0.5811196,0.6040912,0.6502469,0.6904158,0.6105988,0.672248,0.6283378,0.7196287,0.7281823,0.63795847,0.6488611,0.5468855,0.5873356,0.562522,0.6261711,0.564459,0.5798925,0.6389777,0.55625033,0.5625684,0.701689,0.6499623,0.6751537,0.6261799,0.5094057,0.53486687,0.5467867,0.56689066,0.5937084,0.565886,0.5856652,0.6232295,0.606203,0.529203,0.5651714,0.5813845,0.5321947,0.5201509,0.511315,0.563784,0.6408904,0.6751317,0.692214,0.5559973,0.5402022,0.57447743,0.5281024,0.6176557,0.56784236,0.5978203,0.60066974,0.50391734,0.60379267,0.57213694,0.5690277,0.6089555,0.5499806,0.57543135,0.65281624,0.5705155,0.56781965,0.6346012,0.73462117,0.6758025,0.6050217,0.6536574,0.6346587,0.54464144,0.6465842,0.71560156,0.7140527,0.66719264,0.59119666,0.684273,0.6633564,0.60247016,0.65144306,0.5231756,0.5348802,0.5251569,0.5947304,0.55769485,0.64229155,0.534044,0.5399755,0.51879144,0.58440006,0.6459449,0.5489453,0.56009233,0.6396236,0.5312607,0.62611234,0.55253214,0.5496828,0.6247103,0.72568816,0.53697485,0.58330715,0.59770006,0.6029385,0.5475639,0.593174,0.6052098,0.55461025,0.54286957,0.56648284,0.59207946,0.513456,0.55221784,0.5563916,0.5572812,0.5389225,0.55743927,0.54484904,0.56094617,0.61358905,0.5717868,0.51706684,0.58196664,0.5824083,0.5198678,0.5867542,0.55285764,0.5421062,0.52509815,0.5528263,0.559395,0.5845483,0.5693054,0.59204024,0.56427485,0.60474634,0.6009288,0.6531871,0.5850007,0.5465261,0.5983497,0.51285315,0.64970505,0.56002015,0.5759641,0.59570944,0.61520517,0.6055585,0.54416275,0.5635326,0.6334296,0.50811726,0.5796064,0.6497463,0.6663841,0.6123492,0.5669908,0.5927082,0.65932864,0.561587,0.5661948,0.54612446,0.56381273,0.5707886,0.5397026,0.6229134,0.6248036,0.5348578,0.52491343,0.5341566,0.58428293,0.60171986,0.5576186,0.5763108,0.62568784,0.6154516,0.59350675,0.5495347,0.6289211,0.5715615,0.6268168,0.593138,0.6249647,0.5462657,0.6132133,0.6253265,0.63578105,0.5748332,0.6354855,0.6382881,0.695845,0.64711523,0.6076982,0.618678,0.55313957,0.6486595,0.5724255,0.5473782,0.5541245,0.58302045,0.6353641,0.5532757,0.560904,0.68443346,0.6237854,0.65510213,0.6246665,0.52971536,0.5255109,0.5490224,0.5862375,0.60279894,0.57913595,0.56053036,0.58879894,0.62096745,0.5256397,0.558613,0.57394534,0.5365028,0.5462103,0.5003909,0.5307438,0.5712851,0.5995216,0.6397884,0.5508256,0.5710062,0.56274974,0.5309834,0.5667253,0.5778102,0.6084083,0.6075283,0.5099424,0.5552787,0.53956026,0.56217957,0.57069755,0.52759904,0.5210172,0.6606614,0.5639478,0.55713063,0.6631788,0.6853423,0.60268146,0.58410454,0.6297927,0.6384414,0.56522214,0.65978974,0.67065483,0.6809964,0.63584983,0.5442846,0.6438539,0.62180984,0.5966744,0.6272014,0.55340683,0.5127161,0.51120126,0.554619,0.56372726,0.59978837,0.532371,0.55160886,0.51297003,0.5893278,0.63613445,0.5505909,0.5330109,0.5961117,0.50384444,0.58624256,0.5734196,0.5867184,0.61407036,0.658015,0.54016215,0.60095364,0.5836622,0.62495184,0.50563514,0.57743824,0.57501614,0.5507403,0.54576796,0.5435978,0.55116594,0.55731326,0.5539575,0.5888004,0.5803971,0.5814944,0.5890961,0.54605544,0.5467391,0.57074887,0.56443113,0.54061747,0.53451836,0.5717447,0.57246053,0.58338,0.56177604,0.5536764
568,0.53157,0.56658643,0.48843664,0.5338985,0.53567356,0.5353461,0.51065123,0.52823955,0.5198056,0.55120724,0.5911709,0.57636136,0.5113307,0.5288746,0.5191818,0.5197381,0.6013756,0.5697594,0.5263028,0.5202936,0.5290321,0.5455698,0.5739912,0.5345198,0.57544583,0.5458366,0.5553891,0.60566694,0.58980113,0.54778814,0.4906338,0.5575837,0.46253985,0.5678297,0.51923066,0.5735781,0.56318295,0.6013751,0.57381195,0.52905697,0.520006,0.5956821,0.49893486,0.5835752,0.61080176,0.67216057,0.5934603,0.56025916,0.5942121,0.68746835,0.53850603,0.5401656,0.52051926,0.539258,0.54029095,0.53705245,0.60490924,0.64977777,0.5445553,0.50924546,0.54573953,0.55377674,0.6122174,0.5379319,0.5274001,0.60080457,0.61440116,0.57852525,0.5591699,0.61715984,0.5954635,0.63006073,0.55469435,0.6580338,0.57539916,0.5925564,0.6279707,0.66250163,0.608142,0.6514075,0.6064218,0.70318455,0.68996984,0.6144203,0.6158777,0.52796304,0.57504493,0.55064297,0.58249223,0.53724873,0.5648916,0.6279131,0.5488119,0.5434746,0.6617407,0.6165827,0.62383956,0.59574485,0.48297125,0.5135401,0.52133703,0.53406966,0.56076235,0.5404585,0.55948126,0.5939021,0.5860024,0.5198342,0.5485424,0.56122094,0.5166494,0.5013887,0.49619997,0.5348647,0.6131038,0.646238,0.6615959,0.5411071,0.5138579,0.5508063,0.4975152,0.59618205,0.5520465,0.5772775,0.58466023,0.4837462,0.5744327,0.5479823,0.55879617,0.57712764,0.534801,0.55364263,0.6331818,0.56026185,0.56211185,0.6265263,0.712688,0.64995503,0.59345615,0.63099,0.6015746,0.51347446,0.6083814,0.6643847,0.6618129,0.6282981,0.5672579,0.65659714,0.6187669,0.5635982,0.5953765,0.5088626,0.5210032,0.50814444,0.55181193,0.5581006,0.6284035,0.53368413,0.5247693,0.5027221,0.5251306,0.5890402,0.5352181,0.54496586,0.61036444,0.52800393,0.5981581,0.5201131,0.5428926,0.5777094,0.70285237,0.53119963,0.5539557,0.5656834,0.5913336,0.5205454,0.56458443,0.5825401,0.5365223,0.516747,0.53343236,0.5916224,0.49782062,0.53140473,0.53907377,0.54057026,0.52140516,0.5420885,0.526347,0.54122496,0.5876251,0.55120325,0.5005686,0.5218482,0.5077094,0.5108699,0.5803001,0.54466003,0.5302345,0.52699393,0.55985653,0.54705286,0.5791604,0.5362569,0.5740578,0.5413011,0.5585767,0.5716531,0.5796942,0.5137278,0.48021474,0.5336852,0.46405134,0.5821155,0.48448423,0.560942,0.5666159,0.57556343,0.57643896,0.53190535,0.5345293,0.6038149,0.49472198,0.5472065,0.61718434,0.6277963,0.58741325,0.55749184,0.58676654,0.6283114,0.543341,0.5411618,0.522974,0.54374945,0.5444011,0.5192904,0.5908065,0.59523374,0.51473963,0.50158805,0.5064807,0.5349096,0.5528868,0.51616013,0.5325557,0.5995789,0.56197155,0.5301177,0.5099222,0.58244234,0.5248999,0.5789846,0.5355971,0.5745464,0.5251467,0.57437676,0.5807501,0.5977645,0.55605966,0.601917,0.5941426,0.6617994,0.5848914,0.56701183,0.5628916,0.52289367,0.6141235,0.54102904,0.5145655,0.5203272,0.5505759,0.6200647,0.543068,0.5333338,0.62355983,0.5850933,0.5836348,0.5677477,0.5032302,0.5061293,0.52160835,0.5455178,0.5716695,0.5497366,0.54528296,0.5585824,0.5968076,0.5095875,0.5345767,0.5629665,0.5063133,0.51393914,0.48458332,0.5096172,0.5453668,0.57119155,0.60699344,0.5318561,0.53639257,0.5367171,0.50143754,0.5532765,0.54744065,0.5836485,0.5924468,0.48802552,0.5282647,0.51499325,0.53834486,0.5266348,0.51273805,0.49947697,0.61541814,0.54899913,0.5458364,0.6362957,0.64926165,0.59305024,0.5692356,0.60300934,0.6017585,0.5233061,0.62104887,0.60192686,0.60422057,0.6031387,0.52938527,0.6112979,0.5619159,0.5292366,0.55390936,0.53333133,0.49860126,0.50176287,0.5220084,0.5672118,0.59356874,0.54054594,0.53634787,0.49830377,0.5019688,0.57004416,0.5379032,0.5296367,0.5678528,0.51550555,0.560178,0.53889126,0.55438906,0.56036997,0.60530114,0.5366469,0.5690834,0.552649,0.60347575,0.467334,0.5460409,0.5690268,0.5148494,0.5224412,0.54400355,0.5389712,0.55730754,0.5552751,0.57034475,0.5577565,0.55824107,0.57217646,0.5395975,0.53468907,0.551562,0.54259187,0.53853875,0.5324565,0.5579478,0.5566513,0.5640918,0.5446616,0.5368385
569,0.5043115,0.5607196,0.48030013,0.51768833,0.5209437,0.5201424,0.50663346,0.52332526,0.5062115,0.5411881,0.5724702,0.5754168,0.5119909,0.48014888,0.46405074,0.521149,0.586154,0.5603132,0.51519233,0.5271708,0.5415504,0.5331536,0.5700415,0.5110256,0.5733731,0.5513273,0.5159181,0.58084124,0.52572656,0.49895844,0.45304194,0.51177484,0.42953485,0.5096998,0.47528493,0.54601514,0.53168017,0.5627075,0.54239464,0.5119042,0.48833358,0.55942523,0.48874944,0.5515036,0.5713721,0.6088633,0.56840694,0.5533859,0.5875781,0.6308017,0.52926636,0.52613336,0.50692886,0.52181,0.52002394,0.521857,0.585441,0.6175247,0.5187596,0.49383715,0.5248202,0.523405,0.57064706,0.51015574,0.5097421,0.5942423,0.5828317,0.5411283,0.53777903,0.60117614,0.56848323,0.60351616,0.52407366,0.6163913,0.57462716,0.5795727,0.6023375,0.6211237,0.6088075,0.6211958,0.58898044,0.67442805,0.6403369,0.5859219,0.579669,0.51734674,0.5648429,0.541737,0.539855,0.5146992,0.5488631,0.60800904,0.5400532,0.52465796,0.61187583,0.5750259,0.569057,0.5640135,0.47617775,0.505879,0.50852627,0.513767,0.53824675,0.52910405,0.542215,0.56440276,0.57533604,0.51961297,0.5384718,0.54292893,0.5071658,0.48761865,0.49214807,0.51844054,0.57663435,0.60233426,0.6119475,0.52715725,0.49140376,0.5306783,0.48172042,0.5708588,0.5495908,0.56692964,0.5799923,0.47517726,0.5424692,0.5381749,0.5604639,0.5491828,0.5263954,0.53870565,0.6065759,0.5491883,0.5536756,0.60773265,0.6739126,0.61042714,0.58876836,0.6042655,0.56971717,0.49313813,0.5639464,0.60116875,0.5992012,0.5812284,0.544056,0.6160261,0.5709283,0.53216636,0.5388451,0.51064074,0.5182442,0.50230765,0.50972855,0.56565887,0.6076545,0.54253143,0.5247814,0.49712038,0.47686216,0.5312629,0.52560407,0.529761,0.57752204,0.5224019,0.57252336,0.50010496,0.5418716,0.5354658,0.6671439,0.53516257,0.5376561,0.5464677,0.5889084,0.50649685,0.5370388,0.56534886,0.5228391,0.49765298,0.5063673,0.59491086,0.49793455,0.51895326,0.52959394,0.5326054,0.5138344,0.5332874,0.51739913,0.53043675,0.5611019,0.54174215,0.50098586,0.4693064,0.4429233,0.5172452,0.57279533,0.5414093,0.5290078,0.53767574,0.57303977,0.54263324,0.5800701,0.515608,0.5617751,0.5261851,0.5182371,0.5516439,0.50465196,0.4567679,0.4316759,0.47551307,0.43188334,0.51095825,0.42393205,0.54944885,0.54074806,0.53520745,0.55097896,0.52578783,0.5137059,0.56977296,0.49230942,0.51897055,0.5739618,0.5757084,0.5569714,0.55255944,0.5754296,0.5856812,0.5324149,0.5224221,0.50951654,0.5268207,0.5235295,0.50761443,0.55906266,0.5593542,0.5021395,0.4901473,0.48270413,0.4907831,0.508427,0.4819663,0.4956922,0.57296467,0.5140845,0.4791115,0.4799795,0.5382423,0.48882076,0.5304588,0.48890817,0.52782476,0.51682407,0.53708917,0.5392605,0.5556907,0.55112267,0.564969,0.55046076,0.6146506,0.5245575,0.5288597,0.5107534,0.5024951,0.5768287,0.51412684,0.48782504,0.49277398,0.5214287,0.5966519,0.5333395,0.507751,0.5557269,0.5421656,0.51331556,0.5159831,0.4920848,0.50017285,0.50532985,0.51621264,0.5499962,0.53323895,0.53606087,0.5317929,0.57823384,0.50457424,0.51745987,0.5516391,0.4839463,0.48757783,0.4818716,0.5038055,0.52140456,0.53914726,0.5638226,0.51364034,0.50767565,0.5176956,0.48670575,0.53983575,0.53033674,0.56964546,0.58545566,0.47697398,0.5070777,0.5083858,0.5297931,0.49473718,0.5046169,0.4850168,0.5664068,0.53452337,0.53466123,0.6010501,0.60232687,0.5800061,0.5641758,0.5768848,0.56582445,0.49210933,0.57274747,0.5273965,0.5229549,0.56606406,0.5177819,0.5719396,0.50779605,0.4750532,0.48713273,0.5247408,0.49720475,0.50423396,0.4943878,0.57710326,0.5846923,0.5554514,0.5335873,0.4968415,0.4319539,0.5053161,0.5303326,0.5253621,0.53912777,0.5241552,0.53967196,0.5150339,0.52717006,0.5114823,0.55120504,0.5328231,0.54796934,0.5361444,0.5902949,0.4475813,0.51633644,0.56559074,0.48637354,0.5017576,0.54193157,0.5272415,0.5559977,0.5555862,0.5522611,0.53615856,0.53585345,0.5547415,0.53263444,0.5237626,0.535763,0.5260529,0.5355637,0.5297012,0.54664135,0.543051,0.543518,0.52786386,0.5228324
570,0.4827948,0.5633315,0.4872994,0.50864637,0.51412934,0.51309335,0.5113352,0.5254201,0.5037405,0.5394534,0.5565758,0.5801413,0.5248737,0.44055057,0.42131042,0.53668857,0.5691524,0.55189157,0.51545215,0.54530644,0.55835396,0.52550113,0.5726153,0.5030139,0.5804418,0.5588452,0.48483816,0.5645529,0.46762663,0.45850563,0.43025202,0.4673135,0.41159624,0.45481485,0.44015807,0.5219076,0.5069759,0.5255466,0.51519346,0.5025971,0.46914557,0.5249286,0.49053606,0.5209139,0.5287721,0.5341187,0.54251426,0.55191797,0.5750817,0.55898225,0.5285236,0.52001184,0.5039188,0.51204115,0.50679874,0.5119691,0.5646372,0.5752617,0.49965978,0.49024844,0.50293654,0.4927177,0.5285443,0.48712838,0.49633226,0.584358,0.5487521,0.5065367,0.51729786,0.57771915,0.5407234,0.5680223,0.5023838,0.56956893,0.57550436,0.5631079,0.5715177,0.5707156,0.6087913,0.5846063,0.57532597,0.6332181,0.58197284,0.55497164,0.5418992,0.51389587,0.55449516,0.5344374,0.49943262,0.49614382,0.53171796,0.57988095,0.530497,0.50550354,0.5575564,0.53080475,0.51518756,0.53057647,0.48740304,0.5111503,0.5078951,0.5065361,0.5280213,0.5318199,0.5352132,0.5374571,0.57506984,0.52770334,0.5342325,0.52697474,0.50298256,0.47829622,0.4985831,0.5145974,0.53666437,0.5504739,0.55070627,0.5145494,0.47395784,0.51345825,0.4782268,0.5440902,0.55837023,0.56754035,0.5847695,0.47791582,0.51178175,0.54056287,0.570214,0.5240298,0.52391857,0.5285513,0.5736202,0.5380257,0.5433338,0.5801484,0.6205449,0.5620599,0.5895708,0.57611275,0.54109097,0.48473367,0.519956,0.5318386,0.5313753,0.5331322,0.5245176,0.5679349,0.5213456,0.5071704,0.4857598,0.52522564,0.5249297,0.5066694,0.4733318,0.5765792,0.58287835,0.5577594,0.53694147,0.5017346,0.44090945,0.47726944,0.52040005,0.515139,0.54244214,0.5152579,0.5508238,0.49295685,0.5459183,0.50056297,0.61730236,0.54719514,0.53588986,0.5416113,0.59479916,0.50349534,0.5106567,0.5553557,0.51286066,0.48592004,0.48539847,0.6005175,0.51023066,0.51339316,0.5258812,0.53137,0.51465863,0.5294789,0.51609814,0.529442,0.53795034,0.54122907,0.51470256,0.42927355,0.39473075,0.53535104,0.56657743,0.5420018,0.53710485,0.55373305,0.5882889,0.54386234,0.58554345,0.5096266,0.5567978,0.51719725,0.48735502,0.54143786,0.43892032,0.41601443,0.40338227,0.42613903,0.41552225,0.44335368,0.38132566,0.5395239,0.51989275,0.49876055,0.5286378,0.5237857,0.5005395,0.5347402,0.4997496,0.49778068,0.5278116,0.52116466,0.5246917,0.55274546,0.56207454,0.53923094,0.52768403,0.51021594,0.5045021,0.5127267,0.5079024,0.5044302,0.5295763,0.5198371,0.4982072,0.49069715,0.46389169,0.45290336,0.4702591,0.45650887,0.46762317,0.547304,0.47289753,0.4424388,0.45930022,0.49733317,0.46289545,0.4830261,0.4559144,0.48710677,0.5184646,0.50281554,0.5011718,0.51486903,0.55878806,0.53037363,0.5110137,0.5587825,0.47070885,0.4975226,0.46424827,0.49217227,0.5376855,0.49257013,0.4666186,0.47203028,0.49698043,0.5658476,0.52422565,0.48385882,0.49054006,0.50209814,0.45110366,0.4709545,0.49521768,0.50604415,0.4997212,0.49895328,0.5403223,0.5302233,0.5327517,0.510376,0.5673204,0.5105132,0.5073055,0.5399723,0.4692749,0.46775907,0.49135068,0.51232994,0.5025851,0.50878584,0.51835114,0.49680987,0.48596814,0.5045069,0.48461655,0.527715,0.52587616,0.5679983,0.5851373,0.47682756,0.4943441,0.51755023,0.53409326,0.47435385,0.50286597,0.4772107,0.5175303,0.52089787,0.5243821,0.5622154,0.5507994,0.56597847,0.5673846,0.55431324,0.5347185,0.47422862,0.5229114,0.4568782,0.44742364,0.5312253,0.51099735,0.53193265,0.46203154,0.43602118,0.43175074,0.52576125,0.50665194,0.5171648,0.47571024,0.58945954,0.57545656,0.57417643,0.5408186,0.5075751,0.38395673,0.4495844,0.5281985,0.5201068,0.51098204,0.52904665,0.52652913,0.5026456,0.5069467,0.46941063,0.49759495,0.52902406,0.5394278,0.5361868,0.58587235,0.44458136,0.48929462,0.56538516,0.46567366,0.48456302,0.5383458,0.5168247,0.55289793,0.55447406,0.5351231,0.5165896,0.51530653,0.5371765,0.52553904,0.5144072,0.5226177,0.51412547,0.5314609,0.5261709,0.53805757,0.53212655,0.5222706,0.51176876,0.5118208
571,0.46664312,0.5697297,0.50426835,0.50476074,0.5124836,0.51117104,0.52145195,0.5310321,0.5086699,0.5449302,0.54508597,0.58598393,0.5442471,0.4127496,0.39353132,0.5598407,0.5537445,0.54352874,0.5237532,0.5688452,0.57459456,0.5209436,0.577567,0.50867146,0.5923999,0.56426996,0.46408024,0.5561853,0.4223701,0.4261142,0.4191309,0.42637798,0.40579122,0.40595496,0.41469228,0.50027794,0.49081847,0.49386737,0.4918805,0.49864677,0.4600985,0.49549338,0.5019158,0.49465862,0.49127758,0.4631588,0.5188822,0.55596495,0.56268233,0.4859334,0.5327086,0.5197668,0.5085624,0.507335,0.49889356,0.50829023,0.5422955,0.5257042,0.48823604,0.49702495,0.4813645,0.46133578,0.4861236,0.46904737,0.48552164,0.568879,0.51118356,0.47358203,0.4962255,0.54508585,0.51022166,0.52367306,0.4879665,0.5192969,0.574551,0.5416203,0.53339934,0.5181009,0.603755,0.5450878,0.5633383,0.58083695,0.5186646,0.5255836,0.50468236,0.51625687,0.54199076,0.5260981,0.46219367,0.48062414,0.514431,0.544835,0.52072537,0.48621798,0.5061217,0.4905089,0.46556133,0.49491048,0.5121583,0.52616704,0.5155811,0.50937533,0.52849805,0.54460466,0.53629315,0.5155479,0.58231366,0.54281396,0.53505135,0.5135354,0.50345063,0.4735449,0.51399285,0.52180725,0.49948245,0.5003655,0.49004868,0.50329703,0.46163094,0.49757275,0.4825882,0.5176759,0.5733016,0.5761805,0.5938724,0.4894477,0.48591414,0.5499607,0.58270735,0.5003571,0.5248813,0.5191934,0.5353554,0.52732265,0.5317258,0.54697746,0.5578965,0.5124118,0.5931852,0.54975104,0.5167925,0.4876781,0.48362038,0.46474624,0.46462637,0.49150303,0.5107025,0.52061176,0.47204247,0.48612803,0.4378958,0.54712903,0.53821325,0.5186976,0.44539472,0.58652186,0.5577035,0.57637036,0.55678415,0.51522005,0.41674495,0.43128914,0.5193108,0.5012627,0.506549,0.5075867,0.53362125,0.49666774,0.5536662,0.47358182,0.553551,0.56361955,0.54596984,0.54856366,0.60458875,0.5064522,0.48552096,0.55220115,0.50577193,0.48125854,0.469975,0.6066914,0.5290388,0.51245487,0.52539104,0.53412163,0.5215424,0.5278272,0.5189994,0.537785,0.5214925,0.5460787,0.5365556,0.4040707,0.36580724,0.55939096,0.5633788,0.544927,0.5522669,0.5717574,0.6017807,0.5486426,0.5931182,0.5168168,0.55975544,0.5120104,0.46838605,0.539976,0.3904724,0.38883722,0.39244464,0.38586217,0.41027153,0.3847203,0.35534608,0.52866477,0.505167,0.47082642,0.5079066,0.5228137,0.4933766,0.5025175,0.51488215,0.486145,0.48858228,0.47769707,0.49474743,0.5585895,0.55148226,0.49858508,0.526504,0.5030656,0.5051978,0.50015193,0.49595731,0.5080215,0.504099,0.48020923,0.5038499,0.502829,0.45072612,0.4214521,0.43878293,0.44009507,0.4469189,0.5221054,0.4380768,0.4173986,0.44550982,0.45902085,0.444502,0.43763825,0.436376,0.45296958,0.52562785,0.47150958,0.46529087,0.48048076,0.5745349,0.50365335,0.477711,0.5012801,0.42596972,0.4768504,0.42446116,0.4919727,0.49862182,0.47493717,0.45186284,0.45756397,0.47871494,0.52949494,0.5157266,0.46139836,0.43761122,0.47158423,0.40093526,0.43242067,0.50896204,0.52023524,0.50129724,0.49109432,0.5419024,0.53700596,0.5332098,0.49585155,0.56277734,0.5265202,0.503984,0.52796954,0.4622096,0.4548513,0.5107244,0.5321702,0.4914168,0.48453808,0.4795006,0.4815242,0.47080022,0.49451357,0.49100614,0.517546,0.5302953,0.57608306,0.5871228,0.48570234,0.49130458,0.5364989,0.5464224,0.46283588,0.5054431,0.4742619,0.47193995,0.5083974,0.5154035,0.52539414,0.5023103,0.5538886,0.5756286,0.5374617,0.5112518,0.47008982,0.4807946,0.39882213,0.38542354,0.50504744,0.509646,0.49819207,0.425528,0.4098174,0.38858435,0.5332959,0.5238036,0.53774863,0.46764243,0.6005203,0.56843764,0.59408253,0.5544226,0.5279283,0.35690883,0.40765053,0.5312165,0.5134162,0.48346522,0.53022856,0.5210025,0.5000064,0.4942551,0.43584895,0.44583496,0.52545786,0.54140073,0.55009997,0.586836,0.45301566,0.4654485,0.56801236,0.45296025,0.47188655,0.53404284,0.50803083,0.54738724,0.5509626,0.51897246,0.49943998,0.49754837,0.52001905,0.5188677,0.50678426,0.5104727,0.50490487,0.52647847,0.52208614,0.53165096,0.52366483,0.50117666,0.49675393,0.50364226
572,0.45524147,0.5758313,0.52582324,0.50407016,0.5133514,0.51123846,0.53344005,0.5373092,0.51719517,0.5554364,0.539007,0.5888616,0.56500876,0.3979664,0.38129723,0.58387023,0.54327345,0.5351264,0.5362241,0.59207076,0.5869926,0.51830614,0.5812558,0.52286494,0.60417306,0.5650951,0.45502618,0.55309165,0.3941256,0.40062675,0.41561535,0.39224392,0.40883845,0.3654389,0.39912865,0.4812391,0.48410735,0.47133452,0.4723179,0.49775168,0.4579599,0.4734235,0.5196388,0.47597024,0.4665488,0.41076973,0.5010109,0.5652663,0.55637515,0.42768157,0.53857565,0.5232169,0.5177079,0.5053752,0.49447662,0.51133984,0.51961005,0.47414845,0.48520127,0.5120951,0.46217996,0.4314199,0.4442582,0.4563849,0.47618335,0.54683703,0.47071648,0.44175735,0.47487456,0.50391054,0.4767403,0.473344,0.4787885,0.46798444,0.5688932,0.5149228,0.48753166,0.47094628,0.59009075,0.5066232,0.55055684,0.5213428,0.4554579,0.5021521,0.47021687,0.5234603,0.5265365,0.5143421,0.4294076,0.46692905,0.4986527,0.5053531,0.5110564,0.46780154,0.46437556,0.46015126,0.42248037,0.45861828,0.54394037,0.5466109,0.52666724,0.51767176,0.53578347,0.56134284,0.54144984,0.50057685,0.59170985,0.5629179,0.53998417,0.5029587,0.5080968,0.47438055,0.5356439,0.53686714,0.47104284,0.4616818,0.4425836,0.49335906,0.45410082,0.4821749,0.49032232,0.4933238,0.58819765,0.58750653,0.6012253,0.50618774,0.46818456,0.56073403,0.5928033,0.47766894,0.52636486,0.50728095,0.4942482,0.5175936,0.5196409,0.5130775,0.4948513,0.4702597,0.5965005,0.528745,0.49822995,0.50058085,0.46121684,0.40771496,0.40521097,0.46210098,0.50374544,0.48298115,0.42587703,0.4670715,0.39614835,0.5707437,0.55461645,0.5349544,0.42707878,0.5922779,0.5361457,0.59544694,0.57976866,0.5353402,0.40304795,0.39672405,0.5219435,0.48861238,0.47234744,0.5003727,0.52094233,0.5080825,0.5631265,0.45314404,0.47970736,0.5798621,0.5620235,0.5619072,0.61238855,0.51029,0.46208212,0.5534929,0.5015253,0.48350206,0.45948112,0.612046,0.54905754,0.51404893,0.52601814,0.53817767,0.53166354,0.526331,0.52327627,0.5534472,0.51368207,0.55271196,0.561252,0.39398748,0.35576043,0.58362216,0.5639953,0.5490681,0.5713519,0.58884954,0.6109369,0.5553989,0.60084695,0.53243273,0.5698511,0.50884783,0.4627338,0.5454541,0.36257356,0.37123957,0.39435527,0.35442287,0.41113448,0.33831757,0.34322953,0.5158495,0.4972689,0.45471555,0.48798612,0.52076316,0.49059758,0.47654828,0.5348513,0.4853165,0.46474972,0.45559993,0.47153777,0.57010365,0.54807544,0.47175235,0.5270267,0.49969953,0.5091881,0.48874784,0.48651993,0.516478,0.48452622,0.44449452,0.51852155,0.5250322,0.44449964,0.39699754,0.41326582,0.4329943,0.4314586,0.49666628,0.40903088,0.3998736,0.43654898,0.4226992,0.43130562,0.39550668,0.4280533,0.42473224,0.5339228,0.4421164,0.4298536,0.45612404,0.59248996,0.48867485,0.45098957,0.45010927,0.39042234,0.46896827,0.39133936,0.5015418,0.46240237,0.45920795,0.44509506,0.44817787,0.4672673,0.4906191,0.50760436,0.44087982,0.40276286,0.45495704,0.36340642,0.39945138,0.528119,0.538605,0.5053699,0.48856777,0.5512202,0.5477274,0.53471303,0.4889654,0.561015,0.55039877,0.50666845,0.5161054,0.46247813,0.44946492,0.5362414,0.55824393,0.48901093,0.4694061,0.45412672,0.46781906,0.46107537,0.4856794,0.50149584,0.5095353,0.53878796,0.5884227,0.5865587,0.50042236,0.4978704,0.5578904,0.5612892,0.4572291,0.5097157,0.47401145,0.43180373,0.49714434,0.50813794,0.4961001,0.4635428,0.5465746,0.5851471,0.5277017,0.49696463,0.47853294,0.453974,0.35717818,0.34005526,0.4919197,0.51365155,0.47610876,0.3979781,0.39282793,0.35592252,0.5445099,0.5447746,0.56191045,0.46979165,0.6076598,0.56584156,0.61282307,0.5709956,0.5538101,0.34725425,0.38142264,0.5386456,0.5053652,0.4573245,0.52861625,0.52191025,0.50410604,0.48805726,0.4114492,0.39683074,0.52210873,0.5491614,0.5713775,0.5879779,0.46674016,0.44449127,0.57182956,0.448582,0.46522507,0.5297223,0.5011383,0.5392997,0.544502,0.5036603,0.48473305,0.48349425,0.50426143,0.51314664,0.50094044,0.498256,0.49676576,0.52118874,0.51774216,0.5263899,0.51694554,0.48167726,0.4835277,0.4980403
573,0.44903007,0.57934093,0.54665774,0.5054527,0.5153284,0.51181704,0.5447077,0.5419395,0.5256125,0.56844676,0.53885627,0.586342,0.5835426,0.39672303,0.38421923,0.6038398,0.540693,0.5275844,0.5501501,0.6111878,0.5948003,0.5176135,0.5813822,0.53846717,0.6109461,0.5607078,0.45747584,0.5510267,0.3847076,0.38136193,0.4160638,0.36888188,0.41706812,0.33594713,0.39314812,0.4658208,0.48614448,0.46063027,0.4566193,0.4981322,0.45941845,0.45948988,0.5397472,0.4677693,0.45924234,0.38594037,0.49143633,0.5795316,0.56042063,0.3960439,0.5433295,0.52790993,0.5276875,0.5045758,0.49198812,0.520081,0.49895772,0.42871124,0.49045965,0.5323036,0.44795558,0.40745348,0.4070993,0.449581,0.46788087,0.51991385,0.4311353,0.41255426,0.45509157,0.4588671,0.44303617,0.42378277,0.47341907,0.42138064,0.5572577,0.48560494,0.4382576,0.43685007,0.5668494,0.47464845,0.5358761,0.4639981,0.40032253,0.48895192,0.44252527,0.53458965,0.50868183,0.4981134,0.40371394,0.45427826,0.48685923,0.46686003,0.5020096,0.45236433,0.4380384,0.44385898,0.38929152,0.4263834,0.5741755,0.5665083,0.5357643,0.5258814,0.54449385,0.57474345,0.5455422,0.49341595,0.59658384,0.5848065,0.5477866,0.49578136,0.516847,0.48177254,0.55883086,0.55472225,0.45526168,0.4406876,0.41677335,0.48528975,0.4512711,0.46807063,0.4977847,0.47317815,0.5968153,0.5946837,0.6012652,0.5235815,0.46113357,0.56746876,0.5961023,0.45697427,0.5256377,0.4909651,0.4554902,0.50969297,0.50835246,0.4847506,0.44264352,0.44360942,0.59636974,0.51606786,0.48669043,0.5206041,0.45646933,0.36767563,0.3598566,0.4489835,0.50275344,0.4620625,0.3879386,0.44938534,0.36242738,0.5911697,0.5702195,0.55193657,0.4185912,0.59273034,0.5222542,0.6129066,0.6018548,0.5588406,0.3981351,0.37651595,0.527527,0.47835895,0.44380853,0.49479914,0.5129748,0.52233833,0.5723432,0.43811503,0.40696245,0.59136516,0.57634324,0.5743062,0.61201483,0.51041687,0.44189465,0.5555804,0.50099754,0.49234653,0.4544526,0.6158497,0.5657213,0.51708716,0.5271337,0.54229355,0.54276365,0.52387506,0.5264552,0.5731787,0.5151947,0.5581291,0.5843308,0.39842322,0.36311886,0.6037642,0.5689896,0.5535629,0.5912468,0.60377,0.61493355,0.5637742,0.6072242,0.5496123,0.5846861,0.5069931,0.46982968,0.5550009,0.3556833,0.35976058,0.40429685,0.33282307,0.4129663,0.3068943,0.34218088,0.5012623,0.49588823,0.45194557,0.46884742,0.5165326,0.49070433,0.45907944,0.5558487,0.49481356,0.46072853,0.4593225,0.45800215,0.5863418,0.55419177,0.46364826,0.5276771,0.49880528,0.5141058,0.4788879,0.47917637,0.5270672,0.47253668,0.4175648,0.5391247,0.55367637,0.4462035,0.3818872,0.3946628,0.43554324,0.41976902,0.47161338,0.3869986,0.38680583,0.43077606,0.3901742,0.42187342,0.35999945,0.4280684,0.40344864,0.5398555,0.41537887,0.39586982,0.44434354,0.60655606,0.4877026,0.43169725,0.41348115,0.36476806,0.4743296,0.366445,0.51962197,0.43329337,0.4438063,0.44813803,0.4429614,0.46342778,0.4547654,0.49985805,0.42425215,0.38897216,0.45360157,0.33925143,0.37296486,0.54633844,0.55580306,0.50699717,0.48702827,0.56257945,0.5556379,0.5343015,0.48933414,0.55744886,0.57812274,0.5142581,0.5055331,0.4702142,0.4521685,0.56227124,0.58368087,0.49432546,0.46415988,0.44548297,0.4563241,0.45590916,0.47744015,0.51222473,0.50382376,0.5464257,0.5977891,0.57918835,0.5169794,0.5123899,0.57386255,0.57310164,0.45500618,0.5128865,0.4744851,0.4001515,0.48767647,0.5031056,0.47913942,0.43951398,0.54631746,0.59205055,0.52538574,0.49219418,0.49684602,0.44710886,0.33385715,0.31264722,0.49410188,0.52083015,0.46864024,0.38010958,0.38212025,0.33272383,0.55695975,0.5651875,0.58503115,0.47970548,0.60978734,0.56852275,0.62899643,0.587831,0.58020145,0.3509904,0.37126514,0.5492106,0.49655104,0.43459594,0.52574885,0.52679104,0.5108811,0.48754972,0.3971118,0.35449228,0.5188534,0.55673784,0.5909132,0.58365035,0.4793554,0.42704025,0.5742939,0.45319402,0.46629375,0.5259094,0.49669582,0.5292338,0.53537834,0.4900544,0.47326362,0.47443613,0.49173778,0.50897235,0.49697477,0.48616806,0.48914227,0.51638204,0.513474,0.5214782,0.5113687,0.4662647,0.47355616,0.49500746
574,0.45005488,0.5797649,0.5619775,0.50903475,0.51876366,0.51378113,0.5544179,0.5421106,0.52981025,0.5821945,0.5446054,0.5781842,0.5980219,0.40919194,0.4012559,0.617463,0.54769826,0.52175784,0.5646645,0.6253506,0.5997271,0.51986307,0.57717353,0.5482524,0.6093697,0.5518433,0.46858987,0.54498076,0.39365464,0.36790138,0.41731519,0.3596469,0.42588884,0.31989163,0.3957206,0.4543066,0.4945024,0.46273652,0.44442976,0.49814343,0.46184403,0.45314062,0.5586728,0.47186258,0.47012734,0.39068165,0.4904784,0.59840417,0.5760829,0.39563632,0.54368126,0.53063405,0.53362584,0.50377506,0.48991907,0.5314571,0.48268086,0.39734054,0.5032696,0.55431575,0.4406935,0.39365298,0.3812933,0.44795543,0.46026418,0.4922513,0.39804602,0.38851616,0.43864435,0.41729784,0.4134276,0.38269252,0.4709038,0.38757342,0.54039973,0.45874152,0.39386576,0.42159685,0.5366384,0.45439485,0.5201317,0.42058405,0.36193505,0.4896322,0.42744124,0.5487486,0.48965025,0.47780883,0.38842148,0.4425699,0.48212585,0.43702003,0.49475193,0.44277924,0.43055287,0.44296047,0.36998704,0.40386477,0.5943338,0.57857144,0.5376258,0.52811784,0.5488853,0.5772809,0.5432669,0.49336645,0.59041643,0.6052616,0.55756485,0.4921731,0.53007853,0.49567616,0.57842064,0.56998104,0.45292342,0.4385552,0.41509002,0.48043585,0.4531607,0.45728326,0.50249904,0.45907792,0.5941494,0.5904984,0.58977985,0.5366259,0.46490797,0.5652298,0.5894343,0.4400814,0.5207052,0.46960923,0.42533767,0.5046668,0.4992607,0.46739358,0.4101193,0.43676862,0.5901868,0.51283556,0.4818869,0.5430775,0.46865785,0.34974784,0.33387405,0.45380336,0.5048562,0.4612034,0.36420858,0.43319038,0.338923,0.60469,0.5814748,0.5671128,0.41858628,0.589141,0.51906717,0.628196,0.6199198,0.58190405,0.40015814,0.37245646,0.53454536,0.47181234,0.42468736,0.4926203,0.51018554,0.5326121,0.5804612,0.42917386,0.350053,0.5949202,0.5813125,0.5777318,0.59773105,0.5025368,0.4272386,0.55494565,0.50556654,0.50716746,0.45701125,0.6182144,0.57523215,0.52187324,0.5301372,0.5474737,0.55411804,0.5190609,0.52528197,0.5938682,0.5253907,0.5604154,0.6032157,0.4164043,0.38624445,0.6177739,0.5789101,0.5575185,0.6101112,0.6174233,0.6149537,0.57474667,0.6110725,0.56119806,0.60129243,0.5066272,0.48636863,0.56463397,0.36853576,0.35175812,0.41711333,0.32343143,0.41031146,0.2928499,0.34956226,0.48479232,0.49948835,0.46229967,0.45048133,0.5092885,0.492231,0.45095843,0.57414407,0.513083,0.47616476,0.48717064,0.45439142,0.6054536,0.56965894,0.47536325,0.5256466,0.49833158,0.5165828,0.4706457,0.47381648,0.53594595,0.4689323,0.40419933,0.5612679,0.58406216,0.4553543,0.37969932,0.3865556,0.4475087,0.41073856,0.4488669,0.3750667,0.37668067,0.42639583,0.36510867,0.4151779,0.3358046,0.43365148,0.39271873,0.54154533,0.39467645,0.36788705,0.44696477,0.6116349,0.5007776,0.42133433,0.3981057,0.35183948,0.4925003,0.354104,0.5445084,0.415964,0.42762873,0.46299735,0.44171193,0.4690186,0.42906865,0.49311072,0.41426554,0.3973158,0.4661847,0.33065593,0.3559391,0.55770195,0.56536055,0.5020776,0.48264673,0.5696245,0.55419505,0.5291784,0.4953175,0.5477267,0.6051911,0.5264723,0.49769688,0.48626724,0.46295688,0.5832296,0.60220134,0.5043199,0.46700463,0.45294166,0.4483144,0.45469826,0.4703235,0.5200924,0.50041825,0.54904884,0.59645605,0.56165063,0.5313748,0.5314074,0.57738984,0.57718277,0.45423123,0.512573,0.47423536,0.3807249,0.4811794,0.5005665,0.4770702,0.4329542,0.5538563,0.59294945,0.52947396,0.49577412,0.5207166,0.46091288,0.33083677,0.30443156,0.511263,0.5269212,0.47648197,0.37434632,0.3757276,0.31949064,0.56860846,0.5812804,0.6034645,0.49274078,0.60771036,0.575712,0.6427704,0.6029191,0.602739,0.3642542,0.37626812,0.56110257,0.48762324,0.4172198,0.52332926,0.53275925,0.51536,0.49348283,0.3948212,0.32579562,0.5157754,0.55828047,0.59926933,0.56862384,0.48483536,0.41559905,0.57296306,0.4677232,0.47658002,0.52315784,0.49551025,0.51829,0.5243645,0.48053345,0.46719295,0.4719701,0.4847303,0.50705695,0.49507743,0.47526953,0.48238558,0.51299036,0.509696,0.5171293,0.50716263,0.45786402,0.46883848,0.49488035
575,0.46048635,0.5775794,0.5687431,0.5154817,0.52480894,0.51904464,0.5631695,0.535343,0.5264696,0.59579533,0.5553017,0.56636053,0.6077926,0.43382686,0.4294446,0.6243471,0.5631941,0.5180523,0.5794832,0.6353207,0.60409665,0.52577347,0.5693924,0.54749566,0.5987611,0.5401811,0.48357922,0.53172135,0.41784564,0.36016378,0.41786486,0.36531544,0.4318185,0.3182517,0.40517244,0.4454303,0.5055509,0.4761492,0.4345454,0.49632305,0.46364743,0.4526901,0.5743879,0.48793957,0.49568582,0.42093703,0.49635348,0.6200952,0.6007319,0.42405257,0.5367796,0.52862656,0.5311406,0.5024781,0.4869844,0.54231143,0.47228584,0.3844131,0.5220693,0.5755658,0.44130588,0.39189255,0.3718505,0.4502535,0.45388263,0.46890378,0.3758455,0.37211117,0.42678997,0.3856071,0.3915267,0.35523534,0.4708322,0.3724004,0.521123,0.4394423,0.36184192,0.42716265,0.504954,0.4485872,0.50569236,0.39877594,0.34522396,0.5050662,0.42909557,0.5647003,0.47133902,0.4558579,0.3854533,0.43230107,0.48619148,0.42183727,0.49076754,0.4413542,0.44145718,0.45585176,0.36691275,0.39471352,0.59946436,0.57744664,0.5291703,0.520421,0.5446661,0.56382823,0.5311845,0.4982116,0.5697754,0.62221515,0.5687742,0.4915838,0.54748374,0.51432395,0.5912824,0.5789469,0.46208817,0.45229322,0.4349247,0.4802518,0.45943296,0.4517692,0.50366366,0.45186695,0.5787124,0.5700758,0.56551236,0.54227716,0.47691453,0.55166906,0.57228714,0.42849666,0.5113554,0.44464657,0.4078914,0.50306374,0.49336755,0.46293408,0.40001908,0.44881457,0.57716364,0.5177746,0.48187605,0.5627364,0.49240202,0.35541642,0.32876346,0.47442976,0.5071589,0.47895798,0.35810202,0.419232,0.32697946,0.6091816,0.58632845,0.57933253,0.42485657,0.58413005,0.52694374,0.6412128,0.6317822,0.6010426,0.40723407,0.38401845,0.5413512,0.46981737,0.41696647,0.4952258,0.51234746,0.53299016,0.5877955,0.42826027,0.3179852,0.5896959,0.5721619,0.56635034,0.5667393,0.48521608,0.41989994,0.54963577,0.51593846,0.5264513,0.46916983,0.6195088,0.57546765,0.5292265,0.53695,0.5554458,0.56601894,0.5104534,0.5167877,0.6133108,0.54228055,0.55977255,0.6170044,0.44530645,0.42191496,0.6253839,0.5929934,0.56033885,0.6269102,0.6308183,0.6130549,0.58879375,0.61169064,0.5622857,0.6170479,0.5086573,0.50727636,0.57091594,0.39782357,0.3462616,0.4289332,0.32788274,0.40063718,0.29707423,0.3629691,0.46586233,0.505469,0.48331258,0.43250048,0.4985616,0.49380067,0.4512776,0.58762306,0.53790814,0.50609446,0.5313486,0.45868614,0.62469006,0.5916385,0.50338334,0.51789767,0.4962292,0.51328063,0.46397457,0.47012419,0.54028624,0.47307146,0.40692282,0.58134234,0.612014,0.46984768,0.39248037,0.3925487,0.46727154,0.40433037,0.4312126,0.37580353,0.36978617,0.42270058,0.35074884,0.41095448,0.3262713,0.44305137,0.39613625,0.5396829,0.38403296,0.35089636,0.46414277,0.6059261,0.5251942,0.4213267,0.40650705,0.35445455,0.5214115,0.35819,0.5736757,0.41309384,0.41145486,0.4897533,0.4445474,0.48493123,0.41861543,0.4884896,0.41306946,0.42604318,0.48924273,0.33941302,0.3511814,0.5592033,0.56265855,0.4891158,0.4733793,0.5675204,0.53941953,0.5177242,0.50447434,0.52967614,0.6283056,0.5432976,0.49367148,0.5105094,0.48039997,0.59610766,0.6105715,0.51559925,0.47506255,0.47294915,0.44510975,0.45694065,0.46531203,0.52350396,0.4992428,0.545115,0.57898945,0.5333344,0.5410555,0.55051994,0.56571585,0.5719697,0.45410454,0.50817436,0.47300118,0.37594318,0.4788753,0.5004373,0.4890946,0.443451,0.56743467,0.5866701,0.53793657,0.5054347,0.5449147,0.49122643,0.3491333,0.31574953,0.5395003,0.5284176,0.49763376,0.38261202,0.37308636,0.3171864,0.5777039,0.59104025,0.61538947,0.50418913,0.603349,0.5853568,0.65454334,0.6144174,0.6188404,0.38358977,0.3941032,0.57229817,0.47936085,0.40650406,0.5223869,0.53755605,0.51356465,0.50708956,0.40609333,0.31619942,0.51334155,0.54987633,0.5901648,0.5404126,0.48042992,0.413067,0.5666729,0.49196798,0.49584022,0.5222256,0.49820167,0.50764376,0.5125667,0.4779006,0.46895108,0.4769693,0.48466942,0.5079577,0.49553272,0.4668655,0.47730628,0.51180875,0.50702536,0.51467115,0.5055318,0.4582301,0.47073835,0.49787092
576,0.48019087,0.57309145,0.5657556,0.52442604,0.53350025,0.52830374,0.57150495,0.5210149,0.51448995,0.60849047,0.56910604,0.5548122,0.61206144,0.46632746,0.4634587,0.62470305,0.58316314,0.51656574,0.59335554,0.64171904,0.6087639,0.53448826,0.55945665,0.53540426,0.58172613,0.52857846,0.49762076,0.5121599,0.45150942,0.358881,0.41817224,0.3834591,0.43401474,0.33062643,0.41945624,0.43748003,0.514948,0.49646786,0.42557913,0.49130055,0.46370444,0.45512858,0.585672,0.5124877,0.528182,0.46751997,0.5054212,0.6408912,0.62843007,0.47290537,0.5214871,0.5203374,0.5185463,0.5001337,0.48211616,0.5503097,0.46827483,0.39027774,0.5434366,0.59332967,0.44943365,0.40111783,0.3800749,0.45505434,0.45016766,0.45387006,0.36675197,0.3652151,0.42050242,0.3676413,0.3793547,0.34339488,0.47339582,0.37815535,0.5043194,0.43117827,0.34633273,0.45114052,0.47903347,0.4573393,0.49620286,0.40029052,0.3507155,0.5314198,0.44733468,0.5801199,0.456763,0.43662915,0.39462423,0.4248047,0.49797451,0.4230997,0.49111238,0.44876674,0.4671603,0.47818664,0.38001212,0.39919224,0.5886753,0.5616883,0.5102133,0.5022908,0.5302798,0.5339935,0.5088427,0.50463784,0.53641844,0.63410693,0.580051,0.4930105,0.5667586,0.53383195,0.5959639,0.57977617,0.47845325,0.4757484,0.4698502,0.4851665,0.4690672,0.45210445,0.50163424,0.45141485,0.5536768,0.53357565,0.5314918,0.5404416,0.49265274,0.5287764,0.5480793,0.42348877,0.49941728,0.41991305,0.40425095,0.5045431,0.49116242,0.4697291,0.4101888,0.4746387,0.55927527,0.5276505,0.48423812,0.5751798,0.5197767,0.38290498,0.34321952,0.5053085,0.507287,0.50892776,0.3694495,0.40938744,0.32728168,0.60393476,0.58426356,0.58783925,0.43536833,0.5797156,0.5429243,0.6512553,0.63599133,0.6132851,0.4179794,0.40817672,0.5464794,0.47231144,0.420524,0.50241286,0.51762307,0.52108264,0.59480226,0.43734074,0.31246173,0.5771258,0.5487043,0.5392533,0.52191836,0.46158513,0.42052695,0.5398253,0.53080136,0.5468564,0.49034944,0.6194992,0.56602794,0.53880364,0.5475755,0.56633145,0.57813954,0.49768913,0.5001011,0.6296548,0.56301856,0.5585942,0.62504137,0.47995877,0.46430954,0.62671745,0.60871875,0.5617844,0.64028794,0.64326835,0.61045116,0.6042685,0.60850334,0.55176556,0.6296129,0.51447135,0.5275192,0.57248944,0.43798172,0.3445304,0.4381404,0.3455476,0.3861217,0.3186843,0.3804231,0.4447171,0.5104637,0.5097374,0.41458187,0.4844065,0.49376157,0.45700753,0.5954218,0.5654594,0.5419165,0.5801899,0.46711594,0.64083725,0.61483365,0.54066646,0.5030447,0.4908851,0.50268596,0.45846513,0.46703374,0.5392005,0.48257506,0.42468503,0.5967141,0.6335999,0.4861334,0.4184357,0.41369385,0.49120405,0.40171516,0.4213759,0.38951486,0.36762446,0.42059812,0.34873375,0.40969443,0.3322592,0.45580846,0.41513827,0.5373728,0.3863337,0.34797987,0.49321753,0.5920051,0.5562228,0.4326567,0.43613666,0.3735155,0.55580115,0.37931398,0.6027121,0.42461926,0.39846736,0.52429485,0.4513283,0.5090922,0.4244041,0.4870485,0.42128608,0.47032523,0.5175072,0.36550343,0.3596311,0.5507716,0.54686654,0.4694468,0.4594253,0.554326,0.5116794,0.49973145,0.51387495,0.50457793,0.6451731,0.56310594,0.4936006,0.5398909,0.5008736,0.5999198,0.60815746,0.52505136,0.48510048,0.5001214,0.44748208,0.4619682,0.46297362,0.52227944,0.50020814,0.53621936,0.5450281,0.49797583,0.5451488,0.5653759,0.54200643,0.55996585,0.45510444,0.5011042,0.47140485,0.38611144,0.48128036,0.5023739,0.51148444,0.4676473,0.58333194,0.57524484,0.5485718,0.5186842,0.5645843,0.5299221,0.38731974,0.3456887,0.57231706,0.5236065,0.526749,0.40437198,0.37509808,0.32642376,0.5824605,0.5938329,0.6203809,0.5112646,0.59826195,0.59460145,0.6638222,0.6204402,0.62734437,0.40655264,0.42123437,0.5807773,0.4727228,0.40328798,0.5229667,0.53957886,0.5040805,0.5281507,0.4301395,0.32748112,0.5122151,0.53091836,0.5628084,0.5015521,0.46775836,0.4210603,0.55603737,0.522649,0.52057314,0.52355164,0.50437105,0.49847177,0.5014744,0.48370993,0.47936973,0.48873043,0.49128652,0.51171744,0.49848232,0.4619121,0.47448316,0.5131251,0.50619376,0.51553017,0.50776154,0.46694463,0.47898763,0.5034958
577,0.50583357,0.5662554,0.5536313,0.5340029,0.54305285,0.54004425,0.57890636,0.50104505,0.4955181,0.6186759,0.5830627,0.54776514,0.609832,0.5006719,0.49723646,0.618966,0.60207963,0.5170157,0.60401297,0.6446781,0.61280465,0.5435448,0.54865086,0.5145103,0.56299275,0.52086467,0.5072444,0.49051195,0.48714593,0.36538714,0.41971532,0.4097591,0.43410793,0.35572726,0.43673906,0.4298023,0.5185186,0.51721984,0.4170177,0.48215827,0.46114194,0.4566456,0.59111226,0.5390715,0.55750823,0.5173694,0.51282173,0.65627277,0.65184915,0.5287349,0.49900052,0.5055814,0.49769387,0.4955792,0.47478953,0.5535119,0.47005585,0.41197675,0.5622073,0.6042595,0.46354732,0.4185228,0.4039447,0.46107832,0.4504324,0.44895595,0.37138835,0.36895233,0.42074513,0.3652784,0.37800756,0.3470964,0.47879544,0.40404502,0.49538705,0.435502,0.34852514,0.4867286,0.46559978,0.478049,0.49502674,0.42221764,0.37558606,0.5608253,0.4777116,0.59219134,0.44956154,0.42483103,0.41418362,0.42251876,0.514244,0.4384449,0.49578026,0.46390703,0.5017437,0.5033429,0.40678817,0.4148296,0.564132,0.53361446,0.48305058,0.47647616,0.5070357,0.49259546,0.47878423,0.50886494,0.49651095,0.6391431,0.5886325,0.49525258,0.5840021,0.54948944,0.5915251,0.571823,0.4957021,0.50043905,0.51029027,0.49406704,0.48053867,0.4573344,0.49732867,0.45664883,0.52532274,0.48681116,0.49411848,0.5329978,0.5068803,0.5019851,0.5232512,0.42636493,0.48787847,0.4004678,0.41329634,0.50803393,0.49258718,0.48386395,0.43542874,0.5066299,0.5402522,0.5379427,0.4869241,0.57773817,0.5430132,0.427223,0.37413794,0.5387927,0.50301015,0.5410758,0.39529303,0.40637228,0.34005794,0.5895963,0.5759261,0.5915203,0.44822317,0.57636136,0.56161386,0.65722364,0.6320365,0.6164331,0.43203714,0.43982658,0.54855597,0.47818008,0.43322265,0.51228845,0.52262664,0.4984254,0.60089576,0.4567654,0.33132228,0.5600775,0.51499677,0.50092065,0.4717246,0.43783817,0.42876953,0.52686507,0.5470679,0.56395745,0.5166642,0.6170898,0.54814816,0.54865384,0.5594759,0.57804763,0.5887555,0.48209354,0.4773323,0.6404282,0.583796,0.55951095,0.62641585,0.51386315,0.50612265,0.6216855,0.6226715,0.5615636,0.64834476,0.65299207,0.6070302,0.6178473,0.60083216,0.5317388,0.63630795,0.52497673,0.54287905,0.5694062,0.48125923,0.34916112,0.44471917,0.3737679,0.37208164,0.3548833,0.40065718,0.42346236,0.5111201,0.53432304,0.39738536,0.46768758,0.49037904,0.46358582,0.5969021,0.5899213,0.573482,0.62204736,0.47489914,0.65081924,0.63268995,0.5785957,0.48224336,0.4813181,0.4859522,0.45323032,0.46311012,0.5329057,0.4936629,0.45276216,0.6049253,0.6448501,0.50043976,0.45220998,0.4473114,0.5145927,0.40418455,0.42060658,0.414046,0.37177283,0.42182902,0.3590027,0.41240063,0.35248286,0.4715924,0.44765812,0.5379133,0.40216613,0.35982993,0.5279607,0.5746578,0.58756655,0.45443803,0.47909498,0.4069786,0.5876753,0.4142868,0.62601346,0.44783306,0.39248756,0.5592594,0.46154764,0.53679204,0.4435163,0.4891089,0.43784714,0.5218025,0.54430586,0.40586513,0.3800772,0.5340371,0.5206793,0.44625306,0.44270977,0.53091866,0.4755353,0.47626534,0.5202145,0.47628924,0.65368694,0.5818679,0.4963703,0.56883794,0.5194576,0.5942072,0.59537417,0.5295596,0.49340087,0.5279033,0.45536745,0.46885508,0.4631404,0.51712346,0.5028726,0.5253326,0.4999137,0.46229056,0.54381347,0.57241714,0.5133553,0.54597366,0.45823693,0.49371043,0.47028643,0.40924978,0.48780778,0.5057035,0.53815734,0.49945694,0.5973121,0.5622556,0.5588331,0.53258306,0.5761826,0.5670706,0.43972328,0.3909593,0.6024992,0.5118481,0.55566555,0.43612137,0.38314432,0.34692994,0.5812243,0.5897867,0.61872447,0.51303846,0.5930125,0.6002927,0.6695247,0.6196456,0.6278495,0.43168133,0.45277393,0.5846962,0.4686613,0.4077056,0.52464545,0.5372768,0.48802733,0.5534037,0.4631492,0.3580564,0.51276964,0.50390047,0.5218894,0.45892915,0.45124516,0.4390717,0.5426592,0.55376464,0.54491365,0.5266724,0.5122882,0.49190813,0.49263352,0.49722928,0.4967024,0.5048676,0.5026797,0.5176306,0.50357604,0.4607824,0.47395524,0.51650447,0.5075761,0.5198762,0.51389486,0.4815116,0.49158356,0.5104731
578,0.53173816,0.5571349,0.5351563,0.5415343,0.55057126,0.5511407,0.58385056,0.47924682,0.4733799,0.623445,0.5929273,0.5469238,0.60058033,0.53155047,0.5265164,0.60777956,0.61456996,0.5186276,0.60886306,0.6438247,0.6142566,0.5500022,0.53793794,0.48931393,0.5466323,0.5199059,0.5109762,0.47159335,0.51783013,0.38115457,0.42451242,0.4400789,0.43582365,0.39162618,0.45622632,0.42303354,0.5134628,0.53203595,0.40930718,0.4692758,0.4558133,0.45402226,0.5890694,0.56035805,0.57452554,0.557215,0.5142943,0.6621074,0.66425973,0.57668996,0.4729613,0.48606443,0.47320104,0.48811024,0.46540976,0.5506313,0.47585803,0.44382122,0.573351,0.6053237,0.48146334,0.44150132,0.43891287,0.4679977,0.45547456,0.4537797,0.38915178,0.38380867,0.4284188,0.37880445,0.38832352,0.36522883,0.48694924,0.44541872,0.49720335,0.45182568,0.36735693,0.5240758,0.46768492,0.5050004,0.5026332,0.45770198,0.41398248,0.58447015,0.5130171,0.5988206,0.45237342,0.42371377,0.4415227,0.42839387,0.53141546,0.46261302,0.50358415,0.48431417,0.53713,0.5240821,0.44239947,0.43809783,0.5306443,0.4988002,0.4522898,0.44795954,0.47878057,0.44826928,0.44603354,0.5079881,0.45799685,0.6353973,0.59122187,0.4971093,0.5955265,0.55837023,0.5775781,0.5555346,0.5075963,0.5182427,0.54576594,0.5047335,0.49246007,0.46595207,0.4920433,0.46568716,0.49999392,0.43945035,0.46059102,0.5226655,0.515279,0.47758606,0.50405824,0.43804267,0.479639,0.39095613,0.43238455,0.5123002,0.49696988,0.5005637,0.46811292,0.5365817,0.5233633,0.5439925,0.48847178,0.56985223,0.55637276,0.47978747,0.41637045,0.5667849,0.49310166,0.56518835,0.43082854,0.4125757,0.36504042,0.5681506,0.56285286,0.58922404,0.46156532,0.57333857,0.5770032,0.65765524,0.62044936,0.6096325,0.45011705,0.4729405,0.54658175,0.48577586,0.45152712,0.5222788,0.52377564,0.46991423,0.604166,0.48417574,0.36989108,0.54173046,0.47788647,0.45953393,0.42677736,0.42046592,0.44367972,0.51231354,0.56124306,0.57431966,0.5420637,0.6105477,0.5249252,0.55599797,0.5687105,0.587152,0.59523624,0.4662483,0.45299613,0.64229965,0.59954774,0.5629164,0.6202918,0.54176074,0.54132044,0.6101195,0.6313584,0.5590885,0.6487294,0.65803605,0.60185623,0.62581336,0.58810437,0.5061793,0.6339574,0.5391151,0.55025727,0.5617795,0.5193243,0.36308122,0.44987604,0.40930215,0.36499313,0.40093103,0.4238062,0.40532553,0.50500506,0.5501227,0.38258278,0.45029226,0.48269123,0.46650672,0.5912564,0.604923,0.5917017,0.6479706,0.47803414,0.65176797,0.63906384,0.6087338,0.4590725,0.46806344,0.4664645,0.4480397,0.45747128,0.5223536,0.5022532,0.48412007,0.60359746,0.64250904,0.51091945,0.4875499,0.48731905,0.53390115,0.41259858,0.42814773,0.44564772,0.38371694,0.4283365,0.38026914,0.4208181,0.3842836,0.48934063,0.48764378,0.5422842,0.42919993,0.3849923,0.55972,0.5575083,0.61211675,0.48257694,0.5235002,0.44960284,0.60926944,0.45708635,0.63888377,0.4776089,0.39633465,0.58770454,0.47483984,0.5626327,0.47029254,0.4941533,0.46044832,0.5693875,0.5629497,0.4537536,0.40988597,0.51187843,0.489485,0.4238104,0.4261154,0.50051093,0.4381382,0.4499501,0.5207325,0.44959635,0.6517975,0.594537,0.49997365,0.59181094,0.53248453,0.5788714,0.5732277,0.5266823,0.4969073,0.54986566,0.46787736,0.47670028,0.4655092,0.5093283,0.506265,0.5151133,0.4529207,0.43310866,0.53784287,0.5695935,0.4873054,0.53420526,0.464491,0.4882824,0.47080725,0.44112822,0.4969389,0.5094812,0.56168437,0.5308162,0.6056,0.5502173,0.5654935,0.5432182,0.57771385,0.59344095,0.49633938,0.44480067,0.62336856,0.4937713,0.5758578,0.47243267,0.39838022,0.37749273,0.57296216,0.57966477,0.6109366,0.5097509,0.58715767,0.59954196,0.6699585,0.61166215,0.62037283,0.45833752,0.48294818,0.5826197,0.46808723,0.4191588,0.52702683,0.52934474,0.46847877,0.57689667,0.49916276,0.4031373,0.5147276,0.47336045,0.47598478,0.42088312,0.43660703,0.46448436,0.5280822,0.57938313,0.56355536,0.5303848,0.51966274,0.4887542,0.48718113,0.5154254,0.5170616,0.52186704,0.5158869,0.52429193,0.5098619,0.46347806,0.47554553,0.52091897,0.5108208,0.5260526,0.5220894,0.49810937,0.50535023,0.5170784
579,0.5515768,0.5462687,0.5145782,0.5444583,0.55327374,0.55814314,0.58415383,0.45988113,0.45273578,0.6199387,0.5947515,0.55026823,0.58476037,0.5562593,0.5501266,0.59213287,0.617186,0.5201654,0.6058198,0.63812816,0.610956,0.5516932,0.5279321,0.46511647,0.5343065,0.5250768,0.50958806,0.45908943,0.5397687,0.40628836,0.4339212,0.47124326,0.44290265,0.43496293,0.47760624,0.41867456,0.49999702,0.5374291,0.40366456,0.45490912,0.44885337,0.44685778,0.5787454,0.5709685,0.5748695,0.57931066,0.50878274,0.65612143,0.66186774,0.6072776,0.4488091,0.46574813,0.45061058,0.47884458,0.45538673,0.54195046,0.4830943,0.4784369,0.5742889,0.59532005,0.5003751,0.46736765,0.47844404,0.47587553,0.46483707,0.46573913,0.41711617,0.40836397,0.4427275,0.4053753,0.40930462,0.39484963,0.49725688,0.4932485,0.50793856,0.47639737,0.39902753,0.5541628,0.48240122,0.5309734,0.5155663,0.49731183,0.45782506,0.59649557,0.54588586,0.5990068,0.46446997,0.43323794,0.47306606,0.4435204,0.54680973,0.48933047,0.5126012,0.50637627,0.5657589,0.5354345,0.48055872,0.46489015,0.49503696,0.46495667,0.4242233,0.42256242,0.45157018,0.4105163,0.4170265,0.50185525,0.42806062,0.6219087,0.5858765,0.49812794,0.59940773,0.5606042,0.5553276,0.5331856,0.5111812,0.52515155,0.5692211,0.51468253,0.50382763,0.47655663,0.4866879,0.47634906,0.481775,0.40154684,0.43677682,0.51178217,0.51609665,0.4603804,0.4935804,0.45757353,0.47629464,0.39324817,0.4575945,0.51651865,0.50311965,0.51568264,0.4999622,0.5581943,0.5103838,0.543197,0.48814285,0.55339044,0.55754817,0.53079826,0.46339837,0.58355325,0.47889084,0.57546246,0.47011352,0.42795762,0.40023917,0.5428975,0.5469025,0.58043295,0.47360727,0.5693715,0.58470654,0.6508504,0.60268253,0.593726,0.47253296,0.5024028,0.5403092,0.49364033,0.47158062,0.5306618,0.519663,0.44254693,0.60260147,0.51484114,0.4202887,0.5248805,0.44514316,0.42414194,0.39559874,0.4132532,0.46346894,0.49841574,0.57041144,0.57682836,0.5602569,0.5986044,0.5007004,0.55822253,0.57167625,0.59016824,0.59495354,0.4529972,0.43219218,0.632805,0.60561705,0.5664427,0.6064867,0.56167173,0.5676799,0.5924263,0.63230133,0.55368567,0.6393324,0.6563914,0.59373397,0.6253075,0.57061195,0.480137,0.6207676,0.5532209,0.54885036,0.5501466,0.54684585,0.38762915,0.45535964,0.44895607,0.36948827,0.45078993,0.45068175,0.39323384,0.49207735,0.5536948,0.37242252,0.43490854,0.47145805,0.4639094,0.57818973,0.6063427,0.59190875,0.65393144,0.47555038,0.6418638,0.63070655,0.6256346,0.43856823,0.45391113,0.44855365,0.4440751,0.45050472,0.50940895,0.50574446,0.5122075,0.5918218,0.6257367,0.5180557,0.5195212,0.52627,0.5477222,0.42678744,0.44153786,0.47966886,0.40383098,0.44059557,0.40968946,0.43584263,0.42349657,0.5071845,0.52669996,0.5484071,0.46220437,0.4197764,0.5813438,0.54208565,0.62470526,0.5107679,0.5588497,0.49440435,0.6165712,0.5009784,0.6393319,0.5075411,0.41023466,0.606031,0.49075213,0.58265066,0.49839666,0.50114596,0.48563263,0.6042294,0.5693854,0.5008262,0.44520444,0.4883104,0.46009356,0.40663052,0.41279033,0.46879855,0.40698132,0.42528504,0.5150715,0.42926303,0.6386725,0.597863,0.50280136,0.6056058,0.53929836,0.5552697,0.5443733,0.5163851,0.49509555,0.56215924,0.48327544,0.48481104,0.4700197,0.50024986,0.50936186,0.5075435,0.4139738,0.41534075,0.52842546,0.55709285,0.46902323,0.5265926,0.47412193,0.48619246,0.47398922,0.47616953,0.5068272,0.51283,0.57608896,0.55477315,0.6057247,0.5399372,0.56596625,0.54694915,0.56932926,0.603712,0.5472435,0.49887803,0.63076156,0.47218606,0.58235186,0.5079037,0.42052856,0.4156216,0.5581737,0.5647711,0.5975336,0.5024519,0.5795218,0.5908859,0.6629171,0.5971691,0.6053985,0.48630446,0.50723,0.57396597,0.4715258,0.4360792,0.52987486,0.51627713,0.44982734,0.5930692,0.5321867,0.45506263,0.5173847,0.44501522,0.4349365,0.39445645,0.42880222,0.49305588,0.51403326,0.5960362,0.5740431,0.53353745,0.52494425,0.48926094,0.48561367,0.5338042,0.5358305,0.5362045,0.5277931,0.5300611,0.51601124,0.46963903,0.47912583,0.52521944,0.51493746,0.53134304,0.52933836,0.5129059,0.5171192,0.52181727
580,0.5603985,0.5349888,0.49668568,0.54144514,0.54977906,0.558657,0.57805705,0.4470511,0.43840024,0.60756093,0.58710253,0.55396104,0.5644018,0.57411635,0.5684948,0.5738489,0.6093222,0.52041763,0.5941906,0.62632424,0.6014337,0.5479827,0.51929,0.44771257,0.52634424,0.5326904,0.5056231,0.4554612,0.55245256,0.43770668,0.44754377,0.5000155,0.45653808,0.47940546,0.49941662,0.41886643,0.4822182,0.53394365,0.4021989,0.44321316,0.44297937,0.43848878,0.56172526,0.5692882,0.56035024,0.5831476,0.4993401,0.63898796,0.6450548,0.6184248,0.43277743,0.45034546,0.43525416,0.47101128,0.44729862,0.52989614,0.48946717,0.5084728,0.5659821,0.57618815,0.5169952,0.49223247,0.5149575,0.4843059,0.47647622,0.48054138,0.44908732,0.4380106,0.46024966,0.4379414,0.4364659,0.4298921,0.5084411,0.53612304,0.5220025,0.5024882,0.4364215,0.5717861,0.50212425,0.5499882,0.5283581,0.5316434,0.49833602,0.59553057,0.57074285,0.59294367,0.48130462,0.44975296,0.5038322,0.46517175,0.55855435,0.5128681,0.5207958,0.52582556,0.58328176,0.53640586,0.5147049,0.49040517,0.4650826,0.44030482,0.40570346,0.40620062,0.43289402,0.3875877,0.39836645,0.49367672,0.4122131,0.60027784,0.5735895,0.49908236,0.5961812,0.55859035,0.5286675,0.5095748,0.50791764,0.52236927,0.57879937,0.5219063,0.51379275,0.48791686,0.4817754,0.48667723,0.47242,0.38112032,0.42680368,0.5020736,0.51074475,0.45309108,0.491652,0.48105156,0.47779605,0.4054292,0.48371062,0.5202441,0.5095738,0.5265189,0.52425635,0.56831765,0.502315,0.5363468,0.48621538,0.5329343,0.5479993,0.57206494,0.5080866,0.5873202,0.46465418,0.5719406,0.5064853,0.44894686,0.44025257,0.5186019,0.5303028,0.5662213,0.4829205,0.56330585,0.5830474,0.6356995,0.5812255,0.571759,0.49731475,0.5248159,0.53074884,0.5008362,0.4900204,0.5369652,0.5123599,0.4238402,0.5958222,0.5428899,0.4714628,0.51201093,0.42416725,0.40279287,0.38326645,0.4163679,0.48492393,0.48865902,0.5731163,0.57288504,0.56671834,0.5818159,0.48041847,0.55397624,0.5666187,0.58494204,0.5864721,0.44519565,0.4195155,0.61254334,0.6000297,0.56691784,0.5863277,0.5742002,0.5859174,0.57062584,0.62477756,0.5452797,0.6196176,0.6461031,0.58177084,0.615201,0.5504716,0.45968023,0.59853595,0.56259704,0.5407974,0.5367352,0.5627443,0.42029226,0.46254465,0.488279,0.3860236,0.4972298,0.48025554,0.38963008,0.47578484,0.54642415,0.36963353,0.42495006,0.45976806,0.45781708,0.5593497,0.5941968,0.5754304,0.6412741,0.4700227,0.6217531,0.60897875,0.62807035,0.4261173,0.44348896,0.4367297,0.44349533,0.44431722,0.49698785,0.5042193,0.5327977,0.57177943,0.5977971,0.52318,0.5445686,0.55750096,0.5559393,0.44495922,0.4573526,0.5106133,0.4297356,0.45636463,0.44204506,0.4554873,0.46357688,0.52259976,0.5569534,0.55274266,0.49394885,0.45787975,0.589866,0.5296258,0.62390846,0.5328238,0.5798661,0.53424835,0.6101958,0.53970104,0.62845415,0.5314725,0.43101355,0.6139034,0.50767237,0.59474134,0.52229714,0.508799,0.50876987,0.6227558,0.5636828,0.5397332,0.4804209,0.46830496,0.43939272,0.39889508,0.40614533,0.44379163,0.3887138,0.40825185,0.5060671,0.41970542,0.61639726,0.59212583,0.50459146,0.6097637,0.54168916,0.527557,0.514386,0.50194883,0.49034956,0.56453705,0.49898568,0.49270076,0.47676593,0.49142334,0.51167005,0.5040802,0.39139125,0.41171166,0.5173106,0.5380236,0.46077025,0.52331877,0.48599544,0.48754084,0.47986266,0.50819486,0.5156533,0.5152722,0.5788614,0.567703,0.5971324,0.53183484,0.5598009,0.54234076,0.5540338,0.59767133,0.5860127,0.5454822,0.62410676,0.4523421,0.57541436,0.53786594,0.44654483,0.45634967,0.5396658,0.5473231,0.57964045,0.49317378,0.56893736,0.57515365,0.6467346,0.57794,0.5846512,0.51420254,0.5235919,0.5598024,0.47860327,0.4556863,0.5328471,0.5014773,0.43723783,0.59941304,0.5576373,0.50417805,0.5200929,0.42549834,0.40783048,0.38454643,0.43031028,0.51940876,0.5031437,0.60302067,0.5768172,0.5356057,0.52784956,0.49305737,0.48787782,0.5478322,0.54914755,0.54515916,0.5358491,0.5336323,0.5207359,0.47845995,0.48464692,0.5284653,0.51870024,0.53357756,0.5330829,0.52324355,0.5248066,0.5239438
581,0.5562311,0.5251121,0.4858528,0.5329664,0.5405146,0.5521074,0.56558824,0.44408324,0.43442258,0.5885667,0.5717132,0.55498034,0.5428597,0.5852623,0.5821579,0.55546874,0.5932082,0.5189314,0.57537127,0.6079981,0.58565676,0.53977764,0.51280254,0.4424596,0.52289903,0.53897446,0.5022447,0.46191147,0.55723035,0.47031063,0.46419114,0.5230231,0.47557378,0.51740485,0.51939964,0.42565724,0.46604982,0.5246142,0.4070296,0.43862462,0.4414212,0.43362296,0.54170865,0.55698496,0.5368475,0.57289046,0.49086547,0.61420405,0.617888,0.61270916,0.42989084,0.44504035,0.43131557,0.46837357,0.44409475,0.5182378,0.49376237,0.5288348,0.5517592,0.55232733,0.5288343,0.512256,0.542316,0.4927854,0.48800647,0.49408227,0.47805342,0.46681446,0.47700045,0.4682656,0.46368548,0.46296912,0.51908416,0.56524366,0.5335619,0.52360713,0.47146675,0.57570124,0.51896715,0.55900776,0.5368039,0.55410826,0.52851194,0.58319706,0.5844101,0.5817647,0.49744004,0.46834204,0.52886385,0.48820877,0.5650607,0.5291647,0.5266732,0.5393824,0.58885014,0.52932006,0.5397916,0.51052207,0.4472108,0.43106866,0.4020205,0.403723,0.42901388,0.38511235,0.39478338,0.48804176,0.4136201,0.5744103,0.5575825,0.50122464,0.58812517,0.5551708,0.5030438,0.49045804,0.5018548,0.5142452,0.5765256,0.5254922,0.5217613,0.49906838,0.4782341,0.49538836,0.47201642,0.3829815,0.4326619,0.495297,0.5029642,0.4565557,0.49651343,0.50335497,0.48306528,0.42376167,0.5055442,0.52307355,0.5150741,0.5318901,0.537293,0.566949,0.49989,0.5265085,0.48407593,0.51467067,0.53199226,0.59868085,0.5441056,0.5799092,0.45547524,0.55818695,0.5343143,0.47068334,0.4780483,0.5002884,0.5158844,0.5495296,0.48929816,0.55471975,0.5729986,0.6127835,0.55929196,0.5488058,0.5211271,0.53864855,0.5202332,0.5069345,0.50455827,0.5411371,0.5057107,0.4197022,0.58511883,0.5635758,0.5127335,0.504904,0.42046368,0.40112543,0.3918537,0.42810318,0.5042047,0.48632193,0.5696343,0.5652423,0.56004566,0.56258595,0.46868455,0.5437411,0.5540158,0.5714129,0.5704855,0.44535404,0.41837034,0.5853113,0.584264,0.56239223,0.5628773,0.5807816,0.59745175,0.54828125,0.6101435,0.5348816,0.59169203,0.626327,0.5660356,0.596395,0.53117037,0.45072472,0.57197,0.5639471,0.5300326,0.52493393,0.5686674,0.45562232,0.4724427,0.5217041,0.4119019,0.5333516,0.509338,0.39638776,0.46151403,0.5327226,0.3765212,0.4236707,0.45181993,0.4522458,0.53823113,0.5718777,0.5481274,0.61536753,0.4656201,0.5950219,0.5793875,0.61818916,0.42587084,0.44120136,0.43481377,0.44820714,0.44189018,0.48829874,0.4996941,0.5440562,0.5481258,0.56515074,0.52724147,0.56023926,0.5766714,0.55888677,0.46447942,0.47240397,0.5334491,0.45707998,0.47218505,0.47121242,0.47577146,0.497209,0.5331617,0.5736555,0.5524252,0.5178521,0.49207032,0.58599234,0.5215764,0.61121476,0.54479754,0.5856468,0.56340885,0.5934045,0.56808656,0.60909396,0.5450041,0.45388848,0.61239254,0.5229412,0.59782207,0.5379704,0.51586723,0.5255494,0.62535906,0.54922694,0.5656549,0.5094512,0.4564496,0.43243796,0.40357172,0.4093475,0.43298995,0.38820454,0.404108,0.49806726,0.42396083,0.58955455,0.580136,0.50600874,0.6054764,0.541999,0.50167763,0.49013183,0.48843572,0.48639402,0.5594648,0.5124592,0.5001907,0.48571765,0.4848235,0.5133702,0.50508946,0.3906007,0.42281944,0.5070226,0.5180031,0.46259305,0.5236843,0.49818996,0.49162522,0.48761293,0.531767,0.5218576,0.5167908,0.5706834,0.5690321,0.5814648,0.5264942,0.5484981,0.53099054,0.53704613,0.57912946,0.6096785,0.57895094,0.6060257,0.44011188,0.55884224,0.5585861,0.47189757,0.49325082,0.52183753,0.5305158,0.55974317,0.48505157,0.5551114,0.55522287,0.6218255,0.55672836,0.5616285,0.5393903,0.5321929,0.5430739,0.48815113,0.4748092,0.5352323,0.48964706,0.43524864,0.59631264,0.57283366,0.541612,0.5224281,0.42090562,0.40116763,0.3937076,0.4411043,0.5386867,0.49809694,0.60118383,0.57370454,0.5364819,0.5286998,0.4992005,0.49345195,0.5543675,0.5547878,0.5472166,0.53850245,0.53444105,0.5232126,0.48888394,0.49198836,0.52999115,0.5211594,0.5320668,0.5322996,0.5281598,0.5277703,0.52349454
582,0.54097164,0.51808137,0.4847585,0.5211372,0.5274223,0.5399617,0.5489876,0.45209616,0.44250938,0.5673016,0.5528688,0.551641,0.52399164,0.59158915,0.5930266,0.5399754,0.57390136,0.5160457,0.553645,0.5851371,0.5656376,0.5292841,0.50878894,0.45276308,0.52314097,0.5414602,0.50266826,0.47782066,0.5575688,0.5003559,0.4834148,0.5388121,0.49853826,0.5451191,0.5368563,0.44012818,0.45672148,0.5134957,0.41924796,0.44355726,0.44648173,0.43577808,0.52280354,0.53781897,0.5120626,0.5560355,0.48712024,0.5879299,0.5875209,0.59619606,0.44156805,0.4517615,0.4404869,0.47268787,0.44759604,0.5100393,0.4955202,0.5377929,0.53588563,0.52886933,0.535424,0.525703,0.558054,0.50143373,0.49819812,0.5036659,0.4996824,0.4908078,0.49040562,0.49072957,0.4864106,0.48896602,0.5282012,0.5778066,0.5385735,0.53588796,0.49845198,0.56775004,0.5276532,0.55821776,0.5394145,0.5621435,0.54549426,0.56295687,0.58639073,0.5672612,0.5090569,0.4850122,0.5457203,0.5080192,0.5654791,0.5367129,0.52976507,0.54593503,0.58525056,0.51857406,0.5544567,0.523525,0.4444767,0.4391994,0.41463956,0.41718155,0.44247565,0.40494207,0.40738848,0.48847723,0.43207926,0.5487835,0.5413618,0.5053699,0.5778567,0.55257565,0.4830201,0.48035526,0.4971471,0.505709,0.56701386,0.52594566,0.5279536,0.5092572,0.4775667,0.5021553,0.47866392,0.40812564,0.45289224,0.4933701,0.4974306,0.46927127,0.50537467,0.52090794,0.49040082,0.44461095,0.52014273,0.5247344,0.5190268,0.5319904,0.53904676,0.55737454,0.50313354,0.5171871,0.48396546,0.5045764,0.51607877,0.61050844,0.56880987,0.5669343,0.45414296,0.5392107,0.5514389,0.48990613,0.50936824,0.49151087,0.5065907,0.53421485,0.49452886,0.54407346,0.5580478,0.58583647,0.5405821,0.53067374,0.5420442,0.5455982,0.5114487,0.51207054,0.51476055,0.5432102,0.50276196,0.43256623,0.57212937,0.5755212,0.53796595,0.5036486,0.43624902,0.42135608,0.41998306,0.4459753,0.5186605,0.4926728,0.56156784,0.5566694,0.54266727,0.54424036,0.46802762,0.52971536,0.53634965,0.55200756,0.5501094,0.4543286,0.4298575,0.5570166,0.5629362,0.5522781,0.54062825,0.58425236,0.6048978,0.52950424,0.59253573,0.52412456,0.5612257,0.5995247,0.5482069,0.5724677,0.51601905,0.45730186,0.5464518,0.5559485,0.5210378,0.51742256,0.56848305,0.488463,0.48628214,0.54565096,0.44319645,0.5565498,0.53557783,0.41383323,0.4542881,0.51830673,0.3938603,0.4324296,0.45088524,0.45094234,0.5185834,0.5446095,0.51883525,0.585488,0.46576032,0.5679527,0.55024225,0.6016005,0.43894303,0.4489567,0.4444743,0.45825845,0.44537827,0.485146,0.49477533,0.5463528,0.52637714,0.53488773,0.5311005,0.5658758,0.5823987,0.5577916,0.48347163,0.48425707,0.5456191,0.4819571,0.48506874,0.49261317,0.49254912,0.51976854,0.5374182,0.5758392,0.5453372,0.5300921,0.5169255,0.57278854,0.517705,0.5901413,0.5458101,0.5780855,0.57933617,0.5707398,0.5833376,0.5847494,0.5466043,0.47462174,0.6033752,0.5341055,0.5919383,0.5433862,0.52144885,0.53358483,0.6157627,0.53164554,0.577637,0.52825654,0.45517388,0.44042563,0.42100343,0.42405507,0.44054434,0.40742078,0.41481993,0.4948552,0.4424839,0.56309247,0.5653597,0.50773704,0.5946897,0.5421301,0.48269975,0.47665298,0.4801658,0.48615205,0.5511274,0.52238464,0.50770116,0.49626797,0.48230216,0.5150078,0.50887346,0.41346717,0.44609928,0.50078136,0.5036435,0.4721289,0.52566916,0.50873405,0.49724838,0.4961345,0.54443,0.5245419,0.51770616,0.5547945,0.5607902,0.5629085,0.5236551,0.53469366,0.5174301,0.52470076,0.5556733,0.6186193,0.59786534,0.58281183,0.4388365,0.53807354,0.5682269,0.49323806,0.5220473,0.50946283,0.5176516,0.5416421,0.4819808,0.5392795,0.5354721,0.5923275,0.5375448,0.541214,0.5605657,0.5357969,0.52792346,0.49866235,0.49124065,0.53614444,0.4842645,0.4459138,0.58559704,0.57753944,0.5623792,0.5239525,0.43482703,0.41791117,0.42129955,0.45888516,0.5486841,0.50025105,0.592079,0.5672584,0.53613657,0.5277719,0.50623995,0.5009602,0.55240536,0.55241024,0.5425848,0.53566426,0.5329267,0.52340835,0.49974063,0.50068855,0.52954865,0.522027,0.52732164,0.52743554,0.5284483,0.52670616,0.5212543
583,0.52045894,0.51505053,0.49412036,0.5096483,0.51408875,0.52598435,0.53252244,0.46944797,0.46153516,0.5493222,0.536487,0.54327714,0.51208365,0.5971481,0.60478973,0.53099674,0.55816394,0.51260716,0.53612626,0.56315815,0.5458395,0.52001387,0.50739104,0.47935292,0.5250756,0.5386449,0.5097751,0.5006689,0.558933,0.5264468,0.5053567,0.54867625,0.524268,0.56367946,0.5530017,0.46198016,0.45818707,0.50536406,0.438816,0.4577631,0.45936528,0.44664502,0.5088231,0.51709557,0.49408776,0.5419025,0.4893331,0.5682325,0.56265265,0.5775673,0.46501523,0.46855116,0.461512,0.48278636,0.45804623,0.5062938,0.4946825,0.5361534,0.5233153,0.5111131,0.5379844,0.5331183,0.56302255,0.51107657,0.50728047,0.50820243,0.51280785,0.50895584,0.49914393,0.50273436,0.50261945,0.5062314,0.5352933,0.57583964,0.53474885,0.5375969,0.5146809,0.5519293,0.5255178,0.5502224,0.53680825,0.55663735,0.55050874,0.5404121,0.57881474,0.5523431,0.5139607,0.49704096,0.55493456,0.5217125,0.5605874,0.5365193,0.5305311,0.54597366,0.5781417,0.5093495,0.56097674,0.53021014,0.45700747,0.46227244,0.44088224,0.44524878,0.47204024,0.444761,0.4338543,0.49655703,0.46399862,0.52780634,0.52816224,0.51169324,0.56775475,0.552527,0.47181404,0.48229077,0.49651623,0.5003668,0.5557424,0.5248422,0.53341556,0.51784205,0.48156098,0.50741506,0.4887852,0.45343277,0.48236322,0.49787748,0.498274,0.48747,0.51455545,0.53224444,0.497716,0.46454948,0.52737224,0.5253695,0.52150047,0.5281848,0.5323828,0.5452866,0.5112578,0.5114225,0.488357,0.5071643,0.5079158,0.6114543,0.58360237,0.5568412,0.46013305,0.52080536,0.55915713,0.5051698,0.5338178,0.4941531,0.50505507,0.5241458,0.5015699,0.5329092,0.54332113,0.5622286,0.5296297,0.5225508,0.5600057,0.5506334,0.50662035,0.5168529,0.5220248,0.543465,0.50520283,0.46085176,0.5584723,0.5805305,0.5459421,0.5067068,0.47027165,0.4620664,0.46215358,0.46652114,0.52742904,0.50701183,0.55163974,0.5498243,0.5208892,0.53054845,0.47838947,0.51581454,0.51829636,0.5319759,0.5308669,0.47059384,0.45235828,0.5347255,0.5426579,0.53711516,0.52531224,0.5892617,0.6124473,0.5184815,0.5782221,0.51476353,0.53714097,0.5727254,0.5320435,0.5502561,0.50766075,0.48089173,0.5271479,0.53883,0.518069,0.5155974,0.5674249,0.5153878,0.5051734,0.5601702,0.47529694,0.569447,0.558983,0.4399256,0.45789185,0.50941265,0.4206292,0.4499924,0.45865574,0.45651147,0.50367755,0.5187297,0.49742776,0.5632763,0.47173327,0.5483215,0.53032625,0.5864004,0.4628407,0.46555808,0.46451363,0.47130844,0.45537156,0.48709157,0.4921396,0.5418547,0.5121544,0.5134957,0.53617895,0.56309015,0.5756902,0.55537117,0.5013692,0.49135688,0.5475499,0.5020968,0.4927828,0.50398314,0.5023587,0.5304834,0.5352187,0.5651862,0.52989405,0.52964187,0.52978694,0.5546359,0.5156947,0.56600076,0.53755206,0.56126827,0.58274245,0.5481551,0.5854735,0.560034,0.5378045,0.4900911,0.5902912,0.5396546,0.5790736,0.5386241,0.52504104,0.5324663,0.60062754,0.51747817,0.57832545,0.53571916,0.46465597,0.46047193,0.44850534,0.44973844,0.46711838,0.44490018,0.43852115,0.4987636,0.47293073,0.54135907,0.5513107,0.5100935,0.5800906,0.5437218,0.47397298,0.4764627,0.47940186,0.49025682,0.5438048,0.52872634,0.51609397,0.50721645,0.4851752,0.51704985,0.5123602,0.4580257,0.4755326,0.50188506,0.5006754,0.4850077,0.52613246,0.5157812,0.50286347,0.50427806,0.54723245,0.5237266,0.51848274,0.53639483,0.54703313,0.54748124,0.5220596,0.52170265,0.50786006,0.5231435,0.5373536,0.61579984,0.60488045,0.563773,0.44776616,0.51922363,0.5673023,0.5092951,0.5420067,0.5070002,0.51162434,0.52994436,0.48741484,0.52465916,0.52092606,0.5662376,0.52587825,0.52884513,0.578792,0.53931105,0.5187716,0.5085792,0.5041423,0.53487265,0.48694938,0.4680642,0.56982183,0.57401717,0.5657082,0.52405775,0.4676016,0.45771897,0.4627693,0.4795103,0.5500371,0.50941557,0.5781873,0.5609781,0.53473336,0.5254476,0.5124747,0.5081272,0.5431195,0.543457,0.5334165,0.528934,0.530379,0.5220612,0.5098406,0.5099851,0.5274242,0.52160585,0.52063507,0.51998174,0.52616894,0.52325076,0.5187365
584,0.50341684,0.51751894,0.5130147,0.50342435,0.505773,0.51618475,0.52199286,0.49223846,0.48794556,0.5399903,0.52865726,0.53038263,0.5113944,0.60633016,0.62067777,0.5321493,0.55196077,0.51020277,0.5308151,0.5499095,0.5326976,0.51673263,0.5095529,0.5193516,0.5263451,0.5298744,0.52458453,0.5261477,0.56639946,0.5483199,0.5299692,0.55544,0.5513985,0.57692564,0.56914407,0.48907092,0.47257367,0.50481486,0.46427962,0.47891176,0.48025796,0.46568722,0.50317746,0.5009139,0.48909184,0.5379846,0.49625492,0.5624416,0.55028945,0.56528723,0.49406815,0.49056193,0.4904172,0.4956153,0.474423,0.5062926,0.49179336,0.5268031,0.5191233,0.5040271,0.5386528,0.5369088,0.56045896,0.52293843,0.5166718,0.50907826,0.5184582,0.52261144,0.5028646,0.50403374,0.5124445,0.51637655,0.54018736,0.5644996,0.52174586,0.5287376,0.52015775,0.53390825,0.51241803,0.5393531,0.5309002,0.5417973,0.54793024,0.5227979,0.5662774,0.5410163,0.5110625,0.5030637,0.5590491,0.52789754,0.5531006,0.5318718,0.52997136,0.54098755,0.57371354,0.50609416,0.56378615,0.5332603,0.48273462,0.49448425,0.47477695,0.483295,0.5129438,0.497228,0.46892223,0.5119549,0.5027784,0.51547027,0.5211653,0.51990014,0.5601965,0.5564321,0.47170514,0.4976658,0.5010557,0.49974734,0.5471781,0.5244196,0.53972065,0.52492523,0.49212933,0.5123464,0.49838033,0.51040685,0.5133595,0.50950235,0.50802094,0.50606686,0.5200882,0.53721774,0.50312936,0.4803807,0.5293427,0.52562267,0.5230829,0.5232359,0.5218118,0.53696764,0.52265567,0.5111233,0.4988596,0.5241601,0.5132441,0.60740227,0.59210867,0.5575836,0.47061062,0.5085424,0.5607362,0.5157909,0.55317503,0.5084042,0.51316196,0.5228145,0.5130539,0.52417487,0.53401315,0.5507904,0.5310829,0.5278815,0.57517827,0.55949515,0.50753975,0.52216756,0.52873546,0.5425337,0.5137993,0.49902272,0.54628235,0.58210117,0.5395796,0.5116844,0.51718545,0.5169382,0.50872517,0.48565096,0.53098035,0.52710575,0.5437278,0.54741377,0.5037467,0.52515036,0.49769858,0.5073484,0.50643456,0.5187934,0.52001286,0.4906576,0.4817535,0.52476484,0.53011066,0.5187011,0.5226695,0.60032606,0.6239118,0.51877654,0.5730699,0.5087081,0.5286934,0.5558986,0.52288723,0.53852755,0.50801504,0.5194677,0.51815605,0.51454717,0.52360046,0.51952255,0.5698065,0.5345542,0.5292445,0.56809026,0.50353664,0.577647,0.580757,0.47000274,0.4739543,0.51107895,0.45363268,0.4729395,0.4752412,0.46972802,0.49613282,0.50060004,0.49105465,0.5575381,0.48225534,0.5426581,0.5254406,0.57983816,0.49193877,0.487284,0.4910665,0.4837599,0.47102702,0.49216917,0.49406242,0.5341459,0.5099273,0.5060093,0.54425657,0.55583537,0.5597388,0.5553362,0.5187999,0.4943245,0.54229814,0.5170437,0.49420524,0.50574905,0.50321263,0.53202003,0.5276852,0.5455864,0.5060861,0.51850736,0.53100264,0.53659976,0.51236063,0.54509604,0.52390504,0.54148304,0.5769638,0.53225553,0.5771718,0.5405303,0.5231609,0.49876377,0.57801944,0.5390596,0.56333065,0.52649736,0.52662075,0.523784,0.5875326,0.51197857,0.57284355,0.5335212,0.48342398,0.48677108,0.48104656,0.4834898,0.50943947,0.4947636,0.4700486,0.5103224,0.5101424,0.5277855,0.54163975,0.5131679,0.5654564,0.5483124,0.47729835,0.48990202,0.48648438,0.49715114,0.5402367,0.53222096,0.52622694,0.5176178,0.49436915,0.51989716,0.5128823,0.5167136,0.50309813,0.5125241,0.5122392,0.49634948,0.5219721,0.517844,0.507123,0.5112522,0.5439294,0.5204979,0.51971567,0.52156436,0.5327695,0.54103714,0.52013844,0.5126168,0.50761455,0.53604585,0.53259355,0.6056885,0.6047321,0.5576311,0.46267843,0.50779146,0.55850524,0.5205171,0.5549404,0.5173113,0.5146928,0.52906483,0.5028433,0.5159652,0.5157441,0.55260026,0.5272757,0.5291756,0.59584254,0.54748917,0.51941735,0.5167291,0.5137419,0.53108186,0.49763995,0.49754265,0.55247456,0.56650263,0.5546796,0.5222409,0.51523405,0.515381,0.5093491,0.49830204,0.5453522,0.5238109,0.5634114,0.55899745,0.53292084,0.522749,0.51648474,0.5125798,0.5299462,0.5312484,0.5233619,0.5212903,0.5285207,0.5204599,0.5185371,0.51938874,0.524406,0.5205205,0.51415324,0.5123698,0.52411866,0.51969385,0.5179491
585,0.49896872,0.5274468,0.53938717,0.50745267,0.5082863,0.5174611,0.5231593,0.5157916,0.51690227,0.542362,0.53321683,0.51452553,0.5250008,0.62154746,0.641179,0.54588157,0.55804354,0.5111911,0.54356277,0.55273026,0.53256804,0.5241644,0.51760674,0.5652072,0.524615,0.51523924,0.5447649,0.5487792,0.58177525,0.5661108,0.5572581,0.5619385,0.5788906,0.5895545,0.5853524,0.51780134,0.49891928,0.51442164,0.49273035,0.5037611,0.50790364,0.4898492,0.5080197,0.49415568,0.4985207,0.5462672,0.50529355,0.57398015,0.55275315,0.56397057,0.5216099,0.51225746,0.521581,0.5083862,0.49496812,0.5088858,0.48820382,0.51493526,0.5266515,0.51056135,0.53978145,0.5405797,0.5552903,0.5379266,0.52872646,0.5109263,0.5191055,0.5347954,0.50225335,0.496404,0.5175861,0.52397263,0.5430006,0.55087066,0.5016625,0.51114726,0.5175937,0.5199811,0.49102613,0.53100264,0.524304,0.52510375,0.54440695,0.5161497,0.5548898,0.53647816,0.5005071,0.503648,0.5614553,0.5263834,0.54659855,0.5279905,0.5291976,0.5331497,0.5760904,0.51101106,0.5679429,0.5362429,0.51721376,0.5284341,0.5088843,0.5242471,0.5569826,0.5503533,0.5049143,0.5328111,0.5399337,0.51377636,0.5227117,0.5293983,0.55704963,0.56467634,0.48325852,0.5251035,0.51069766,0.5035865,0.5434582,0.52722585,0.54878944,0.53218704,0.5111392,0.51898766,0.50457054,0.56550187,0.53805405,0.52777004,0.5271695,0.52040094,0.51877314,0.5364334,0.5057799,0.4901687,0.52969795,0.5263871,0.5247057,0.52119094,0.5123222,0.5371535,0.5347521,0.5163517,0.5153286,0.5534193,0.532813,0.6042595,0.59876543,0.57278186,0.4820157,0.5056353,0.5600233,0.52156,0.57014006,0.5326408,0.5311785,0.53260773,0.53046453,0.52198327,0.5336618,0.55789965,0.547834,0.54705733,0.5868972,0.57576436,0.51547545,0.5290919,0.53706634,0.5415005,0.52823734,0.5389824,0.5379799,0.5841819,0.52556795,0.516117,0.56696403,0.5740736,0.54823464,0.5003232,0.5305708,0.54916424,0.5416727,0.5512251,0.5003153,0.5303241,0.52296436,0.50961065,0.5073262,0.51957804,0.52420527,0.51055795,0.5125267,0.5299849,0.5297718,0.50002736,0.53637534,0.61941457,0.6405313,0.53231233,0.57979465,0.50775266,0.5413591,0.55758613,0.5252974,0.5440111,0.5177725,0.56594825,0.5204954,0.48694703,0.53685683,0.52757996,0.5769916,0.5458112,0.5577976,0.5736033,0.52557564,0.58754444,0.602001,0.4981024,0.50072736,0.5246999,0.48779282,0.49705923,0.4990548,0.4889554,0.4972485,0.49436402,0.50054735,0.56892216,0.4941668,0.5533327,0.53588104,0.58474505,0.5194579,0.5095103,0.5188892,0.49298957,0.4906219,0.49837536,0.5015765,0.5277522,0.52081144,0.51422775,0.55643344,0.5494677,0.539946,0.5606411,0.5378527,0.49754992,0.53449345,0.52826554,0.48996782,0.5014253,0.49557418,0.5297824,0.51715916,0.5230861,0.47685027,0.5021354,0.5241065,0.52356184,0.50497836,0.532854,0.51056516,0.52650565,0.56736153,0.52766865,0.5633247,0.53045654,0.50933915,0.50176316,0.5706872,0.5325995,0.54945993,0.5131547,0.5267899,0.511366,0.58209145,0.516794,0.56744355,0.5256687,0.50865495,0.51274204,0.5128419,0.52046657,0.55880904,0.5466091,0.5019974,0.5281537,0.54662806,0.523783,0.5394831,0.51720524,0.5548875,0.5567634,0.49221987,0.51481277,0.5005065,0.5045158,0.5408211,0.5341867,0.5387259,0.52782667,0.5106671,0.524248,0.5097346,0.5756843,0.52163035,0.5326915,0.5377268,0.5027867,0.5114598,0.51442546,0.5096953,0.5171263,0.53999627,0.51691186,0.52222735,0.5155118,0.5225002,0.5467393,0.5167219,0.5090322,0.51873326,0.562528,0.5439314,0.5934277,0.6027741,0.5681081,0.4778665,0.50658464,0.546042,0.52875,0.56406313,0.5403763,0.52781016,0.5413743,0.5270292,0.51760966,0.52145964,0.5571067,0.54477054,0.5441804,0.61264056,0.56279993,0.5317483,0.5228456,0.5210412,0.5249403,0.51445484,0.5284393,0.5379322,0.55987275,0.53608966,0.5185634,0.56826305,0.57870626,0.549732,0.5122444,0.5382894,0.5398571,0.5522874,0.5645061,0.53168577,0.5213927,0.5177623,0.5130636,0.5180196,0.5205592,0.51631844,0.5160976,0.52904195,0.5201839,0.52643466,0.5292733,0.5216192,0.519471,0.51062924,0.50768733,0.5253512,0.51875114,0.52089185
586,0.51318204,0.54600364,0.5703298,0.5245838,0.52528614,0.5345517,0.53921914,0.53597593,0.5434469,0.55597836,0.54983366,0.4978634,0.5534338,0.64265823,0.6644011,0.572749,0.5756183,0.5172846,0.57580125,0.57561475,0.54888815,0.54435825,0.5340089,0.60685873,0.5180134,0.49567315,0.5653677,0.5638905,0.60253346,0.58064973,0.5871966,0.57059336,0.6066017,0.60632694,0.601202,0.5442135,0.5324149,0.53325254,0.52027917,0.5290123,0.53900415,0.514118,0.5225358,0.49783,0.5178132,0.56226295,0.51361614,0.6015022,0.56763417,0.5727278,0.5421673,0.5293643,0.5491807,0.5197429,0.5170614,0.51257443,0.48568395,0.50686324,0.5456533,0.5296653,0.5431897,0.5472765,0.5531128,0.55557364,0.54584783,0.5199824,0.5182061,0.5487995,0.4989072,0.48347053,0.5205747,0.5348327,0.54451156,0.54211783,0.4791287,0.48867324,0.5119783,0.51455224,0.46682417,0.5300071,0.52004623,0.51526356,0.54677266,0.5219744,0.55008304,0.53894895,0.48456523,0.5015912,0.5654196,0.518583,0.54387605,0.53059125,0.52914673,0.5252042,0.5862905,0.5229858,0.57746845,0.5420694,0.5534868,0.5570881,0.53660494,0.56056124,0.59472996,0.591971,0.5334646,0.55613273,0.5677327,0.5210927,0.5329358,0.53923833,0.5588503,0.5761279,0.503491,0.5596861,0.52390367,0.5098285,0.54374784,0.53522927,0.56227314,0.5421175,0.53916967,0.52922755,0.5065613,0.60554194,0.5514734,0.5507758,0.55376756,0.5278644,0.50954735,0.5315388,0.50609344,0.49434224,0.532497,0.5283801,0.5271561,0.52554494,0.5078793,0.5472485,0.5445944,0.5250639,0.53565645,0.5892115,0.5616898,0.60650307,0.6078676,0.6002085,0.4905708,0.5111032,0.5606727,0.5234238,0.5876154,0.5638325,0.55701995,0.5536147,0.55332726,0.529995,0.5430337,0.58522105,0.5795877,0.57669353,0.5948948,0.59968084,0.530273,0.5386002,0.54803276,0.54183406,0.54676306,0.5727283,0.53534883,0.5903218,0.51280373,0.5182893,0.60810685,0.6203929,0.57189083,0.50977886,0.52806723,0.5686836,0.5472128,0.5610791,0.5162272,0.5458283,0.55115116,0.5254417,0.52444935,0.53771114,0.5464513,0.52700347,0.53918874,0.5484887,0.54231733,0.48438498,0.5664755,0.6455098,0.6610825,0.5586823,0.5977155,0.51248604,0.57486784,0.5810766,0.5404828,0.56788886,0.53570235,0.60992694,0.531001,0.46085265,0.5540974,0.53670347,0.5870172,0.5508387,0.5894282,0.5812476,0.54273784,0.60466725,0.62353384,0.51897466,0.53297085,0.547017,0.51749265,0.51867384,0.5265986,0.51031876,0.50580174,0.4996775,0.51983404,0.5896577,0.5036886,0.57808715,0.5572739,0.5989831,0.539864,0.52833074,0.54283565,0.4983171,0.51162684,0.5039264,0.5138317,0.5268734,0.54155624,0.5351498,0.57235026,0.5487605,0.5230164,0.57183516,0.5613441,0.5076267,0.528546,0.5384347,0.48234564,0.49653798,0.48253068,0.52998656,0.50690097,0.5046476,0.4478924,0.4881375,0.5149888,0.5185226,0.4922432,0.53196925,0.5033326,0.5229597,0.559942,0.53454,0.54987454,0.5303426,0.5025678,0.50281465,0.56982845,0.521618,0.5408858,0.50636625,0.5267139,0.5006096,0.58636063,0.5290326,0.5672949,0.51709276,0.535969,0.53283185,0.5391453,0.5551867,0.60325813,0.58916295,0.526629,0.5492643,0.5749128,0.52776855,0.5462417,0.52263004,0.5513711,0.5687049,0.5148239,0.5462291,0.5191609,0.5101189,0.5435893,0.53621376,0.55374736,0.539103,0.53395975,0.5308418,0.50439537,0.62041134,0.52731097,0.559828,0.5728111,0.5035804,0.49513385,0.50669,0.5113599,0.5227071,0.54093254,0.5152636,0.52666783,0.52041066,0.5185758,0.56385845,0.51153684,0.5104017,0.53919226,0.5973961,0.56715375,0.5837188,0.60395074,0.59256226,0.4878577,0.5142222,0.5344004,0.5364942,0.57288516,0.5734292,0.54980904,0.5660146,0.5560398,0.53155756,0.5362584,0.580363,0.5773649,0.57211953,0.6294978,0.58461607,0.5546996,0.5274904,0.527489,0.51723164,0.53392714,0.5549055,0.5306363,0.55776775,0.51894283,0.5137134,0.6148813,0.6325873,0.57444626,0.52108717,0.5327006,0.5532109,0.5481028,0.57827353,0.53162295,0.52277756,0.51674354,0.5098915,0.51225895,0.5158925,0.51482445,0.51574934,0.53311515,0.52255356,0.53484845,0.5403202,0.52015376,0.51902497,0.512235,0.5085351,0.53220475,0.5226978,0.5287187
587,0.54577106,0.5716323,0.60168433,0.5531064,0.5552582,0.56674284,0.5687583,0.5491868,0.5627109,0.57712424,0.5739237,0.48262027,0.5933029,0.6678417,0.68795896,0.6105027,0.6016718,0.5278897,0.62342334,0.6173504,0.5804373,0.5748011,0.55828106,0.63595086,0.50578874,0.47381958,0.5809955,0.56911856,0.62287354,0.5939611,0.6181404,0.5838388,0.6343075,0.63123673,0.6174515,0.56447816,0.56504023,0.5564264,0.54256624,0.55104274,0.5683711,0.53283507,0.541992,0.50787973,0.5376241,0.5768436,0.5184243,0.63975203,0.58974135,0.5862474,0.5523471,0.53903306,0.567888,0.52881753,0.5365624,0.51464844,0.48551276,0.50731987,0.5717019,0.5555051,0.5499738,0.558826,0.5588836,0.57366395,0.56881875,0.54025626,0.51997,0.56667554,0.49543965,0.47117704,0.5245051,0.55319965,0.54612136,0.5436064,0.4604958,0.46766427,0.5096688,0.51778746,0.44724134,0.53800213,0.5211244,0.51816946,0.55892694,0.5362021,0.55442446,0.5455973,0.4682624,0.5012684,0.5736121,0.50863355,0.5462944,0.543488,0.53060013,0.5208133,0.60241914,0.5374221,0.59380305,0.55188787,0.5832043,0.5745156,0.55322725,0.58569634,0.61863756,0.6143741,0.54794,0.57754904,0.58134395,0.5321547,0.54893726,0.5480115,0.5648083,0.5888984,0.525318,0.5937355,0.5367499,0.51425326,0.5447507,0.5486737,0.5802972,0.5560248,0.57350254,0.5429808,0.5049755,0.62315595,0.5523307,0.5747111,0.58253103,0.5278746,0.4941646,0.52600145,0.50529754,0.4959824,0.5407789,0.5318576,0.53047967,0.53652847,0.5096932,0.56462175,0.54990554,0.5333069,0.555731,0.6235526,0.5908547,0.6162302,0.62207705,0.6329788,0.49207434,0.5195373,0.5659143,0.52424204,0.607769,0.59773535,0.5861838,0.5825299,0.5779373,0.549239,0.560131,0.6295818,0.6220584,0.6101386,0.6015187,0.6284873,0.5494347,0.5509017,0.5614224,0.5448805,0.56579906,0.59389335,0.53864664,0.6029219,0.5093788,0.5176107,0.6325172,0.6473356,0.5762,0.51488227,0.52646345,0.58178395,0.5590355,0.574861,0.55054814,0.56854534,0.5788531,0.55293,0.5556975,0.57086974,0.5840213,0.53721356,0.5568324,0.5744632,0.5641836,0.4737553,0.6085863,0.6756219,0.6834601,0.5946348,0.62469786,0.5215796,0.6235659,0.62343144,0.56614655,0.60560405,0.55817246,0.64213365,0.54336464,0.44046286,0.56994903,0.5429524,0.59589314,0.553358,0.620869,0.595495,0.55822194,0.63217086,0.6463367,0.5290713,0.5633578,0.5713565,0.5380337,0.5347884,0.5526054,0.52880806,0.5176087,0.51123166,0.53861415,0.6082522,0.507645,0.6117237,0.58352125,0.6178562,0.5496835,0.54097337,0.5582865,0.5000372,0.53032833,0.5065238,0.52796996,0.53365,0.56564385,0.5610524,0.590414,0.55664295,0.51537335,0.5871035,0.59052926,0.5284836,0.52791256,0.5502619,0.47476116,0.49666092,0.46915555,0.5376282,0.5001966,0.49613982,0.4251983,0.48383325,0.5105102,0.52121836,0.47438908,0.5412055,0.505492,0.53285104,0.5597159,0.54821384,0.5427692,0.53698975,0.5060936,0.50659996,0.57489926,0.5095482,0.5394794,0.51185775,0.52782464,0.49714983,0.59897244,0.5426177,0.57478166,0.5125003,0.55946493,0.5427927,0.55700284,0.58258694,0.63273066,0.61473477,0.538082,0.56938154,0.59012884,0.5353651,0.5606088,0.5293925,0.556181,0.5826701,0.53801745,0.576981,0.5379571,0.51178217,0.5453459,0.53965956,0.570476,0.55197364,0.5616848,0.53944397,0.49885434,0.6423907,0.52005,0.5891449,0.61044,0.4996694,0.4753808,0.4975719,0.513165,0.5290423,0.55031264,0.5171671,0.53273594,0.5339481,0.52030194,0.5887811,0.5048211,0.5143152,0.56365025,0.633102,0.59376013,0.5798763,0.61180747,0.6240706,0.48843697,0.5255348,0.5275982,0.54615265,0.5845935,0.6116856,0.5770103,0.5991677,0.583574,0.5564591,0.5560471,0.61919767,0.6200906,0.6078651,0.647163,0.60919553,0.58418214,0.5316265,0.53465974,0.5093425,0.55155444,0.572113,0.5334927,0.56160206,0.5120405,0.5085931,0.6462221,0.66640496,0.5791858,0.52633804,0.53236234,0.56038797,0.55161065,0.5983655,0.5322894,0.52673733,0.51424533,0.5042256,0.515166,0.51938653,0.5192165,0.5207124,0.5408634,0.5278636,0.5444255,0.55231965,0.520622,0.519457,0.5189818,0.5153759,0.5448873,0.531961,0.54083973
588,0.5886736,0.6000989,0.6283345,0.58650625,0.5912454,0.60718876,0.605642,0.55288035,0.5707008,0.5995895,0.5980304,0.4709708,0.6373329,0.6931824,0.70849574,0.6533469,0.6306985,0.5408278,0.67656523,0.67017657,0.62141937,0.6091152,0.5860664,0.6466253,0.48883888,0.45417354,0.58646804,0.56402385,0.6350772,0.60844594,0.6458684,0.6027085,0.6601391,0.66529095,0.6351218,0.5754387,0.5875629,0.5757529,0.55590063,0.5660727,0.59064674,0.5412419,0.5598327,0.517003,0.54667324,0.5783999,0.5172419,0.67976755,0.6114033,0.59597003,0.55074334,0.5398303,0.5739207,0.53458196,0.5489946,0.5125015,0.48792353,0.51749057,0.5968968,0.57898754,0.56025326,0.57474065,0.5748856,0.58841276,0.59539926,0.57097644,0.52824247,0.58850145,0.49498853,0.46729657,0.53268355,0.57998174,0.54831505,0.55758166,0.45216623,0.45582736,0.5172578,0.5258389,0.43972448,0.5517898,0.52925295,0.534019,0.58000505,0.5509552,0.5667639,0.5517311,0.45798188,0.50713015,0.5871994,0.50303817,0.5533398,0.56678545,0.53411245,0.5235472,0.6193435,0.5473127,0.6148634,0.56456304,0.6000623,0.5769769,0.55629617,0.5947598,0.623666,0.61449486,0.5454786,0.59119904,0.5793956,0.54027104,0.56530136,0.5542177,0.57248366,0.600357,0.54113364,0.61935157,0.5436419,0.5114584,0.5419013,0.5656706,0.6002847,0.57317543,0.6080141,0.5578259,0.5011148,0.61652625,0.5423009,0.5942509,0.60482347,0.5213352,0.47688535,0.5244411,0.50513685,0.49996156,0.5553762,0.53640133,0.533892,0.5502332,0.51532984,0.5826688,0.5499513,0.53613853,0.56979185,0.64752316,0.6089632,0.63202894,0.6404774,0.6609778,0.48390213,0.522659,0.57744056,0.52796227,0.63073385,0.6289347,0.6125313,0.6125962,0.597379,0.5775834,0.5804137,0.68233794,0.6667293,0.63860893,0.6105418,0.6563206,0.56841946,0.56472284,0.5759284,0.5509247,0.57979214,0.59825176,0.5460509,0.62203395,0.5200641,0.5145451,0.63624656,0.65093833,0.5625708,0.51712006,0.5298535,0.5856159,0.5728006,0.5882856,0.5945268,0.5934019,0.6021107,0.5854311,0.59346867,0.61138606,0.6284131,0.53953826,0.5618975,0.6001277,0.58838314,0.46858555,0.65436494,0.7046452,0.70442617,0.63409406,0.6568459,0.53288496,0.676984,0.6757689,0.598106,0.6485952,0.5800365,0.6555834,0.5504041,0.42867556,0.5781211,0.5421792,0.59913534,0.5590248,0.64671665,0.6193544,0.5750226,0.66913784,0.6707739,0.5276218,0.5844196,0.589585,0.5471067,0.5434322,0.57146853,0.5399309,0.5277861,0.52127945,0.54578155,0.6130016,0.5045807,0.64695895,0.60767144,0.63508666,0.5478802,0.54610914,0.5619289,0.49919033,0.5429853,0.5050543,0.5395588,0.5469496,0.5852143,0.58197093,0.6075322,0.57363087,0.52149326,0.60285026,0.6238517,0.5586755,0.5355791,0.56631255,0.47151953,0.50647205,0.46158776,0.55600804,0.49927852,0.50120336,0.41294843,0.4946678,0.5175871,0.52895856,0.45352948,0.555172,0.51682216,0.55215013,0.56994957,0.561098,0.5472397,0.5446735,0.5197905,0.51739246,0.58350205,0.5017132,0.5459211,0.53126085,0.5314202,0.505298,0.6154557,0.5508224,0.5898683,0.5165424,0.5742058,0.54087764,0.56530756,0.5984952,0.6406082,0.61986077,0.5344267,0.58357817,0.59043455,0.540896,0.5785306,0.5364427,0.56824523,0.5958493,0.5549569,0.60016406,0.5516096,0.5082877,0.5433604,0.545344,0.58668166,0.56560236,0.5888653,0.54847914,0.4943124,0.6387788,0.50306344,0.61443305,0.6417711,0.4929029,0.45573714,0.4910574,0.51596546,0.5371338,0.56888366,0.52321035,0.5390961,0.5500192,0.5245984,0.61582345,0.4971523,0.5177918,0.58487546,0.6611002,0.613256,0.58359224,0.62753713,0.6531774,0.4790584,0.5336874,0.5291652,0.56009305,0.60214204,0.6486192,0.60377455,0.6345137,0.6019825,0.5884755,0.5758082,0.6665816,0.6645888,0.6436309,0.6661343,0.6301398,0.61356884,0.5363334,0.544061,0.5028161,0.5624494,0.57678914,0.54615265,0.5707573,0.52225995,0.5040196,0.65674466,0.67469805,0.5648451,0.5301953,0.540685,0.5591259,0.56034195,0.619529,0.5321995,0.5314601,0.51152015,0.49767414,0.5258013,0.529817,0.5278887,0.5292908,0.5507804,0.5349682,0.55494106,0.56419265,0.52289146,0.5206158,0.5283549,0.52602625,0.5604133,0.54428846,0.5546736
589,0.62850696,0.6260579,0.6455039,0.6158212,0.62356603,0.6454625,0.6407733,0.5473354,0.56636524,0.6156898,0.6138276,0.464856,0.6760318,0.7121427,0.72056043,0.69253093,0.6540739,0.55405635,0.7221265,0.7210334,0.6625876,0.63936156,0.6112511,0.63472056,0.46977854,0.4417233,0.57710356,0.54919595,0.631403,0.62488115,0.6651895,0.6244492,0.6805226,0.70390505,0.6527536,0.5760997,0.592532,0.5823091,0.55883837,0.57154226,0.60239464,0.5370372,0.5708725,0.51841575,0.5356705,0.55641323,0.5088302,0.7102847,0.6230026,0.5918827,0.5388212,0.53242135,0.5670218,0.5362736,0.5522171,0.506224,0.49218833,0.5345877,0.61205053,0.59117055,0.57247597,0.5915367,0.5986091,0.5953736,0.6204171,0.6064774,0.5444414,0.6120681,0.4999751,0.4784479,0.5472395,0.61239403,0.5495029,0.5819523,0.45844945,0.45888478,0.53898084,0.5331145,0.44896367,0.56456226,0.5432462,0.55723107,0.604758,0.55774444,0.5825484,0.5522379,0.45879462,0.5217446,0.6045198,0.50782,0.5620203,0.5960333,0.53952026,0.53444064,0.629064,0.54589176,0.63521594,0.57666194,0.60277957,0.5650307,0.5463444,0.58580214,0.60700786,0.59286785,0.52821976,0.59140134,0.5638055,0.5402414,0.57569504,0.55680394,0.5773882,0.6066299,0.5472418,0.63096994,0.5400179,0.49760506,0.53096336,0.582603,0.6172606,0.59110755,0.6356283,0.5703869,0.49710506,0.5875635,0.52530223,0.6045391,0.6117588,0.51079893,0.46335354,0.5303088,0.5077918,0.5110238,0.5741529,0.54093033,0.53633016,0.5604962,0.519669,0.5927108,0.5455382,0.52937216,0.57239914,0.65330726,0.6054803,0.6483426,0.65799034,0.67325395,0.46783838,0.51267886,0.5936813,0.53742373,0.65386623,0.65152377,0.62984926,0.63544065,0.6047434,0.61014295,0.5973784,0.7302536,0.70279235,0.6534007,0.62303776,0.67494565,0.58209085,0.5771334,0.5889255,0.55850047,0.58245856,0.58518165,0.5535734,0.64416254,0.5447615,0.5103709,0.61814266,0.6297763,0.5362711,0.5186695,0.54142296,0.5782856,0.5819891,0.5949712,0.6343218,0.61464214,0.6171255,0.6139876,0.62730414,0.64861506,0.66795117,0.53507805,0.5540195,0.617547,0.60652256,0.46861538,0.6934323,0.7253889,0.7186938,0.6689352,0.68687546,0.5447253,0.72196996,0.7251504,0.63086224,0.6864122,0.5962106,0.6447783,0.54627615,0.42734373,0.5725968,0.53136945,0.59300965,0.57352245,0.66176707,0.6514776,0.5951355,0.70933187,0.6949065,0.51803505,0.5905346,0.59410053,0.5458321,0.54451823,0.5793688,0.54115725,0.5334133,0.52329004,0.5327933,0.59390515,0.49524742,0.6747932,0.6217499,0.64281255,0.53659415,0.54422605,0.55375284,0.49783006,0.54797417,0.50194645,0.54397523,0.5623733,0.5929209,0.5892977,0.61887026,0.59682786,0.54184306,0.61428976,0.65732014,0.59244883,0.5532779,0.58855504,0.4770885,0.52901876,0.46571627,0.58600414,0.50481915,0.52045536,0.41328192,0.5227405,0.5411768,0.5383467,0.43384367,0.5659008,0.53456897,0.57257247,0.5908943,0.5654526,0.5655063,0.5467071,0.5411954,0.53803796,0.59080595,0.5029712,0.5587653,0.56167376,0.5380032,0.5261948,0.6288254,0.5486539,0.6105362,0.5329398,0.579103,0.5299169,0.564668,0.60047317,0.62274647,0.6043173,0.51866746,0.5877005,0.57624453,0.5393184,0.5940397,0.5419497,0.5832188,0.6040265,0.5623552,0.6116015,0.5568804,0.5005599,0.5363383,0.5533357,0.5990877,0.57828766,0.6100673,0.5557884,0.49159187,0.6096139,0.48230425,0.62977225,0.6582171,0.48638487,0.44047993,0.49094367,0.52067125,0.54773104,0.5942369,0.5329932,0.5442251,0.5613739,0.52767444,0.6376834,0.48963478,0.518596,0.5959776,0.67330134,0.6156092,0.5941716,0.6487771,0.6695636,0.46460316,0.5327902,0.54114175,0.5802212,0.627149,0.67653227,0.62382215,0.66399497,0.60513747,0.6218808,0.59021777,0.71114177,0.7007699,0.6705424,0.68478453,0.6402507,0.63508904,0.5422844,0.5564647,0.49868986,0.5624513,0.56846815,0.56404585,0.5828567,0.55224067,0.5007335,0.642337,0.6541274,0.5364166,0.53521836,0.55912757,0.54816735,0.5687267,0.6334756,0.5296198,0.5345303,0.5106293,0.49246156,0.5402259,0.543083,0.53805697,0.53821915,0.55979407,0.5416496,0.5657604,0.57471025,0.526138,0.52201146,0.53653514,0.53664553,0.5733327,0.555495,0.5664772
590,0.65270096,0.6438837,0.64993376,0.632746,0.64319164,0.67151403,0.6650442,0.53628683,0.5530732,0.618457,0.61451817,0.46495947,0.7001854,0.718098,0.7189788,0.7187231,0.66338354,0.5654068,0.7492724,0.7572655,0.69378054,0.6583777,0.6278952,0.6005709,0.45202756,0.4403487,0.5516193,0.5264005,0.60818535,0.6412942,0.6725253,0.64330834,0.6917193,0.7377239,0.66599244,0.5687718,0.5774263,0.57062894,0.5529083,0.5673744,0.6029414,0.5216535,0.5722226,0.50899935,0.5021552,0.50888,0.49435434,0.72198504,0.6171607,0.5677205,0.52141696,0.5197884,0.5515178,0.53366566,0.5474953,0.49848148,0.49660113,0.55272317,0.61013705,0.58674234,0.5831656,0.60440814,0.62332904,0.5912633,0.63723266,0.6371791,0.56640285,0.6329798,0.51089495,0.50606364,0.56728005,0.6440345,0.5474305,0.6099756,0.47898227,0.47762346,0.57288516,0.53440815,0.4737896,0.5693219,0.55835706,0.5785831,0.6256445,0.55049264,0.5954309,0.5437661,0.47213683,0.543624,0.62146986,0.5252256,0.5679928,0.6227194,0.5455285,0.55085737,0.6241789,0.53026515,0.6483726,0.58401936,0.5942525,0.54415894,0.52729946,0.56197524,0.57050097,0.5552704,0.5027678,0.5758618,0.5393085,0.5297592,0.5745831,0.5552428,0.57494736,0.60403836,0.543534,0.62599266,0.5249015,0.47312838,0.5106194,0.5951405,0.62641615,0.6062132,0.6510988,0.5777399,0.49490932,0.5434641,0.50644267,0.6034614,0.5993117,0.4999092,0.45826346,0.5439482,0.51473624,0.53101027,0.59229916,0.5442571,0.53710735,0.56215316,0.5174962,0.58847725,0.53777367,0.51156527,0.5613409,0.6374683,0.5761976,0.6576345,0.6681403,0.6627762,0.44919842,0.48630852,0.6101872,0.55263287,0.67276454,0.66054624,0.63382405,0.6443276,0.59752965,0.6395194,0.6047667,0.76116633,0.7212725,0.64948106,0.63592184,0.6772241,0.5865673,0.58450925,0.5967117,0.5649624,0.5697191,0.5598478,0.5558927,0.6631124,0.5778212,0.50656915,0.58143634,0.58707845,0.50551265,0.5218484,0.5606027,0.5597076,0.5808513,0.5890567,0.65737945,0.6263634,0.62101114,0.6303015,0.6474023,0.6725009,0.6920811,0.5276783,0.53753334,0.61972296,0.61132985,0.47215888,0.71626115,0.73144096,0.7209491,0.69067544,0.7063972,0.55509984,0.7476397,0.7597726,0.65717965,0.70961195,0.60213214,0.608655,0.5280656,0.43655178,0.55086774,0.5102668,0.5766294,0.59861594,0.6637069,0.684971,0.6179018,0.7429002,0.714388,0.5071761,0.57991403,0.58044136,0.53830904,0.539852,0.5756164,0.5326633,0.53318983,0.51381826,0.49784023,0.5479466,0.48214325,0.686937,0.61929125,0.634868,0.52093947,0.53717893,0.5384014,0.49780503,0.54633987,0.5010384,0.5384034,0.5740804,0.5838605,0.5784425,0.61957955,0.61992955,0.5712013,0.6169397,0.6846055,0.62130094,0.5790221,0.6157338,0.49342164,0.5631558,0.48445177,0.623688,0.5156142,0.5497707,0.4254116,0.5637275,0.5800531,0.54522014,0.41923934,0.5658118,0.5539525,0.5851113,0.61780465,0.5559252,0.5938257,0.5379372,0.565686,0.5672433,0.591421,0.5152114,0.5738717,0.5951157,0.5466211,0.55591977,0.6318632,0.5346154,0.6322267,0.56114715,0.5760886,0.5163517,0.557137,0.58932596,0.5799771,0.57224154,0.49749532,0.5800144,0.55052173,0.5274931,0.6006943,0.54397106,0.5945516,0.6032047,0.5595727,0.60959816,0.5530822,0.49088454,0.5246332,0.5627415,0.6048547,0.58787364,0.6212705,0.559586,0.49097636,0.56005204,0.46444598,0.6318345,0.655035,0.48309708,0.43291095,0.49914244,0.5277967,0.5608136,0.6206744,0.5449972,0.5471632,0.5622576,0.5263564,0.6477608,0.48268157,0.5149033,0.5927136,0.664763,0.5956741,0.60752946,0.6696391,0.6659912,0.45203993,0.5197025,0.5618616,0.6057455,0.6571952,0.6881545,0.6318157,0.6799495,0.5920525,0.64901906,0.59450775,0.7411219,0.71999025,0.6815662,0.6991748,0.6348246,0.6426609,0.5488655,0.570248,0.49727172,0.54949266,0.5507602,0.57916915,0.59437156,0.5968726,0.4993653,0.60307074,0.6056571,0.50221664,0.5430795,0.5850701,0.52803504,0.5706345,0.6326341,0.5238955,0.5341655,0.5134702,0.49069268,0.55293685,0.55391306,0.54651505,0.54406947,0.56472665,0.54574716,0.5756108,0.582545,0.5292877,0.52319986,0.53998107,0.54302186,0.5788091,0.56179225,0.57297134
591,0.65454954,0.64893824,0.6408132,0.6322932,0.6445501,0.6789775,0.67216414,0.52541023,0.5375762,0.6046065,0.5969791,0.469993,0.70375466,0.70804113,0.70222837,0.7254265,0.65439594,0.5717237,0.75254536,0.77157515,0.7075865,0.6614987,0.63183194,0.55271363,0.438808,0.45152152,0.5146174,0.4997568,0.56843257,0.6536279,0.66661,0.65412843,0.691209,0.75807947,0.6702659,0.5583643,0.54606605,0.5412706,0.5421937,0.55657417,0.59426016,0.500275,0.56323934,0.48986793,0.45280126,0.44653746,0.47778153,0.7104099,0.59251773,0.5256983,0.5057067,0.506802,0.5346821,0.52789646,0.5385194,0.49219677,0.49913675,0.5655283,0.58928204,0.56589746,0.5881495,0.6097031,0.6418426,0.5751046,0.64025784,0.6534603,0.5888011,0.6456396,0.52537376,0.5443174,0.5880669,0.6667148,0.5411496,0.6327451,0.5080265,0.5074303,0.6103109,0.5265183,0.50661623,0.56215197,0.56838894,0.58963287,0.63584256,0.5274607,0.600054,0.52643764,0.4948891,0.56717294,0.633526,0.55211306,0.56817156,0.6381959,0.55025053,0.5678808,0.6022026,0.5030698,0.6497808,0.5836077,0.5787992,0.52257186,0.5061302,0.53201807,0.52382076,0.513783,0.47790226,0.5479654,0.5126997,0.50948256,0.5596276,0.5495988,0.563782,0.5915936,0.53099686,0.6047989,0.5015136,0.44309658,0.48410895,0.599982,0.62566787,0.6151443,0.6520128,0.5780671,0.49488655,0.4979096,0.49103385,0.59177274,0.57016844,0.4918244,0.46332374,0.56212324,0.5252396,0.55665946,0.6043283,0.5454846,0.53607905,0.5534401,0.50617,0.56898826,0.52743286,0.4852174,0.5384843,0.60273993,0.52586305,0.6546505,0.66718155,0.62916553,0.43363076,0.4468016,0.62203735,0.5700569,0.68289125,0.65364784,0.6231736,0.63652974,0.57793283,0.65799457,0.5988375,0.76862705,0.71752876,0.6271372,0.6446623,0.6600321,0.5804181,0.5842773,0.59574586,0.5682212,0.54275066,0.5323869,0.5492018,0.6731318,0.6102055,0.504238,0.53609574,0.5343007,0.47973517,0.52701104,0.5823343,0.53309304,0.5678987,0.56931406,0.657232,0.6237939,0.61279577,0.6292647,0.6476647,0.6765568,0.694341,0.52189785,0.52023405,0.6023103,0.59856683,0.4753409,0.71688193,0.7203948,0.70920223,0.69326425,0.7098628,0.5605456,0.74827266,0.7728716,0.6695288,0.71209943,0.59461707,0.55529445,0.49694085,0.45317346,0.51599324,0.48185313,0.55276066,0.62918407,0.6529523,0.711072,0.6388668,0.7614344,0.7245068,0.50222784,0.5554588,0.5493805,0.5299564,0.5327186,0.5628124,0.51735383,0.5264914,0.4927645,0.44762093,0.48398522,0.46877733,0.6785914,0.59836805,0.6106351,0.5073558,0.52772945,0.52347434,0.49991277,0.54086,0.50363064,0.52309585,0.5777909,0.5576404,0.5504131,0.60740685,0.63591605,0.6003556,0.6079739,0.69864166,0.63699496,0.6060158,0.6413835,0.51687396,0.6013206,0.5142738,0.6600169,0.5279419,0.5801133,0.44454327,0.6063196,0.6248938,0.5448103,0.41081575,0.55046564,0.56834644,0.58330256,0.6422529,0.53101707,0.6236355,0.5170639,0.5864352,0.5978299,0.5829549,0.5360937,0.585879,0.62109035,0.5552518,0.5859267,0.619983,0.51073253,0.6485247,0.59420466,0.5675136,0.5064109,0.5465092,0.57000935,0.5225305,0.53349966,0.47880206,0.56200844,0.5195906,0.5052453,0.5941951,0.54127735,0.59702003,0.59196347,0.5466747,0.5942508,0.5410525,0.48138022,0.5100432,0.57181036,0.60298645,0.5925885,0.62056655,0.5589837,0.49116316,0.5039107,0.45442367,0.6204657,0.6325701,0.48349655,0.43361354,0.5139848,0.53628385,0.5746677,0.64079374,0.5564364,0.5473637,0.54944146,0.5184658,0.6423929,0.4752244,0.5045979,0.57369196,0.63534284,0.5551757,0.6180506,0.68371594,0.64064384,0.44569826,0.4948585,0.585265,0.63108283,0.6851291,0.6787618,0.62481344,0.67748237,0.5666973,0.6621055,0.585737,0.7492661,0.71704525,0.6732634,0.70481753,0.6132844,0.63395405,0.5541674,0.58101124,0.49838388,0.52494913,0.5306411,0.5839101,0.60186553,0.6436548,0.5002316,0.5484131,0.540527,0.47215873,0.5528073,0.6118707,0.50229037,0.5631852,0.61470747,0.51625663,0.5300854,0.520125,0.49323046,0.5591456,0.55829734,0.550169,0.5445154,0.5640701,0.54620445,0.58266246,0.5864428,0.5314849,0.5239487,0.53699267,0.54222137,0.5753388,0.56182116,0.57264984
592,0.6337827,0.6402793,0.62053543,0.6144334,0.6272978,0.6665956,0.6601099,0.52016324,0.526921,0.57594025,0.56303436,0.47767428,0.6858998,0.68322086,0.6724311,0.71119434,0.6274585,0.57070506,0.73078656,0.7618758,0.7014527,0.6477143,0.6230754,0.504635,0.4325464,0.47320044,0.47402027,0.47554612,0.5189115,0.6579678,0.6476879,0.65463376,0.6779598,0.7615553,0.66334385,0.55079514,0.50715846,0.50013894,0.5326678,0.54493546,0.58067286,0.48040998,0.54618937,0.4646448,0.39949054,0.3853048,0.46472958,0.6757141,0.5532341,0.4751316,0.49899423,0.4993426,0.52346873,0.5224373,0.5301661,0.48972052,0.49943742,0.56977236,0.5532439,0.53348935,0.5847059,0.60549563,0.64998597,0.5480111,0.6274324,0.6510477,0.60563195,0.6456493,0.5390537,0.583485,0.6034951,0.6751049,0.5309707,0.6439609,0.5379273,0.54046243,0.6418487,0.50987476,0.53840375,0.5438998,0.56968915,0.58735895,0.63226056,0.4915441,0.59393233,0.50262773,0.52126294,0.5864855,0.6373653,0.58161956,0.5617172,0.6388938,0.5524926,0.5808565,0.56699145,0.47048023,0.6382201,0.5738065,0.56120676,0.50804454,0.49141902,0.506688,0.48137167,0.48198628,0.46212417,0.5159696,0.49147764,0.4826145,0.5335313,0.5412403,0.54570717,0.5711978,0.5121048,0.5716829,0.47613686,0.4149603,0.45750064,0.5962514,0.6156374,0.6167674,0.6386861,0.57144386,0.49672228,0.46540868,0.48402855,0.5714001,0.53112096,0.48863283,0.47753108,0.5797299,0.53699696,0.58162767,0.6071051,0.54408616,0.53348243,0.5363767,0.48720342,0.53761405,0.5162853,0.45612562,0.50850874,0.5564569,0.46496168,0.6388248,0.65571344,0.57767594,0.42616588,0.40233147,0.6258048,0.58424276,0.6810378,0.63239264,0.59969807,0.6135193,0.54952693,0.6616287,0.579339,0.75096047,0.6912548,0.5904043,0.6460572,0.6244543,0.5649064,0.5761831,0.58452,0.56789416,0.50835454,0.51297295,0.5335754,0.67143476,0.63489205,0.50408226,0.49526528,0.48732692,0.466938,0.5322288,0.60030377,0.5048305,0.54562724,0.5399306,0.63378227,0.60627073,0.59487516,0.6105758,0.6273705,0.6589843,0.6728204,0.5215972,0.509816,0.56630635,0.56846815,0.47446755,0.69411844,0.6940359,0.68531066,0.6755368,0.6956702,0.55810434,0.72227585,0.7619655,0.66359955,0.6916084,0.5747272,0.4995654,0.4582868,0.4717112,0.47463265,0.45126396,0.52550185,0.65633214,0.63094944,0.7244158,0.65282893,0.7617869,0.72242063,0.50862277,0.5240974,0.5068472,0.526746,0.5279148,0.5463176,0.50083524,0.51454693,0.46331227,0.39349747,0.4178318,0.45965105,0.64951557,0.5623076,0.5749108,0.5019152,0.52010316,0.5158913,0.50539446,0.5355743,0.5091805,0.5015209,0.5727113,0.5190245,0.5114626,0.58348274,0.6403139,0.621439,0.5864735,0.69560224,0.63634866,0.6260381,0.657625,0.53983015,0.6336421,0.5460685,0.68626237,0.5367323,0.60238934,0.46400586,0.63915825,0.6643469,0.5349324,0.40807244,0.52047765,0.57241344,0.5656943,0.65749943,0.49327785,0.6472483,0.4863224,0.5974207,0.62140965,0.5662023,0.56018627,0.59046245,0.63316846,0.56220376,0.6078825,0.5930991,0.4812035,0.65444994,0.62260246,0.55617374,0.50434715,0.5386179,0.5505671,0.4672933,0.5007139,0.47003335,0.53839636,0.49185264,0.4758953,0.57487154,0.5345172,0.58888644,0.5719686,0.5256335,0.5688708,0.5239296,0.4744835,0.4955778,0.5786611,0.59460884,0.5924558,0.6084939,0.55428624,0.49020502,0.45841613,0.4549412,0.5974407,0.5946908,0.48617548,0.44110173,0.5308793,0.54389435,0.5860133,0.6494543,0.56435406,0.5446147,0.5231504,0.5037398,0.6213352,0.46675953,0.48721597,0.5403852,0.58952314,0.50061756,0.62251765,0.68781394,0.5963474,0.44785333,0.46248305,0.60401964,0.6485454,0.70343983,0.6484214,0.60332733,0.6555451,0.5342583,0.6571925,0.5643117,0.7332439,0.69065964,0.645594,0.6987891,0.5783082,0.6104046,0.556474,0.5846025,0.5015633,0.49427548,0.51582545,0.5754762,0.6028413,0.68079484,0.5031422,0.49483457,0.47774413,0.4546611,0.561515,0.6325665,0.47700164,0.54715914,0.5829482,0.50881225,0.5234725,0.529182,0.499873,0.5567673,0.5549974,0.5469733,0.5388615,0.55838674,0.543308,0.58588034,0.5862926,0.5323463,0.52414054,0.5285871,0.534275,0.5646431,0.55672544,0.56605935
593,0.59542996,0.6214175,0.594454,0.58404535,0.59631085,0.6377532,0.6313436,0.5237517,0.5255586,0.5390572,0.5200965,0.48576012,0.6513912,0.6477264,0.6339405,0.67958087,0.58755827,0.56294554,0.68664896,0.7293568,0.67728746,0.6201054,0.60580146,0.46778458,0.4341157,0.49962536,0.4377662,0.45988163,0.46758386,0.6522864,0.6173912,0.64510614,0.65237105,0.7491241,0.64578086,0.5508519,0.47155565,0.45684516,0.53034794,0.5387107,0.56751204,0.46964473,0.5261066,0.4383049,0.35426524,0.33753932,0.4605144,0.62325126,0.50769526,0.4281674,0.50579095,0.5021649,0.5219983,0.5216542,0.52693915,0.49318296,0.49916342,0.56628084,0.510178,0.49709994,0.5724779,0.591298,0.64687485,0.5129766,0.6005712,0.63166267,0.61302304,0.63172346,0.54783136,0.61517435,0.60951346,0.6685775,0.517865,0.64183044,0.5622845,0.56848365,0.66223025,0.4888946,0.56314945,0.5196469,0.5625158,0.5743282,0.6162356,0.4498437,0.5774712,0.47530055,0.5453705,0.5981734,0.63143206,0.60653263,0.54943496,0.62682986,0.55226606,0.58671176,0.5274128,0.4398847,0.6157989,0.55454177,0.5467267,0.50563604,0.49016353,0.49388453,0.45469254,0.46855587,0.46137014,0.48972288,0.48175678,0.45431587,0.503056,0.532783,0.52356106,0.54617935,0.4920264,0.53515905,0.45635042,0.39627263,0.43725592,0.5852939,0.5984521,0.6122142,0.6140872,0.560146,0.5004688,0.45445547,0.48858765,0.5450267,0.49067664,0.4912694,0.49790648,0.59228283,0.54761386,0.60053235,0.6010751,0.54025704,0.529882,0.51570886,0.46604195,0.5009465,0.5077064,0.431661,0.47804672,0.50848246,0.40633872,0.61363333,0.63729286,0.5187072,0.43110517,0.3630167,0.62020123,0.59092,0.6663463,0.60246396,0.5684969,0.58037823,0.5162432,0.6513399,0.55026954,0.70990974,0.6469304,0.54623914,0.6388736,0.57616997,0.5437971,0.5621391,0.56475806,0.5646938,0.47607267,0.50764257,0.5122132,0.65812564,0.6490455,0.5062982,0.468939,0.4582891,0.47137788,0.5350559,0.61053884,0.48228395,0.5179948,0.5076596,0.5924264,0.5787283,0.5729314,0.5788605,0.5913328,0.6228228,0.6304084,0.5290593,0.5109775,0.5196939,0.5271281,0.46880692,0.6521997,0.65710974,0.6534684,0.6417924,0.66603166,0.54796404,0.6723737,0.7273006,0.64036864,0.65016884,0.54892683,0.4552513,0.42070386,0.4866944,0.43488798,0.4245241,0.4990175,0.6728555,0.60008365,0.7236881,0.65672433,0.7452092,0.7076695,0.52863884,0.49509883,0.46263292,0.53391284,0.53026456,0.53266364,0.49040127,0.50122285,0.43187115,0.34726632,0.36370397,0.45982704,0.6049617,0.5197956,0.5360929,0.50869125,0.5193422,0.51938087,0.5163327,0.5348417,0.51775426,0.47955355,0.561,0.47688654,0.47098145,0.55153334,0.63193065,0.6307327,0.5538525,0.6760016,0.621771,0.63365823,0.6599246,0.55532503,0.65367734,0.57035655,0.6980737,0.5382835,0.61188376,0.47828385,0.6564147,0.691218,0.51825523,0.41072226,0.48212254,0.565007,0.536482,0.6609464,0.44939598,0.6606765,0.45042902,0.5963544,0.6334146,0.5432865,0.58167064,0.5857293,0.631196,0.5667715,0.61742836,0.5563573,0.4520265,0.6485755,0.6395073,0.5460333,0.51242,0.5391653,0.53892106,0.42879933,0.4836483,0.47643846,0.51618224,0.4748179,0.44544378,0.54768467,0.5264579,0.57131034,0.5468327,0.5018071,0.54065764,0.5078185,0.47366196,0.48528144,0.58185357,0.58231974,0.5890316,0.5882209,0.5469261,0.48724976,0.43514335,0.46661228,0.56637436,0.54854256,0.48978007,0.45293647,0.5449769,0.5486382,0.5915482,0.64581496,0.56709164,0.5394247,0.48858842,0.48504585,0.5883823,0.4589302,0.4663842,0.49893263,0.5365649,0.4426323,0.62089133,0.68216157,0.54114485,0.46072334,0.43016058,0.6130117,0.65294206,0.7080257,0.6038177,0.5718009,0.6174559,0.49996775,0.63613975,0.53539795,0.69475573,0.6449087,0.60262084,0.6807353,0.5357239,0.5769572,0.5552227,0.5797532,0.5060576,0.46572712,0.5120601,0.5563455,0.59593606,0.7026056,0.50733525,0.4568426,0.4334269,0.4543915,0.5663778,0.64302135,0.45851764,0.52487344,0.54362565,0.5028428,0.5160395,0.53890264,0.5096819,0.54638267,0.54497695,0.5369936,0.528104,0.54954976,0.5382886,0.5855483,0.5832102,0.53203833,0.5238475,0.5176112,0.5220316,0.5500254,0.5488257,0.55526125
594,0.54933715,0.5983168,0.56953424,0.5498152,0.56046575,0.5994422,0.59265465,0.5360324,0.53425306,0.50365967,0.47944957,0.49246192,0.61007136,0.60741025,0.5926052,0.63804406,0.5441925,0.5514929,0.6284084,0.6784885,0.64042276,0.5852,0.5855694,0.448159,0.44278446,0.5236083,0.41314316,0.45632738,0.42393136,0.63629043,0.5794537,0.6271747,0.616679,0.7231565,0.6204259,0.5599733,0.44955707,0.42262673,0.5386194,0.5418286,0.5592339,0.47373316,0.5097687,0.41773653,0.3276968,0.31128728,0.4690772,0.5643212,0.46706954,0.39618963,0.525989,0.5171073,0.5307768,0.52875364,0.5316611,0.50462306,0.5006294,0.5577469,0.47094458,0.46599638,0.553382,0.56854814,0.63283247,0.4755615,0.56457466,0.6003761,0.609655,0.6058032,0.54975295,0.6341529,0.6050022,0.6488629,0.50358945,0.6268437,0.57650113,0.58518,0.66934675,0.47039777,0.57774943,0.49581614,0.549283,0.5549659,0.59128505,0.4128698,0.5533208,0.44909742,0.56268907,0.600852,0.61576307,0.62150407,0.5333948,0.6062491,0.550215,0.58389866,0.49352637,0.419124,0.5867296,0.52839696,0.5404017,0.51658493,0.5050597,0.4962527,0.44847804,0.47499117,0.47753978,0.47678107,0.4859235,0.43144378,0.47643727,0.5266336,0.50045943,0.5204353,0.47847432,0.50575477,0.44924048,0.3939877,0.42943037,0.5696242,0.57687366,0.6032074,0.5836426,0.547452,0.5059324,0.46577945,0.50398767,0.5170269,0.4576765,0.4991045,0.51996046,0.59704673,0.55511767,0.61046255,0.5887157,0.53493863,0.52599555,0.49700296,0.44973546,0.4677668,0.50500715,0.41906446,0.45474872,0.46954888,0.3628977,0.5841317,0.6153564,0.46614212,0.4516187,0.33878613,0.6056152,0.5885602,0.6400192,0.5718963,0.53755945,0.54503584,0.48333117,0.63089144,0.51947755,0.652165,0.5942221,0.5045965,0.623597,0.5254595,0.5227242,0.5450653,0.5409573,0.55917656,0.4542985,0.51706743,0.4897557,0.63467926,0.6511116,0.51041573,0.4610826,0.4517029,0.49200255,0.5339753,0.61188287,0.47075742,0.4897715,0.47941878,0.54383767,0.54987377,0.5538779,0.54285187,0.5492596,0.5762313,0.5760289,0.5439731,0.5244027,0.47580886,0.48553503,0.4611126,0.6014986,0.61611754,0.61866313,0.60091704,0.62647235,0.5336638,0.6084584,0.6728381,0.60579,0.59547704,0.5264594,0.43013576,0.3940995,0.49492624,0.4054958,0.40767056,0.47809702,0.6748015,0.56463695,0.709,0.64944357,0.71465194,0.6815296,0.5598665,0.47744286,0.42820108,0.55332375,0.54219526,0.52742124,0.49269944,0.4924562,0.40776283,0.31985712,0.33150938,0.47386488,0.5556982,0.48341584,0.50351006,0.5282817,0.5292222,0.5337409,0.53443146,0.54176456,0.5304093,0.46389008,0.5457217,0.4422458,0.4395536,0.5172524,0.6118322,0.62697834,0.5149265,0.6428947,0.59793454,0.62717515,0.64745104,0.5601283,0.65863377,0.58164626,0.69390357,0.53172916,0.60755026,0.4847186,0.65619534,0.7016666,0.50085074,0.4186874,0.44523242,0.548223,0.503285,0.6518815,0.409835,0.661776,0.41696116,0.5841156,0.63276076,0.51785284,0.5961472,0.5722752,0.6176585,0.5687253,0.6135777,0.5182812,0.43115425,0.631698,0.64170235,0.54143274,0.53025717,0.5505153,0.5393335,0.41412675,0.4858831,0.4993244,0.5021515,0.47237232,0.42135093,0.5199878,0.5203866,0.54723096,0.5210989,0.4834751,0.51852417,0.50002605,0.4827199,0.4836309,0.58040524,0.56902474,0.5837343,0.56504756,0.53879404,0.48298794,0.43709207,0.48722056,0.53332484,0.5045461,0.49361554,0.46662524,0.5533089,0.54944617,0.5892624,0.63142383,0.56437105,0.53287745,0.45519558,0.46772382,0.55113935,0.4545981,0.44911388,0.46001273,0.48918277,0.3949393,0.6137247,0.6674751,0.48791698,0.4863357,0.407378,0.6099964,0.6428723,0.6973547,0.55739415,0.5381158,0.5713243,0.47009382,0.60554785,0.5081657,0.6404765,0.5902882,0.553641,0.6525395,0.4945123,0.5414368,0.5507436,0.5679605,0.51086086,0.44745877,0.5211487,0.5315044,0.58113337,0.7066814,0.5117007,0.44120902,0.4148137,0.47112614,0.5656409,0.6415203,0.45125255,0.49967107,0.5040819,0.49849707,0.50928164,0.54736906,0.52082235,0.5301958,0.5303443,0.52263117,0.51472396,0.53967965,0.53266674,0.5823275,0.57839614,0.53112036,0.52329695,0.50730604,0.50963223,0.5349018,0.54027,0.5429303
595,0.50744605,0.5767658,0.55153686,0.52141136,0.5298357,0.560571,0.55375856,0.55374193,0.55039227,0.47860897,0.45150456,0.49647596,0.57347244,0.5683462,0.55412626,0.59525084,0.5083704,0.540426,0.569429,0.61763275,0.5984309,0.5513205,0.56646234,0.4463243,0.45670292,0.5397654,0.40563416,0.46456575,0.3969458,0.61039716,0.5394104,0.6029551,0.57509625,0.6855226,0.5913428,0.57540506,0.44839674,0.4071019,0.55670446,0.5547167,0.5582356,0.4956861,0.5039118,0.41120934,0.3286076,0.31230476,0.49293557,0.5124106,0.44192734,0.38747817,0.5552431,0.5431317,0.54705286,0.54522085,0.5450778,0.5257372,0.5057148,0.5465978,0.44599265,0.44923383,0.5314741,0.54107475,0.60806656,0.4438853,0.52661467,0.5639995,0.59578526,0.57232696,0.54600126,0.63808405,0.5912052,0.6182393,0.490292,0.5998719,0.5780037,0.58780545,0.6621726,0.4613388,0.58057564,0.47711796,0.5326177,0.53268707,0.5608378,0.39184886,0.52555805,0.4309395,0.5707222,0.5941271,0.59147954,0.62369657,0.5166989,0.58109516,0.5469228,0.5723744,0.47193968,0.41559803,0.5552217,0.5008431,0.545819,0.53832793,0.53424,0.51141155,0.46135736,0.4965515,0.5087364,0.48000842,0.5017663,0.4213565,0.46087,0.5239252,0.479917,0.49822652,0.4800761,0.4920559,0.46029815,0.41450918,0.43959194,0.55211234,0.553492,0.5909343,0.5537423,0.5363289,0.51205623,0.49355575,0.5248727,0.4930665,0.43943968,0.5099241,0.53866726,0.59297687,0.5582341,0.61058515,0.5726074,0.5294489,0.5224662,0.48501992,0.44408667,0.44687486,0.5093854,0.42379454,0.44507727,0.44813654,0.34447306,0.55416006,0.59072727,0.43201402,0.48960808,0.33810648,0.58329546,0.5777986,0.60431147,0.54745644,0.51492465,0.5161655,0.45694175,0.60491824,0.4964153,0.58979625,0.5448717,0.4759534,0.6015843,0.48326904,0.5079678,0.527833,0.5188773,0.551347,0.44795683,0.53707623,0.4710399,0.6026024,0.6388178,0.5154687,0.47008598,0.4650044,0.5221578,0.5290469,0.60491276,0.47172317,0.46640256,0.46089572,0.50086445,0.52838284,0.5426384,0.5127127,0.51295984,0.53113633,0.52360106,0.5631545,0.5466726,0.4477036,0.4550788,0.45570636,0.55553234,0.5771312,0.5849661,0.56331813,0.58440846,0.5207569,0.5466481,0.6079772,0.56920403,0.5403259,0.51485336,0.4257327,0.3870288,0.49656126,0.39383054,0.4053844,0.4674249,0.6606331,0.5303442,0.68030775,0.6310591,0.67307526,0.6463537,0.595231,0.47702837,0.41328698,0.5818257,0.5625749,0.5335792,0.5116301,0.49439117,0.40111125,0.3207832,0.32771707,0.5049331,0.51426584,0.46528298,0.48399115,0.5573535,0.5507555,0.55503005,0.5604067,0.5571343,0.54860747,0.46020928,0.5293129,0.4249269,0.4266743,0.48751828,0.58268553,0.6096445,0.477918,0.6010083,0.5699436,0.6081163,0.6221247,0.5557615,0.6478241,0.57970953,0.6730937,0.5189914,0.5901944,0.48413247,0.63861257,0.69301844,0.48942652,0.43177056,0.4192074,0.5258266,0.47406673,0.62954664,0.3859873,0.64844805,0.3951836,0.56363416,0.6203203,0.49520558,0.60118246,0.55283624,0.59515816,0.56787306,0.597497,0.4867895,0.4272773,0.60523605,0.6286906,0.54561514,0.55453724,0.5706891,0.55078083,0.4239423,0.50469524,0.5359288,0.500211,0.48380277,0.41076514,0.498509,0.5183006,0.5206746,0.49946836,0.4796979,0.50976366,0.50657123,0.5049855,0.4948169,0.57386154,0.55677974,0.5769242,0.54473436,0.5316276,0.47932848,0.4601512,0.51167125,0.5054267,0.47347084,0.49765784,0.48034495,0.55555665,0.5463916,0.57908624,0.6081474,0.5568559,0.5262085,0.4331865,0.4578187,0.5188495,0.45599568,0.44262865,0.43482485,0.45844698,0.3696968,0.6002881,0.6428974,0.4494662,0.5257707,0.4032211,0.59505534,0.6201845,0.6710187,0.5215646,0.5109749,0.52847135,0.45121926,0.5740442,0.4926764,0.5819716,0.54013866,0.5109537,0.61734813,0.46384257,0.51250327,0.5440854,0.5526112,0.5148028,0.44503638,0.54036796,0.50601953,0.55994475,0.69072783,0.5153123,0.44688743,0.42120427,0.4995824,0.55911607,0.6275367,0.45649123,0.4760113,0.47116038,0.49576122,0.5045012,0.55268496,0.53101337,0.5114976,0.5139665,0.507944,0.50213057,0.53027624,0.52760845,0.57656854,0.57247436,0.530248,0.522618,0.50062007,0.50113195,0.52190953,0.53245515,0.5315111
596,0.4784835,0.5604133,0.54251564,0.5051796,0.5114865,0.5290203,0.52360946,0.57162106,0.56895185,0.46822143,0.4417352,0.49614322,0.54928035,0.53553975,0.52278614,0.55798316,0.488293,0.5329733,0.5228791,0.55735177,0.5590726,0.52604216,0.5495992,0.45973867,0.4728847,0.5450942,0.41662666,0.48068032,0.3910549,0.5755388,0.5028747,0.5745969,0.53320116,0.63801825,0.5624685,0.5913553,0.47044772,0.41488558,0.5802387,0.57468784,0.5648214,0.53498304,0.5122922,0.42429313,0.36294678,0.34406424,0.531903,0.47734028,0.4388463,0.40585795,0.5867355,0.5768465,0.5658089,0.5702565,0.56574255,0.55601925,0.51438355,0.53391284,0.44144407,0.45204693,0.51163507,0.51351345,0.57358193,0.42537984,0.49400604,0.52998817,0.57235676,0.53635633,0.53913563,0.6266966,0.5703256,0.57963055,0.4792689,0.56280404,0.56641406,0.5770889,0.6404421,0.46587092,0.57042783,0.46537212,0.5147105,0.5094504,0.5279327,0.39413896,0.49846804,0.42654353,0.56817925,0.5784358,0.56047153,0.6125516,0.50249,0.554633,0.5427451,0.5537444,0.4642764,0.43376592,0.52433413,0.47722584,0.56345135,0.56565285,0.5727616,0.5339836,0.48884445,0.52554125,0.5508289,0.49749687,0.5244597,0.42883238,0.46044844,0.52468336,0.46576416,0.48388952,0.50260717,0.49786174,0.4916006,0.46119958,0.47077057,0.53559315,0.5305276,0.57610554,0.52928156,0.52883875,0.5170428,0.52882254,0.5435087,0.47787178,0.43990692,0.520345,0.54929423,0.5799986,0.55659676,0.60101485,0.5545803,0.5251122,0.51979864,0.4825393,0.4511182,0.44399175,0.51912147,0.4475384,0.45153382,0.4478122,0.35584077,0.5257142,0.56277806,0.42246962,0.5435643,0.3661646,0.5548409,0.5596642,0.5620792,0.53243613,0.50513005,0.50001574,0.441933,0.5774842,0.4884885,0.5360101,0.5077897,0.46713257,0.57435316,0.4559349,0.50423163,0.5127624,0.5030339,0.5415308,0.45827597,0.56077045,0.45997366,0.56366324,0.6103948,0.52032423,0.4916254,0.49170503,0.5524213,0.5211913,0.5908268,0.48358044,0.45215032,0.45523474,0.4725181,0.5194121,0.53988117,0.49545074,0.49120682,0.498545,0.48622575,0.58136994,0.57106656,0.4425335,0.44278392,0.45429087,0.5241396,0.544475,0.5553664,0.5367054,0.54757863,0.51417094,0.5017699,0.5457762,0.53995615,0.49760634,0.5163468,0.44005638,0.40397155,0.4928517,0.40277416,0.41870686,0.4693415,0.63044834,0.5023488,0.6381769,0.60261774,0.62377363,0.6054679,0.62558424,0.4951589,0.42283523,0.61247975,0.58731693,0.5508916,0.5469574,0.5100392,0.4183695,0.356931,0.35622054,0.5525259,0.48962432,0.47264856,0.480664,0.5894031,0.5814038,0.5767735,0.592994,0.5791288,0.57259303,0.47092608,0.5134035,0.43014982,0.4378459,0.46837068,0.5484912,0.5794106,0.45114878,0.55703413,0.5432626,0.5801013,0.5878147,0.54611856,0.62225664,0.56687814,0.63626295,0.50310224,0.5619957,0.47863212,0.60635555,0.66402584,0.48874182,0.4488038,0.40973115,0.502439,0.45457524,0.59423375,0.38537902,0.6192736,0.39152405,0.5387461,0.5983748,0.4797045,0.5960492,0.53162163,0.5669212,0.5642148,0.5719403,0.46672973,0.4466259,0.57158315,0.6017772,0.5591009,0.57991636,0.5952883,0.56833893,0.45561388,0.5336348,0.5811067,0.5102866,0.505266,0.41787523,0.4870751,0.5202153,0.4963395,0.4857517,0.4965993,0.51781476,0.5299745,0.541572,0.5212093,0.5625399,0.5463326,0.56819314,0.5311683,0.5267148,0.47785115,0.4963029,0.53354675,0.48814082,0.46228775,0.50173295,0.49182254,0.5525487,0.5404113,0.56271964,0.57814974,0.54590005,0.5205212,0.42922273,0.45986605,0.49934313,0.46302482,0.45068225,0.42996982,0.44944295,0.373599,0.57984763,0.60780287,0.43365422,0.577076,0.4233407,0.5698232,0.58858836,0.63027716,0.50279635,0.49615943,0.49908578,0.44779137,0.5484922,0.49610424,0.53175795,0.50435436,0.484398,0.57866967,0.4486443,0.49670893,0.53689516,0.5374694,0.5166534,0.46023503,0.5639582,0.48420447,0.5346915,0.65297747,0.5178192,0.46862084,0.44783255,0.53161275,0.5479343,0.60190934,0.47260955,0.4580109,0.44982326,0.49508744,0.5027951,0.5535674,0.53829044,0.49391973,0.4988517,0.49674034,0.4932458,0.52213126,0.5236105,0.56836826,0.5656237,0.52983254,0.52171415,0.49962384,0.4991863,0.5124826,0.52601117,0.5226727
597,0.46613613,0.55088603,0.5418545,0.5024616,0.5074432,0.50989425,0.5072525,0.58487916,0.5843975,0.47189045,0.45013326,0.49032903,0.5392843,0.5131078,0.50200313,0.53129786,0.48639786,0.5306921,0.49719274,0.5082035,0.52910477,0.5139552,0.53548044,0.48395842,0.48702726,0.53854007,0.4417219,0.49858293,0.40499264,0.53645647,0.47726026,0.54443115,0.4996768,0.58652776,0.5376857,0.60229284,0.5108048,0.44306695,0.6030935,0.5965627,0.577115,0.58420813,0.53300595,0.45499632,0.42783967,0.40327325,0.5788918,0.46330804,0.45806488,0.44753826,0.61296135,0.61145806,0.5816784,0.5987009,0.5898273,0.5897778,0.5237243,0.52046776,0.45649427,0.47280622,0.49821538,0.49027184,0.5340334,0.42405283,0.47348934,0.5059555,0.5420406,0.5038842,0.5306104,0.60157555,0.54529417,0.54009825,0.47092745,0.52143127,0.5439873,0.5556429,0.6063866,0.48269334,0.5475269,0.46129262,0.49822274,0.4876747,0.49760234,0.41923767,0.47616747,0.4361094,0.55465245,0.55650455,0.52665955,0.5892015,0.49197832,0.5308417,0.5379976,0.53128874,0.46877098,0.4712115,0.49789542,0.46100357,0.5889724,0.5921628,0.6125435,0.55777127,0.52382135,0.55435884,0.5964009,0.5230053,0.5484118,0.45281264,0.47426534,0.5283365,0.4610323,0.48017257,0.5432644,0.5205554,0.5373616,0.5266946,0.51772076,0.5233915,0.51125133,0.5604402,0.51407975,0.5264985,0.5194827,0.56218064,0.55387586,0.47494715,0.45892364,0.5272826,0.54872274,0.5589493,0.5509682,0.58317584,0.53652334,0.5226246,0.5187151,0.48961002,0.46783224,0.4589445,0.53022355,0.48545107,0.4715085,0.4671024,0.39535138,0.5011773,0.5341115,0.43729204,0.6032575,0.4196032,0.5230782,0.53605896,0.519862,0.52784187,0.5081404,0.4984046,0.44179493,0.55270624,0.49712366,0.50021034,0.4876313,0.47864145,0.54429734,0.44512862,0.5120392,0.50240386,0.49529257,0.53138304,0.48193035,0.58146596,0.45862845,0.52355874,0.5685619,0.52394867,0.51976967,0.5235401,0.57451993,0.5128081,0.57092184,0.50196403,0.4486173,0.46169975,0.4618606,0.5234166,0.54343563,0.49269578,0.48667687,0.48411584,0.4706799,0.5937783,0.5902794,0.45954022,0.44973758,0.45493734,0.51044285,0.5216121,0.5326877,0.52458596,0.5224698,0.5157428,0.48121288,0.49886027,0.5236072,0.47484905,0.5277423,0.46830046,0.44162956,0.48413232,0.42848706,0.44311553,0.4820752,0.5876828,0.48609132,0.586429,0.5692629,0.5734821,0.56432885,0.64414704,0.5274401,0.45413032,0.6377689,0.6108922,0.57537085,0.5913824,0.5362876,0.45700863,0.42621687,0.41441506,0.60722,0.48470896,0.5038636,0.49274957,0.6163377,0.61394924,0.59271985,0.6261438,0.60342145,0.5989481,0.4928209,0.49970478,0.45594782,0.4710601,0.46290678,0.5142098,0.53982127,0.43910852,0.52131474,0.52408385,0.5472744,0.550566,0.53387743,0.5855485,0.54475814,0.5883163,0.48600614,0.5270491,0.4693667,0.5654164,0.6170894,0.49934402,0.46663874,0.4174565,0.4831285,0.44715986,0.55033255,0.4075537,0.5756769,0.40519613,0.51321673,0.5715661,0.47117555,0.58049196,0.51153374,0.53804636,0.55795544,0.54101914,0.45983055,0.4875403,0.5358903,0.5639689,0.5787613,0.6006227,0.61862236,0.5857718,0.50179225,0.5648719,0.6269796,0.52819264,0.5307977,0.4412267,0.48564455,0.52471864,0.4781816,0.4813726,0.532463,0.5404938,0.56599087,0.58667815,0.55902123,0.54835874,0.5381135,0.55799526,0.5260911,0.5250156,0.47846907,0.53541696,0.5473182,0.48456556,0.4721599,0.5050517,0.49751616,0.543789,0.5330999,0.5435234,0.54555786,0.5333741,0.5170106,0.44386357,0.47419134,0.49617076,0.47306848,0.47119465,0.4453205,0.46106604,0.4061147,0.55414426,0.5663074,0.441798,0.6310734,0.46491644,0.5367963,0.5530982,0.5807811,0.50139666,0.4950074,0.48807207,0.46115872,0.53233033,0.51850677,0.4986115,0.48715866,0.47753602,0.54059905,0.44904664,0.49612638,0.5312321,0.5256169,0.5154395,0.48920858,0.5852002,0.46917957,0.50805265,0.595649,0.51933074,0.49898556,0.48679245,0.55875206,0.5346865,0.56802195,0.49499798,0.447543,0.44237933,0.49722055,0.5046094,0.55012935,0.54169333,0.48084503,0.4876389,0.4906646,0.48930383,0.51616204,0.5209403,0.55871075,0.5585232,0.5299012,0.5205938,0.50464547,0.50400317,0.5074147,0.52137697,0.51743585
598,0.47125465,0.54840255,0.54745185,0.5110691,0.5154679,0.5050096,0.50482774,0.5912444,0.5926568,0.48611474,0.47322372,0.48056126,0.5408583,0.5032681,0.49287167,0.5184293,0.49905112,0.5338268,0.49420372,0.47835612,0.513352,0.5153963,0.52754796,0.51214266,0.49488807,0.52163535,0.47207445,0.51202095,0.43345895,0.50200725,0.4708565,0.51586556,0.48416555,0.5414302,0.5199074,0.6059872,0.55737394,0.48298216,0.6192496,0.61358994,0.5903691,0.62857467,0.5586087,0.4946683,0.50650233,0.47702464,0.61973786,0.47026116,0.49389824,0.5009174,0.62682766,0.63634634,0.59077597,0.6201927,0.611268,0.61687994,0.5308659,0.50945276,0.48490578,0.5042991,0.49452314,0.4759937,0.49749953,0.44091338,0.47121844,0.4987921,0.5100711,0.48181576,0.5212686,0.5663495,0.52014023,0.51155365,0.4656595,0.48500198,0.51523226,0.5266207,0.5652771,0.5069523,0.5155211,0.46703345,0.48605514,0.47253895,0.47739193,0.4597237,0.46255445,0.45518777,0.5321353,0.53384835,0.49584743,0.55567914,0.48476505,0.515321,0.53307205,0.5093951,0.4824242,0.51802707,0.48061544,0.45484656,0.6135222,0.61131585,0.6417874,0.57692206,0.556139,0.576029,0.63311374,0.5488537,0.566677,0.486861,0.4973803,0.5337008,0.46589527,0.48638207,0.5890366,0.5518027,0.5840592,0.5915757,0.5664525,0.5188782,0.5000209,0.5471826,0.51129055,0.53030103,0.5187439,0.58444875,0.55346,0.48613006,0.4927532,0.52879983,0.536468,0.53169054,0.542559,0.5602081,0.5212935,0.52159745,0.52028877,0.5046874,0.48940423,0.48682606,0.5379889,0.5267064,0.49908936,0.50002784,0.45406735,0.48418304,0.510595,0.47070807,0.6512401,0.4847787,0.49264088,0.51062083,0.48760918,0.53255445,0.52034533,0.50868547,0.45903403,0.535327,0.5172964,0.4859418,0.48556486,0.5045371,0.51404434,0.4504794,0.52715474,0.49997115,0.4959641,0.52339125,0.5115647,0.59435135,0.46689972,0.49162135,0.5228592,0.52522516,0.5460918,0.55105495,0.5826461,0.5074873,0.54632115,0.52011335,0.4558876,0.4768974,0.46882722,0.5373476,0.55055934,0.502188,0.49696416,0.48735628,0.4764036,0.5982056,0.59970355,0.49155417,0.47282138,0.4563501,0.5125553,0.51063454,0.5178142,0.5261985,0.51232207,0.523702,0.48444808,0.47559807,0.5205439,0.47321346,0.5441274,0.5019473,0.4885038,0.47194484,0.46204898,0.47058487,0.4997474,0.53948486,0.48646522,0.53291434,0.5403367,0.53188777,0.5288233,0.64880615,0.5644492,0.49705604,0.6519894,0.6273244,0.59944284,0.6309819,0.56449246,0.50526327,0.51081455,0.48896435,0.65155786,0.4971536,0.5473737,0.51605815,0.6304482,0.63717705,0.59941155,0.6482716,0.6237238,0.61969864,0.51890814,0.4911746,0.49398562,0.516251,0.47090122,0.48499078,0.49755594,0.44202504,0.50478905,0.518378,0.5131265,0.5170598,0.5198458,0.5440862,0.5152018,0.539261,0.4686122,0.49124363,0.45795524,0.52338386,0.5591778,0.5176943,0.48040217,0.43951318,0.4721609,0.45320618,0.5057133,0.44470778,0.5230744,0.43007183,0.4915118,0.546294,0.46622577,0.55396265,0.49263728,0.5154308,0.54901767,0.51028633,0.46501324,0.5380942,0.50418043,0.5201612,0.5983423,0.61155736,0.63294077,0.59745175,0.5484719,0.58987314,0.6616058,0.54776645,0.55235803,0.4742898,0.49215785,0.5301415,0.46774885,0.4853349,0.57580304,0.56979525,0.603082,0.6265439,0.596902,0.53462595,0.53302467,0.5483333,0.52931285,0.52700514,0.47987694,0.56607693,0.5495712,0.49504402,0.49884152,0.50635767,0.494714,0.52740675,0.5261774,0.52566177,0.5165484,0.52132535,0.51716274,0.4732201,0.49701104,0.5080143,0.4827906,0.4977894,0.47572815,0.48759478,0.45906493,0.5271935,0.5262122,0.46914017,0.6724601,0.5158177,0.49943012,0.5189704,0.53148025,0.5138359,0.5051171,0.49379674,0.48935246,0.5267226,0.55138505,0.48572755,0.48839682,0.48766065,0.5065853,0.4625564,0.5081695,0.528786,0.51893544,0.511607,0.5228685,0.5979694,0.4625526,0.48333701,0.527979,0.5199786,0.528901,0.52624404,0.5733594,0.5220735,0.5313257,0.51684517,0.4451587,0.4496119,0.5030553,0.50971305,0.5441709,0.5416584,0.4753918,0.48275048,0.48960963,0.49040574,0.51394755,0.52011496,0.5497126,0.5523875,0.5302013,0.51964563,0.5142756,0.51375955,0.50780916,0.5195713,0.51648474
599,0.49201038,0.5508779,0.5553549,0.5266533,0.5306688,0.51241523,0.5128847,0.5902284,0.59178364,0.5056376,0.50465846,0.4692306,0.54876894,0.5045355,0.4925129,0.51799315,0.5194328,0.54121584,0.5091456,0.4704395,0.51236767,0.52669394,0.52949965,0.5365518,0.4938643,0.49752572,0.49912748,0.51720834,0.46814573,0.47886294,0.4857072,0.49313378,0.49009094,0.51088274,0.5093153,0.60272866,0.5971364,0.52517927,0.624456,0.6205034,0.5984289,0.6553929,0.5797349,0.5330806,0.5770087,0.5484709,0.6429875,0.4940227,0.5375937,0.5530603,0.6243471,0.64315,0.5910546,0.6258514,0.62382096,0.62944585,0.5354272,0.505344,0.518386,0.537423,0.50127006,0.4732941,0.47001386,0.47326645,0.48960236,0.5109452,0.48209715,0.47353917,0.5130705,0.52640325,0.49863315,0.5026034,0.463851,0.45965454,0.48506594,0.4937354,0.5232034,0.5333823,0.4809878,0.48421413,0.47914904,0.4690345,0.47207865,0.5048159,0.45824814,0.47716618,0.50578696,0.51636326,0.47207168,0.5157952,0.48051402,0.51207525,0.5284312,0.49184972,0.50137615,0.5621781,0.4739175,0.45890063,0.6281096,0.61844015,0.6510828,0.5870612,0.5767798,0.58500344,0.64992464,0.5700136,0.57275903,0.5215934,0.5230423,0.53876454,0.47616282,0.49838743,0.62477696,0.5813871,0.61970854,0.6387506,0.6041149,0.5227621,0.49922967,0.5389143,0.52041423,0.53968954,0.5146615,0.58939666,0.5426686,0.50891703,0.53506285,0.52453154,0.51446,0.5014213,0.53235024,0.53626895,0.5116417,0.5213042,0.52504647,0.5256689,0.51277363,0.52147084,0.53910065,0.5606736,0.52831894,0.53727627,0.5185919,0.47630027,0.49578378,0.5133404,0.6752676,0.54567754,0.46759075,0.48733193,0.47126126,0.5420115,0.5364484,0.5255963,0.49212748,0.52794826,0.54142904,0.49114618,0.4989648,0.5357172,0.48526618,0.46893907,0.5439434,0.50698286,0.50436634,0.51937485,0.53938496,0.5970114,0.48140073,0.47310057,0.48437473,0.5227774,0.5623567,0.5663762,0.57452375,0.5076601,0.5187955,0.5323705,0.47157654,0.4965149,0.49112043,0.5557257,0.5583744,0.5194214,0.5166235,0.50313747,0.4972893,0.5946228,0.59841716,0.5280392,0.50601107,0.45907834,0.52534306,0.5104683,0.50864774,0.5364932,0.5157588,0.5342058,0.50484085,0.47675607,0.52701336,0.48841706,0.5615658,0.53161573,0.5310505,0.45969257,0.49490675,0.49470106,0.51498353,0.49412796,0.5032069,0.4864752,0.523893,0.50589305,0.50239766,0.64020115,0.59610194,0.5392885,0.6520767,0.63211983,0.6153671,0.65436155,0.5851389,0.54887867,0.5859469,0.5604289,0.67307824,0.5205684,0.5886968,0.5442009,0.6278307,0.6428013,0.5962899,0.650503,0.6341864,0.6268848,0.54319423,0.4904936,0.53347623,0.5599225,0.48965484,0.46417692,0.46,0.45706603,0.5112291,0.52901226,0.48058873,0.4918391,0.5059242,0.50557613,0.48354316,0.49895748,0.45333147,0.4602706,0.44805944,0.48707476,0.5003765,0.5379697,0.48607677,0.47127414,0.47160608,0.47345087,0.46667665,0.4859209,0.46937236,0.4587937,0.47827998,0.5283997,0.46242502,0.5187213,0.474387,0.50463325,0.5377943,0.48607558,0.47838128,0.58295745,0.47893053,0.47633663,0.6109627,0.6097207,0.63209873,0.60010785,0.5820074,0.6018688,0.6749069,0.564296,0.56306463,0.5080496,0.5039725,0.5355468,0.4636017,0.49526754,0.6117381,0.5955726,0.6295196,0.649178,0.62321264,0.524178,0.53149146,0.5410451,0.5379864,0.5321228,0.481376,0.5798179,0.5402019,0.5157741,0.5345887,0.50546217,0.48402286,0.50426245,0.52118796,0.51240784,0.49631003,0.5116332,0.52175874,0.5111576,0.5229486,0.52993554,0.48999244,0.52372694,0.51378125,0.52061456,0.5191859,0.5022656,0.4929007,0.50679594,0.6902991,0.56187934,0.4620848,0.49038866,0.4892621,0.5338929,0.5215898,0.5100761,0.5263989,0.5303956,0.58305156,0.4910558,0.5044247,0.50841796,0.47873718,0.48473793,0.52759796,0.530045,0.5177573,0.5076555,0.5519878,0.5988698,0.46408206,0.4632345,0.46367726,0.5198159,0.5506085,0.5547252,0.57129204,0.5121961,0.49739745,0.5325378,0.45021126,0.4704677,0.5127943,0.5172798,0.5381395,0.5396471,0.4787333,0.48518556,0.4929247,0.49602282,0.5166903,0.52158225,0.5429079,0.5476492,0.53058505,0.51934266,0.5259732,0.5257288,0.5141292,0.52157766,0.51967335
600,0.52203375,0.5533923,0.560295,0.54312205,0.5467707,0.52669233,0.52630967,0.581736,0.58156127,0.5235168,0.5350538,0.45777017,0.5562261,0.51242983,0.49633387,0.52325535,0.54074156,0.5503069,0.5325438,0.4797519,0.5211481,0.54165745,0.5389882,0.551226,0.48377383,0.47072476,0.5180597,0.5141559,0.4992653,0.46916765,0.51573056,0.47935987,0.5133617,0.49770725,0.50464654,0.5929354,0.6213301,0.561188,0.61709785,0.61565614,0.5968013,0.6605603,0.58896357,0.5614951,0.62482136,0.6037034,0.64602995,0.5250374,0.5788656,0.5944372,0.60676575,0.63107574,0.58182913,0.61473966,0.62369806,0.6256267,0.5378914,0.5102266,0.54795635,0.56292415,0.51615566,0.48104307,0.4532466,0.5137565,0.5245158,0.538066,0.4628147,0.47778794,0.5094049,0.48954773,0.48397127,0.5132923,0.46575505,0.44627836,0.4587355,0.46297935,0.48685986,0.5563378,0.45185754,0.5100761,0.47657016,0.4774195,0.48018998,0.54252136,0.45921886,0.49443802,0.4830357,0.5084169,0.45645675,0.47706154,0.47853023,0.52008265,0.5246142,0.481036,0.5203332,0.5945838,0.4752449,0.469864,0.62735736,0.6117009,0.63900787,0.5860341,0.581492,0.5787681,0.643374,0.5832215,0.5644945,0.54659903,0.54314256,0.5411692,0.48495534,0.5104115,0.6412333,0.5999687,0.63916713,0.6625675,0.62520975,0.53200114,0.5075543,0.535841,0.5359389,0.5523011,0.50793004,0.5762888,0.52401215,0.5364194,0.57758206,0.5162561,0.4870734,0.47394803,0.52183706,0.51672226,0.5092487,0.5214865,0.53226584,0.54908234,0.53585464,0.5564933,0.5327459,0.58117044,0.5543397,0.56868196,0.5756091,0.47554553,0.48961774,0.55485886,0.6733142,0.59074926,0.4500844,0.47036174,0.4705725,0.5491125,0.5506283,0.5429592,0.5336135,0.52837497,0.56256336,0.5087938,0.5201055,0.5634689,0.4606832,0.4938218,0.5585263,0.5211908,0.51851225,0.5196519,0.55920935,0.5888922,0.49579814,0.46685815,0.45986515,0.51571363,0.5643734,0.5659474,0.55268764,0.51440084,0.49263924,0.53657174,0.48940092,0.5150712,0.5221726,0.57092184,0.5633213,0.53800833,0.5381945,0.52348554,0.52396345,0.5836864,0.5878028,0.5580025,0.5403336,0.46326366,0.54100686,0.51691025,0.50248474,0.5476399,0.52711713,0.5433791,0.53146607,0.49459597,0.5368099,0.51135,0.5753582,0.55067414,0.5592634,0.45107996,0.52185434,0.5124186,0.5226018,0.46027562,0.5303631,0.45398068,0.5241961,0.49745008,0.48731136,0.6198549,0.61512434,0.5705993,0.6376678,0.6242339,0.61863613,0.6581865,0.5918951,0.5771788,0.63561434,0.6119522,0.6706921,0.5454841,0.6176065,0.56909776,0.6102864,0.63055277,0.58420956,0.63383937,0.631765,0.6176999,0.5614899,0.4972834,0.56413305,0.58989197,0.5146021,0.45242494,0.4329732,0.47918144,0.53596807,0.5536374,0.45373037,0.47802868,0.4973636,0.4780883,0.4589013,0.4732573,0.44484097,0.43869334,0.44459936,0.4625927,0.45199692,0.5535489,0.48352686,0.5060473,0.48169392,0.50384855,0.43641707,0.5200362,0.4226723,0.4834421,0.4758981,0.52274716,0.4583651,0.4828604,0.4574775,0.5067168,0.5264353,0.47384506,0.49433967,0.6116969,0.46014112,0.43936205,0.61172867,0.5949526,0.6160891,0.5932394,0.5959002,0.59838265,0.6643773,0.5743679,0.5608267,0.53264016,0.5162654,0.54059875,0.46211627,0.5075032,0.6301036,0.60907423,0.63914645,0.65132177,0.63233197,0.5186084,0.5325992,0.53638434,0.54718566,0.5389412,0.4839323,0.574379,0.5232382,0.53942174,0.57009065,0.5047551,0.46958783,0.48110983,0.5197979,0.50576895,0.48731777,0.5058405,0.52977747,0.5495109,0.5465004,0.5543237,0.49422556,0.54374236,0.5512406,0.55076253,0.5724417,0.48073035,0.46868938,0.5441049,0.68283015,0.59277123,0.4298675,0.47185048,0.45847675,0.5533497,0.53788406,0.52903384,0.563411,0.53844786,0.60453504,0.5077182,0.52746373,0.5318771,0.4599878,0.5095964,0.5480647,0.534785,0.5221345,0.5065532,0.5705419,0.58793825,0.4715871,0.44843155,0.4149276,0.5191844,0.5597483,0.56612015,0.5542556,0.50838053,0.47141173,0.5395758,0.45915467,0.49933866,0.52493834,0.5255968,0.5338908,0.5375807,0.48861405,0.49312145,0.499472,0.5046236,0.5237259,0.52510923,0.53848064,0.5437223,0.53121495,0.5199332,0.5365826,0.53690386,0.5246398,0.5269251,0.5253275
601,0.5510246,0.55088156,0.55752194,0.5539162,0.55736727,0.5403214,0.5386958,0.566882,0.56383437,0.53300166,0.5554601,0.44785443,0.5567189,0.5213603,0.49997962,0.52590567,0.55747724,0.5578346,0.5530197,0.49576327,0.5316586,0.5534007,0.5480039,0.5541126,0.46785435,0.44754496,0.52804977,0.50606513,0.5188644,0.47214884,0.5500785,0.47540432,0.5451563,0.49997735,0.5050358,0.57740784,0.6266093,0.5843432,0.59881556,0.60062927,0.5844061,0.6466233,0.5830703,0.5747953,0.6457731,0.6347814,0.6325515,0.5510898,0.6082047,0.6191104,0.57960886,0.60556877,0.5644799,0.5924858,0.61091816,0.6082139,0.5384917,0.5221106,0.5661686,0.57368046,0.5354571,0.4957222,0.4459067,0.5528357,0.56586987,0.5710737,0.4552577,0.49104545,0.51364046,0.46461722,0.4787908,0.5369048,0.47093105,0.44280735,0.44127798,0.44216815,0.4630644,0.5704946,0.43448365,0.53637666,0.47682127,0.49255016,0.49523562,0.56407535,0.46016282,0.5021271,0.47063324,0.5116854,0.44886008,0.4489653,0.47772422,0.5339893,0.522095,0.47801468,0.53296846,0.6107209,0.48003316,0.4832525,0.6105,0.59215915,0.6109046,0.5742926,0.57118237,0.55949014,0.6176192,0.58534104,0.5454184,0.5548644,0.550931,0.5396934,0.48697183,0.5180966,0.63650066,0.60156834,0.64180255,0.66493726,0.62970155,0.54184467,0.5204968,0.53600603,0.5496571,0.56444675,0.49979874,0.55038,0.5014367,0.5603293,0.6108085,0.50665116,0.46042463,0.45589048,0.51326764,0.5068204,0.51383495,0.5220541,0.540116,0.5699145,0.55566883,0.58499426,0.52061105,0.5867317,0.57288545,0.5860924,0.614751,0.47772977,0.4890996,0.5855008,0.64988947,0.6147575,0.44085124,0.46343395,0.48145074,0.5477049,0.55738163,0.55420065,0.5720598,0.53119445,0.5757809,0.5283584,0.53789705,0.58054435,0.44487447,0.5168955,0.5681366,0.5376785,0.5351474,0.52312064,0.56729877,0.5709031,0.5044802,0.46882072,0.4503955,0.5048152,0.553578,0.5516645,0.5240806,0.5270759,0.47389227,0.53365195,0.50263834,0.52763474,0.5515145,0.5763295,0.56155074,0.5510674,0.5540752,0.5401464,0.54633236,0.56717855,0.5705908,0.573864,0.56643766,0.4685188,0.5510301,0.5239961,0.49699998,0.55241805,0.53906816,0.5485714,0.5526531,0.5163366,0.54435533,0.5315969,0.58025414,0.5567698,0.5694254,0.44925287,0.5401822,0.52312547,0.5208324,0.44502372,0.55855644,0.43888298,0.5406871,0.50381184,0.48488423,0.5914353,0.6182867,0.5850906,0.61179006,0.6060872,0.60848576,0.64481723,0.5832298,0.58593094,0.6562731,0.6352242,0.65028816,0.5626656,0.6297164,0.58307105,0.58380836,0.6060639,0.565232,0.6067203,0.616903,0.59518886,0.57087654,0.5078416,0.5792329,0.5990433,0.5403133,0.44897655,0.41946355,0.502582,0.56961685,0.5847831,0.43789765,0.47761515,0.50037193,0.46778998,0.45024374,0.46409088,0.4468111,0.4294543,0.4511596,0.45449466,0.42271549,0.55936813,0.476525,0.53552866,0.5001731,0.5350029,0.41648176,0.53905135,0.38920113,0.49808192,0.48335463,0.5316414,0.45307836,0.45687044,0.44412646,0.51821434,0.51794577,0.47605824,0.5071153,0.6209545,0.4477162,0.41583085,0.5993394,0.56988305,0.5901009,0.5781431,0.5906276,0.5816127,0.6345016,0.5749031,0.54861796,0.5411308,0.5229529,0.54469717,0.45988533,0.51812834,0.6281237,0.60542595,0.63105834,0.6363564,0.6246937,0.51827025,0.5343025,0.5331724,0.55181134,0.54554534,0.48876953,0.55374515,0.5051613,0.5579368,0.5960149,0.50732213,0.45702016,0.4670792,0.52294344,0.5066406,0.48906785,0.5045085,0.5386086,0.58008415,0.5632329,0.57318586,0.49650043,0.55489373,0.58036906,0.569536,0.60807663,0.46283823,0.45381624,0.5709479,0.6547948,0.60405385,0.4080347,0.4676412,0.4421546,0.56440395,0.5473548,0.54323375,0.5912919,0.5446887,0.61179465,0.52597123,0.5469217,0.5496373,0.4531788,0.530666,0.56297994,0.54264355,0.5323602,0.5096263,0.5761478,0.56756765,0.48150164,0.43854627,0.38784438,0.5187835,0.55571014,0.56080765,0.52935576,0.51372534,0.4573925,0.5382321,0.4673267,0.5271291,0.536944,0.53239554,0.5323717,0.5373379,0.500792,0.5028834,0.5075972,0.51391584,0.5323825,0.52951926,0.53584355,0.5398008,0.5321553,0.5212713,0.54348606,0.5447848,0.5356522,0.53338283,0.53066045
602,0.5700761,0.54163384,0.54528856,0.5549421,0.55834496,0.5470742,0.5439888,0.5489469,0.54274374,0.53043425,0.5614017,0.4419533,0.5467438,0.5268285,0.50044894,0.5209614,0.56517124,0.5610215,0.56145054,0.507631,0.53714603,0.5568523,0.54976565,0.5476857,0.4518911,0.43402007,0.53087336,0.49733678,0.5243567,0.48553762,0.5787556,0.480902,0.57615656,0.51277125,0.51024026,0.5589103,0.61488086,0.5921719,0.5746518,0.5794613,0.56432194,0.61994773,0.5637583,0.5731877,0.6425861,0.640191,0.6088312,0.5629033,0.6196363,0.6243037,0.54986686,0.57439756,0.5430694,0.56652975,0.5894721,0.5824763,0.5382216,0.5367533,0.5704359,0.568027,0.5555568,0.51414835,0.44638956,0.5834032,0.6025584,0.6010071,0.46039015,0.50985265,0.5271971,0.45753503,0.48451757,0.5648248,0.4786808,0.44646502,0.43559146,0.43727872,0.4560665,0.5732883,0.43121046,0.55382913,0.478698,0.5077175,0.510335,0.56786513,0.45899916,0.50106657,0.47195292,0.52477,0.44943178,0.43840474,0.47801965,0.5478746,0.5211729,0.4828655,0.5343396,0.61057657,0.4845305,0.4966244,0.581492,0.56430644,0.57550126,0.55529684,0.5511532,0.53394246,0.58218735,0.57540786,0.5226964,0.5462914,0.5449798,0.5351383,0.4817628,0.52090335,0.61442155,0.58601797,0.62923294,0.6502821,0.6197939,0.5487692,0.53297967,0.5372215,0.55538565,0.5726819,0.49175856,0.52090335,0.47974554,0.5748209,0.62739927,0.49804595,0.44037,0.4512071,0.50896513,0.50935024,0.5231079,0.5228776,0.54660344,0.58349764,0.5688896,0.6010035,0.50590706,0.57954067,0.581112,0.5857157,0.630716,0.47894862,0.4902503,0.59795356,0.6133234,0.61837214,0.44026858,0.4682591,0.49883768,0.5359249,0.5535068,0.55443597,0.5980556,0.53144586,0.57865095,0.53970987,0.54361784,0.5822826,0.44179726,0.53277564,0.5703061,0.5519014,0.5507979,0.5280143,0.5637136,0.5463013,0.50564027,0.47517696,0.45358914,0.4927677,0.5359477,0.52999824,0.49723917,0.54318297,0.46715286,0.52635247,0.5088065,0.53276056,0.570157,0.5695309,0.55111146,0.554215,0.55951774,0.54772174,0.55722207,0.5486113,0.55076355,0.5732988,0.57829434,0.4747675,0.5494921,0.5266585,0.49041274,0.547125,0.5452183,0.54856354,0.56020343,0.53048766,0.54668087,0.5420464,0.5733632,0.5518663,0.5636946,0.4559654,0.54862905,0.5275661,0.51096237,0.45109418,0.5793934,0.44165874,0.56815475,0.5190663,0.49415156,0.5615651,0.6067374,0.582362,0.5811288,0.58247465,0.5877916,0.61941963,0.5622247,0.5772847,0.65122175,0.63008094,0.6199014,0.5663943,0.624671,0.5815324,0.5554515,0.5765796,0.54327357,0.57858884,0.59355646,0.5661701,0.5710265,0.51801634,0.5776676,0.5872452,0.5623997,0.45350495,0.41986808,0.52302873,0.60242707,0.61334735,0.4373787,0.490478,0.51774096,0.47646236,0.46200317,0.47082806,0.45953432,0.43314186,0.4678344,0.4636721,0.4157983,0.5541872,0.46994644,0.55288523,0.52205825,0.5577786,0.40794387,0.5412887,0.37245438,0.5020648,0.49777406,0.5526482,0.44763216,0.44746488,0.43720505,0.5336238,0.5142248,0.49138474,0.5123414,0.61263007,0.4418951,0.41011944,0.5767315,0.5398886,0.5612488,0.55795985,0.5714255,0.5575213,0.59448695,0.5649516,0.53233474,0.5330893,0.52080524,0.5469164,0.4563753,0.5253312,0.60895985,0.585425,0.60807645,0.6104862,0.6041339,0.522524,0.5349632,0.53056175,0.54914975,0.54998964,0.4961964,0.52609974,0.49174622,0.56604683,0.60561454,0.5143098,0.45073172,0.4677037,0.53007483,0.51477164,0.4986887,0.50706613,0.5455897,0.59749633,0.57085466,0.5808391,0.49807483,0.55683595,0.595717,0.57173544,0.62088776,0.44895124,0.44696525,0.580083,0.6148332,0.59713614,0.4008257,0.4791797,0.4416074,0.56281644,0.5459252,0.547509,0.60415286,0.54493433,0.604832,0.5366989,0.554118,0.55503994,0.45840976,0.5432767,0.5673781,0.5527609,0.5477097,0.5159397,0.5700672,0.54208976,0.4902891,0.43415287,0.38301733,0.51926833,0.5418585,0.5441957,0.5057442,0.5282461,0.45678574,0.5307946,0.47305283,0.5467513,0.5466817,0.53620493,0.5337384,0.53991616,0.5121524,0.5117213,0.5156765,0.5219944,0.5396559,0.53345895,0.5346043,0.53583395,0.5332508,0.5230675,0.5460192,0.548468,0.543782,0.53847516,0.5335743
603,0.57621104,0.52754617,0.5258479,0.5463178,0.54955083,0.5447343,0.5395116,0.53193545,0.5231052,0.5165988,0.55356795,0.44242468,0.5269103,0.5267457,0.4968489,0.5079149,0.5607681,0.5586681,0.55410206,0.50904036,0.5341712,0.55051976,0.5429004,0.537534,0.44190434,0.4335785,0.5297739,0.49180022,0.51900107,0.5060116,0.5966126,0.49494535,0.60002935,0.5299334,0.51972294,0.5414978,0.59241533,0.58741516,0.5513749,0.5575415,0.5428619,0.58915144,0.5367105,0.56188387,0.62191623,0.62385535,0.5818026,0.55690044,0.6116547,0.6107858,0.5234516,0.54470915,0.5226298,0.54294693,0.56575745,0.5545123,0.5394068,0.5505241,0.563808,0.55063075,0.5736349,0.53489226,0.45424145,0.6034409,0.6277528,0.62235236,0.47727388,0.5315937,0.54912657,0.46910045,0.5009482,0.5902731,0.4893186,0.4548376,0.4419661,0.45001486,0.4655682,0.5659856,0.44108316,0.5578026,0.48176667,0.51861453,0.52177715,0.5586165,0.45747992,0.49643525,0.4870596,0.54423565,0.45836693,0.44721556,0.4807279,0.5579485,0.52182305,0.49504238,0.5233136,0.59808886,0.4876938,0.51066923,0.54770887,0.5350431,0.5420656,0.53480244,0.5293427,0.510559,0.54860073,0.55653757,0.5035675,0.52691996,0.5297173,0.5294653,0.4734205,0.52154076,0.58265215,0.55884373,0.60528153,0.62427837,0.59883887,0.55152345,0.5419577,0.53845704,0.55196947,0.5753321,0.4859201,0.49693325,0.46362293,0.5785711,0.6256314,0.49255848,0.430899,0.46032467,0.51043886,0.5238758,0.5339657,0.5240704,0.5505524,0.5875357,0.57397205,0.6019373,0.49207303,0.56438744,0.579334,0.56903076,0.62438476,0.47728944,0.49050406,0.5897036,0.5742498,0.6068888,0.44870642,0.48416087,0.51855916,0.51635885,0.5398533,0.5432069,0.60855275,0.5265275,0.5710942,0.5369033,0.53476095,0.56858826,0.45231307,0.5408807,0.56424844,0.5614867,0.5631726,0.53264207,0.552612,0.52039135,0.50135446,0.48339692,0.4659791,0.48309186,0.519023,0.5091151,0.47888613,0.55998755,0.473397,0.5182165,0.5102586,0.53301585,0.575197,0.55211085,0.533499,0.5472502,0.5539967,0.5450079,0.55479616,0.5317742,0.53263795,0.55826765,0.5743971,0.48241988,0.53494716,0.5226848,0.48196396,0.5317994,0.5410355,0.54348993,0.55113506,0.5307147,0.54273856,0.5402733,0.55563873,0.5411231,0.54786646,0.4713967,0.5480395,0.52772164,0.4965053,0.47602934,0.58921874,0.46015736,0.59922737,0.53637123,0.51156825,0.5370266,0.58546036,0.567013,0.55376095,0.5589128,0.5625561,0.58891255,0.53499,0.5578279,0.62672764,0.60127497,0.587319,0.5549525,0.6045221,0.56375825,0.5307388,0.5483723,0.52297944,0.5557495,0.5680459,0.5380151,0.5650712,0.5257453,0.56326044,0.560598,0.57888365,0.46626773,0.4328337,0.53916705,0.62723637,0.63279843,0.4530205,0.51401824,0.54737186,0.50109947,0.4931273,0.49055144,0.48116755,0.44799128,0.49234167,0.4867223,0.42937964,0.5404308,0.46774313,0.5555576,0.5419858,0.5680082,0.41096205,0.53128713,0.3730084,0.4998371,0.5163789,0.5794749,0.44534123,0.45559722,0.43865916,0.5477729,0.51526093,0.5156747,0.5082723,0.5918607,0.44250733,0.42330799,0.54990226,0.5116004,0.53631485,0.5378404,0.54667896,0.5337495,0.5553967,0.5470832,0.51806283,0.5142656,0.51134765,0.5466889,0.4541482,0.53005195,0.5795402,0.55507636,0.5756816,0.58033454,0.57547826,0.5299612,0.5344945,0.52904403,0.5400413,0.5509591,0.50634754,0.5005257,0.48631963,0.56284887,0.5972113,0.525001,0.45315287,0.48343974,0.5397264,0.5286301,0.51214397,0.5124087,0.5493205,0.6001334,0.56947833,0.57493395,0.4999563,0.5514554,0.5957947,0.5572453,0.6112782,0.43961996,0.44600877,0.56888455,0.57310706,0.57775843,0.41014993,0.5039103,0.45535251,0.5488458,0.5338527,0.54044986,0.60111743,0.53785425,0.5860334,0.53413075,0.54592085,0.54580826,0.47267848,0.546334,0.55989444,0.56337994,0.56561553,0.5233778,0.5566558,0.5172068,0.49627373,0.4367598,0.3978207,0.5209881,0.52468437,0.5242071,0.49057657,0.54908264,0.467762,0.5207839,0.4786792,0.5565462,0.55309635,0.53706574,0.53719187,0.544832,0.52203184,0.5191883,0.5227946,0.5282878,0.5439062,0.5363453,0.5347432,0.53251743,0.5344713,0.5252597,0.54562783,0.54886657,0.54780143,0.5410804,0.5338228
604,0.57185036,0.51239544,0.5041323,0.5315516,0.5342201,0.5349318,0.5268706,0.51860595,0.50836194,0.49623603,0.53649336,0.45087817,0.50122803,0.52121115,0.48984647,0.48923674,0.54381514,0.5516131,0.5327274,0.49920726,0.5226494,0.5363701,0.53063077,0.5295202,0.4425616,0.4465953,0.52846164,0.49216488,0.5087145,0.529373,0.60277575,0.51543623,0.6139405,0.5455907,0.53208864,0.5284255,0.5677887,0.5762217,0.53480315,0.53988093,0.5267585,0.56307024,0.50952905,0.54865456,0.5930352,0.5932515,0.55785704,0.5348205,0.58664715,0.58274126,0.5039932,0.52159774,0.5068367,0.525662,0.54593974,0.5299378,0.5447927,0.5613938,0.5526761,0.530111,0.5876852,0.5569526,0.4690717,0.61451656,0.6396336,0.6334,0.5031969,0.5537657,0.5767375,0.49562582,0.52593577,0.6090991,0.503952,0.46590373,0.45919764,0.47804624,0.48721224,0.552569,0.46189025,0.54933697,0.4865888,0.52421445,0.5288414,0.54407364,0.4583442,0.49426585,0.5139373,0.56618816,0.4744866,0.4725908,0.48723194,0.5627152,0.5236856,0.51311195,0.50278556,0.57961154,0.4902819,0.52678525,0.5173644,0.5109554,0.5179344,0.51861435,0.5133455,0.49567333,0.52626544,0.5348864,0.49293163,0.5056889,0.51279414,0.5245731,0.4673115,0.5231753,0.5507117,0.52905905,0.575905,0.5939059,0.57135516,0.5504106,0.5465723,0.53959626,0.54221016,0.5726244,0.48511025,0.48399696,0.45656905,0.5735711,0.608816,0.49227995,0.4339398,0.48116755,0.5179843,0.54762816,0.5436502,0.52604604,0.55176735,0.5824327,0.57208395,0.5890849,0.4823108,0.5475919,0.570978,0.54161793,0.60135984,0.4727569,0.4888915,0.5632181,0.5430555,0.5885332,0.46556365,0.5087205,0.5372371,0.49385494,0.5208412,0.5244462,0.60534596,0.51665294,0.55518687,0.51943713,0.5145157,0.5439297,0.4740552,0.5434419,0.5518125,0.56589055,0.5714128,0.5356728,0.5404852,0.49833727,0.49583742,0.49200162,0.48363236,0.47899047,0.50881755,0.49549502,0.4723309,0.5759247,0.490186,0.51281726,0.5112272,0.5327967,0.56932896,0.52854496,0.5129752,0.53342235,0.54049236,0.534305,0.54199374,0.51905745,0.5193175,0.5341755,0.55735636,0.4925846,0.51044315,0.5126015,0.47187644,0.5093296,0.5246233,0.53508455,0.5275259,0.5161476,0.53313726,0.5278095,0.5317488,0.5305272,0.52963215,0.49474213,0.5417133,0.5269177,0.4816527,0.5132153,0.5885373,0.48945782,0.6272967,0.54980296,0.53202343,0.5216295,0.56171536,0.5465922,0.5358617,0.5399894,0.5399089,0.56100506,0.5087748,0.53633153,0.5915233,0.55702555,0.5591124,0.5304108,0.5736025,0.5326395,0.5127125,0.52592164,0.50766754,0.5409604,0.54674035,0.51630896,0.558305,0.53085935,0.5428681,0.5291475,0.58960307,0.48653734,0.4556173,0.55146503,0.6402655,0.6408057,0.48169088,0.5435946,0.5838611,0.5353309,0.53835166,0.5179466,0.5094161,0.4708455,0.522507,0.5174665,0.4579174,0.5227694,0.47295436,0.54570615,0.556865,0.56653136,0.4240252,0.5169911,0.38872385,0.49812344,0.5369726,0.60529447,0.44948792,0.47801137,0.4486532,0.5571658,0.51970845,0.5436294,0.496146,0.565601,0.4483536,0.45293662,0.5257104,0.49054855,0.5202206,0.5232493,0.52538645,0.51671356,0.52654296,0.5264001,0.5101568,0.49364173,0.499369,0.54431903,0.45657128,0.53423303,0.54885656,0.5234861,0.5409803,0.55174816,0.5436141,0.53844464,0.5337778,0.52959603,0.52771264,0.5482033,0.5200419,0.4837933,0.4899628,0.55067134,0.57411814,0.53844553,0.46549103,0.51158005,0.55039287,0.5455931,0.52550644,0.51934457,0.5498194,0.58980036,0.5614294,0.55649555,0.5037081,0.5426498,0.58341956,0.53069645,0.5840173,0.43503714,0.4485875,0.53975344,0.5388297,0.55418754,0.43490115,0.53636384,0.4788016,0.5263181,0.5152346,0.5245816,0.5850615,0.5250392,0.5597828,0.5172962,0.52498287,0.52465075,0.4914565,0.5417402,0.5430124,0.5721996,0.5824707,0.52992207,0.5420287,0.49821043,0.500298,0.44717264,0.42738268,0.5239999,0.511115,0.5081118,0.48715815,0.5724632,0.48604277,0.5119945,0.48781437,0.5587378,0.5559206,0.5359406,0.5412061,0.55057794,0.53115195,0.5261607,0.5289787,0.5334261,0.5450786,0.5384005,0.5361461,0.5304717,0.536019,0.52792,0.5448397,0.54806083,0.54839456,0.5415423,0.5325113
605,0.5620789,0.5000765,0.48536748,0.51570374,0.5173908,0.5216197,0.51075315,0.5099248,0.4998794,0.47626057,0.5170249,0.46773884,0.47543675,0.5116095,0.48076433,0.4686544,0.51735073,0.5425961,0.50303113,0.4814709,0.50527865,0.51886386,0.5181381,0.5275425,0.4561152,0.47058508,0.5297685,0.49982488,0.4990053,0.55104494,0.598444,0.5386156,0.61704415,0.5554152,0.54502165,0.5210626,0.548985,0.5655047,0.52789336,0.52958083,0.52040523,0.54813653,0.48938176,0.54087335,0.56615037,0.55806977,0.5417637,0.5025174,0.55035335,0.5476786,0.49272943,0.5075748,0.4972301,0.5166159,0.5340094,0.5131558,0.5560999,0.5690172,0.54367983,0.5152362,0.5964245,0.578326,0.48928788,0.61901116,0.63937193,0.63519096,0.53395677,0.57353187,0.60605836,0.530573,0.55538654,0.61955816,0.52302545,0.47838882,0.48489338,0.5158001,0.514563,0.5385764,0.49086568,0.53370327,0.49427617,0.5263824,0.53288156,0.5321301,0.4634816,0.49860096,0.5485445,0.58703643,0.49491444,0.50798404,0.49780816,0.5625303,0.52628493,0.53434825,0.47875455,0.5620188,0.49355426,0.5448243,0.49701363,0.4963035,0.50693554,0.5104577,0.5077943,0.49169058,0.519856,0.51735735,0.4927652,0.4909365,0.5018559,0.52171034,0.46711072,0.5272559,0.5276647,0.50605404,0.54868126,0.5669834,0.54326445,0.5465424,0.54708374,0.540837,0.5302765,0.56630486,0.4917815,0.48346618,0.4601926,0.5629802,0.58338815,0.4986153,0.44931343,0.50981814,0.5305029,0.5761357,0.5506401,0.529244,0.550813,0.57102996,0.5668548,0.5672192,0.4793922,0.5354679,0.56099087,0.51109403,0.5702426,0.4670764,0.48572823,0.5253845,0.52708846,0.5725261,0.4885891,0.53802955,0.55208296,0.47321716,0.502405,0.5042691,0.59236485,0.5044343,0.53517514,0.4914929,0.4892701,0.5154415,0.50210756,0.5430133,0.5370363,0.56552213,0.5758148,0.53617483,0.5336337,0.48354527,0.49332175,0.50025284,0.50303274,0.48232523,0.50824666,0.49215174,0.47769517,0.5902503,0.5129466,0.5129096,0.51498544,0.5357009,0.55810815,0.5051087,0.49459243,0.517795,0.52415365,0.520116,0.5246892,0.5112891,0.5120746,0.50893795,0.5333637,0.5067995,0.4821912,0.4984608,0.4609883,0.48443544,0.49770743,0.52654165,0.49559584,0.4904352,0.5205588,0.50922835,0.50872993,0.52471703,0.516779,0.52413553,0.53421575,0.528882,0.47004592,0.5534607,0.57957786,0.5222974,0.64754164,0.5556784,0.55011225,0.51561207,0.54261905,0.5289865,0.52989006,0.52839255,0.5255891,0.54240686,0.49020565,0.5213455,0.5561994,0.5084245,0.5401814,0.49841705,0.53853846,0.49454263,0.5023252,0.51186097,0.49866083,0.5348008,0.5341005,0.5043202,0.55588174,0.5341178,0.5242306,0.5034201,0.5948707,0.51150507,0.48419368,0.56044716,0.6405026,0.63848495,0.5172737,0.5734436,0.6204489,0.57162684,0.58920074,0.54633653,0.5414228,0.49821183,0.5562385,0.5491195,0.49365214,0.5070558,0.4873173,0.52931315,0.56648374,0.5578019,0.4441849,0.5064757,0.41533774,0.50262225,0.55772823,0.625152,0.46140406,0.5088131,0.4656096,0.5607982,0.5258526,0.570136,0.47999457,0.5413153,0.4577074,0.49311098,0.5100042,0.4799576,0.51510286,0.5177686,0.5141347,0.50971836,0.5131012,0.50884515,0.5106509,0.4798026,0.49057066,0.5410382,0.4655247,0.5390799,0.5258436,0.4998179,0.5117623,0.5296431,0.5137887,0.54550475,0.53365034,0.5325923,0.51586497,0.54264647,0.5380446,0.47901267,0.50219446,0.5333156,0.54319024,0.5538803,0.48761132,0.5473109,0.56069696,0.56234276,0.5362111,0.5267896,0.54805356,0.57147986,0.55095434,0.52993464,0.51150066,0.53558034,0.5647096,0.4997318,0.54738545,0.4352531,0.4528075,0.499877,0.51855594,0.53521633,0.47075018,0.569762,0.5053433,0.50117785,0.4959834,0.5050759,0.560953,0.5105482,0.53244245,0.4899532,0.4979108,0.4978683,0.5100195,0.53280765,0.52199274,0.5771286,0.595119,0.5341815,0.53228384,0.48859218,0.50458515,0.46458715,0.4650813,0.5280746,0.5060212,0.500345,0.49539578,0.5945411,0.50651145,0.5076159,0.50231683,0.55659974,0.5553677,0.5340269,0.5442698,0.5555734,0.54028714,0.533475,0.5348677,0.53845423,0.5440612,0.54014206,0.53841895,0.5298132,0.5381016,0.5310527,0.5460859,0.5484625,0.5470816,0.54090464,0.5310504
606,0.5520179,0.49341422,0.47293842,0.5033819,0.50397086,0.50916857,0.49661005,0.5052093,0.49691048,0.46304452,0.5021536,0.4915116,0.45486072,0.49998403,0.47111866,0.44983464,0.48751023,0.5351205,0.47230345,0.4612288,0.4866177,0.50323564,0.5100571,0.5322383,0.48151138,0.50051284,0.5347695,0.51429296,0.49349108,0.56669307,0.5852967,0.5601044,0.60929394,0.55708736,0.5557025,0.51867914,0.54077876,0.5606876,0.5301096,0.5269083,0.5243425,0.5465955,0.48092636,0.5432397,0.5496703,0.52797544,0.53580064,0.46821618,0.51119524,0.5151034,0.48868072,0.5025787,0.49317372,0.5158261,0.5308704,0.5067086,0.5729145,0.5742629,0.54152703,0.5117475,0.59950054,0.59639746,0.5116956,0.6189751,0.6296001,0.63020325,0.5642641,0.58808935,0.63262415,0.56613094,0.58400255,0.62171024,0.5450841,0.49139974,0.51475745,0.5555628,0.5408071,0.52964604,0.52393055,0.5178281,0.5050943,0.5284445,0.5360752,0.5289943,0.47369683,0.51078683,0.5845954,0.60348636,0.5159174,0.5445294,0.51170146,0.558943,0.5290896,0.5550566,0.4581076,0.55072695,0.49830702,0.5629236,0.48962438,0.49202165,0.5087808,0.51061356,0.51308995,0.4969146,0.5288179,0.5089382,0.5019595,0.48807436,0.50208753,0.52124983,0.47406346,0.53363127,0.5195838,0.49624443,0.53079003,0.55038553,0.52100587,0.5413258,0.54396814,0.54218924,0.51946646,0.558698,0.5061236,0.49306944,0.47339636,0.5495893,0.5566281,0.51103014,0.47410884,0.54063576,0.5453597,0.6034438,0.5546786,0.53371507,0.5486261,0.55785567,0.56292415,0.54341155,0.48486406,0.5326688,0.55392164,0.48461062,0.5404657,0.46294296,0.4819787,0.48579693,0.52892005,0.5666417,0.51396316,0.5666761,0.5608077,0.4577811,0.48956755,0.48812672,0.57387733,0.49371582,0.5168694,0.46009618,0.46598986,0.49020526,0.52997714,0.54127544,0.5244787,0.56120485,0.5773588,0.5339511,0.5359131,0.47668657,0.49662018,0.5074727,0.5215799,0.49263433,0.5165487,0.49818102,0.4922104,0.60176456,0.53620803,0.5194887,0.5229954,0.54351115,0.54718906,0.48821285,0.48194787,0.50534946,0.5105968,0.50759125,0.5092904,0.50794464,0.51017267,0.49067125,0.5104344,0.52590114,0.45706007,0.48277247,0.45039728,0.46217278,0.4656171,0.5213725,0.46356001,0.4604366,0.5094208,0.490862,0.49344626,0.52543217,0.5151795,0.55626005,0.52953476,0.5362794,0.46373042,0.58718884,0.5643444,0.5510244,0.6565466,0.55287087,0.5613271,0.5163529,0.5326868,0.520031,0.53434014,0.5243204,0.5220266,0.5367038,0.4835971,0.5189027,0.5305652,0.46669748,0.53300864,0.4667451,0.50691754,0.4578046,0.49875167,0.5067938,0.49528357,0.53649676,0.5314806,0.50294846,0.56083333,0.5366486,0.5136703,0.4909654,0.5953917,0.5370613,0.51363295,0.56653005,0.628768,0.62867963,0.5526151,0.5978664,0.6509029,0.60319597,0.63598514,0.569517,0.5732014,0.5264324,0.5901674,0.57581383,0.52818376,0.4987161,0.5101715,0.5139746,0.5721367,0.5481402,0.46756077,0.50565135,0.44731688,0.516321,0.5770098,0.63619876,0.48058224,0.5408945,0.4870587,0.5599046,0.532092,0.5911543,0.46517253,0.5251493,0.46874416,0.53538877,0.5058256,0.48009798,0.51980764,0.5214368,0.515122,0.5122196,0.5154372,0.49912417,0.5188841,0.47831815,0.48953906,0.5383809,0.4808119,0.5448648,0.5166908,0.49000517,0.4943498,0.517484,0.49112463,0.54903495,0.53419,0.53732693,0.5069673,0.5358499,0.5595235,0.48537365,0.5208404,0.5145724,0.5121827,0.5698829,0.5170574,0.5840419,0.56913674,0.57543653,0.5433141,0.533808,0.54522777,0.55236924,0.5431021,0.50208396,0.52485746,0.53501874,0.5469344,0.47207052,0.5113943,0.4402004,0.4572519,0.4592882,0.51485217,0.52769643,0.51073474,0.59747446,0.52810186,0.47949508,0.48135632,0.48747385,0.5342069,0.49950564,0.5110424,0.4590259,0.47248366,0.47271007,0.52407825,0.5226228,0.5027954,0.5769492,0.6016931,0.53569674,0.531464,0.4889692,0.510989,0.48677832,0.5033757,0.5327019,0.51051956,0.5015583,0.512387,0.6113492,0.52454823,0.50936234,0.52165914,0.5533539,0.5524085,0.5325797,0.5454349,0.5587342,0.5497217,0.5413882,0.5411754,0.5441403,0.54196364,0.5418852,0.5408594,0.53012353,0.5407326,0.53446174,0.550785,0.55189145,0.5452817,0.540097,0.5304035
607,0.54525256,0.49391943,0.4675245,0.4974228,0.49734944,0.5011314,0.48872137,0.5026602,0.4971542,0.46028927,0.4968649,0.51879233,0.44302344,0.48804528,0.46160716,0.43600386,0.46177417,0.53204125,0.4473749,0.4443081,0.4719477,0.4937584,0.5091128,0.5408518,0.5143232,0.5299634,0.54232776,0.5329025,0.4929963,0.5726909,0.56510955,0.57585794,0.5911201,0.54990095,0.56089526,0.5185529,0.543325,0.5639651,0.5376292,0.5294277,0.53519756,0.55585086,0.4851665,0.5563871,0.5473304,0.509272,0.5391225,0.44020635,0.47827137,0.4931415,0.48926467,0.50445217,0.4923697,0.52141887,0.53435326,0.51071113,0.5925957,0.57860655,0.54769784,0.5206955,0.59744745,0.6087382,0.53228647,0.6158929,0.6136749,0.62161434,0.5886288,0.5953634,0.65240717,0.5950818,0.6065242,0.61670566,0.5666308,0.50419647,0.54326385,0.58974904,0.5604884,0.52978283,0.55587584,0.5077507,0.5180222,0.53362566,0.5401931,0.5376028,0.488695,0.529529,0.61484885,0.6128657,0.5337617,0.57361245,0.5273365,0.55414087,0.5314822,0.57154715,0.44612622,0.5481446,0.50431776,0.57828444,0.4938111,0.49580935,0.5194554,0.5160364,0.52556044,0.50654966,0.5480165,0.5107837,0.51665133,0.49855068,0.51477844,0.52277124,0.4873744,0.5411662,0.5275382,0.50085855,0.52608705,0.5475107,0.50933224,0.53606206,0.53768975,0.54330206,0.5114061,0.5518713,0.52529174,0.5075643,0.49216074,0.53542817,0.53440255,0.52652663,0.5026547,0.56700474,0.55896443,0.62325156,0.556318,0.5388621,0.5461386,0.5477826,0.5640621,0.52478164,0.4981651,0.54089946,0.5523813,0.46655834,0.5192187,0.46259218,0.47843635,0.45362186,0.54582924,0.57449937,0.5369767,0.588621,0.5616689,0.44914705,0.48488638,0.47926182,0.5536577,0.48828185,0.5059127,0.43297574,0.45037746,0.47311944,0.5507707,0.53862685,0.51755166,0.5540653,0.5770586,0.5297623,0.547457,0.4756256,0.5067579,0.51259476,0.5376846,0.50712067,0.52961963,0.50932276,0.5106373,0.6083738,0.5547472,0.5312669,0.53489095,0.5558124,0.5405058,0.48251343,0.47605547,0.49949613,0.5041388,0.50105023,0.5007183,0.5073935,0.5110818,0.48481485,0.4957865,0.5490455,0.44028553,0.4674741,0.44067627,0.4466448,0.4358029,0.522009,0.43899444,0.43427497,0.50428754,0.47880095,0.49006417,0.53103834,0.5270796,0.5869674,0.529564,0.5496492,0.46260005,0.6070042,0.544249,0.5697664,0.65204453,0.54230297,0.5625327,0.51932985,0.5323505,0.5217398,0.5441372,0.5254611,0.5275969,0.5428406,0.48972276,0.5307774,0.5201212,0.43931383,0.53650105,0.44276968,0.48474112,0.4298704,0.4995727,0.5089761,0.495203,0.5437951,0.5367319,0.5106471,0.5728782,0.5396585,0.5139945,0.4943737,0.592193,0.5594045,0.53953576,0.5703093,0.6075931,0.61519015,0.58178246,0.61267567,0.671073,0.62547684,0.6708765,0.5836116,0.6004715,0.5522703,0.6202065,0.59429955,0.5549074,0.5010202,0.5384106,0.5063716,0.57581675,0.5437546,0.49018532,0.51679385,0.47901213,0.53880286,0.5936444,0.6374787,0.5046283,0.56763506,0.51043713,0.55735046,0.53707755,0.6044273,0.45644885,0.52007926,0.47989088,0.571407,0.51220113,0.48822916,0.5302027,0.53061557,0.5257505,0.52013135,0.52928746,0.49884647,0.53147125,0.49063596,0.4982614,0.5373742,0.50064033,0.55106485,0.5226953,0.4949773,0.49120876,0.5160907,0.47901246,0.5480017,0.5345502,0.54224026,0.5018436,0.5294536,0.58162373,0.49836612,0.5419071,0.49739262,0.48708177,0.5841697,0.5489178,0.6147641,0.57426035,0.58214223,0.5472299,0.5397137,0.5423489,0.5397608,0.5420073,0.47994998,0.543487,0.54351145,0.5360552,0.45270082,0.48457032,0.44936937,0.46083778,0.4274444,0.5254257,0.53432703,0.5473105,0.6146043,0.54193383,0.4654658,0.47440138,0.47593173,0.5093432,0.49614093,0.50072515,0.43236718,0.45506865,0.45501992,0.5301895,0.51314574,0.49005297,0.57167584,0.6017316,0.5349818,0.5399801,0.49669367,0.52060246,0.51046586,0.5358541,0.53724104,0.52142686,0.50871414,0.532893,0.6193796,0.53703576,0.5167544,0.54359233,0.55147386,0.5487772,0.53273916,0.54457533,0.559699,0.55935943,0.54973245,0.5482358,0.5506016,0.53967845,0.5435452,0.5425868,0.530656,0.54363054,0.5376785,0.55898935,0.55890733,0.54380727,0.5395842,0.53084433
608,0.54337245,0.5016913,0.46751204,0.49857184,0.49893013,0.4998384,0.48936948,0.5003173,0.49790654,0.46854216,0.5031314,0.5452938,0.44137904,0.4762216,0.45127052,0.4298476,0.44655624,0.53467894,0.4334051,0.4356644,0.4658333,0.49283776,0.5156782,0.5485483,0.5478053,0.55287904,0.54910827,0.55127996,0.4955208,0.56657666,0.5402276,0.58199054,0.5636432,0.53429586,0.5569487,0.516835,0.5524825,0.57359433,0.5444755,0.53320575,0.5470503,0.56922495,0.4995235,0.5766895,0.55706954,0.5034254,0.5479625,0.42474413,0.45862725,0.48585257,0.49136615,0.5096876,0.49206835,0.52992004,0.5402564,0.52282405,0.61103773,0.58352,0.55995905,0.538405,0.591082,0.61308753,0.5477296,0.6100257,0.59489244,0.61280185,0.6025959,0.5943322,0.66199267,0.61232084,0.61865354,0.60629326,0.5830033,0.5167834,0.56572974,0.61295855,0.57095736,0.5403582,0.5819152,0.5074438,0.53163224,0.5442288,0.5462302,0.55647177,0.5069437,0.5506628,0.63324404,0.6136812,0.5451383,0.58914673,0.54215765,0.5506758,0.53294843,0.5810231,0.44543782,0.55336386,0.51061624,0.587855,0.5047608,0.5035059,0.53257376,0.5220038,0.5390282,0.5146857,0.5692411,0.5203619,0.53167444,0.5196959,0.5369761,0.5254549,0.5045413,0.54766256,0.5471713,0.5159572,0.5337434,0.556974,0.5097357,0.5317669,0.5290174,0.5436616,0.506462,0.54742944,0.544514,0.52030444,0.51084894,0.5221422,0.52012575,0.540568,0.5280574,0.58301526,0.5679514,0.63060576,0.5565084,0.5435977,0.54412276,0.5445329,0.5718605,0.516216,0.5164495,0.55822,0.5560592,0.45773444,0.50933695,0.4669547,0.4756878,0.43511328,0.5706581,0.5940728,0.5531691,0.5987575,0.5538973,0.4474269,0.48815474,0.4788894,0.53499067,0.49058378,0.5056035,0.4165474,0.4457167,0.4662183,0.55840546,0.5343076,0.517689,0.5455745,0.57548475,0.5249164,0.56484497,0.47682658,0.5229615,0.5147172,0.55098456,0.5218378,0.5416417,0.51964283,0.5267134,0.60771865,0.56473774,0.5450666,0.5483513,0.56954557,0.5396418,0.48946226,0.47570023,0.5014074,0.50656265,0.50282884,0.5014294,0.50754344,0.5114995,0.49242324,0.49387378,0.57341665,0.4345147,0.4533697,0.43141967,0.4403352,0.41537276,0.52890956,0.42699182,0.41885003,0.5077571,0.4767738,0.49878737,0.53755575,0.55009294,0.61221313,0.53346884,0.5668776,0.46517888,0.60908383,0.5210684,0.57511467,0.6330989,0.52627456,0.5517894,0.5195576,0.5381229,0.5318393,0.5519891,0.52791643,0.53739965,0.5553744,0.5056628,0.55379975,0.5243795,0.42872208,0.5458424,0.4313691,0.4746583,0.4154261,0.5014679,0.5145635,0.49548468,0.55281335,0.5450245,0.5238435,0.58836097,0.544096,0.5236614,0.51106125,0.5855602,0.57574177,0.5594811,0.5718299,0.5813484,0.60258585,0.6011402,0.6158579,0.67879397,0.6365144,0.6891994,0.58774835,0.6197869,0.57389843,0.64305335,0.60469425,0.570855,0.51440644,0.5674586,0.5105881,0.57999885,0.5489199,0.50916404,0.5377567,0.5057439,0.56575435,0.6071183,0.62978756,0.5286027,0.58406353,0.53304034,0.5569143,0.53990084,0.6095255,0.45693678,0.5252793,0.49041313,0.5955723,0.52464044,0.49978605,0.54053205,0.53963906,0.5397956,0.5274451,0.5469932,0.5062733,0.5435019,0.51398844,0.5155862,0.5382145,0.5221184,0.55613303,0.539848,0.51108867,0.50050795,0.52319866,0.47815827,0.5428078,0.53348297,0.54557216,0.5003598,0.5249931,0.60036296,0.5112084,0.5603933,0.48384726,0.47112146,0.59420455,0.5770145,0.63374573,0.57510656,0.5811226,0.54931545,0.54416275,0.54020625,0.538563,0.54943067,0.4684476,0.5649179,0.5601481,0.5348126,0.44308075,0.47152886,0.4619213,0.46333787,0.41068462,0.5438131,0.5528539,0.5746509,0.61877155,0.5446969,0.46045557,0.47568858,0.47257632,0.48966718,0.50198764,0.5027466,0.41654283,0.4490277,0.44811592,0.5261103,0.5052645,0.4860965,0.5624635,0.5957543,0.533023,0.5544621,0.5069591,0.5341258,0.5317554,0.5592673,0.5411234,0.5326437,0.5164052,0.5505801,0.616482,0.5429597,0.5272662,0.56461173,0.5515517,0.54611576,0.53504616,0.54236484,0.55875385,0.56879294,0.5580423,0.55562896,0.5571291,0.53776824,0.544711,0.5428616,0.53069067,0.5461675,0.5400372,0.5694616,0.56855863,0.5427868,0.53943074,0.53207177
609,0.5457382,0.51470757,0.46995762,0.5053767,0.5076776,0.5056476,0.49817693,0.49698767,0.49716374,0.4854549,0.5195665,0.56706506,0.4489876,0.46405423,0.4385289,0.4324837,0.44495445,0.5423885,0.432519,0.43769836,0.47017106,0.5003397,0.5276033,0.55091006,0.57501817,0.5652417,0.55087745,0.5648673,0.49802598,0.54828715,0.51403654,0.57557386,0.52938926,0.51225257,0.5413064,0.5105144,0.56172276,0.58496416,0.5448966,0.5343686,0.55368274,0.57848144,0.51856077,0.5977055,0.5723389,0.5082565,0.556976,0.4244235,0.45512518,0.49275553,0.49239716,0.514244,0.49035048,0.5369499,0.54397666,0.53866273,0.62396175,0.5898659,0.5732063,0.5578755,0.5812654,0.60795635,0.5567746,0.6004834,0.575861,0.6064337,0.60422677,0.5855175,0.6589166,0.6158583,0.6181114,0.59294635,0.59018385,0.53018606,0.5796917,0.6228245,0.572866,0.55989945,0.5991197,0.51838535,0.5446757,0.5611842,0.5548653,0.5801346,0.5261541,0.56808954,0.63657576,0.60598606,0.5482187,0.5886782,0.55330336,0.55110806,0.5334078,0.5823225,0.45598108,0.56300825,0.51650655,0.5898132,0.516237,0.51100767,0.5414446,0.52433634,0.5476131,0.5169045,0.58388186,0.53336024,0.54280883,0.5453827,0.56244683,0.52848727,0.5220107,0.55040485,0.5700318,0.53436464,0.5491916,0.5733606,0.5203091,0.52913666,0.5194055,0.54294455,0.5041651,0.54639566,0.55914,0.5262221,0.5248331,0.51119345,0.51476765,0.54904187,0.54481095,0.58549076,0.5702164,0.62328756,0.5563556,0.546872,0.54318804,0.5494395,0.5853718,0.51903045,0.5355058,0.57928777,0.56178135,0.456098,0.5093492,0.4759415,0.47478136,0.43258813,0.594171,0.6186541,0.5601034,0.5945494,0.5388028,0.45121232,0.4968337,0.48638758,0.5207388,0.5004074,0.51537323,0.41397226,0.45183802,0.4687481,0.5494288,0.5276052,0.5239667,0.5374678,0.57304025,0.5205785,0.5826956,0.4774073,0.5425431,0.51407003,0.5626975,0.5331785,0.5477875,0.5242875,0.53586507,0.59833044,0.56488055,0.557236,0.5598091,0.57991093,0.54362714,0.5065197,0.47842684,0.5096961,0.51640344,0.51224834,0.51076317,0.5067436,0.5089537,0.50985277,0.50507045,0.59473413,0.43938082,0.44056967,0.4218925,0.44341677,0.40864277,0.5401637,0.42890832,0.41749123,0.5189543,0.48467717,0.5158824,0.5408596,0.5774613,0.62858915,0.53819,0.58357126,0.4699555,0.5935149,0.49764928,0.5664057,0.60081553,0.5080864,0.5289869,0.5136674,0.5443069,0.5449881,0.5513062,0.5278251,0.54526716,0.5667157,0.5255419,0.580607,0.5375798,0.43330893,0.5542769,0.43373206,0.47567615,0.4158843,0.5015041,0.518838,0.4940302,0.5587576,0.55071527,0.5378154,0.6017166,0.5503301,0.53758496,0.5340728,0.57475656,0.58447456,0.5731319,0.5701567,0.5553082,0.5948053,0.6093506,0.607551,0.673037,0.6365238,0.68896514,0.5835901,0.6288463,0.5908712,0.6564688,0.6091276,0.57668805,0.5363625,0.59231454,0.5268505,0.5864106,0.56445634,0.52346516,0.5625472,0.5247693,0.5899724,0.61730653,0.6151769,0.5463362,0.58749366,0.5518365,0.56181455,0.540355,0.6072918,0.46728757,0.5366767,0.50063837,0.60615873,0.53708774,0.51027125,0.5453698,0.5433743,0.5502226,0.52905524,0.56020564,0.5176621,0.5509779,0.54198176,0.5376572,0.5404909,0.54180294,0.5579104,0.5601303,0.5316387,0.5172637,0.53426516,0.486587,0.5351372,0.5302709,0.54614925,0.5017998,0.52359253,0.6120172,0.5181119,0.5721706,0.4752355,0.46491617,0.5978328,0.5958562,0.63762015,0.5714421,0.57274425,0.55113477,0.5470616,0.53935575,0.5492957,0.56384915,0.46904474,0.58501905,0.5804548,0.5417443,0.4419646,0.4723599,0.47702214,0.46581608,0.4111451,0.56174594,0.57691896,0.58994603,0.60999185,0.53752935,0.46315226,0.4835102,0.47710186,0.47728932,0.51495,0.51403105,0.41481027,0.45396653,0.45221275,0.5114427,0.49927965,0.49060893,0.5512757,0.5849668,0.53073704,0.5693333,0.51502043,0.5512319,0.54733324,0.57392126,0.54393554,0.5385334,0.51960117,0.56053984,0.60249066,0.5433583,0.5377184,0.5807465,0.55219454,0.5450783,0.53901345,0.5399362,0.5565331,0.5772015,0.5654548,0.5620482,0.5623381,0.5364974,0.5448332,0.5414702,0.52989405,0.5475281,0.5409875,0.57992053,0.57850707,0.54191846,0.53940886,0.53340507
610,0.5497228,0.5287536,0.47166038,0.51449686,0.5200921,0.5164572,0.5120247,0.49262682,0.49419078,0.5065355,0.54185027,0.58122885,0.46234795,0.451788,0.4236216,0.44260952,0.45624748,0.55280805,0.44330645,0.4494099,0.48299518,0.5134993,0.540679,0.54622006,0.59097826,0.5657299,0.54460007,0.57078964,0.4987367,0.5213205,0.49063313,0.55650395,0.492804,0.4879844,0.5147859,0.49926248,0.56486696,0.59294945,0.5358805,0.5304103,0.55082124,0.5771176,0.53558487,0.61270624,0.5851983,0.5201967,0.56118035,0.43797213,0.46623448,0.51023316,0.4909708,0.51463205,0.48682883,0.5385445,0.54209566,0.5529118,0.6280912,0.597532,0.5815817,0.5713454,0.56908524,0.59346706,0.56045234,0.5863832,0.5583326,0.6035346,0.59472156,0.5711899,0.6423082,0.6068533,0.6052284,0.5797586,0.5864034,0.5458682,0.5848064,0.6196783,0.56932503,0.5846397,0.6065778,0.53947467,0.5560699,0.58372027,0.56680584,0.60140514,0.5442076,0.57601917,0.62477076,0.59129936,0.5436978,0.5733273,0.5587795,0.55724114,0.5332638,0.5760886,0.47574878,0.57280684,0.5223423,0.58460224,0.52280796,0.51557606,0.54130083,0.5210397,0.54826933,0.51213634,0.5858671,0.5458339,0.5483621,0.5678278,0.58393747,0.53124607,0.5360949,0.5473699,0.58671415,0.5487282,0.56661624,0.58975047,0.5369171,0.528442,0.5109677,0.5412099,0.5032941,0.5491056,0.56633717,0.5241955,0.53238237,0.5035587,0.51752967,0.5499829,0.550508,0.57495695,0.5653667,0.60219383,0.5569804,0.54816103,0.54372305,0.56124675,0.6018874,0.5314548,0.5512602,0.5971871,0.5651743,0.45847306,0.5154953,0.4894047,0.477766,0.4450562,0.60816747,0.64010364,0.55846626,0.5768408,0.5204308,0.4577792,0.5070391,0.49926412,0.5131471,0.5144732,0.5313055,0.4245774,0.46519518,0.47781107,0.5248026,0.5191629,0.5335576,0.5313628,0.57037276,0.51745325,0.59595656,0.47639808,0.5613435,0.5122129,0.57512146,0.53890103,0.546434,0.52177054,0.5371662,0.5805907,0.5565885,0.5653309,0.56573737,0.5824009,0.5493809,0.52788943,0.4814803,0.5207675,0.52939355,0.5256842,0.52515346,0.5044689,0.50293434,0.53034717,0.52586204,0.608589,0.45164225,0.42970553,0.4126766,0.4535868,0.41655177,0.5520454,0.44236302,0.4293053,0.53374326,0.49888456,0.53502095,0.5388758,0.60059804,0.63373065,0.5401859,0.5947729,0.4763722,0.5643182,0.4775955,0.5461913,0.5591945,0.49199757,0.49745384,0.50141996,0.5455255,0.55531716,0.5390618,0.52286184,0.5461918,0.57037705,0.54230785,0.6023572,0.5516095,0.4490479,0.5560273,0.44759604,0.4842426,0.43003973,0.49834722,0.5181006,0.49050817,0.55766696,0.54949176,0.54793006,0.6078234,0.55801684,0.5493139,0.5543294,0.55911845,0.5852864,0.58137953,0.56419545,0.53407663,0.59351856,0.60711443,0.5900438,0.6537505,0.6275361,0.670263,0.57443345,0.6267313,0.60350394,0.65895873,0.61006325,0.57550794,0.56219226,0.6086446,0.5516311,0.595158,0.58771104,0.5339329,0.5838348,0.5358467,0.6041916,0.6241002,0.5964376,0.55314445,0.5779697,0.5640915,0.57330936,0.53898317,0.5992789,0.48599094,0.5487694,0.51180357,0.6048229,0.5442793,0.51670563,0.5415121,0.539328,0.55243045,0.52316636,0.5629095,0.52918386,0.5527322,0.5665047,0.5592607,0.5435621,0.5564521,0.5547239,0.57455754,0.5492153,0.53544766,0.5443491,0.5006703,0.52731764,0.5252865,0.5437661,0.5047648,0.52567464,0.61444914,0.51725364,0.5756818,0.47202674,0.46726856,0.5939951,0.6022586,0.6258938,0.5638175,0.5588723,0.5540825,0.54849344,0.53998786,0.56826323,0.5812997,0.48011172,0.59942985,0.5981515,0.55232644,0.4469486,0.4839907,0.49433735,0.4706375,0.4273438,0.57204103,0.59870607,0.59347826,0.59056115,0.52452654,0.4706046,0.494435,0.48705688,0.47319233,0.5300367,0.5287841,0.42650163,0.46640348,0.46470916,0.48888502,0.49573585,0.5010668,0.54038817,0.57137066,0.5287743,0.5794029,0.51821315,0.5699762,0.5556065,0.5825095,0.54537725,0.5370136,0.5164139,0.56144583,0.5795067,0.5405728,0.5458841,0.58864635,0.551151,0.5452005,0.54329723,0.53844225,0.5537951,0.5833763,0.5707341,0.5657941,0.5647259,0.5358758,0.5434566,0.53882164,0.5284189,0.547072,0.5403972,0.5876232,0.58582205,0.5408391,0.5391026,0.5340458
611,0.551965,0.5391743,0.47043285,0.52205104,0.5315787,0.5285965,0.5264217,0.4883297,0.48984188,0.5266945,0.56424433,0.5866484,0.47655702,0.44126517,0.40973508,0.4571708,0.47701532,0.562798,0.4618109,0.4671693,0.4993152,0.5280878,0.5502331,0.536382,0.5941628,0.5557864,0.53020644,0.5691636,0.4979011,0.4920863,0.47342274,0.52861905,0.4592936,0.4671205,0.4822907,0.4858624,0.55858916,0.59406203,0.5185973,0.5212608,0.5378442,0.56293774,0.5451727,0.61697394,0.58958787,0.5357068,0.5577748,0.46122935,0.487169,0.5333898,0.48753846,0.5095609,0.4828108,0.53310734,0.53366685,0.56126726,0.6220989,0.60547155,0.58088917,0.57324356,0.5557294,0.5714389,0.5610001,0.5678232,0.54301345,0.6029917,0.57773346,0.55448914,0.6135564,0.5888679,0.58277977,0.56913686,0.5728304,0.5645342,0.5823914,0.6059739,0.56415915,0.60950524,0.6050301,0.5671931,0.56493646,0.6091147,0.58201677,0.6141191,0.55953,0.5712048,0.60060614,0.5722218,0.53449833,0.54746956,0.55801076,0.56891406,0.53306514,0.56428874,0.50181156,0.57919466,0.52916056,0.5742034,0.52166957,0.5163698,0.5313556,0.5130995,0.541807,0.50305575,0.5738204,0.5553038,0.549392,0.58036906,0.5958505,0.53332764,0.5439591,0.5381283,0.5905696,0.55431235,0.58123636,0.60057586,0.5548677,0.5292463,0.5057515,0.53879803,0.502251,0.55505717,0.5658675,0.5173583,0.53475976,0.49928367,0.52650416,0.5442775,0.546174,0.55533653,0.5547545,0.57107985,0.55919796,0.5475796,0.54562896,0.5767709,0.61815405,0.55003124,0.56121045,0.6064493,0.56314206,0.46224955,0.52406317,0.5073633,0.4870562,0.46936062,0.6080063,0.65220606,0.5514746,0.54972315,0.5041974,0.46431294,0.515018,0.51376975,0.51317966,0.527821,0.5483162,0.44471154,0.480642,0.48956865,0.4904921,0.51087654,0.5431413,0.5281043,0.5680736,0.51585007,0.6016846,0.47488886,0.57521635,0.51106507,0.5898922,0.53874,0.53979236,0.5146629,0.5333683,0.55701494,0.5431264,0.5690399,0.5638245,0.57465416,0.5531837,0.5469185,0.4827518,0.53030324,0.54038703,0.5382672,0.53970945,0.50160354,0.49515063,0.5472318,0.550641,0.6122733,0.46646008,0.42256415,0.40659177,0.46713498,0.43731037,0.56061465,0.46255812,0.45000142,0.54667187,0.5142191,0.5497871,0.53270984,0.6129762,0.62718123,0.5376299,0.59741116,0.48503885,0.52891886,0.4641151,0.52009624,0.51495737,0.4824031,0.4643192,0.48587993,0.53907126,0.5589412,0.517176,0.5132534,0.53837967,0.56359535,0.55040926,0.61232525,0.55986243,0.47104466,0.54872507,0.46851608,0.49595016,0.45496562,0.4930262,0.5115575,0.4864959,0.5485659,0.54014355,0.5511777,0.6040174,0.56618375,0.5536937,0.56427866,0.5392264,0.5791433,0.58567053,0.5538493,0.52034736,0.5976885,0.59696484,0.567665,0.6228457,0.6131319,0.6358505,0.5641105,0.6147657,0.6125548,0.65033114,0.60970074,0.5715164,0.586639,0.61432534,0.5795145,0.6052241,0.6138929,0.5425618,0.59603727,0.5410286,0.6040157,0.6273267,0.57680714,0.5476477,0.55873775,0.56860846,0.5900766,0.5368358,0.5874651,0.5107369,0.5570531,0.52546096,0.5955622,0.5435252,0.5183101,0.52954847,0.5286537,0.54623485,0.5120704,0.55353904,0.5382388,0.55058247,0.5808592,0.57564676,0.54671097,0.5639932,0.5463153,0.57684404,0.55842924,0.55019087,0.55011714,0.51665294,0.5214556,0.51979667,0.53906393,0.50751597,0.53086513,0.60801965,0.5114778,0.57249695,0.47367778,0.47610757,0.58362365,0.59634227,0.6015699,0.553547,0.54225737,0.55934477,0.5487771,0.54178727,0.5897371,0.59759897,0.49814343,0.6055008,0.6081029,0.56180084,0.45583326,0.50219005,0.5141322,0.4807763,0.45541313,0.5707773,0.61207736,0.5881035,0.56511503,0.5115578,0.4796361,0.5044776,0.49905252,0.47714773,0.54164225,0.5412504,0.4477651,0.48161194,0.48140967,0.46475044,0.4958872,0.5139599,0.53162056,0.557668,0.5274915,0.58194935,0.51692843,0.5876104,0.5569174,0.5884754,0.5452605,0.53035194,0.50919354,0.5560059,0.5518031,0.5372271,0.55111945,0.586589,0.546506,0.5453578,0.5463858,0.5386332,0.55130637,0.58602244,0.5726605,0.5657221,0.56338185,0.5356706,0.5404941,0.5356512,0.5267136,0.5446623,0.5385943,0.5903576,0.58826834,0.5393584,0.5381286,0.5334252
612,0.5502561,0.54336935,0.46632576,0.5255204,0.5386627,0.53867763,0.5376518,0.48603058,0.4865196,0.54201216,0.5817446,0.5844858,0.48754242,0.43526706,0.4016107,0.4729614,0.5026774,0.56977934,0.4832228,0.48638916,0.5136218,0.5403025,0.55339676,0.5261886,0.5869249,0.53955823,0.51142323,0.5633625,0.4974584,0.46785796,0.46434486,0.49915075,0.43368116,0.45471442,0.4512872,0.47494876,0.5437353,0.5877313,0.49804217,0.5095445,0.51824886,0.5389425,0.5451218,0.6092884,0.58341527,0.55201465,0.54724085,0.488565,0.51153874,0.5576114,0.4845855,0.50097096,0.4809064,0.5226107,0.52067727,0.56218064,0.6074797,0.6125562,0.5702944,0.56222457,0.54247946,0.54558223,0.5609626,0.54659194,0.52990127,0.60220426,0.55846834,0.5387773,0.57726824,0.56721675,0.5559291,0.56203014,0.55371946,0.58542997,0.57514113,0.5861331,0.56067723,0.6296336,0.59682703,0.5965127,0.570968,0.63335764,0.5992148,0.61511,0.571232,0.554328,0.569742,0.55219793,0.5247929,0.5182742,0.5518664,0.5836146,0.5331867,0.54972625,0.5310814,0.5806191,0.53806406,0.5614289,0.51332206,0.51450914,0.5154701,0.50423896,0.5321849,0.49499437,0.551692,0.56091964,0.54880166,0.57977986,0.5959212,0.53463894,0.5446274,0.52414584,0.57965064,0.55016875,0.5904137,0.60343426,0.570525,0.53055394,0.5050102,0.5363137,0.500283,0.5630336,0.5598465,0.5115224,0.53511566,0.497826,0.5393728,0.53529024,0.5357114,0.5330023,0.54123884,0.53632843,0.5634254,0.5457577,0.5482486,0.5920791,0.6316321,0.5709857,0.5651795,0.60548544,0.5558882,0.4664856,0.53303516,0.52941835,0.50414544,0.50109136,0.5936821,0.65241057,0.54366904,0.5200396,0.49494904,0.46947408,0.51873386,0.5263207,0.5203997,0.5362998,0.5624264,0.46909484,0.49396828,0.5007757,0.45605567,0.5052228,0.5504198,0.52764034,0.56656194,0.5157891,0.59963083,0.47545615,0.58166474,0.5119669,0.6068851,0.53437054,0.53276825,0.50851244,0.5294263,0.53208536,0.528702,0.5698327,0.5541049,0.5575625,0.55262256,0.5587551,0.48176724,0.53524685,0.5456858,0.54614824,0.5503747,0.50012887,0.4889207,0.5565441,0.5739081,0.6060992,0.47941917,0.42144606,0.4075058,0.4805682,0.4668708,0.56346375,0.4840765,0.47341537,0.5533988,0.5262665,0.55625075,0.52613485,0.61246085,0.61131996,0.53176206,0.5919557,0.4973307,0.49657032,0.45935228,0.4955298,0.4760584,0.48234895,0.43817034,0.47209963,0.52604365,0.5552441,0.49185213,0.50176597,0.523952,0.5480495,0.5477258,0.60811865,0.5598268,0.4948841,0.5341089,0.49138394,0.5069725,0.48653212,0.48866743,0.5018386,0.48483223,0.5343504,0.5251136,0.5472397,0.5911466,0.573795,0.5486743,0.56074625,0.51748985,0.56848127,0.5877983,0.5406939,0.5148424,0.6045005,0.583067,0.54628754,0.58565015,0.59797347,0.5926665,0.5561617,0.59725606,0.61907274,0.6326599,0.60996693,0.5688395,0.6054554,0.61043,0.60548383,0.6154448,0.63789874,0.55150294,0.59711933,0.5436328,0.5893988,0.62716013,0.5597914,0.53215104,0.53597456,0.5663776,0.60860866,0.5350871,0.5742017,0.5393242,0.5597419,0.5425546,0.583769,0.53522617,0.5164551,0.5139919,0.5157371,0.5355733,0.5010911,0.5353314,0.54379857,0.5480399,0.5820884,0.58387995,0.54921776,0.5642706,0.53419435,0.5653158,0.5573915,0.5588835,0.5507874,0.5317405,0.51891017,0.5155397,0.53340787,0.5091196,0.5381458,0.59559417,0.5066663,0.56657517,0.4789331,0.48923653,0.56989205,0.58169234,0.5714511,0.5425818,0.52600515,0.5677742,0.5484996,0.5441007,0.60854685,0.61013746,0.51887184,0.60348254,0.6085223,0.56773454,0.46732256,0.52316225,0.5365137,0.49842095,0.49014488,0.55809635,0.6143652,0.5785301,0.54032165,0.5044531,0.4880047,0.5107215,0.51006,0.48787263,0.5459799,0.5477832,0.4728539,0.4955792,0.49811077,0.44713926,0.5014796,0.52617174,0.5258388,0.5469121,0.5268709,0.5772203,0.5142033,0.60186505,0.553281,0.5947837,0.5436409,0.52370304,0.50328946,0.5496875,0.52512985,0.5355019,0.55388224,0.5753402,0.5376228,0.54442483,0.5472842,0.54055417,0.54967755,0.58444345,0.5707658,0.56201524,0.5586005,0.5355597,0.53649396,0.5328086,0.525398,0.5407744,0.53621286,0.5874018,0.5852787,0.53769004,0.5364787,0.53157926
613,0.54498833,0.5420166,0.46210858,0.5250388,0.5405653,0.5451421,0.5441966,0.48788267,0.48750898,0.55093676,0.5917155,0.57798225,0.49402136,0.43651947,0.40352994,0.4881182,0.5288664,0.57265896,0.5037201,0.5034539,0.52249104,0.5482025,0.55049676,0.5213794,0.57450134,0.52309364,0.4949317,0.55866885,0.5004808,0.4548577,0.4645324,0.47658038,0.41959354,0.45396566,0.42934817,0.47115782,0.52508074,0.5765255,0.48107553,0.49958318,0.49855697,0.51228154,0.53680295,0.59234774,0.56895167,0.5676319,0.53309035,0.5147715,0.5334956,0.5795666,0.48564363,0.49313575,0.48411974,0.5116622,0.50731176,0.5570671,0.588691,0.6184162,0.55285573,0.5417052,0.53107196,0.5216378,0.56300616,0.52645755,0.5193576,0.59874946,0.54273844,0.52765495,0.54138094,0.54806876,0.5316729,0.5585271,0.5357023,0.6067511,0.5666242,0.56613684,0.5611946,0.6418886,0.58571786,0.62247694,0.5748523,0.65269214,0.6164982,0.60494775,0.57943547,0.5302105,0.540093,0.53517413,0.5190821,0.49414724,0.54258966,0.5976006,0.5338043,0.5358906,0.56073296,0.57800627,0.550009,0.54984045,0.5010678,0.5125778,0.50034577,0.49953118,0.5246914,0.49370617,0.52717227,0.5633483,0.54975635,0.56708336,0.58551764,0.5355498,0.5396979,0.50868,0.5565102,0.53886193,0.5935819,0.5991123,0.58213806,0.53157234,0.50913084,0.5347881,0.4986919,0.5715567,0.55176854,0.5124345,0.5369344,0.4990302,0.554108,0.527573,0.5245975,0.515152,0.52851325,0.5059113,0.56972,0.5435979,0.55071205,0.60370755,0.64109564,0.59110665,0.5649994,0.5968448,0.5470927,0.47219285,0.54251087,0.5543966,0.5287664,0.5355421,0.5693852,0.6418151,0.5397925,0.49605772,0.49603918,0.4741702,0.51879793,0.535037,0.53364515,0.5384337,0.57184076,0.4925946,0.50374633,0.51008433,0.4315459,0.50497335,0.5547424,0.5295411,0.5664395,0.5170386,0.5918937,0.48116437,0.58061355,0.51586264,0.6246119,0.5286028,0.5306949,0.5093977,0.5301205,0.51139677,0.5176711,0.56980413,0.5396062,0.53555787,0.5479964,0.5616949,0.48024243,0.53517866,0.54447836,0.54804194,0.5554504,0.50226074,0.48794127,0.5577227,0.5917805,0.5933464,0.4884697,0.4283911,0.41855112,0.4919621,0.49970883,0.5604972,0.50279605,0.4938461,0.55224687,0.5330135,0.5541344,0.5238765,0.6010969,0.5913635,0.5265044,0.5821426,0.5147777,0.47600102,0.46475658,0.47975037,0.44964907,0.4928005,0.42598996,0.46509543,0.51090723,0.5467809,0.4711273,0.49243438,0.50799835,0.52880484,0.5357706,0.5918415,0.5532971,0.517833,0.5168364,0.51204216,0.51508987,0.5200979,0.48899376,0.4935113,0.4884695,0.52020293,0.5094448,0.5382566,0.57346994,0.5804719,0.5358404,0.5456527,0.497985,0.55736214,0.5899014,0.5280213,0.5171696,0.6109176,0.5706233,0.53212327,0.5507613,0.5868825,0.55160666,0.5534076,0.5808287,0.62425995,0.610466,0.6123657,0.57057303,0.6163102,0.60064477,0.62616515,0.6250288,0.65589577,0.562446,0.5887574,0.5471015,0.56479204,0.6246464,0.5486634,0.51221085,0.5170371,0.56026906,0.62456596,0.53465396,0.56226283,0.5696135,0.5579848,0.5628913,0.57507116,0.5222896,0.5138677,0.50123906,0.50653565,0.52639353,0.49624208,0.5145942,0.54631823,0.54841506,0.57141817,0.583529,0.55056316,0.55933774,0.5215777,0.54269385,0.5475861,0.5610101,0.54760927,0.544388,0.52029324,0.5145047,0.52881855,0.51049614,0.5461909,0.58153486,0.50879294,0.562321,0.48674363,0.5049736,0.5571716,0.5643267,0.5446354,0.5331686,0.5132524,0.5795532,0.5483766,0.5463554,0.6215757,0.6182283,0.5383137,0.59609187,0.6011923,0.5706712,0.48128107,0.5444235,0.5607267,0.5238611,0.5261495,0.53753877,0.60646856,0.5702545,0.5235075,0.50749695,0.49517563,0.51267654,0.518354,0.50364184,0.54234666,0.54742676,0.4961103,0.5064307,0.5121308,0.4429976,0.51411426,0.53594124,0.523019,0.5417861,0.5264474,0.5677098,0.5141903,0.61163473,0.5482174,0.6033883,0.5409333,0.52261335,0.5043598,0.5480971,0.5053287,0.5368802,0.55487853,0.55866486,0.5259899,0.5418425,0.5458446,0.5435233,0.5490808,0.5791934,0.56593496,0.55627835,0.55201584,0.535415,0.53263074,0.53127646,0.5253205,0.5362814,0.53393424,0.57980204,0.5779909,0.5366277,0.5347693,0.5293726
614,0.5392995,0.5383594,0.46248803,0.5233905,0.5393813,0.5487264,0.5469054,0.49542943,0.4957893,0.55465776,0.5943352,0.57166594,0.4980815,0.44718254,0.418381,0.5027891,0.5523145,0.57179254,0.5218103,0.5172391,0.5257812,0.5520689,0.5445731,0.52654856,0.56328714,0.5128445,0.4879751,0.55976164,0.51044047,0.4570767,0.47477874,0.46804878,0.41925976,0.46594867,0.42235768,0.47781315,0.5096215,0.5653168,0.47400463,0.49567944,0.4861419,0.49155557,0.5243871,0.57210577,0.5517808,0.58238584,0.5202608,0.5367593,0.5495301,0.59741616,0.49350774,0.49037614,0.49467462,0.5050969,0.49837837,0.5489207,0.5719445,0.6232131,0.5348088,0.5189991,0.5237132,0.5063023,0.56981236,0.5122614,0.5125791,0.59167737,0.5357489,0.52454644,0.51503694,0.5369487,0.5170106,0.5584159,0.52593654,0.6266782,0.5606266,0.5522777,0.5667486,0.645391,0.576141,0.641463,0.5784346,0.66483486,0.63217324,0.5877672,0.58548695,0.50679225,0.5197923,0.5246256,0.52132463,0.48229527,0.5336584,0.60746783,0.53501874,0.526821,0.58840024,0.57404506,0.5656635,0.543384,0.48979345,0.513439,0.49223074,0.5033854,0.5240295,0.5030396,0.508275,0.56442267,0.554309,0.5472451,0.5691516,0.5369134,0.5333345,0.4963193,0.527013,0.5254834,0.5914097,0.5901193,0.5893837,0.53230894,0.517885,0.53557223,0.5007014,0.57920814,0.5454802,0.5233096,0.54278785,0.5035321,0.5691565,0.52532744,0.5183683,0.5079558,0.52013105,0.48708278,0.5775786,0.5420081,0.5523323,0.6092879,0.6462569,0.6079271,0.5635677,0.5854882,0.54194266,0.48175478,0.55387473,0.58057904,0.55877036,0.5686188,0.541782,0.62425125,0.5437934,0.48524904,0.5089737,0.48109782,0.5182043,0.5405064,0.5513768,0.5356018,0.57663506,0.51214206,0.5115369,0.5184176,0.42478713,0.5129399,0.5567577,0.53332055,0.5685739,0.5190874,0.58224934,0.49425036,0.5743113,0.5240459,0.6411062,0.5244902,0.53725046,0.52142644,0.53794086,0.49997735,0.51368815,0.5707672,0.52589303,0.51578027,0.5424848,0.55703205,0.481639,0.5325077,0.5390497,0.5456446,0.55604166,0.5094443,0.49496073,0.55306196,0.6024839,0.5792149,0.49487895,0.44490725,0.44133058,0.5015945,0.53032637,0.55360955,0.5173861,0.50842524,0.5444985,0.5354587,0.54629767,0.5298304,0.583846,0.5741823,0.52670217,0.5732352,0.5383686,0.47330886,0.48121428,0.47822773,0.4401423,0.5127648,0.43172982,0.46827453,0.49980304,0.53828037,0.46201813,0.48882332,0.4966238,0.5123403,0.518835,0.5692147,0.5448745,0.53927255,0.50230145,0.5285233,0.52026206,0.55142605,0.496515,0.49076563,0.49929136,0.51070815,0.4987219,0.52752036,0.5573258,0.5865945,0.5199666,0.52515656,0.48538792,0.5509017,0.5943465,0.52022517,0.52617097,0.61455727,0.5648084,0.5298813,0.5271571,0.583526,0.52394164,0.55747586,0.5722802,0.6295114,0.5898753,0.617599,0.5782006,0.61894906,0.5897743,0.639864,0.63350356,0.665951,0.5765314,0.5756937,0.554365,0.538426,0.6218085,0.5453131,0.49567315,0.5080781,0.55438894,0.63418967,0.53595555,0.55462575,0.5992773,0.5547679,0.5853947,0.57401866,0.5090628,0.51337075,0.49663898,0.5064771,0.5242474,0.5018598,0.49779114,0.54748046,0.55346906,0.5536801,0.57691824,0.5507036,0.55329144,0.51288414,0.51493657,0.5330511,0.55744165,0.54244703,0.5538656,0.52556676,0.5186553,0.5275693,0.5143049,0.55362177,0.57039714,0.5213829,0.56254876,0.49693054,0.5224667,0.5493546,0.55093175,0.5294655,0.5272903,0.50668263,0.5937955,0.54902345,0.5482848,0.62772924,0.6223304,0.55368364,0.58716285,0.59015316,0.5729724,0.49865845,0.5648195,0.58520573,0.55528015,0.5590432,0.5143248,0.59204966,0.5683742,0.5204779,0.52260137,0.5025598,0.5125904,0.524107,0.5226884,0.5330902,0.5414926,0.5142041,0.514927,0.52322257,0.4563706,0.5344446,0.54315645,0.5224373,0.54349834,0.52537245,0.55717367,0.5203277,0.61711454,0.5464747,0.61518484,0.5378563,0.5309889,0.5160685,0.5543984,0.4967031,0.54215676,0.5547411,0.542985,0.51538205,0.5377662,0.54267985,0.5463623,0.5490033,0.5721634,0.5603413,0.550993,0.54613745,0.53543544,0.53029585,0.53205776,0.52749187,0.53209174,0.5322599,0.5698894,0.56857365,0.5374238,0.53416586,0.52833164
615,0.5379186,0.53650284,0.47207358,0.52487373,0.5391326,0.55197114,0.5483971,0.5087203,0.5124526,0.5565689,0.5922908,0.5703931,0.5039469,0.4684109,0.4473867,0.51841724,0.57126254,0.56862533,0.53836787,0.5293499,0.5261262,0.5539446,0.5398055,0.5433568,0.5591079,0.5138976,0.4959858,0.5687461,0.53039604,0.47581267,0.4951675,0.47744417,0.43339312,0.48963273,0.43379936,0.49592447,0.5040079,0.5597888,0.48057303,0.50035524,0.486643,0.48362526,0.5134929,0.5562721,0.53904414,0.59729505,0.51320285,0.553985,0.5590176,0.6108956,0.5085802,0.4950105,0.5127515,0.5059479,0.49757317,0.5407478,0.56302875,0.62697,0.5235956,0.50301194,0.5224913,0.5050287,0.5832727,0.50838536,0.5112116,0.5819842,0.5409131,0.5318271,0.50534254,0.5371248,0.51678747,0.56124717,0.52990097,0.6441231,0.5604672,0.54926807,0.5768592,0.6414141,0.57221967,0.6518332,0.58439827,0.66941315,0.6452812,0.57051235,0.59161943,0.49296176,0.51469636,0.52244174,0.5339711,0.48664424,0.5291053,0.61115026,0.53691036,0.52620643,0.61247206,0.57211953,0.5851466,0.54565424,0.48426226,0.51873875,0.4941975,0.51751226,0.532639,0.523144,0.50004315,0.56633735,0.5627429,0.527933,0.5532428,0.53984517,0.5308113,0.49172002,0.49871206,0.5160424,0.58521795,0.579448,0.5928054,0.53353155,0.5304617,0.5397573,0.5098289,0.58489656,0.5444251,0.5433947,0.55358505,0.51231223,0.58337396,0.5313231,0.5212852,0.5151743,0.51862586,0.48426366,0.58592486,0.5417502,0.55281836,0.60790664,0.64753765,0.619973,0.5638423,0.57663494,0.54478073,0.49774063,0.5687796,0.60623264,0.59068996,0.5975679,0.51773137,0.6054086,0.5578962,0.49246746,0.5332013,0.49310434,0.5208677,0.54525566,0.57170415,0.53103465,0.57815725,0.5276148,0.5205715,0.5281324,0.4403321,0.53132445,0.5578508,0.53842866,0.5738256,0.52114916,0.5752086,0.5146644,0.5665845,0.5383838,0.6543914,0.52468294,0.5529993,0.54488873,0.55209905,0.5009592,0.5188535,0.5738877,0.51930106,0.5057144,0.5410472,0.5483239,0.48953652,0.5315567,0.53402656,0.5430571,0.55560553,0.52152336,0.5104592,0.54690665,0.6064919,0.5697169,0.5024392,0.47156894,0.4756026,0.5114023,0.5547038,0.5460321,0.5294291,0.5179726,0.53386897,0.5371146,0.5374488,0.5455066,0.5673447,0.56636864,0.5364135,0.5702953,0.56793153,0.49087706,0.5084629,0.49338078,0.44852668,0.5396255,0.45618734,0.4823063,0.49821964,0.5351655,0.4682658,0.49255618,0.49470016,0.5043406,0.5027456,0.5482795,0.54020566,0.560199,0.49475923,0.54123765,0.5244082,0.57748663,0.51122314,0.4956878,0.51701915,0.5079803,0.49694628,0.51826316,0.5489605,0.59267807,0.5075919,0.507654,0.48345274,0.5534724,0.60291046,0.5215868,0.53988826,0.6140818,0.56936866,0.5413204,0.52075094,0.58926225,0.5171319,0.5682472,0.57630867,0.6362803,0.577299,0.6252461,0.59122235,0.6150799,0.5825439,0.6464779,0.6407368,0.6680473,0.59419894,0.564729,0.5670927,0.5203182,0.6211027,0.5494741,0.4905676,0.51222956,0.5529807,0.6352187,0.5388529,0.5536192,0.62618834,0.55360496,0.60865027,0.5829465,0.5001005,0.5166285,0.5022327,0.51834077,0.53230435,0.51881915,0.48896584,0.54950446,0.56307757,0.5361531,0.5684843,0.55024785,0.55096966,0.5123462,0.48961094,0.51917994,0.5499422,0.5368128,0.5599282,0.5339466,0.5292182,0.53134316,0.5235209,0.5592756,0.5661442,0.5440396,0.56772774,0.50995874,0.5414696,0.5489107,0.5471999,0.5309781,0.5262122,0.50780904,0.60862756,0.550782,0.5499295,0.627671,0.62353444,0.56400317,0.5806464,0.5802934,0.5776141,0.5208499,0.5842766,0.60800266,0.589282,0.58627164,0.49353927,0.57658386,0.5763471,0.533885,0.5488763,0.5127113,0.51440096,0.5293055,0.5432781,0.52282876,0.53306335,0.5271054,0.5237885,0.53327316,0.48805463,0.56173915,0.5490423,0.52291983,0.5512628,0.5226788,0.54970133,0.5337592,0.61964136,0.5528643,0.62973475,0.53526527,0.5496825,0.53863585,0.56812435,0.50108665,0.551312,0.5542049,0.53551245,0.5105569,0.53291696,0.5389101,0.5478311,0.548448,0.56618565,0.5567914,0.5488273,0.54369164,0.53605485,0.5306031,0.53582287,0.5326927,0.52897894,0.53145796,0.5606028,0.55964595,0.5413696,0.53597474,0.53007704
616,0.54521996,0.53978604,0.49302295,0.53346175,0.5440719,0.55807406,0.55197644,0.5260298,0.5357312,0.560771,0.58975905,0.5781942,0.5155193,0.49953866,0.48939523,0.5362172,0.5854835,0.5654402,0.5553374,0.542901,0.52735764,0.55666345,0.53993285,0.5695363,0.5657093,0.52853906,0.52105606,0.5848113,0.5616524,0.5095692,0.52462846,0.5043926,0.46131343,0.52208674,0.4643045,0.5234669,0.51210827,0.5644181,0.5007458,0.51336384,0.5019407,0.49132237,0.5093991,0.5519454,0.5370322,0.61388063,0.5145294,0.5676312,0.56349105,0.62107587,0.5283787,0.50663316,0.5360074,0.5148259,0.5062603,0.5348625,0.5653351,0.6294822,0.52504486,0.50101197,0.5285806,0.5199959,0.6033163,0.5174785,0.5168068,0.57248557,0.5589849,0.5501288,0.5153519,0.5487581,0.53241944,0.56634456,0.5497393,0.6588046,0.5683828,0.5587991,0.589695,0.63295877,0.5768364,0.6540149,0.5954134,0.6677981,0.655697,0.5607725,0.59995914,0.4957116,0.5268863,0.528653,0.5570341,0.506937,0.5319987,0.60820556,0.5394658,0.5358801,0.6322751,0.57527786,0.60770446,0.5588785,0.48741153,0.5280528,0.50536126,0.5399285,0.54956394,0.54997087,0.5031893,0.57058054,0.57354516,0.51691425,0.5438873,0.5452566,0.5359003,0.49771723,0.47865835,0.5153039,0.5768921,0.5701488,0.59370965,0.5363017,0.5454494,0.54759103,0.52795976,0.5882382,0.55099404,0.5679341,0.5682459,0.5260529,0.5960868,0.54641193,0.53534764,0.5373289,0.5250511,0.49834064,0.5935418,0.5433022,0.55229586,0.60043985,0.6462325,0.62722325,0.56787497,0.57408327,0.55772007,0.52144253,0.5882217,0.62990755,0.62071776,0.6211381,0.5022749,0.59146935,0.58175844,0.5190899,0.5661541,0.51134485,0.5296218,0.5521738,0.5927419,0.5284891,0.57864934,0.5410293,0.53380704,0.54136854,0.47902188,0.5604883,0.5597039,0.54433656,0.58259565,0.5223483,0.57446766,0.53950745,0.5615208,0.5605179,0.66268593,0.530819,0.57489675,0.5756013,0.5689219,0.51538175,0.5330532,0.5793801,0.52442926,0.51015276,0.5484233,0.54028034,0.5056243,0.5367636,0.53466356,0.54519236,0.5585437,0.53666884,0.5320199,0.5444088,0.6064165,0.5705559,0.51516896,0.507142,0.5187418,0.5235263,0.5710363,0.54157937,0.541953,0.5258818,0.52533066,0.5424172,0.5325108,0.5690363,0.55814546,0.572503,0.5577664,0.5769793,0.60172987,0.52721244,0.5445735,0.5237044,0.47327083,0.56968254,0.49699256,0.5045878,0.5088204,0.54156375,0.48910052,0.50272125,0.5041405,0.5077452,0.49319896,0.53718436,0.54418415,0.5818829,0.49629226,0.5521282,0.53016907,0.59681964,0.530381,0.50768465,0.5389463,0.5116897,0.505234,0.51315725,0.55234796,0.5986982,0.50457346,0.5007706,0.49371052,0.56666064,0.6157895,0.53473943,0.5561623,0.6098821,0.58539236,0.5651283,0.5331797,0.60307246,0.53343475,0.5839249,0.5943933,0.6457078,0.5782048,0.6341569,0.6073773,0.6080349,0.58293706,0.6476191,0.64735335,0.6639413,0.6148316,0.5627022,0.5848645,0.51898384,0.6244902,0.5594661,0.5019801,0.52898556,0.55878365,0.6275001,0.5427929,0.5601064,0.64912784,0.5574738,0.63128,0.60145986,0.4988779,0.5235951,0.5161419,0.54094154,0.5499905,0.54384565,0.48857597,0.5540761,0.57546425,0.5262898,0.56294245,0.5502853,0.5557332,0.5221213,0.4736306,0.51099426,0.54094,0.5318776,0.5629637,0.5439576,0.5458931,0.5404931,0.5397421,0.5626553,0.571758,0.5722094,0.57661897,0.5261211,0.56176144,0.5571002,0.5567156,0.5501182,0.5304635,0.51660913,0.6220628,0.5537285,0.5516045,0.6239053,0.6236555,0.57022685,0.5800754,0.5762125,0.58745193,0.5484297,0.6033246,0.6272445,0.62191504,0.6071596,0.47889584,0.5659018,0.59493077,0.56294423,0.582833,0.52763337,0.5217292,0.5366937,0.56385505,0.51700395,0.5262976,0.5371285,0.53603756,0.54487187,0.5355995,0.5940024,0.5553922,0.5233674,0.5629614,0.51775044,0.54854965,0.55275446,0.62131613,0.5702063,0.64516455,0.53397626,0.5757506,0.56827945,0.5856976,0.5180944,0.5633966,0.55400133,0.5413885,0.5149036,0.52835155,0.5359163,0.5471842,0.54666215,0.56434786,0.5578715,0.5520102,0.54693985,0.5377472,0.53412783,0.5426282,0.5410376,0.5275884,0.5316431,0.55487525,0.5539631,0.5492553,0.541102,0.5356629
617,0.56344056,0.54981625,0.52367437,0.55100095,0.5568024,0.56943005,0.56025255,0.5444498,0.5615342,0.5701435,0.59048426,0.59687674,0.53429,0.5372153,0.53968734,0.5562446,0.5958558,0.5647347,0.5740905,0.560737,0.5328279,0.56253964,0.5472073,0.5993632,0.5835936,0.5556944,0.56104517,0.60507756,0.6019896,0.5539763,0.56055456,0.54428816,0.50073016,0.558986,0.510736,0.55558944,0.5335548,0.58046764,0.53052795,0.5319179,0.52943504,0.51268995,0.51521516,0.56301,0.5486127,0.63263065,0.5244194,0.5793973,0.56538504,0.62925917,0.54857725,0.5226618,0.5603748,0.53033227,0.52306825,0.532758,0.57907283,0.6308149,0.5410462,0.51608586,0.5416479,0.5493417,0.62754995,0.5394772,0.53014493,0.5667376,0.5877354,0.5778993,0.5438531,0.56934583,0.5617222,0.57285213,0.5834809,0.6707371,0.58506066,0.5795472,0.6027847,0.62362367,0.59109426,0.6498452,0.6129577,0.66231734,0.6635963,0.563495,0.61142015,0.51773745,0.5546595,0.54203856,0.587723,0.5392007,0.5429044,0.5994987,0.5424276,0.55491894,0.6477049,0.5850587,0.63144845,0.58265674,0.49915087,0.5390206,0.521818,0.5656596,0.5703642,0.57660764,0.51463586,0.5770212,0.5836801,0.51900584,0.5444702,0.55323535,0.5489877,0.51397055,0.4711833,0.524779,0.56842756,0.5647759,0.59378624,0.5413692,0.56100994,0.55829656,0.55433375,0.58956385,0.565715,0.589679,0.58382857,0.5446278,0.6069586,0.5692744,0.55972344,0.5714269,0.53888714,0.52699393,0.59950125,0.5466196,0.5510757,0.5892203,0.6442227,0.63096875,0.5759904,0.5793462,0.5802387,0.55155736,0.6116266,0.65014285,0.6454216,0.6389163,0.49738553,0.58685994,0.6122097,0.5625152,0.6035111,0.534524,0.5448438,0.562783,0.61300325,0.5311568,0.5806914,0.55482167,0.5525212,0.55850106,0.5368278,0.5977066,0.56367594,0.5506592,0.59425694,0.5220818,0.58112204,0.5639089,0.5619828,0.5901387,0.6647142,0.54287636,0.5971494,0.6060839,0.5831917,0.54230404,0.55389863,0.5860604,0.54225636,0.529357,0.56717277,0.53719294,0.52856827,0.5506805,0.5446215,0.5556283,0.568134,0.55215377,0.55510294,0.54961616,0.60601187,0.5854775,0.5349775,0.54782873,0.56535196,0.53898495,0.5796481,0.5434894,0.55739725,0.5360496,0.5233959,0.55464935,0.5349111,0.5953807,0.5603823,0.5942364,0.59003043,0.5945084,0.6364114,0.5771163,0.58581185,0.5638954,0.5113268,0.59889036,0.5484085,0.5299254,0.5303394,0.55836296,0.51935804,0.5163819,0.5233961,0.5216893,0.49392238,0.54133093,0.55908114,0.6043191,0.50645,0.5634198,0.53936404,0.6092808,0.5495808,0.52393156,0.56093574,0.520086,0.5217278,0.513983,0.567928,0.6040783,0.51361555,0.50859773,0.5148694,0.58870703,0.6316656,0.5594061,0.5733436,0.604304,0.610939,0.5977759,0.56265783,0.6225797,0.57062507,0.60192746,0.62489694,0.6582618,0.59589225,0.64342403,0.62372327,0.60171735,0.5934008,0.6462856,0.6548798,0.6566026,0.6366113,0.5736796,0.6052887,0.5383816,0.63274527,0.5736518,0.5296587,0.55495775,0.57195956,0.6131143,0.547038,0.5735348,0.66790986,0.5678393,0.6519345,0.626782,0.5064676,0.5327077,0.53365356,0.5694537,0.5727614,0.57039416,0.4937946,0.5613553,0.58740103,0.5289235,0.5631545,0.55174106,0.5680665,0.5411623,0.4709299,0.51123035,0.5328505,0.52861947,0.56397593,0.5539292,0.5666223,0.5538591,0.5623255,0.5640883,0.58844894,0.598438,0.58708024,0.5448169,0.5825111,0.5741803,0.5801477,0.5841384,0.53998965,0.5317561,0.6329275,0.5578034,0.55375797,0.6202815,0.6249794,0.5746099,0.58775526,0.58105236,0.604237,0.57980275,0.6222691,0.6414321,0.6496317,0.62216365,0.47199976,0.56407523,0.6219221,0.6038929,0.61935997,0.5472871,0.5359819,0.54811287,0.5831113,0.5199766,0.52504516,0.5471025,0.55326825,0.5595503,0.59304905,0.6281631,0.5635521,0.523209,0.5762313,0.5108432,0.55478233,0.57342017,0.62433106,0.5976314,0.6589923,0.53454465,0.60299283,0.597962,0.6018872,0.5457015,0.5767738,0.5541388,0.5617023,0.528715,0.5251114,0.53494143,0.5444739,0.54372936,0.5690236,0.56516236,0.561739,0.55699295,0.5408385,0.54088277,0.5518148,0.5517581,0.52838176,0.5328521,0.55488455,0.55385596,0.56096476,0.5496666,0.54517
618,0.5918253,0.5661043,0.5586826,0.5762068,0.57696754,0.58633965,0.57392913,0.56059074,0.584792,0.5849988,0.59601724,0.6245687,0.558542,0.57569736,0.5901691,0.57722104,0.6036913,0.56804156,0.5943371,0.5838507,0.5441708,0.572165,0.56185144,0.6255981,0.6094057,0.5909319,0.6096342,0.6255989,0.64528453,0.602071,0.5982957,0.589728,0.54692376,0.59531397,0.5656665,0.5859068,0.56385446,0.60536087,0.56302506,0.5517038,0.5627933,0.5419565,0.5306886,0.5886009,0.5722705,0.65229577,0.54085267,0.5904944,0.5671899,0.63622755,0.56458336,0.5394136,0.5812242,0.54962987,0.5442646,0.53503555,0.60158026,0.63159066,0.56893975,0.54626817,0.55969316,0.5876885,0.6519011,0.570984,0.5502426,0.5669748,0.6222452,0.61100507,0.5858334,0.5948025,0.59933966,0.5797084,0.6252765,0.67930925,0.608908,0.6079107,0.61359614,0.61616886,0.6137529,0.6414749,0.6360278,0.65494245,0.6686344,0.5789669,0.6250453,0.5561735,0.59322906,0.5606256,0.6210088,0.57721055,0.5595442,0.5865111,0.54521406,0.5798748,0.6587006,0.6007961,0.6533131,0.6130594,0.51604277,0.54799044,0.53821677,0.58842164,0.5883507,0.5955854,0.52914673,0.58373094,0.589029,0.53442633,0.55449164,0.56257004,0.5671052,0.53694904,0.47692618,0.5419705,0.561178,0.5647849,0.59463054,0.5485835,0.5750119,0.5700509,0.58538294,0.5892928,0.58629435,0.6011526,0.59596205,0.5664214,0.6155304,0.5960982,0.59037626,0.61144555,0.55794567,0.5651289,0.60319513,0.5510377,0.5493151,0.5769003,0.64327204,0.6330651,0.58643925,0.5919102,0.6095009,0.5838082,0.63678616,0.66512626,0.66194427,0.6507119,0.50190717,0.5927983,0.6439768,0.6158297,0.63967806,0.559195,0.56424415,0.5761709,0.6311481,0.540803,0.58643335,0.5703381,0.57581455,0.57747656,0.604016,0.63727474,0.5699826,0.5569746,0.606801,0.52034026,0.59290993,0.5824569,0.56855196,0.6235017,0.6598037,0.558726,0.6130429,0.6281653,0.58950496,0.5782186,0.57738847,0.5912937,0.56972134,0.55921847,0.59660697,0.541465,0.5541401,0.57268596,0.564283,0.57489115,0.58479005,0.56506616,0.57456076,0.5637715,0.6085076,0.61421365,0.5605075,0.5877944,0.6082654,0.55694073,0.58232707,0.5530567,0.5761962,0.55098206,0.5304061,0.5743588,0.54545915,0.6178858,0.57432026,0.6295505,0.62919635,0.6209023,0.66763526,0.6321035,0.62669635,0.60638136,0.55789226,0.623534,0.6018084,0.5521877,0.5581847,0.5827415,0.55111945,0.5296449,0.54818165,0.5420935,0.5054931,0.5614435,0.5838025,0.6260428,0.5227031,0.57647055,0.5523277,0.61574763,0.5642653,0.5404356,0.5786714,0.5308952,0.5424607,0.52099186,0.5927072,0.6082238,0.53327113,0.53055114,0.54318607,0.61549604,0.6484735,0.59194463,0.58999336,0.6003345,0.64148575,0.63414437,0.6047773,0.64478135,0.6223557,0.6196723,0.6635801,0.6731514,0.6296735,0.65256023,0.63746643,0.59906316,0.6134596,0.6458693,0.66488206,0.6491825,0.65659076,0.5970789,0.6249222,0.5763404,0.64515513,0.59080446,0.56791353,0.5854294,0.59034795,0.59551674,0.55073845,0.5923477,0.6829035,0.58422285,0.66881317,0.6543621,0.52065146,0.54118514,0.54907584,0.5970595,0.5936145,0.59071785,0.49994552,0.5696357,0.5944957,0.5445586,0.5690194,0.5546164,0.58576596,0.5655364,0.4813541,0.5191869,0.5270425,0.52765983,0.564289,0.56245196,0.5879528,0.56885785,0.58823955,0.5641361,0.61431646,0.6146862,0.59609187,0.5641596,0.6018863,0.5984683,0.61428773,0.6271173,0.55388397,0.5508391,0.6408761,0.56276447,0.55660105,0.62053245,0.6294655,0.5795294,0.60348994,0.59566635,0.62765443,0.61085624,0.6408329,0.64950645,0.6696455,0.6321574,0.47221065,0.5720774,0.6526959,0.65029246,0.6527242,0.56913763,0.5554401,0.5631068,0.59961647,0.53342104,0.5315256,0.55893403,0.5747244,0.5765407,0.65131384,0.6602836,0.5735427,0.52234596,0.5889261,0.50326574,0.56658226,0.590916,0.6299737,0.6303623,0.6689835,0.5369659,0.6238759,0.6194552,0.6111543,0.5799413,0.5894851,0.5533164,0.59321076,0.5492651,0.52383643,0.53653866,0.5402661,0.5403471,0.5807979,0.5786008,0.5777018,0.57333285,0.54538107,0.55033875,0.56182736,0.56302625,0.53149164,0.53502685,0.56122756,0.56033784,0.5753831,0.5609209,0.5575968
619,0.626289,0.5859383,0.59037703,0.6045639,0.6008714,0.60630095,0.5911454,0.5709058,0.60046035,0.6027982,0.60523367,0.6552196,0.58359575,0.6084606,0.63181657,0.5963901,0.6099308,0.57499754,0.6136786,0.61004484,0.5603942,0.58384085,0.5816256,0.64157945,0.6363818,0.6268986,0.65755314,0.64198434,0.6835156,0.64542776,0.63124967,0.6325541,0.5923318,0.62598944,0.61860824,0.6080662,0.59578645,0.63361967,0.59042865,0.5679442,0.59382004,0.5716898,0.5521551,0.6231845,0.602957,0.6705421,0.56041807,0.6007744,0.5708118,0.6424396,0.57257694,0.5530951,0.59404415,0.56888604,0.5647122,0.54147553,0.6279137,0.63261753,0.60238117,0.584914,0.5793491,0.6273718,0.6716538,0.60551083,0.5735576,0.5724263,0.65573263,0.64297473,0.63293517,0.62021285,0.6375845,0.58565664,0.6666858,0.682844,0.63532925,0.6384207,0.6197893,0.6119249,0.640574,0.63064694,0.66035277,0.6463372,0.66972655,0.603135,0.6381511,0.60261655,0.6352319,0.5814773,0.65080965,0.6139514,0.5777266,0.570924,0.547076,0.60559493,0.6648912,0.6198354,0.66954106,0.6432948,0.53227824,0.5509794,0.54924935,0.60213184,0.59670246,0.6006934,0.5412859,0.5876958,0.58539164,0.5589686,0.5700207,0.5707948,0.58531064,0.5609943,0.4932814,0.56124157,0.5557473,0.5704615,0.59759974,0.5565855,0.58509916,0.5801386,0.6150392,0.5873708,0.60742617,0.59656554,0.5997185,0.5876982,0.62076247,0.6207773,0.6203235,0.6495914,0.5783446,0.60530627,0.6041826,0.5555221,0.5469435,0.56545246,0.6444182,0.6350624,0.5958194,0.609791,0.640773,0.6118192,0.6604192,0.6729491,0.6681632,0.656411,0.51266986,0.6075112,0.6710986,0.6685748,0.6686958,0.58035487,0.5834296,0.58904386,0.6452346,0.55686307,0.5967437,0.5867366,0.6003388,0.5942055,0.66702235,0.67213166,0.57726103,0.5624595,0.61721504,0.51775265,0.6050988,0.5903001,0.5793003,0.65385085,0.64791757,0.5743118,0.6167434,0.6352359,0.58344984,0.6163849,0.5989543,0.5918211,0.6005964,0.5926449,0.63233656,0.55268466,0.57621825,0.5987109,0.590083,0.59970933,0.6054094,0.57252395,0.58573586,0.58458656,0.61516947,0.6512274,0.58716154,0.62076724,0.64070123,0.57444495,0.58129233,0.56877816,0.596157,0.57032055,0.54540277,0.598568,0.5619939,0.6302114,0.5964651,0.6719812,0.6684559,0.65088993,0.6911649,0.6819171,0.6605736,0.64353555,0.6055761,0.64071023,0.64762086,0.56586224,0.5860558,0.6093392,0.576161,0.5386228,0.5726861,0.56346804,0.52523667,0.5932474,0.6143338,0.64495724,0.54149437,0.59072715,0.5679071,0.61780703,0.5707993,0.5532428,0.58826697,0.5418372,0.56253546,0.53257626,0.62119997,0.6109035,0.55855167,0.5616044,0.57338756,0.6419016,0.6638445,0.62599534,0.6040259,0.5995164,0.670962,0.66794306,0.65233064,0.66600823,0.6782325,0.63476866,0.7039692,0.6878871,0.6731127,0.66067106,0.64606875,0.6011021,0.6386864,0.6487682,0.6774309,0.6439581,0.67114943,0.6277234,0.6402332,0.6244597,0.6594446,0.60916406,0.6077506,0.6155295,0.6103876,0.5781935,0.55297226,0.61384463,0.69429624,0.6044343,0.6794775,0.6787254,0.5363642,0.5454622,0.55736756,0.6167627,0.6055567,0.59804195,0.50259465,0.57587093,0.59227353,0.56926227,0.5778525,0.55772144,0.6048972,0.5896439,0.50106835,0.5309769,0.5234797,0.5292059,0.5653069,0.5684168,0.6056803,0.5818069,0.61229646,0.5628572,0.6437408,0.6144875,0.599841,0.5808637,0.6169662,0.62518615,0.65172356,0.670681,0.56984615,0.57036865,0.64574575,0.5679487,0.55975235,0.62650305,0.63789696,0.5861457,0.62375176,0.6181974,0.65482265,0.6358753,0.6581141,0.6510064,0.68000036,0.6379824,0.47740427,0.58797044,0.6813368,0.693744,0.6774328,0.58865494,0.575501,0.5785265,0.6112426,0.5553762,0.54561543,0.57257074,0.5971314,0.5925139,0.7003522,0.6860759,0.58367115,0.52085286,0.59905225,0.4969703,0.5797936,0.60045993,0.6377966,0.66119075,0.6734434,0.54051244,0.6316856,0.625544,0.60878587,0.6143495,0.5995717,0.54939705,0.6291883,0.57199365,0.52460784,0.5402759,0.53516203,0.53714985,0.5977761,0.59611785,0.59774154,0.5935435,0.55097425,0.56128556,0.5702022,0.57201064,0.53656155,0.53788954,0.57248354,0.57241714,0.5904042,0.5732769,0.57085127
620,0.6593286,0.6046131,0.61104524,0.6291519,0.6222385,0.6243078,0.60774857,0.57221556,0.6043115,0.6189536,0.6150389,0.68064106,0.60300773,0.6298736,0.65757316,0.60952127,0.6143843,0.5835237,0.62792975,0.6335149,0.5775755,0.59404397,0.6016303,0.6426189,0.6567424,0.6553428,0.6948737,0.6501646,0.70969945,0.6761868,0.65242696,0.66517854,0.6277958,0.64638156,0.65909934,0.6169202,0.62131745,0.65835667,0.60602885,0.57632786,0.6147493,0.5949876,0.5737806,0.6582054,0.63347954,0.68475425,0.57932866,0.60818785,0.5766303,0.64820504,0.57028574,0.5607027,0.5951377,0.58399385,0.57917047,0.5513241,0.651661,0.63415915,0.63297224,0.62219775,0.596581,0.6601637,0.6828614,0.6349637,0.5943743,0.57967925,0.68137354,0.6668121,0.6749711,0.6407751,0.66835254,0.589508,0.69904834,0.67993385,0.65787226,0.6647733,0.6201512,0.61139524,0.665168,0.618995,0.6796823,0.6365623,0.6660332,0.6293119,0.64758694,0.64538455,0.6719856,0.60054076,0.67150486,0.64278376,0.59291273,0.55498224,0.5475364,0.6265713,0.66563755,0.63830394,0.6770278,0.66634685,0.5420122,0.54536074,0.5512268,0.6022984,0.5909669,0.58848405,0.5471552,0.5862533,0.57067156,0.5854484,0.5854936,0.5750651,0.5986555,0.5799824,0.5153751,0.5759534,0.55276966,0.5811511,0.6037645,0.56320167,0.5891156,0.58576006,0.63603705,0.5835723,0.6227021,0.57386214,0.5917171,0.6031743,0.62120354,0.63677454,0.64193314,0.6784498,0.5953148,0.63923943,0.6023688,0.5590877,0.54405797,0.55614626,0.64764816,0.63754064,0.60052615,0.6294257,0.66782504,0.6290256,0.67852944,0.6725711,0.6635188,0.65595084,0.5262965,0.6270382,0.6886668,0.7099267,0.6857411,0.5924692,0.59720325,0.5973355,0.6525842,0.57583815,0.61045074,0.6005747,0.62034243,0.6042074,0.71344256,0.6957505,0.5831998,0.56575847,0.62273204,0.5152596,0.61263645,0.58444315,0.590557,0.67431813,0.6307087,0.5849854,0.605001,0.6236351,0.5635923,0.648123,0.6146356,0.5853966,0.6273241,0.6213516,0.6663286,0.5674502,0.588594,0.6220619,0.61503136,0.6235964,0.6242815,0.57207024,0.58515906,0.60659456,0.6245956,0.68693477,0.6082152,0.64135736,0.6579538,0.5869419,0.5781661,0.5866683,0.61269534,0.5900971,0.5640861,0.62108934,0.57973474,0.6279945,0.62064517,0.7115748,0.6996851,0.67703426,0.70395744,0.7175177,0.6810969,0.6692261,0.6448966,0.6485044,0.6779118,0.5670751,0.60736847,0.6319063,0.5879556,0.5402904,0.5907688,0.58068866,0.54797596,0.62853545,0.64447474,0.65881723,0.55933714,0.6032169,0.5834833,0.6170539,0.5672254,0.5594969,0.5867842,0.55101806,0.5771536,0.5459793,0.6466383,0.6120405,0.5824736,0.5934665,0.59933895,0.66273856,0.6752569,0.65409267,0.612534,0.60090953,0.6934038,0.69283193,0.6955945,0.6821898,0.72604144,0.6450579,0.73818755,0.69905764,0.7150622,0.6661348,0.6477788,0.6071837,0.66177046,0.654934,0.6901157,0.6416459,0.67732185,0.6576468,0.6485305,0.670239,0.6721706,0.6255991,0.63998914,0.64048463,0.62796485,0.56393766,0.553135,0.6338322,0.7014065,0.62501246,0.6818445,0.69506097,0.54786116,0.5426438,0.55552614,0.62298864,0.6038501,0.5886098,0.49972305,0.5770598,0.57853293,0.5959187,0.5859002,0.55925673,0.62086165,0.60762495,0.5239751,0.5413011,0.52163917,0.5334161,0.5684036,0.57100374,0.61582655,0.58897954,0.62836045,0.55997604,0.6689493,0.59503293,0.5953723,0.5908836,0.6243319,0.6472002,0.6830008,0.7059245,0.5842358,0.58620393,0.6471742,0.5722362,0.562274,0.6369166,0.6492154,0.5935357,0.6425853,0.6438351,0.680367,0.6493052,0.672184,0.6466003,0.68001854,0.6399455,0.48553807,0.60782975,0.7023015,0.72606784,0.68951184,0.60053897,0.5903123,0.5898278,0.6154106,0.58016586,0.5645743,0.585408,0.6152215,0.6028704,0.7322433,0.70154864,0.5910976,0.51882666,0.6048508,0.49361047,0.58951783,0.598616,0.6456012,0.6831916,0.671707,0.54404664,0.6223833,0.6119647,0.5927557,0.64099205,0.60554457,0.5411147,0.6610875,0.5915087,0.52698,0.5448933,0.52974135,0.53439164,0.615814,0.6138338,0.61778367,0.6133399,0.5564905,0.5715911,0.5743472,0.5757732,0.54259324,0.5408447,0.5855568,0.5870621,0.60296804,0.58428526,0.5819191
621,0.68172896,0.6165632,0.61555344,0.6427944,0.6343513,0.6344925,0.6186445,0.56320673,0.594596,0.6286222,0.6218039,0.6942546,0.6107674,0.6365881,0.66426516,0.6119387,0.61577374,0.59078085,0.63257575,0.6466253,0.58990204,0.5989687,0.6153065,0.6279538,0.6652895,0.67039347,0.71420276,0.6479497,0.7199878,0.6892654,0.6568399,0.6818917,0.64542717,0.65312535,0.6802176,0.61003053,0.6341709,0.6733652,0.60617214,0.5744278,0.6206824,0.60751444,0.589705,0.6851238,0.65674907,0.69303286,0.5945615,0.60958517,0.58316356,0.6536908,0.55823994,0.5610921,0.58335745,0.5918646,0.58400285,0.56326216,0.6667822,0.63539934,0.65287286,0.6483367,0.60777926,0.6795055,0.6838117,0.65225667,0.60671747,0.58476907,0.69467777,0.677494,0.703228,0.65323186,0.6857306,0.5903252,0.71624506,0.6715027,0.67118925,0.68200195,0.61576396,0.61486924,0.681512,0.60859364,0.6889415,0.6267523,0.6582795,0.65062517,0.65135545,0.674206,0.69622934,0.6134181,0.6796422,0.6589173,0.601931,0.54176295,0.5468024,0.63886774,0.66086394,0.65233165,0.6748211,0.677709,0.5422404,0.5320836,0.54398155,0.588205,0.57209283,0.56093913,0.54594046,0.5790944,0.54764414,0.6062621,0.59621596,0.5738162,0.6041831,0.5895354,0.53726757,0.58144665,0.5536671,0.5955333,0.6136895,0.5665012,0.58603716,0.585284,0.64239776,0.5783087,0.6277827,0.53799665,0.57306826,0.6081425,0.61611485,0.64008194,0.6504214,0.69333345,0.6049376,0.6603585,0.59832406,0.56112164,0.54131365,0.5501088,0.65196097,0.6400417,0.5987794,0.6459597,0.6843691,0.6312747,0.68736196,0.665027,0.65017927,0.6496429,0.5407726,0.64643353,0.69435364,0.73273575,0.6885436,0.59145105,0.6015876,0.5985584,0.65096426,0.5918432,0.6243675,0.60697055,0.629296,0.60496825,0.736595,0.70377564,0.58589983,0.5654471,0.6222607,0.51360434,0.6128976,0.56598914,0.5984197,0.68126655,0.6126901,0.5877618,0.5798089,0.59507257,0.53426427,0.66612715,0.6221202,0.57280433,0.64354396,0.638421,0.6890144,0.58053154,0.58740413,0.63565534,0.6310812,0.63921237,0.6354543,0.56296253,0.57197684,0.6230694,0.6332734,0.7116216,0.61714894,0.6462357,0.65851283,0.5899331,0.5737191,0.6017198,0.620521,0.60375196,0.5802804,0.6348314,0.5928036,0.6112116,0.6401718,0.7387065,0.716127,0.69247895,0.70522726,0.73378205,0.68407243,0.679677,0.6669747,0.646116,0.68832034,0.55499524,0.61693877,0.6452966,0.5835002,0.5337264,0.5977474,0.5905891,0.5674805,0.6580114,0.6676893,0.66615695,0.57391053,0.6097659,0.5957621,0.6148024,0.55437326,0.5584128,0.5737462,0.55726,0.5828521,0.55844307,0.6628907,0.61129785,0.59853184,0.6173789,0.61513925,0.6737323,0.6805004,0.6699279,0.6126549,0.6017989,0.7048561,0.7041054,0.72506016,0.6900506,0.7563407,0.6488933,0.7592288,0.704107,0.74456507,0.66745037,0.6428323,0.61581844,0.67581904,0.66163343,0.69878024,0.64154315,0.6745067,0.6793186,0.64890695,0.7022037,0.679911,0.6360515,0.65832525,0.6560088,0.63951343,0.5547172,0.55146915,0.6474299,0.70295465,0.64213,0.6758564,0.70085233,0.55164266,0.53284514,0.5441747,0.6137629,0.5885889,0.56432474,0.49320486,0.5723297,0.55625427,0.61692655,0.5903041,0.55807835,0.62981576,0.6152476,0.5438423,0.5462998,0.52195483,0.5408067,0.5748703,0.56993484,0.6161172,0.58825177,0.63167775,0.555785,0.6832258,0.56046796,0.5831988,0.591137,0.621793,0.65796804,0.7006872,0.72630656,0.5932077,0.5947982,0.64485025,0.57444924,0.5631571,0.64780354,0.66066533,0.5993041,0.65425766,0.66582394,0.69792354,0.64808387,0.68041116,0.6387174,0.6711386,0.63784534,0.49603984,0.627139,0.7121414,0.7418959,0.687898,0.6007446,0.5954225,0.59364766,0.6106626,0.5999581,0.58372813,0.5930957,0.62341934,0.60426706,0.7431455,0.7039434,0.59342116,0.51639974,0.60521954,0.4935639,0.5925399,0.58551353,0.6504537,0.69242907,0.6648375,0.54669774,0.59741455,0.58065593,0.5665142,0.6532966,0.6068739,0.5300438,0.68133914,0.60288054,0.53007555,0.5488287,0.52479523,0.5321187,0.62989235,0.6271157,0.6327546,0.62761337,0.56020534,0.5784791,0.5728749,0.5728709,0.54803765,0.5430975,0.5967637,0.60005313,0.60981554,0.59112,0.5877101
622,0.6863107,0.617604,0.6030529,0.64092666,0.63282305,0.6325742,0.6195886,0.54616934,0.5740498,0.6287672,0.6230731,0.69330287,0.6036113,0.62867165,0.65320766,0.6007257,0.6127497,0.5941609,0.6246996,0.64321125,0.59191084,0.5963216,0.61725956,0.6029307,0.66147834,0.67016155,0.7131051,0.6368162,0.714495,0.6835975,0.6431737,0.6806456,0.6412817,0.6453667,0.68023336,0.5897721,0.6325615,0.6756915,0.5922619,0.5634397,0.61167175,0.60924226,0.5962208,0.69857806,0.66882885,0.6955328,0.6048568,0.6027518,0.58804244,0.6591886,0.5407096,0.55585015,0.5620798,0.59185106,0.5789719,0.5752813,0.6700252,0.63492626,0.6578137,0.65739393,0.61082417,0.6822786,0.6756223,0.65379345,0.60673237,0.58506733,0.69460183,0.67337805,0.71322024,0.6564998,0.6874778,0.58740586,0.7162529,0.6608048,0.67286265,0.6878955,0.60953087,0.62225294,0.6858372,0.6015351,0.68634707,0.61939657,0.649049,0.6626122,0.6494469,0.6840043,0.7042347,0.61681503,0.67511386,0.6607575,0.60404146,0.53426254,0.5456615,0.6412864,0.65217197,0.65965784,0.6647186,0.6762581,0.53445256,0.51642525,0.5318073,0.56488734,0.54813665,0.5275484,0.5407785,0.5696045,0.5245624,0.6163055,0.6002804,0.5681471,0.6019011,0.58884734,0.5538686,0.577539,0.5603814,0.6121938,0.6271798,0.5657074,0.57672846,0.5790756,0.6317273,0.5728856,0.6221931,0.50211775,0.55050045,0.6006307,0.60659873,0.6309953,0.64541686,0.693218,0.6056103,0.6655031,0.5932156,0.56158197,0.5396403,0.54840916,0.656075,0.64168864,0.5917924,0.65537745,0.6865372,0.61873996,0.6852431,0.6538516,0.6331606,0.6388551,0.55580807,0.66189426,0.68899345,0.7347881,0.67794114,0.5768332,0.5953891,0.59265035,0.64024717,0.5988204,0.63463086,0.60180223,0.6228628,0.59692425,0.7359148,0.6954313,0.5846051,0.56104165,0.6169781,0.51307017,0.607476,0.5415687,0.6003947,0.6752333,0.5999962,0.5827596,0.5502602,0.5591736,0.505915,0.6669514,0.6212784,0.55885,0.64619315,0.6409512,0.6932827,0.5874431,0.5729062,0.63490844,0.63267374,0.64143026,0.6350164,0.5476466,0.54975164,0.6291674,0.637677,0.7193178,0.6102116,0.6355593,0.6449011,0.5811118,0.56826365,0.60971063,0.6160228,0.6048695,0.58844113,0.6350611,0.5969079,0.5861952,0.6507586,0.7477938,0.71499956,0.6940035,0.69724417,0.73000306,0.66880417,0.67432785,0.66665787,0.6344619,0.67884696,0.53355634,0.61329705,0.647694,0.56544155,0.5213019,0.59273964,0.59333646,0.57869333,0.67523086,0.6800746,0.66771257,0.58488435,0.60752326,0.6024088,0.6125647,0.5367044,0.55199033,0.55292374,0.560477,0.579156,0.5680231,0.6669506,0.6084159,0.60338366,0.6278351,0.6172897,0.67297316,0.6787117,0.67046964,0.6030757,0.59972227,0.7045335,0.70011115,0.7350536,0.6885017,0.76530004,0.6457548,0.7635014,0.70256025,0.7552919,0.66427994,0.63398546,0.62555355,0.6775446,0.665583,0.6999102,0.6427662,0.6653239,0.6888001,0.6430154,0.71456456,0.6808121,0.63729227,0.66114557,0.65971845,0.64345086,0.55163777,0.5490707,0.6511696,0.69867676,0.6531977,0.66447085,0.69659656,0.5481998,0.520247,0.5283149,0.5928528,0.56664324,0.53422594,0.48828673,0.56437474,0.53418237,0.6274267,0.5905504,0.55474025,0.6302867,0.6118858,0.55652225,0.5457815,0.5261795,0.5521862,0.5857014,0.56574553,0.60728395,0.5803086,0.6209625,0.5514787,0.6835484,0.5235567,0.5682417,0.5811965,0.6100151,0.6545182,0.70191026,0.7294016,0.59434634,0.59458387,0.6392638,0.57401294,0.561973,0.65502995,0.669432,0.6013304,0.6558685,0.6785055,0.70296866,0.6333301,0.6811613,0.6316132,0.6574368,0.63182265,0.5097326,0.6426425,0.7105917,0.73969775,0.6750922,0.588598,0.589542,0.58918685,0.5981998,0.607968,0.59843737,0.5914583,0.61816645,0.5961373,0.7334333,0.693121,0.58990943,0.51386786,0.6003353,0.49580583,0.5894096,0.56643,0.6504243,0.68916345,0.65569615,0.548254,0.56597316,0.5425098,0.53991485,0.6486991,0.60414827,0.5207837,0.68623775,0.60363925,0.5328917,0.55102557,0.52137315,0.53053033,0.6361762,0.63242185,0.6387491,0.63261867,0.560688,0.5797729,0.56647795,0.5644855,0.5514163,0.54401934,0.6032781,0.60775834,0.60909855,0.5918814,0.58655053
623,0.6706004,0.6071435,0.5772675,0.6234766,0.6174091,0.61774546,0.6088593,0.52684075,0.54981834,0.6195102,0.6187849,0.678927,0.58238983,0.60963523,0.6295233,0.57679164,0.6051162,0.59234184,0.60427,0.62117666,0.5807445,0.5863966,0.6061835,0.577971,0.64907056,0.656175,0.6944924,0.6223821,0.6972354,0.6621629,0.6141388,0.6639001,0.61616075,0.6255146,0.66202766,0.5637203,0.61999243,0.6669024,0.5710215,0.54836833,0.59299886,0.6043991,0.593062,0.69775957,0.6702936,0.69472533,0.6109979,0.5879683,0.58932054,0.6652456,0.52460635,0.54901224,0.5388611,0.5862977,0.5676023,0.58561754,0.66222185,0.6322167,0.6484691,0.6490126,0.6055026,0.66914356,0.66180634,0.64022344,0.5937858,0.579621,0.6830859,0.65626407,0.7048792,0.6513132,0.67490894,0.5803486,0.70113695,0.65142304,0.6633167,0.6829148,0.6043682,0.63288766,0.6773049,0.5990491,0.6733942,0.61683327,0.6417864,0.66453886,0.64382833,0.67517686,0.6959384,0.609733,0.6612103,0.6502605,0.60075986,0.5339038,0.544952,0.6350878,0.64301974,0.660643,0.65074605,0.6637307,0.52370524,0.5057018,0.5217534,0.5418927,0.5310209,0.502074,0.5375513,0.56371325,0.5115937,0.61463803,0.59885633,0.56149215,0.59430057,0.58064455,0.5628961,0.5685071,0.5742358,0.6302883,0.64338857,0.5612655,0.5636809,0.5693612,0.6061682,0.56891847,0.609025,0.4817894,0.53365916,0.58209723,0.5954443,0.6138429,0.6302609,0.68029183,0.59834754,0.654996,0.58835375,0.5610319,0.5395252,0.551431,0.6594436,0.6420391,0.5833226,0.6570095,0.6745906,0.59589016,0.6736668,0.6440007,0.61856323,0.6262339,0.5721549,0.6724296,0.6762151,0.7176624,0.6575589,0.55255014,0.58049405,0.5811812,0.6230121,0.5934053,0.6387359,0.58347666,0.60116625,0.5825548,0.71503603,0.67411745,0.5796785,0.55358815,0.6096503,0.51353055,0.60127336,0.52113074,0.5964497,0.65962756,0.5971868,0.5727842,0.5292698,0.53083843,0.49051976,0.65126646,0.6141751,0.5505942,0.6360453,0.63079935,0.67699456,0.5866586,0.5494818,0.61951506,0.6189369,0.62905204,0.6221361,0.53152424,0.5260634,0.6240804,0.6364751,0.709169,0.5878471,0.61347204,0.6233218,0.5615541,0.56194097,0.60871077,0.5986865,0.5898617,0.5857558,0.6211477,0.59147966,0.5636199,0.6521945,0.73812157,0.6984385,0.683366,0.6852112,0.7092777,0.63871276,0.6564121,0.64379835,0.61672145,0.65374637,0.51085514,0.59971166,0.64146537,0.5421291,0.5081336,0.5795283,0.5922879,0.57985526,0.67886245,0.68184733,0.66635996,0.59373695,0.596595,0.6029984,0.61209697,0.52119184,0.5446159,0.5318274,0.5619635,0.5692245,0.57422704,0.6602464,0.60420406,0.59786826,0.624493,0.6061688,0.662113,0.6714945,0.6568827,0.5850257,0.59409565,0.694901,0.6829788,0.72494775,0.6793194,0.7539766,0.6369709,0.7518086,0.6962541,0.7460709,0.6579269,0.6257067,0.63569903,0.6685013,0.6657061,0.6928455,0.6454869,0.6550011,0.6868094,0.6352743,0.70777625,0.67552555,0.6287058,0.6514078,0.6526455,0.6410506,0.5549252,0.5473648,0.6446954,0.69079167,0.658047,0.6530947,0.68575907,0.54135454,0.5113156,0.5154759,0.56918406,0.54924726,0.51104295,0.49074015,0.5584574,0.522816,0.6270167,0.5886046,0.55125296,0.62400836,0.6008584,0.5610432,0.542953,0.53622943,0.5681242,0.6011368,0.55970365,0.5930005,0.56845796,0.599086,0.54850304,0.6714312,0.5003591,0.5577964,0.5635378,0.5924655,0.6386445,0.6885297,0.7169129,0.58766323,0.58648914,0.63230556,0.57142866,0.559206,0.6569265,0.6745755,0.598961,0.64845616,0.6802355,0.6948527,0.6101642,0.67514664,0.6303,0.6448869,0.62306607,0.527532,0.65353787,0.70088476,0.7215782,0.6566898,0.5674513,0.5745199,0.57754207,0.5817149,0.60134107,0.60604036,0.57815653,0.59949285,0.580295,0.70739865,0.6725632,0.581484,0.5116251,0.59190387,0.4987343,0.58422023,0.5501691,0.6460734,0.67743737,0.64837044,0.5490237,0.54181176,0.5135451,0.5252149,0.6294663,0.59895957,0.51852393,0.6769643,0.5947683,0.53462636,0.5514493,0.52043873,0.5301152,0.6335067,0.6288632,0.63491267,0.62767285,0.5576538,0.5751783,0.5576586,0.55399334,0.5520354,0.54349196,0.6041485,0.6087727,0.6014003,0.5866239,0.57911754
624,0.6377641,0.5888837,0.54578507,0.5952836,0.59235644,0.59333783,0.5885561,0.51183116,0.5305511,0.6045756,0.61145264,0.6560389,0.55244035,0.58521134,0.60056967,0.5455664,0.59445876,0.5860589,0.5747626,0.58388263,0.55763227,0.57214695,0.5856693,0.5635775,0.63475233,0.6330494,0.6660226,0.6123527,0.6752658,0.6311648,0.5756675,0.6380182,0.57504624,0.59857,0.6319841,0.5414173,0.6036321,0.65228003,0.55163103,0.53586125,0.57319456,0.5992548,0.5836808,0.6861369,0.66521233,0.69398993,0.6151921,0.56823534,0.586288,0.67227507,0.5165235,0.5454225,0.52217925,0.57968396,0.555551,0.59430426,0.6479614,0.6284173,0.6299948,0.6283127,0.5932823,0.6441846,0.64724904,0.6157118,0.56991357,0.56824327,0.6641527,0.6306428,0.68176895,0.63991594,0.6522568,0.56892145,0.6766549,0.6456732,0.6455579,0.66990966,0.601762,0.6457029,0.6585025,0.6011192,0.6541629,0.61954504,0.6389638,0.6590596,0.6378346,0.6526719,0.6745733,0.5937459,0.6436321,0.63242435,0.59490967,0.53952765,0.54513025,0.6233139,0.6374864,0.6579207,0.6377415,0.64398587,0.5161138,0.50568455,0.5203046,0.5286666,0.52984864,0.49519727,0.5420295,0.56664056,0.51549065,0.60468405,0.59536636,0.5576235,0.5855165,0.569678,0.5657013,0.56072956,0.5947815,0.64946896,0.6610779,0.55431885,0.54989475,0.55923116,0.5722241,0.5673837,0.5935986,0.48654455,0.5302021,0.55673295,0.58568436,0.5952929,0.610933,0.6593515,0.5862121,0.6322113,0.5845518,0.56034863,0.54058903,0.5580704,0.66242206,0.6414119,0.5781406,0.65404224,0.65300786,0.5698753,0.6568205,0.6396772,0.6107662,0.6150326,0.5908271,0.67959994,0.6613337,0.68623674,0.632585,0.5258437,0.5614093,0.5668133,0.60338426,0.5765991,0.63678694,0.55403805,0.5694052,0.56537104,0.68112165,0.64661855,0.57264394,0.5449915,0.60301274,0.51448756,0.5995067,0.51313055,0.589222,0.63911545,0.60478187,0.562063,0.526595,0.5223676,0.49548006,0.6232059,0.6044556,0.55352974,0.61738527,0.6136761,0.64371055,0.5799293,0.52411926,0.5937438,0.59383607,0.6051194,0.5994219,0.52056164,0.5092213,0.61124283,0.63116956,0.6854401,0.55507827,0.5868726,0.6015882,0.5357196,0.5549428,0.5999359,0.571587,0.55973244,0.5730625,0.59666246,0.5798516,0.55294335,0.6480078,0.71367997,0.6731205,0.6666171,0.6757503,0.6782159,0.6008906,0.6324831,0.6030783,0.5974997,0.62064654,0.49528596,0.5829069,0.63200057,0.52382606,0.49967274,0.56501645,0.5921175,0.57345206,0.67248136,0.67663926,0.66555303,0.6026772,0.58006346,0.5988727,0.6147238,0.514323,0.5413231,0.51839286,0.56407946,0.5585876,0.57845616,0.6480137,0.6008175,0.5862468,0.61191934,0.5857077,0.64645,0.66311026,0.6342114,0.56155956,0.5856641,0.6809818,0.6583459,0.69879967,0.6665446,0.72730184,0.62567955,0.7294288,0.68891996,0.7201878,0.65094787,0.62227786,0.64652604,0.65458006,0.66392887,0.6801793,0.6505672,0.64935464,0.6778878,0.63172954,0.6873316,0.6668511,0.6124643,0.6356131,0.63960075,0.6361613,0.56342715,0.54743725,0.63089633,0.6836442,0.658864,0.6474473,0.6739535,0.5361204,0.5116547,0.51219565,0.55281186,0.5458883,0.5044691,0.50390774,0.55948263,0.5285946,0.6196253,0.5879143,0.54965943,0.6156736,0.5877725,0.5595663,0.54232895,0.5528205,0.5883213,0.620306,0.55331784,0.57833356,0.55711055,0.5724145,0.54762125,0.6522838,0.5014563,0.5577807,0.5424379,0.5739021,0.6161944,0.666714,0.6943187,0.5754121,0.5733516,0.62670356,0.56809384,0.55591923,0.65469897,0.6773095,0.5930475,0.6365343,0.67396003,0.6769905,0.5858834,0.66520685,0.63850456,0.63911945,0.61380535,0.5494986,0.66130316,0.68910813,0.6930692,0.6394355,0.5435338,0.55463403,0.5609679,0.5655107,0.58219993,0.6065959,0.55395764,0.5715118,0.5601547,0.67318195,0.6488251,0.5702845,0.50962627,0.5823366,0.50102293,0.5821118,0.5448805,0.64061016,0.66374165,0.64701056,0.549463,0.53563327,0.5058795,0.53058475,0.601701,0.5935623,0.5260037,0.65912557,0.5800121,0.53474677,0.5508979,0.5221277,0.5311393,0.62363935,0.618559,0.6237189,0.6152217,0.552005,0.56649673,0.5494541,0.54520375,0.55018514,0.5419573,0.6004869,0.6043273,0.589332,0.5772632,0.5680918
625,0.59717035,0.56960064,0.51837826,0.5651785,0.56549114,0.56625354,0.5646871,0.50583965,0.5230444,0.5907544,0.6052486,0.6329383,0.5228007,0.56211376,0.57436746,0.51590097,0.58367836,0.57778394,0.54320896,0.54033047,0.52820414,0.55831355,0.5627519,0.5661556,0.6262796,0.6086192,0.63861334,0.6129289,0.65703297,0.5986423,0.53559804,0.6117927,0.5263176,0.57076144,0.59909225,0.5301784,0.5919048,0.63895863,0.54200655,0.53158075,0.5613262,0.5996688,0.57464916,0.6707013,0.6593801,0.69599694,0.61998254,0.5485025,0.57973087,0.6801714,0.5201127,0.5487494,0.5179818,0.576856,0.5485682,0.6032156,0.6341312,0.62550706,0.6108685,0.60524434,0.5770707,0.6147679,0.63720226,0.587011,0.5392228,0.5511746,0.64321995,0.6027137,0.65098053,0.62602305,0.6261304,0.55325294,0.65162486,0.64459884,0.6251026,0.6540229,0.60166264,0.6593388,0.6354469,0.60672736,0.6346514,0.62576884,0.64090675,0.65120775,0.6352516,0.62571925,0.64667624,0.57262665,0.6289181,0.61408675,0.58979464,0.5477139,0.5462275,0.6104695,0.63861746,0.65522504,0.63002825,0.6225535,0.5169286,0.5184851,0.5311017,0.530788,0.5472423,0.5103807,0.5576888,0.5802496,0.53678364,0.59350187,0.59458715,0.5588096,0.5809299,0.5614,0.56678224,0.5602998,0.61935586,0.6689507,0.67853963,0.54642725,0.5380535,0.551596,0.5395975,0.5680854,0.5817766,0.51674545,0.5425274,0.5303249,0.57929885,0.5820681,0.5948388,0.637224,0.57339555,0.60327774,0.58189106,0.5603108,0.5418396,0.5655265,0.665425,0.640486,0.58028257,0.65178007,0.62940294,0.54853994,0.64041823,0.6428041,0.61111736,0.6082218,0.6123817,0.68604356,0.64990276,0.6491181,0.6084115,0.50509995,0.54443336,0.55340666,0.5853319,0.5534965,0.6311134,0.519527,0.53679526,0.5497021,0.64486104,0.62130743,0.5660444,0.5369273,0.5987263,0.51516587,0.6054154,0.52131927,0.5834915,0.61886156,0.6193428,0.55499154,0.54504776,0.53835094,0.5208623,0.5897694,0.59614915,0.5688462,0.59768325,0.59789246,0.60318345,0.5711524,0.5043196,0.565653,0.5652211,0.57664734,0.57296634,0.5187195,0.50497645,0.59737116,0.62516576,0.65709156,0.52097744,0.5634901,0.58676,0.51072836,0.5478073,0.58742625,0.5415021,0.5208912,0.55473095,0.56885695,0.567759,0.55899286,0.64405364,0.6834125,0.6487325,0.6519116,0.6745858,0.64607626,0.56440145,0.61077213,0.55334586,0.58124346,0.58882564,0.4919408,0.5708574,0.6257664,0.5183264,0.49964157,0.5568091,0.5969927,0.5656409,0.66320676,0.6700858,0.6680959,0.6135121,0.5630829,0.5927121,0.6208066,0.5194985,0.54585797,0.5177278,0.56925553,0.553224,0.58349866,0.6375317,0.6009031,0.57504296,0.5985279,0.56234866,0.63367206,0.65913695,0.6102942,0.5362038,0.57501215,0.6690298,0.6338684,0.6651277,0.6548032,0.69403213,0.6157085,0.7054845,0.6849646,0.68567646,0.64596057,0.62581646,0.6587019,0.64379025,0.66372997,0.66641635,0.65805286,0.6524443,0.66885245,0.6375927,0.66306615,0.6585045,0.59217346,0.62248397,0.62775344,0.6338523,0.57393456,0.5495573,0.61475426,0.68177825,0.6593312,0.65120995,0.66710716,0.53698087,0.5237888,0.52183396,0.5509591,0.5606423,0.51775867,0.52788025,0.56974304,0.55122095,0.6123017,0.5921918,0.5507923,0.6118163,0.5785567,0.55695695,0.54800713,0.57490957,0.6111165,0.64119077,0.54790276,0.5681144,0.550206,0.5491775,0.54848623,0.63353837,0.52837354,0.56981176,0.5228046,0.55884486,0.5948574,0.64573324,0.6701015,0.5611028,0.5588341,0.6246347,0.5655571,0.5530838,0.65085953,0.6796698,0.58544743,0.62632084,0.66562486,0.6559444,0.5678368,0.6552736,0.65690595,0.64325273,0.6069232,0.574621,0.66866827,0.6822097,0.6624999,0.62872523,0.52419364,0.5358571,0.54311544,0.55274165,0.5570239,0.60251814,0.5235762,0.54198426,0.5404657,0.6414353,0.6294285,0.5594113,0.50705487,0.57363147,0.5018249,0.5868366,0.5548422,0.63856083,0.6551531,0.6541504,0.5498166,0.5509856,0.52319235,0.55656046,0.57314783,0.59024864,0.5423734,0.6416806,0.5649376,0.53311235,0.55057365,0.5252005,0.53294975,0.61064833,0.60595804,0.60996145,0.599882,0.5454166,0.556866,0.5442072,0.5408563,0.5469011,0.54021543,0.59513205,0.59766316,0.57664347,0.5669239,0.55719614
626,0.562544,0.55682963,0.50445753,0.5434481,0.54602057,0.54505265,0.5453522,0.51075953,0.5306475,0.5856959,0.6044136,0.61901873,0.503821,0.5468635,0.558138,0.4974118,0.5758703,0.5706857,0.518826,0.50294834,0.50118977,0.5499168,0.5454999,0.586925,0.6298989,0.5921954,0.623128,0.6260822,0.65019494,0.5725304,0.5022602,0.59418255,0.48036367,0.54806644,0.57304597,0.53369725,0.5922399,0.63399863,0.5470073,0.5387606,0.56450593,0.60956955,0.5735509,0.66041994,0.6586818,0.7021642,0.6272536,0.53436893,0.57183325,0.6883919,0.53536314,0.5602739,0.52832407,0.58128995,0.5511699,0.61411536,0.6276493,0.62488467,0.6007061,0.5919776,0.56104344,0.59046936,0.63588023,0.56256074,0.5080235,0.53019917,0.62622875,0.5793939,0.62234676,0.6140017,0.6043362,0.53483593,0.635631,0.64836615,0.6086342,0.64130443,0.6031603,0.67228955,0.61572427,0.6144195,0.62128437,0.63286406,0.6463221,0.64731216,0.63919723,0.6063412,0.62090683,0.551367,0.62260616,0.6016009,0.58863074,0.55456537,0.54799193,0.60165983,0.6472419,0.65616184,0.6305126,0.60619396,0.52941847,0.5423386,0.5540895,0.5490851,0.58001757,0.54434973,0.5845756,0.60255414,0.5702679,0.5896446,0.6013869,0.56546474,0.5859003,0.5608644,0.5718766,0.57143855,0.6437218,0.68684083,0.69341356,0.53962845,0.5303262,0.54865813,0.51861674,0.57001346,0.5782821,0.56488276,0.5677758,0.50916916,0.57715946,0.5791055,0.5886521,0.621121,0.5640594,0.5759453,0.58012384,0.5613505,0.54236114,0.5705094,0.6683689,0.639852,0.59178835,0.6550468,0.61248225,0.5389043,0.6305187,0.6527927,0.6185613,0.6078379,0.63603365,0.6941998,0.6462439,0.6172811,0.58986,0.4977757,0.53614426,0.545641,0.571986,0.53166217,0.62497425,0.48886314,0.5138413,0.54041964,0.6179471,0.6061743,0.5627166,0.5305886,0.5978139,0.5148204,0.6199171,0.5443947,0.5844158,0.6041141,0.6356084,0.55491376,0.5808865,0.5756729,0.56009126,0.55964303,0.5922252,0.59342587,0.5860429,0.5921905,0.5694579,0.56503415,0.4964721,0.5450051,0.5429238,0.5532517,0.55129004,0.5270863,0.5153865,0.590479,0.6222459,0.63555044,0.49652234,0.550026,0.5834947,0.49483937,0.5414541,0.5766488,0.51774395,0.48388013,0.53750145,0.5471544,0.5613087,0.5819063,0.64663553,0.6594347,0.63501924,0.646834,0.68430024,0.62209135,0.537932,0.59867543,0.50567776,0.57117254,0.56681925,0.5021117,0.5706391,0.628475,0.52939045,0.5094671,0.56100345,0.6095263,0.56386685,0.6594759,0.6681699,0.6755346,0.62681025,0.5514541,0.5880095,0.62939847,0.53635514,0.55950886,0.5310205,0.57874084,0.5579313,0.59186876,0.6357519,0.6062473,0.57140917,0.5941771,0.5438048,0.6310031,0.6636265,0.5938861,0.512649,0.5624672,0.66465825,0.616839,0.63518876,0.64768517,0.66512054,0.6101948,0.68992716,0.6875414,0.6543747,0.6443574,0.63541013,0.6723012,0.6428719,0.6679107,0.65603215,0.6667246,0.6650373,0.6669007,0.6544515,0.6472354,0.65412503,0.571447,0.62066114,0.6233539,0.6382875,0.58190113,0.55311656,0.60143024,0.6877217,0.66315013,0.6647129,0.6691777,0.5469279,0.546492,0.5439881,0.56632406,0.59223604,0.54846084,0.55995005,0.58847857,0.584803,0.612827,0.6041707,0.554337,0.6182426,0.57809305,0.55940926,0.56261474,0.59973556,0.6332493,0.6606116,0.5443774,0.5658812,0.55045664,0.5371988,0.550043,0.6221275,0.5747523,0.5909691,0.50941145,0.55080044,0.58151525,0.6349019,0.6533261,0.54842716,0.54650146,0.62672997,0.5648317,0.5512638,0.6477994,0.6831123,0.5784326,0.6235081,0.6616202,0.6398621,0.56194794,0.6493555,0.68230444,0.65682346,0.6051496,0.60056514,0.67826796,0.6851472,0.6389575,0.62720424,0.5163919,0.5247275,0.52914894,0.545143,0.5347763,0.5975328,0.49497828,0.5204579,0.52683705,0.6219348,0.6205505,0.5524719,0.5028715,0.56720096,0.5005641,0.5998795,0.5794537,0.64348537,0.6572427,0.66917175,0.55004114,0.58501315,0.5618131,0.5966161,0.55085707,0.5903667,0.5641443,0.63427687,0.55596596,0.5303477,0.5518121,0.52762383,0.53416204,0.5996522,0.596297,0.5991205,0.5871205,0.5398493,0.54958946,0.5432202,0.5423224,0.5435784,0.53907615,0.5917392,0.59274316,0.5674309,0.55920184,0.55021906
627,0.54640234,0.556707,0.51047283,0.53848255,0.54169804,0.537298,0.53792685,0.5262413,0.55308026,0.59472173,0.61196864,0.6212407,0.50393957,0.5440927,0.5565989,0.49747208,0.5736184,0.56777924,0.51022226,0.4835257,0.4856072,0.5508615,0.5407549,0.6220353,0.64800847,0.59089017,0.62622386,0.64910096,0.6588285,0.5583154,0.48261583,0.5913451,0.44688615,0.53462243,0.5610581,0.55239874,0.6087184,0.64229757,0.5677501,0.5576721,0.58555335,0.6296157,0.58587956,0.66307217,0.667242,0.71242803,0.6374825,0.53090054,0.56572515,0.69615954,0.5593183,0.5786972,0.551704,0.59402734,0.5654884,0.6270391,0.6330095,0.62671304,0.6068451,0.59807706,0.5496732,0.57965547,0.64451236,0.5502724,0.48389465,0.50967896,0.6178849,0.56657284,0.6051642,0.6069816,0.59332937,0.5167088,0.6351715,0.6562526,0.6016471,0.63602173,0.6049012,0.6832252,0.60549843,0.62278837,0.6188088,0.63930374,0.65341586,0.65311617,0.6508445,0.6051201,0.60492426,0.53454244,0.62738925,0.5982378,0.59372073,0.5575759,0.54999185,0.60055304,0.6617804,0.6629842,0.63961315,0.6010076,0.5540812,0.5727784,0.5854924,0.5801275,0.62119144,0.5890059,0.61875194,0.6290899,0.60750645,0.5998129,0.61890954,0.5767699,0.603109,0.5711516,0.58532727,0.59538656,0.66366297,0.700708,0.703116,0.5361761,0.5281936,0.55157405,0.516922,0.57216257,0.5856097,0.6184535,0.5998506,0.49878612,0.57964915,0.5885822,0.59603375,0.6159357,0.56115973,0.55704445,0.5789812,0.5634813,0.5417622,0.5714177,0.67098236,0.6400303,0.6121922,0.6661968,0.6091747,0.5458667,0.6317623,0.6670872,0.6303896,0.6144634,0.6594055,0.7055441,0.6520558,0.5999892,0.5802363,0.5087883,0.54132724,0.5478172,0.5655389,0.5188125,0.621486,0.4713662,0.5092126,0.5418869,0.6083834,0.606597,0.56497806,0.5269389,0.6010006,0.51305753,0.6420891,0.5771752,0.59517014,0.5991532,0.64860666,0.56328416,0.6255656,0.6252426,0.6026921,0.5407527,0.5934222,0.6217316,0.58969396,0.6023697,0.5552458,0.56606984,0.5048143,0.54020524,0.5359657,0.5442264,0.54291165,0.5444007,0.53896916,0.59708214,0.62538666,0.63065624,0.49128115,0.55044883,0.5930686,0.49508464,0.53714144,0.5727054,0.5093598,0.45982805,0.52836925,0.5403711,0.56525934,0.6175793,0.6602821,0.6522179,0.6382612,0.65616435,0.70288044,0.6119876,0.5275194,0.6001051,0.46997783,0.5686005,0.5600324,0.5241812,0.58602047,0.64317584,0.55646336,0.5282848,0.580125,0.62968355,0.57364535,0.66788995,0.67496824,0.6875511,0.6413212,0.550144,0.5881639,0.6383908,0.5614008,0.58061177,0.5559709,0.5916876,0.574669,0.6043622,0.64659923,0.6165767,0.5806666,0.60634184,0.53667074,0.64176726,0.67659354,0.5918105,0.49474183,0.5494312,0.6707548,0.6117386,0.6186371,0.64699244,0.6499225,0.6105286,0.68904334,0.69732654,0.63800806,0.64607936,0.6478306,0.6864231,0.654922,0.67740136,0.65223044,0.675355,0.6844213,0.6771886,0.6789922,0.6501178,0.65646666,0.5533296,0.6352765,0.6284175,0.6508767,0.5839531,0.55704397,0.5944484,0.70095026,0.67219424,0.6848987,0.68055475,0.56682724,0.5756392,0.5744447,0.5966257,0.6348329,0.5898183,0.59492904,0.6126998,0.62078786,0.6266347,0.62448555,0.55970025,0.6369198,0.5889036,0.57196534,0.5866278,0.62366897,0.6505774,0.6746994,0.54297,0.5729122,0.5589094,0.54168326,0.5514454,0.62265354,0.62872595,0.61584723,0.5059337,0.55203295,0.5805172,0.6400835,0.6502652,0.54046124,0.5391079,0.6320506,0.5662387,0.5507684,0.6476283,0.6880823,0.57435745,0.6316548,0.6663373,0.6359082,0.57166564,0.6503315,0.7085023,0.67594874,0.6099779,0.6238144,0.6913675,0.6988246,0.6292685,0.6345689,0.52512306,0.5267323,0.52479225,0.54350203,0.524107,0.5953801,0.47692636,0.5152692,0.52465826,0.62021756,0.6253934,0.55279726,0.49663135,0.5640531,0.49685866,0.6206247,0.61372286,0.65633345,0.6719429,0.68821025,0.5500289,0.63007677,0.612682,0.6402188,0.53964823,0.59357274,0.5868322,0.64315337,0.5583448,0.5278214,0.5557188,0.5278771,0.5336156,0.59505314,0.59361064,0.5955434,0.5816352,0.53697824,0.5470101,0.5468733,0.5497891,0.5414845,0.5389959,0.5934086,0.59281236,0.5650109,0.55709255,0.5500107
628,0.5550776,0.57196575,0.5373862,0.55390465,0.5561762,0.5470673,0.5464899,0.54985666,0.5862908,0.61843824,0.6288055,0.6414645,0.5264502,0.5550177,0.5703272,0.51858807,0.57855225,0.57112813,0.5221555,0.48955595,0.4875433,0.5627889,0.5520295,0.66349375,0.67814916,0.6067617,0.64787424,0.6762371,0.6808161,0.557487,0.48023117,0.6045371,0.43222335,0.5319624,0.56556493,0.5829111,0.63990486,0.6643263,0.6005828,0.5853148,0.6212733,0.6562758,0.61238974,0.68141997,0.68549705,0.7248142,0.64942604,0.5413694,0.5645371,0.70253396,0.58690053,0.6004998,0.5835709,0.6132727,0.5899312,0.6405572,0.6507868,0.63047665,0.6311574,0.62619656,0.54612416,0.58580416,0.66052634,0.55425894,0.47301245,0.49563578,0.6197237,0.56673455,0.60452616,0.60562783,0.595658,0.50192857,0.65089,0.6666207,0.6069791,0.6393324,0.6051653,0.6911746,0.6078142,0.63055617,0.6289561,0.6452288,0.6601426,0.6707145,0.6683796,0.626196,0.60285175,0.52518475,0.6419039,0.6035484,0.60529596,0.55615556,0.5516942,0.60787106,0.6791385,0.6755201,0.654515,0.6088933,0.58777183,0.60415626,0.6187401,0.6171246,0.6619906,0.63377273,0.6531201,0.6548606,0.63978475,0.6256869,0.64685774,0.5910929,0.63058275,0.59201914,0.6079433,0.62947536,0.67633176,0.7087888,0.7059297,0.53768384,0.5320662,0.5600218,0.5368103,0.5739467,0.6033509,0.66428643,0.6313696,0.50229406,0.58675045,0.60921514,0.6163933,0.62250084,0.565672,0.5502707,0.57799655,0.5662892,0.54009163,0.56934667,0.67325747,0.6416324,0.6383504,0.6844222,0.6220073,0.5701624,0.6451079,0.68207526,0.64259595,0.6268019,0.67931914,0.72003245,0.66561097,0.6012203,0.5799529,0.53842175,0.5608849,0.5619754,0.5667823,0.5201162,0.6228965,0.47375488,0.52719146,0.55601215,0.6178884,0.6229954,0.57388186,0.5266491,0.60782343,0.5100385,0.6691659,0.61228424,0.6156647,0.6055948,0.6545668,0.5791833,0.66845876,0.67485267,0.6379604,0.5376641,0.59821546,0.64791054,0.61051697,0.6286895,0.5668087,0.57701427,0.5297005,0.5552087,0.5493845,0.5549545,0.5530758,0.5674482,0.5708297,0.61936265,0.6360257,0.6468811,0.50992113,0.5649592,0.6131858,0.51426494,0.536283,0.5785681,0.5216174,0.45658907,0.53205365,0.5534247,0.58141685,0.65835047,0.685484,0.6663373,0.6588947,0.6800858,0.7244162,0.6164139,0.5349127,0.61434335,0.45257324,0.57274705,0.5693647,0.5536277,0.6153189,0.66853935,0.59393305,0.5527076,0.6115985,0.6540172,0.5961317,0.6901415,0.69070035,0.70188737,0.65416205,0.5617613,0.5951923,0.6455994,0.5888717,0.6046591,0.58745086,0.60520524,0.6011055,0.6197857,0.6692236,0.62957585,0.6038995,0.6365533,0.5437645,0.6640124,0.6945466,0.6061852,0.48570898,0.5393378,0.6862179,0.61893946,0.62005687,0.65280265,0.65340143,0.6160039,0.7033983,0.7129663,0.6439645,0.6507504,0.6592903,0.6996947,0.6789489,0.69158465,0.65685165,0.6838789,0.70565873,0.7002025,0.7047128,0.6751549,0.6664495,0.54057634,0.66502815,0.64041257,0.6699774,0.5800921,0.56035805,0.5954135,0.7186982,0.6855389,0.7065102,0.6980501,0.5945562,0.60572106,0.60612285,0.6350279,0.67924446,0.63207734,0.6257517,0.6383172,0.65074307,0.6543306,0.6511888,0.5664014,0.6650306,0.6101363,0.59588414,0.617832,0.64342684,0.65973175,0.6803285,0.5431244,0.5876305,0.5743665,0.5634772,0.55260134,0.63649404,0.6766932,0.63866186,0.51358616,0.5630677,0.5930167,0.66180307,0.6624509,0.53916776,0.5380457,0.6388286,0.5696319,0.5518308,0.65228397,0.69444305,0.57540363,0.6511656,0.6806629,0.6472297,0.59653616,0.65865666,0.7291773,0.6949862,0.6209177,0.64061505,0.70721537,0.72010314,0.6357356,0.6478404,0.5510539,0.54416066,0.5339796,0.5476166,0.5303005,0.5985736,0.4758841,0.53041625,0.5371127,0.6363169,0.64306295,0.56226575,0.48886395,0.56449425,0.49092516,0.6464818,0.6499946,0.6757185,0.6962936,0.70617586,0.5497967,0.67563105,0.6636848,0.6766796,0.5415014,0.59826225,0.6060465,0.6683646,0.5738832,0.5269318,0.5626224,0.52560246,0.53103286,0.59920865,0.59949946,0.6011442,0.58583945,0.5377784,0.5499797,0.55447197,0.5620531,0.5413367,0.5399807,0.60159975,0.599527,0.57071936,0.5618913,0.5575679
629,0.5877807,0.6003346,0.57931244,0.5873414,0.5875099,0.5734039,0.5702151,0.57693523,0.6229615,0.6519988,0.6526243,0.6751517,0.56760335,0.5768666,0.59509313,0.55706,0.59053683,0.5806442,0.5533274,0.5221647,0.50816804,0.58405393,0.5780077,0.7016329,0.71328336,0.6360015,0.68189704,0.7008552,0.70825034,0.56768274,0.49412233,0.63032943,0.43829986,0.5392766,0.5841257,0.6182309,0.67898846,0.69543314,0.6378693,0.61607474,0.6632372,0.68340933,0.64794457,0.7113828,0.70990896,0.73582584,0.6605547,0.56554276,0.570199,0.7062547,0.6118681,0.62082416,0.6170099,0.63474476,0.6192406,0.65229136,0.67764693,0.63555074,0.6689031,0.6704982,0.55100757,0.6064472,0.678573,0.5730005,0.47767916,0.4927967,0.62960684,0.5777907,0.62007713,0.60856724,0.6093288,0.49210796,0.6776245,0.6764007,0.62393546,0.6497352,0.601917,0.69488066,0.6222788,0.63593686,0.64960855,0.6506055,0.6637264,0.6966295,0.68690854,0.6647586,0.614834,0.52465373,0.66107106,0.6149393,0.62085384,0.5508048,0.55253565,0.6214489,0.69541955,0.6909476,0.669726,0.6257162,0.6234762,0.6303297,0.6463774,0.6516227,0.6938528,0.66846204,0.67999196,0.67526555,0.65985084,0.6624661,0.6804604,0.6058032,0.6619542,0.61944133,0.6362095,0.66701704,0.67985034,0.7101056,0.7012015,0.54410076,0.5408842,0.5719326,0.5741832,0.5748477,0.6275239,0.69238675,0.65477765,0.5189986,0.5972632,0.63578826,0.64461094,0.637858,0.5763583,0.5558249,0.57633084,0.56901276,0.53748363,0.5664851,0.6751155,0.64476997,0.6646099,0.70623606,0.64816856,0.60666984,0.66707385,0.6935566,0.6503066,0.64163667,0.69246066,0.73570216,0.68213844,0.61904275,0.5859719,0.5808772,0.5908913,0.5859949,0.5744191,0.5362641,0.6296806,0.49791434,0.56586045,0.5804269,0.6424837,0.6502928,0.58824944,0.5297178,0.6157181,0.5064708,0.6962748,0.64180666,0.64227074,0.620939,0.6507595,0.59924644,0.70007354,0.71328396,0.6575134,0.550185,0.60401237,0.66684616,0.64381814,0.66558045,0.6027519,0.5970076,0.56618756,0.58784795,0.5820753,0.58451784,0.58107823,0.59136933,0.60369205,0.6534929,0.6531254,0.6811065,0.5499585,0.5899531,0.6384472,0.5491078,0.5396032,0.5936967,0.55355084,0.4766793,0.5490818,0.5849625,0.607468,0.6949852,0.71760744,0.69893897,0.6915406,0.71335405,0.7418346,0.6318161,0.55692273,0.6370269,0.4560835,0.5812533,0.59116846,0.58382636,0.6519662,0.69898546,0.6327725,0.5775265,0.6484835,0.6770929,0.62732947,0.72176623,0.71191794,0.7151405,0.66210866,0.5851345,0.608858,0.64949936,0.61217576,0.6257243,0.6185411,0.6155622,0.63125217,0.6350111,0.6985148,0.6420591,0.63698757,0.67892206,0.5633824,0.6918444,0.71286255,0.63336563,0.48689404,0.53620565,0.7063803,0.63498205,0.63870764,0.66351396,0.67520577,0.62426656,0.7288267,0.7314251,0.6725796,0.65795875,0.66652936,0.71011835,0.7100598,0.70849204,0.66987085,0.6924556,0.72305924,0.7307142,0.72495455,0.71664023,0.6824384,0.5355771,0.7022622,0.6549903,0.6917576,0.572983,0.562279,0.6045482,0.73700225,0.6999592,0.72353727,0.7162347,0.6244799,0.630699,0.6314562,0.6723736,0.7157107,0.6650217,0.6453384,0.66068053,0.66779095,0.6907084,0.6796755,0.5736395,0.6963542,0.6374569,0.62727153,0.6509245,0.65602463,0.658756,0.67586756,0.54388624,0.6060252,0.5931571,0.5982069,0.5535699,0.6610091,0.7076618,0.6538698,0.5302728,0.58184385,0.6164926,0.69486433,0.6866354,0.5449729,0.5430815,0.64495724,0.57446826,0.554369,0.6623973,0.70148957,0.58251643,0.6783776,0.701742,0.67138696,0.63109255,0.6720916,0.73971254,0.70826244,0.6353726,0.64768064,0.7231195,0.7432656,0.65550125,0.66184914,0.5890597,0.57426625,0.55611795,0.55573106,0.5534132,0.60741615,0.49392506,0.5636767,0.5628162,0.66501504,0.6684851,0.5798648,0.48097208,0.5676287,0.48404732,0.6728694,0.6802685,0.6984141,0.7233638,0.7187232,0.5493829,0.71128434,0.70323896,0.6976924,0.5554169,0.6025641,0.61778665,0.7038238,0.59999114,0.5282653,0.5715753,0.5213085,0.5269127,0.61171466,0.6129055,0.61503124,0.59916645,0.5424406,0.55803037,0.5639874,0.5762317,0.54325145,0.5417225,0.6154231,0.6124056,0.5835388,0.5728791,0.5716885
630,0.6374271,0.63521093,0.62550896,0.6313131,0.62875193,0.61059195,0.60365486,0.6015859,0.6548691,0.6867992,0.6778312,0.71236634,0.61793816,0.6033203,0.6229022,0.6043434,0.6074472,0.593709,0.5968259,0.5753138,0.5437756,0.6099682,0.61297375,0.72782433,0.7438393,0.6699156,0.71858835,0.7169213,0.7316382,0.58408755,0.51910603,0.6618524,0.46254322,0.55397946,0.6105651,0.6504315,0.71694434,0.7276513,0.6716239,0.6438133,0.70164424,0.70562375,0.68338555,0.74402505,0.7347398,0.7417691,0.66814595,0.5988166,0.5825581,0.7056992,0.62864465,0.6352047,0.6446461,0.653274,0.64690137,0.65917605,0.7073161,0.64087003,0.7102784,0.7188297,0.56182235,0.6342596,0.69267154,0.599767,0.49549866,0.5021194,0.6431313,0.5944214,0.6465474,0.6137134,0.6291281,0.4876289,0.70676666,0.681271,0.6478414,0.66369593,0.5938262,0.69239956,0.64522916,0.6364846,0.6748436,0.65346366,0.6612485,0.7233599,0.7002272,0.7087267,0.63734066,0.53281164,0.6782334,0.62933916,0.63566977,0.542478,0.55209076,0.6369082,0.7063602,0.7049121,0.6793486,0.6436473,0.6527552,0.64536047,0.6623956,0.6760006,0.7100058,0.6855703,0.6938328,0.68624747,0.6626643,0.7004395,0.71135587,0.6172663,0.6885568,0.64585644,0.66371536,0.6994999,0.6725536,0.70389104,0.6887408,0.55347914,0.55208653,0.5840122,0.6197304,0.5742503,0.6513631,0.69675916,0.6636353,0.5441974,0.6083496,0.66044635,0.67240036,0.6568105,0.59031594,0.5714012,0.5734416,0.5708905,0.5340705,0.5637866,0.67583793,0.64832157,0.6842548,0.72668725,0.68057233,0.6455887,0.6913113,0.6972497,0.6491507,0.65495545,0.6958184,0.74883604,0.6956454,0.6471609,0.5934269,0.6261732,0.62402487,0.6137481,0.5851163,0.56380564,0.64023286,0.5401879,0.61681515,0.60883605,0.6741722,0.68003017,0.60446894,0.5351712,0.6207001,0.50330746,0.7171649,0.6590162,0.66834927,0.6391349,0.6358729,0.6186864,0.71380544,0.73291904,0.6560153,0.57362497,0.6086137,0.6743773,0.67984045,0.70320666,0.6548455,0.62165534,0.6054966,0.63056386,0.62685806,0.625972,0.62012446,0.6109816,0.63045865,0.69094193,0.6728389,0.72311395,0.602344,0.61890197,0.66162264,0.59168607,0.54678124,0.6141424,0.59828913,0.51717895,0.57587326,0.627478,0.6377677,0.71915007,0.7484841,0.740395,0.72716534,0.7467945,0.7497855,0.652402,0.5863748,0.6618998,0.47972766,0.5912315,0.61840296,0.6088072,0.6879169,0.72705704,0.66505075,0.5978533,0.6827052,0.69453055,0.6596726,0.75415623,0.733667,0.7238535,0.6632839,0.61535347,0.62691563,0.6492625,0.6261494,0.63907975,0.6425165,0.6200718,0.6585428,0.6457797,0.72731996,0.6510307,0.67193216,0.7223427,0.589795,0.71773696,0.72727853,0.66499686,0.49731475,0.5420661,0.7250223,0.6542899,0.66930014,0.6760519,0.7091233,0.6324172,0.7582055,0.7479695,0.71574664,0.6662627,0.6672728,0.71480054,0.74033797,0.7245979,0.6883237,0.69958866,0.7314862,0.7600204,0.73488206,0.7618609,0.7004198,0.53957003,0.7361962,0.66850495,0.71116215,0.5654993,0.5621996,0.6202615,0.7513272,0.71152395,0.73080844,0.7295695,0.6492982,0.6448895,0.6450862,0.70060545,0.7367196,0.6810879,0.64913464,0.67505974,0.6671405,0.7262462,0.7033786,0.57985944,0.7231707,0.66369903,0.6585649,0.67876005,0.6585718,0.64700925,0.66119754,0.5444324,0.6230719,0.6100992,0.6373931,0.5538413,0.68954253,0.7149773,0.6564723,0.5513243,0.60393536,0.6448395,0.7296919,0.71589106,0.5565232,0.5525711,0.6485021,0.57981074,0.55767035,0.6760156,0.7076034,0.59444636,0.7059566,0.72417545,0.7015936,0.6662163,0.6869307,0.73703843,0.71127605,0.64972425,0.6428565,0.73533297,0.7619985,0.6818611,0.6709472,0.63008714,0.60967493,0.5856279,0.56483585,0.5887489,0.6200778,0.5284768,0.60737467,0.59554946,0.6972989,0.6942027,0.60142356,0.47470114,0.5713322,0.47820362,0.6939723,0.69821656,0.7193215,0.7451323,0.7228883,0.548703,0.72934264,0.723066,0.6978217,0.5776332,0.605125,0.6187574,0.73946196,0.629818,0.5311561,0.5803121,0.51604646,0.5221661,0.629208,0.63037926,0.63387185,0.6183309,0.55029315,0.5696512,0.5725584,0.5884193,0.5468844,0.5436817,0.6314914,0.62854433,0.6004806,0.5877146,0.5893944
631,0.69057465,0.6682232,0.66504776,0.674986,0.6697314,0.64942276,0.63841,0.61867446,0.6755817,0.71397734,0.69733524,0.74207187,0.6659765,0.6258845,0.64448595,0.65006226,0.6257813,0.60651916,0.6424054,0.635916,0.5864924,0.63440126,0.6487567,0.7362516,0.76165503,0.6981101,0.7477011,0.72050405,0.7439304,0.6011726,0.54746574,0.68972594,0.49752477,0.57198036,0.6363846,0.67337555,0.7455586,0.75227356,0.6960184,0.6634166,0.72864467,0.7194626,0.7095445,0.7694393,0.7535241,0.73971474,0.67006195,0.6330815,0.5987704,0.6992338,0.63425255,0.64106566,0.6610453,0.66444063,0.66732717,0.6585969,0.7319529,0.6445815,0.7437118,0.7577647,0.57349277,0.6592575,0.6984833,0.62477,0.5201376,0.52071345,0.65580773,0.6107906,0.67501646,0.61954665,0.64869595,0.48898995,0.729401,0.6783246,0.67153466,0.6764857,0.58256155,0.68233323,0.670615,0.6308349,0.6972785,0.65126497,0.651949,0.74272203,0.7036513,0.7440558,0.6636044,0.547847,0.68774927,0.64333034,0.6444394,0.53326225,0.55037725,0.6488023,0.7085665,0.71295625,0.67991334,0.6554424,0.6696254,0.64566076,0.66400725,0.68566096,0.7067088,0.68187004,0.6925862,0.68513125,0.64718866,0.7290182,0.7309053,0.62189496,0.70243007,0.66212726,0.68379736,0.71995664,0.6542079,0.6898608,0.6692567,0.56286156,0.5621995,0.5930898,0.6620924,0.5721812,0.668498,0.67585725,0.6554606,0.57065743,0.61647725,0.6763168,0.69204056,0.6737325,0.6040524,0.59304154,0.57021075,0.571511,0.53043854,0.56079614,0.67425627,0.65019554,0.6923847,0.7405229,0.710066,0.6765325,0.7108162,0.69042325,0.63781947,0.6636556,0.6877292,0.75472164,0.7013643,0.6770921,0.5987296,0.66449565,0.6527445,0.6378396,0.5948254,0.596624,0.6514433,0.5913215,0.6673735,0.63383305,0.7029514,0.7032555,0.61792105,0.5411713,0.6196307,0.5012963,0.72611153,0.660479,0.6863355,0.65346795,0.6123477,0.63313204,0.7066608,0.7302635,0.633108,0.6006439,0.6108555,0.6680819,0.70735675,0.7304128,0.7086909,0.64516574,0.63887966,0.67248684,0.6720395,0.66833395,0.6596414,0.62261134,0.64642507,0.7219264,0.68946147,0.7596698,0.65451795,0.6436113,0.6755013,0.63263124,0.5571384,0.63421464,0.6453121,0.56957567,0.60625166,0.66975814,0.6656317,0.72529835,0.769712,0.7774829,0.75585467,0.77084094,0.7458993,0.6718078,0.6145268,0.6817793,0.51785064,0.5999393,0.6423324,0.6252195,0.71612185,0.7456966,0.6862781,0.6106451,0.70751584,0.7041618,0.68495834,0.7781309,0.7507534,0.72526926,0.6577552,0.645307,0.64546865,0.6449317,0.62884945,0.64287657,0.65490156,0.61811656,0.6779919,0.64870167,0.748419,0.6540962,0.6995667,0.75527036,0.61399454,0.7342531,0.7340521,0.6905052,0.514179,0.5556538,0.7363695,0.6710295,0.70219535,0.68652993,0.7435222,0.6379652,0.78290313,0.75717306,0.7587128,0.67291343,0.6611547,0.71101,0.7612283,0.73512393,0.7061877,0.7019007,0.7277937,0.7795784,0.7319646,0.79688483,0.71497834,0.55164915,0.7567717,0.6779367,0.7227058,0.5595462,0.56004304,0.6379872,0.757319,0.71685696,0.7255136,0.7339793,0.66341394,0.64510983,0.64539003,0.7149767,0.73815644,0.6775487,0.63708913,0.6779176,0.64771366,0.75088704,0.71583664,0.5831216,0.73805624,0.680591,0.68183655,0.69517463,0.6498004,0.6261463,0.63855803,0.54434466,0.63431215,0.62051666,0.67147917,0.5529158,0.71341836,0.6967116,0.6443962,0.57145,0.6241285,0.6700907,0.75603366,0.74138385,0.57069594,0.5637967,0.64847934,0.58439165,0.5606114,0.6887374,0.7103272,0.6082016,0.72573406,0.74172664,0.72930515,0.692872,0.69913894,0.719856,0.7019129,0.660899,0.6266992,0.74015236,0.7709363,0.70656776,0.6715566,0.6650658,0.6415031,0.61453736,0.5723239,0.6283833,0.6334597,0.5725635,0.6512671,0.6269953,0.7230002,0.71273685,0.62126625,0.47151712,0.5731142,0.4749678,0.7043879,0.7006399,0.7323638,0.7550968,0.7173887,0.5476262,0.7259571,0.71932745,0.6757219,0.6019332,0.6053543,0.6077885,0.76448345,0.65358806,0.53382427,0.5857635,0.5115163,0.51800954,0.64585525,0.6464574,0.6522568,0.6378009,0.55939525,0.5820031,0.57786655,0.5953171,0.55123264,0.54509115,0.6446539,0.642938,0.6168341,0.60250235,0.60639566
632,0.7312769,0.6911545,0.6902567,0.7070244,0.6998082,0.6794857,0.665406,0.62535375,0.68165916,0.72714007,0.7050433,0.7569104,0.70160955,0.636854,0.65241426,0.68459535,0.64097524,0.6154087,0.6793092,0.6875163,0.6258184,0.651385,0.67630464,0.7249394,0.7626487,0.7132521,0.7605218,0.7100236,0.74059165,0.6134436,0.57157505,0.70430404,0.5324041,0.5878143,0.6529072,0.6832896,0.7584781,0.7617599,0.7070403,0.67114806,0.7390688,0.72183985,0.72018784,0.779584,0.7595151,0.72704875,0.66438067,0.6593229,0.6136513,0.68520683,0.6286934,0.63750833,0.6638172,0.66492414,0.6763186,0.6493229,0.7442284,0.6441738,0.7598324,0.77761835,0.58100355,0.67262983,0.694159,0.6390982,0.54408604,0.54382193,0.6637454,0.6220047,0.69571066,0.62500393,0.6619754,0.496993,0.73853433,0.66826314,0.6884769,0.68364686,0.572577,0.6648673,0.6915614,0.6201844,0.7109994,0.6433224,0.6376457,0.74797845,0.69504434,0.76063764,0.6852903,0.5659765,0.68590885,0.6522894,0.64319396,0.52652264,0.54784733,0.65276235,0.70014596,0.7109375,0.6707876,0.6568501,0.6718864,0.6317876,0.6519604,0.6797691,0.684386,0.65951383,0.67707723,0.6713699,0.61809635,0.7405594,0.73353237,0.6174892,0.69924605,0.66184014,0.6911657,0.7242834,0.6272707,0.6680849,0.64450485,0.5696149,0.5682859,0.5972409,0.691604,0.5694886,0.6753905,0.63484097,0.63358057,0.59141827,0.6188549,0.67989033,0.69940263,0.68346214,0.6141342,0.6150281,0.56803435,0.5703922,0.52779126,0.5571037,0.668497,0.6477793,0.68731743,0.74226433,0.72746485,0.6923207,0.71907955,0.6728022,0.6188354,0.6655765,0.66827446,0.7482632,0.6964674,0.6998853,0.60040474,0.68898666,0.6714243,0.65266854,0.60013056,0.62669003,0.65874034,0.6383992,0.70494884,0.64990336,0.7193607,0.7123886,0.6249037,0.54567975,0.611658,0.50081766,0.7196267,0.64701205,0.6909223,0.65929216,0.58692974,0.63986146,0.68032837,0.70606256,0.5959418,0.6235388,0.6095824,0.648355,0.71822613,0.73897904,0.74843013,0.66169775,0.6603429,0.70266193,0.7051464,0.7000668,0.6891911,0.62491864,0.64980745,0.7383969,0.69690615,0.7800883,0.694564,0.65627915,0.674648,0.6637262,0.5696161,0.64814335,0.68356717,0.6206836,0.63289315,0.7009077,0.6844778,0.71199113,0.7748345,0.7990508,0.7689529,0.778034,0.7294059,0.6834435,0.63368785,0.6894527,0.55895466,0.60445255,0.6547552,0.6320495,0.7307906,0.7489796,0.6942137,0.6147622,0.71786755,0.70428216,0.69665164,0.78615814,0.7573174,0.71722764,0.64607567,0.6676385,0.65924656,0.63692135,0.6214049,0.6372999,0.654233,0.61019784,0.6860112,0.6421724,0.75558054,0.649392,0.7124209,0.7695806,0.6269002,0.7352917,0.72959834,0.7006666,0.5335112,0.57274973,0.7355926,0.67941207,0.7255831,0.6905091,0.76533675,0.6384455,0.79433084,0.7542581,0.7872414,0.6745855,0.6492916,0.696991,0.76595277,0.73469836,0.7158638,0.6952763,0.7108831,0.7826756,0.7147629,0.81205374,0.72039294,0.5679362,0.7571282,0.67942107,0.721233,0.5558312,0.5563231,0.65085447,0.7508441,0.71275955,0.70692986,0.72636527,0.6643056,0.632028,0.634339,0.714021,0.7195455,0.65716976,0.6137071,0.6677748,0.614128,0.7574377,0.7128396,0.58191514,0.73572415,0.6818105,0.6912419,0.69658226,0.63116103,0.6000702,0.6121784,0.5435334,0.63684636,0.6219003,0.69286597,0.5511321,0.7249019,0.6573302,0.62068385,0.586385,0.6379644,0.6848846,0.76653093,0.75460756,0.5830752,0.5733034,0.6440364,0.586398,0.5619764,0.69458365,0.7060701,0.6199737,0.73152167,0.7478828,0.7458316,0.7050128,0.70389354,0.6889357,0.680334,0.6662093,0.60276085,0.7339191,0.7656011,0.7213727,0.6624865,0.6873469,0.6627254,0.6361429,0.5768822,0.66252697,0.64333445,0.61582416,0.6853118,0.65014017,0.7334159,0.7177585,0.6345183,0.47245944,0.5712275,0.47491178,0.7005032,0.68767756,0.73235655,0.7487964,0.7020038,0.54600334,0.70200956,0.6934211,0.63633835,0.62061304,0.6025714,0.5872062,0.7707389,0.66269666,0.5344742,0.58510774,0.509567,0.51574504,0.65515095,0.6549209,0.6633896,0.6507489,0.56664574,0.59092855,0.5790173,0.59548455,0.5544795,0.5451138,0.64977074,0.6499212,0.6271196,0.61231995,0.6176906
633,0.7496571,0.6975312,0.6972717,0.71982753,0.71173304,0.69306,0.677437,0.621905,0.67327774,0.72312295,0.69752675,0.75413615,0.7181643,0.6329239,0.64378196,0.7010347,0.6478481,0.6172031,0.6993992,0.71721387,0.65191394,0.65644,0.6876605,0.69681495,0.74627745,0.7132537,0.75178534,0.6856268,0.7188289,0.6163875,0.58671856,0.69969255,0.5579255,0.5964557,0.6545718,0.6795215,0.75278205,0.7517552,0.70354843,0.66613525,0.73146605,0.71109384,0.713087,0.76994604,0.7479916,0.7022809,0.6501551,0.670752,0.6219031,0.66275537,0.61449885,0.6252591,0.6538969,0.6534833,0.6724859,0.63155955,0.7400255,0.63746053,0.75436544,0.7745354,0.5822222,0.6702456,0.6798379,0.6386081,0.5621562,0.56699425,0.6634437,0.6245056,0.70194715,0.6283999,0.6643837,0.51102054,0.730273,0.65377146,0.69474375,0.68228453,0.5670772,0.64151645,0.70210755,0.6071999,0.7126326,0.63083166,0.6204508,0.7350991,0.67412174,0.7544298,0.69562787,0.5824811,0.6708432,0.6515441,0.63043725,0.5249613,0.54503006,0.6472104,0.6806447,0.6962975,0.6529027,0.64667314,0.66058564,0.60821974,0.63051325,0.66145504,0.6489083,0.6262363,0.651023,0.646929,0.58432734,0.7318763,0.7179084,0.6042799,0.67945087,0.6444592,0.68339163,0.7113813,0.59643435,0.6393496,0.61654097,0.5723521,0.569531,0.596006,0.70305103,0.56704944,0.670872,0.58640724,0.6047633,0.6023499,0.61462927,0.6703342,0.69342995,0.681995,0.6177632,0.6309133,0.5669395,0.5667638,0.52728015,0.5531315,0.65635484,0.6388045,0.6694355,0.7272589,0.7263094,0.69036525,0.71180266,0.64610904,0.5966103,0.65900975,0.63972455,0.725873,0.6795997,0.7083513,0.5976027,0.69610775,0.67642146,0.6554331,0.5992567,0.6453472,0.6568237,0.6695642,0.72108144,0.6542344,0.71736765,0.703055,0.6235637,0.54743207,0.59791136,0.50211656,0.6978147,0.62314314,0.6809495,0.65478635,0.5665539,0.63779885,0.64216965,0.66633624,0.55683345,0.6364151,0.6029546,0.6189084,0.7099924,0.7263579,0.76491797,0.6659949,0.666792,0.71400875,0.7181923,0.7134286,0.7019428,0.6189283,0.6419117,0.73583215,0.69064057,0.7787789,0.71459126,0.652738,0.65727746,0.6794134,0.5811829,0.6511772,0.7047475,0.65703434,0.6487546,0.7138,0.6885247,0.68311536,0.76013464,0.79962945,0.76101136,0.7637327,0.7000341,0.681663,0.6396432,0.6801829,0.59077454,0.60234004,0.651169,0.6306566,0.72887814,0.73346937,0.6892253,0.61147076,0.7117832,0.6939074,0.69160175,0.7735602,0.7486624,0.698656,0.6289765,0.6765777,0.6634346,0.6250906,0.6069401,0.6237532,0.6422057,0.5975341,0.6813985,0.6262697,0.7452408,0.63607705,0.7072441,0.76193863,0.62408394,0.7174214,0.7111275,0.69076127,0.55135787,0.58846235,0.7192193,0.6746064,0.7307656,0.68402773,0.7658605,0.6312077,0.78603685,0.73613626,0.7939848,0.6686171,0.6324213,0.6722307,0.750687,0.7189623,0.71141624,0.67675054,0.6809099,0.76474375,0.6821749,0.8028695,0.7123175,0.58283305,0.7340418,0.6690563,0.7030989,0.55370647,0.55168045,0.65306693,0.72853935,0.6968139,0.6757638,0.7042939,0.6525339,0.60952085,0.6168866,0.6994989,0.68532866,0.6277376,0.5867817,0.64577377,0.57596886,0.7426131,0.6933409,0.57598656,0.7142195,0.66563225,0.6846722,0.6825528,0.60626423,0.57322025,0.5860466,0.5422206,0.6301715,0.6144528,0.69762594,0.5493362,0.7193535,0.60864884,0.5917898,0.59358746,0.6426655,0.6846294,0.75753963,0.7498857,0.5896311,0.5779562,0.63366365,0.5838947,0.56076723,0.6882433,0.6911482,0.62568194,0.719985,0.73695964,0.7444318,0.7002528,0.69651777,0.6470495,0.64835817,0.66268086,0.57614547,0.71381617,0.7423079,0.72001183,0.64377457,0.6931909,0.66919476,0.6465089,0.5781465,0.68200797,0.6450488,0.647347,0.70170546,0.66047,0.72343636,0.70550185,0.63823605,0.47812644,0.56553936,0.47785842,0.6817834,0.66261816,0.7166532,0.72367185,0.67656964,0.5436528,0.66423196,0.653125,0.59045154,0.6277529,0.59550256,0.5623128,0.7543789,0.65407217,0.53290987,0.577534,0.5110627,0.5163019,0.6529501,0.65164083,0.66177005,0.6518899,0.56945246,0.59293956,0.57632244,0.5896028,0.5550113,0.54333395,0.6443423,0.64603984,0.6278714,0.6137064,0.6196264
634,0.74368715,0.684576,0.68576384,0.71107346,0.7031795,0.68714935,0.67060137,0.6116679,0.65443313,0.70162046,0.67456245,0.7334439,0.7129561,0.6163087,0.6211965,0.6962285,0.6421649,0.6100919,0.6989018,0.7190253,0.65853786,0.6477578,0.6789318,0.66049,0.7143181,0.6991391,0.7210536,0.6507361,0.6792802,0.6090407,0.5923043,0.6759671,0.57035685,0.5964923,0.6410448,0.6657245,0.7305551,0.7225044,0.68923753,0.651735,0.7095011,0.69026875,0.689768,0.7398519,0.71896887,0.66755086,0.62916476,0.6642937,0.6198821,0.63348764,0.59640193,0.60741407,0.63566893,0.6322163,0.6588875,0.6069749,0.71947634,0.62406147,0.72795206,0.74908185,0.57757044,0.65272015,0.6574225,0.6241618,0.57234883,0.58677554,0.65333784,0.61711925,0.69174016,0.6280564,0.6544457,0.52884984,0.7041553,0.6373039,0.6887432,0.6712724,0.56654716,0.61497015,0.69853747,0.5941015,0.70119655,0.61610514,0.60259366,0.7037756,0.64257026,0.72534853,0.69139326,0.5937639,0.64351517,0.6392937,0.6074218,0.52922803,0.54248047,0.63289154,0.6521897,0.6700796,0.6289522,0.62631905,0.6405446,0.582396,0.6072541,0.63784397,0.6116711,0.5939977,0.62262243,0.6171469,0.5559125,0.70360684,0.68665886,0.5855512,0.6467685,0.61443955,0.6625638,0.6843388,0.56778854,0.6069901,0.5878272,0.5710143,0.56707776,0.59012693,0.6960561,0.56565046,0.655404,0.54708683,0.57619464,0.6026725,0.6054697,0.64894396,0.6747703,0.6679797,0.61373764,0.63652104,0.5665042,0.5606223,0.529441,0.5499811,0.63782597,0.62281674,0.64100856,0.69466573,0.7056187,0.6724215,0.6891458,0.61451346,0.57646835,0.6438375,0.60792506,0.68857116,0.6520215,0.6994281,0.5907086,0.68562675,0.666368,0.64551,0.59285283,0.64636105,0.64220876,0.67786026,0.71274245,0.6460525,0.69596916,0.6759661,0.6137857,0.5465022,0.5812977,0.5053021,0.66540533,0.59644216,0.65849495,0.6406089,0.55551577,0.6271245,0.60437304,0.6234675,0.527727,0.63675934,0.59016603,0.58662343,0.6845465,0.6946539,0.75647193,0.6552747,0.6580647,0.7044056,0.7090899,0.7056677,0.6951867,0.60785395,0.6273001,0.7135252,0.66920924,0.75347507,0.71153915,0.63429666,0.62654686,0.6771798,0.58672947,0.6406435,0.70479333,0.6699213,0.649026,0.70546997,0.6749916,0.6480246,0.7252133,0.7773395,0.7307595,0.7267086,0.65944785,0.66439825,0.63277674,0.6542016,0.6071262,0.5938875,0.6325572,0.6253567,0.71210825,0.7003595,0.67631966,0.60483325,0.6921365,0.6757326,0.6708037,0.7390419,0.724156,0.67067724,0.6090223,0.6690753,0.6557058,0.608984,0.59011436,0.60554135,0.6236817,0.58276683,0.66711354,0.60321444,0.71797734,0.6151708,0.68564147,0.73317254,0.6067008,0.6806713,0.6779426,0.6608748,0.5651098,0.599603,0.6864577,0.6550397,0.71444213,0.6658046,0.74176717,0.6151252,0.75420684,0.70219785,0.77655095,0.65400195,0.6112586,0.63837814,0.71477,0.68617487,0.69089514,0.64671445,0.64014417,0.7239291,0.6354404,0.7670203,0.68947583,0.59190917,0.687472,0.6451752,0.667414,0.5520203,0.5468068,0.6421032,0.69004923,0.66945446,0.6352494,0.6676874,0.632448,0.5839737,0.600165,0.67716855,0.64616483,0.600505,0.5661324,0.6166434,0.5446073,0.7065661,0.6595297,0.5668867,0.6747029,0.63515484,0.66467303,0.6569213,0.58039904,0.5496475,0.56281215,0.5408882,0.6164282,0.60071313,0.6856587,0.54820246,0.6956388,0.5667927,0.5646475,0.5925402,0.6376881,0.66858,0.7280395,0.725206,0.5884397,0.5761338,0.6170979,0.57620835,0.5568216,0.66780496,0.66465807,0.6219579,0.6907979,0.70644236,0.72265905,0.6798361,0.6754849,0.5996742,0.6104249,0.64825153,0.55287015,0.6803364,0.69970477,0.7002279,0.6174363,0.68216956,0.6594891,0.6437725,0.5766715,0.68142253,0.6358097,0.65917784,0.6968092,0.65579396,0.6928048,0.6766445,0.6313399,0.48835418,0.55781627,0.48312023,0.65199,0.63217705,0.685396,0.679926,0.6420569,0.5403517,0.6248571,0.6123558,0.55118936,0.62176,0.58344436,0.53968805,0.7150779,0.63022506,0.53043264,0.56487435,0.5158022,0.51994044,0.6387228,0.636078,0.6457739,0.6399591,0.567276,0.58728373,0.5709664,0.5800851,0.5526284,0.54008394,0.62948805,0.63166684,0.61933064,0.60641414,0.6117714
635,0.7156168,0.65503055,0.6594833,0.6830864,0.67634726,0.6634852,0.6454081,0.5999258,0.63184905,0.6654081,0.63969254,0.6965496,0.6875858,0.5928068,0.5914239,0.6716358,0.6232703,0.5953179,0.6787271,0.6932957,0.6448003,0.6272014,0.6526656,0.6275648,0.6712385,0.6731052,0.67356545,0.6134864,0.62791914,0.5951968,0.59098035,0.6388461,0.571594,0.59104645,0.6167801,0.64893496,0.6982415,0.67926556,0.6713373,0.6341453,0.6809053,0.666388,0.65472937,0.6925175,0.6773711,0.6285307,0.6056711,0.6413487,0.60657585,0.60153323,0.5803632,0.5889403,0.6159013,0.60621196,0.64164156,0.57898355,0.6866523,0.60638636,0.68523,0.70512676,0.5685941,0.62415665,0.6305438,0.5998353,0.5751832,0.6012192,0.63560903,0.6021353,0.6671553,0.6239962,0.63490444,0.54898363,0.6635862,0.62094694,0.6708992,0.6512181,0.57074016,0.5888136,0.6805694,0.58238065,0.67837226,0.60256237,0.5876316,0.65797657,0.60461164,0.6760758,0.6731844,0.5987675,0.6087885,0.61770445,0.57783306,0.5385719,0.5408494,0.61165744,0.62026334,0.63695383,0.60354877,0.5996732,0.619492,0.56268966,0.5904321,0.6178485,0.5849813,0.5744273,0.60227793,0.58989114,0.54109293,0.6597333,0.6457079,0.56664574,0.60613114,0.57850283,0.6344625,0.65059495,0.5470275,0.5767665,0.5614625,0.5665351,0.5624765,0.58146864,0.6741903,0.5662839,0.631853,0.52988255,0.5548565,0.5942376,0.59468913,0.62015975,0.64643556,0.6438294,0.6030925,0.6321175,0.5675645,0.55331475,0.5340979,0.5490832,0.616671,0.601977,0.6077526,0.6499413,0.67079693,0.64379305,0.6559136,0.58450717,0.56394184,0.6226751,0.5808559,0.6429306,0.6187987,0.6750766,0.58272195,0.6611297,0.6434548,0.6244772,0.5834981,0.6291025,0.6157864,0.66273445,0.6824064,0.62666255,0.6592132,0.6374022,0.59731674,0.5442258,0.56617177,0.50997907,0.63067156,0.57554376,0.627204,0.6196178,0.5557211,0.6095497,0.57904893,0.5923086,0.5168624,0.6260521,0.5731533,0.5596447,0.6461654,0.6490248,0.72516006,0.63143355,0.6378856,0.6760022,0.68040574,0.6782357,0.6699799,0.5963745,0.6126083,0.6745391,0.6349197,0.7046995,0.6869998,0.6066195,0.58939636,0.6581123,0.5826506,0.61740994,0.6841308,0.6577328,0.6333085,0.6768852,0.646531,0.61785764,0.6740904,0.7318329,0.6817954,0.6712326,0.6121331,0.6345919,0.6170395,0.61709684,0.6093299,0.58264184,0.6044246,0.62202257,0.68638176,0.65598893,0.66371155,0.59998184,0.66584456,0.6557299,0.6387662,0.6853998,0.6872826,0.63615835,0.5902191,0.6458157,0.6369152,0.5890129,0.5764833,0.5876506,0.60533494,0.569374,0.6491356,0.5774284,0.67864954,0.589725,0.6526435,0.68765354,0.57957655,0.6292562,0.63229084,0.61521095,0.57426655,0.60552263,0.64048755,0.62374973,0.677955,0.63843364,0.6941832,0.5925645,0.6984243,0.6549797,0.7341562,0.6316749,0.5881026,0.59947944,0.66208905,0.6384395,0.6566422,0.60975754,0.5939814,0.66284287,0.5802974,0.7041596,0.6544335,0.59385645,0.62199575,0.6095838,0.61707324,0.55037767,0.5425927,0.6188248,0.63984394,0.63417315,0.59127545,0.62048215,0.61119556,0.5629002,0.5907239,0.65548474,0.61514616,0.5858757,0.5598215,0.58772767,0.5291311,0.6531933,0.6165417,0.5575119,0.62119836,0.596703,0.6371074,0.62707746,0.55917954,0.5324396,0.5438672,0.5398791,0.5992664,0.5846633,0.6603761,0.5480734,0.6564383,0.54518014,0.5455462,0.5846576,0.6247524,0.6400795,0.6801379,0.6824199,0.5801604,0.5682411,0.5969487,0.564621,0.5511305,0.6358787,0.62975466,0.6081009,0.6477161,0.6592352,0.6834578,0.6484608,0.6435343,0.5541069,0.5733435,0.62364715,0.53842384,0.63817585,0.6411659,0.66453063,0.58817667,0.6579064,0.6355914,0.62822074,0.57358277,0.6610669,0.6164482,0.6491849,0.67239547,0.63680035,0.6467253,0.6368531,0.6149658,0.5021955,0.55108523,0.4896201,0.6184229,0.60496986,0.6413647,0.6221522,0.60222214,0.5359173,0.59674966,0.5856051,0.5295286,0.60504925,0.5673049,0.5249493,0.65600604,0.5968078,0.52829653,0.5502276,0.5231397,0.526261,0.6147427,0.6105834,0.6178457,0.6176304,0.561452,0.57588863,0.56496024,0.57015646,0.54831934,0.5362658,0.6086119,0.6100594,0.6044565,0.5926635,0.5966379
636,0.67183244,0.6179052,0.62692255,0.64337724,0.63846743,0.62900245,0.6085074,0.59217125,0.61307186,0.62142724,0.6008385,0.6492097,0.64922905,0.56876385,0.5623049,0.63454485,0.5958392,0.5776453,0.6451803,0.64734834,0.61604434,0.60082644,0.61816376,0.6076681,0.624694,0.63915116,0.6203868,0.5840521,0.5756545,0.5814695,0.5872528,0.597935,0.56707525,0.5854302,0.5891722,0.63632685,0.66430116,0.6318127,0.6567101,0.6196756,0.65429455,0.6460635,0.6149446,0.63593864,0.63137645,0.591816,0.5846424,0.60852224,0.5846297,0.57191586,0.5719112,0.57505673,0.60158813,0.58210987,0.62679666,0.5528122,0.64919597,0.58944005,0.63509077,0.6509475,0.557954,0.59225625,0.6045198,0.5722627,0.5734395,0.6106247,0.6160224,0.5855088,0.6339974,0.618492,0.6126195,0.5717496,0.61679393,0.60695463,0.64411366,0.62503177,0.57983845,0.5666303,0.65227705,0.573704,0.6489491,0.5939453,0.57963705,0.60587436,0.5668234,0.6141355,0.6453747,0.599059,0.57487494,0.59195715,0.54709786,0.551813,0.54073244,0.5865419,0.5919995,0.60361993,0.5821439,0.57335895,0.60479087,0.5556335,0.5854851,0.6086781,0.576114,0.5741278,0.5967881,0.57249844,0.5443165,0.6081185,0.6032304,0.55263233,0.5636529,0.5438806,0.6057396,0.6195307,0.53735244,0.55429894,0.5405975,0.5606845,0.55717176,0.57300895,0.6448919,0.5699281,0.60569304,0.53952736,0.5465413,0.5812576,0.5861145,0.59143305,0.6144732,0.61553013,0.5888335,0.6222857,0.5719049,0.5468142,0.54046696,0.5515417,0.59866065,0.5808041,0.5784953,0.6041787,0.6324771,0.6124094,0.62000984,0.56231195,0.5625675,0.60077256,0.5645236,0.5983664,0.58776385,0.6421649,0.57850325,0.6303514,0.6143602,0.597229,0.5748361,0.59949076,0.5835314,0.63055646,0.639063,0.6006841,0.61554176,0.59792894,0.57832474,0.5426977,0.5571747,0.51505536,0.602124,0.56724054,0.5919526,0.59654725,0.5667843,0.5886528,0.5731391,0.5831126,0.52769643,0.6094091,0.556348,0.5443016,0.6019799,0.59775686,0.6772991,0.6012965,0.61402446,0.635896,0.6396405,0.6376076,0.63244456,0.589214,0.60437125,0.6263322,0.59416425,0.6392113,0.648135,0.57695377,0.5531835,0.627964,0.57011527,0.58673066,0.6486101,0.6261992,0.6066954,0.63445187,0.61168706,0.6008533,0.61588144,0.6668035,0.62358284,0.6088769,0.5644772,0.5994888,0.59833467,0.57797194,0.6031784,0.5730855,0.5743724,0.6250188,0.65930563,0.60996145,0.6580641,0.6006842,0.6411098,0.63921237,0.60235953,0.62090856,0.6440453,0.59878564,0.5759872,0.6123458,0.6112771,0.5673477,0.57105446,0.57518566,0.593383,0.5604173,0.6333631,0.55457705,0.63555783,0.56441516,0.61509216,0.63355553,0.5497297,0.57253206,0.58008033,0.5624294,0.5803475,0.60771054,0.5889211,0.5881721,0.6278655,0.60771555,0.6308326,0.5693572,0.6255161,0.6007465,0.6695098,0.6044687,0.56661856,0.5607696,0.6027512,0.5830094,0.61479497,0.57301444,0.54978055,0.59077847,0.5261538,0.6211141,0.6133421,0.5904799,0.549103,0.568068,0.5593965,0.5492073,0.53998387,0.58742815,0.58646345,0.59630376,0.5503106,0.5707882,0.59564525,0.5524703,0.5918948,0.64215183,0.6011633,0.58916235,0.5699009,0.5659775,0.53363544,0.59124666,0.5717269,0.55073684,0.561577,0.55792284,0.6085316,0.6008757,0.5465649,0.52328676,0.5296987,0.53926307,0.5827036,0.570807,0.62896055,0.5490742,0.60884595,0.5496832,0.53914094,0.57317275,0.6079232,0.60589504,0.6212415,0.6284668,0.56746507,0.5566973,0.577621,0.551748,0.54547626,0.59887254,0.5920561,0.5874535,0.5991479,0.6044856,0.6354692,0.6136772,0.6066312,0.51607597,0.54322237,0.593325,0.53543395,0.594444,0.5760768,0.6203582,0.5618833,0.6281491,0.6038391,0.60362244,0.57030946,0.62735486,0.5913734,0.62220824,0.63612324,0.6082668,0.5952076,0.5954544,0.5933956,0.5182424,0.548514,0.49595532,0.5890135,0.5883418,0.5905793,0.56013894,0.5632392,0.5304268,0.58793944,0.5813439,0.53099173,0.58281374,0.54958695,0.52095455,0.58604664,0.5610142,0.5268933,0.5364397,0.53191316,0.53417164,0.5856315,0.57981735,0.5834648,0.5901676,0.55424994,0.5622201,0.5608862,0.5629223,0.54328585,0.53308344,0.58607143,0.58590907,0.58746755,0.575876,0.57839936
637,0.6243488,0.5855467,0.5998952,0.60418516,0.60131234,0.5949664,0.57180494,0.5925375,0.6047547,0.58018696,0.568166,0.6013702,0.6104636,0.54938406,0.54012305,0.59706986,0.56774414,0.5633651,0.6093645,0.59520835,0.5825319,0.5773863,0.5879532,0.605571,0.58363956,0.6036358,0.5749066,0.56957614,0.5351499,0.5737975,0.58658093,0.5630713,0.56280655,0.58424336,0.5657102,0.6325427,0.63668704,0.5916108,0.64939976,0.61324906,0.6367417,0.6328506,0.5793741,0.5824079,0.58986896,0.5633314,0.57036257,0.5754406,0.5592746,0.5490631,0.57504284,0.5701159,0.59811395,0.5666251,0.6187393,0.5346087,0.61645234,0.57906896,0.5895858,0.5991877,0.5493811,0.5673837,0.5861017,0.5497621,0.5715298,0.61720777,0.601374,0.57528263,0.6006194,0.6146788,0.59619015,0.5979307,0.5752777,0.5983039,0.61335933,0.59756434,0.5940278,0.55175006,0.62101966,0.57062125,0.6199194,0.59308404,0.58163106,0.5581637,0.53723747,0.5527664,0.61467195,0.59747356,0.5505983,0.5680269,0.5211059,0.5678758,0.54246664,0.56213254,0.5733661,0.5770002,0.57039934,0.55589366,0.6011175,0.5643934,0.5942902,0.6141692,0.5861043,0.5935785,0.60676366,0.56932443,0.5655754,0.5597386,0.56798106,0.5467001,0.52734995,0.5173725,0.5822388,0.5990531,0.5394987,0.5430352,0.52775073,0.5559953,0.5533314,0.5685874,0.6189562,0.5773207,0.5829859,0.5729294,0.5536787,0.5698723,0.58371377,0.5704101,0.5860222,0.59038526,0.5747508,0.61310214,0.58088833,0.54262346,0.5476492,0.55754983,0.58830357,0.5645773,0.5613612,0.5688443,0.60220635,0.58721095,0.59007144,0.5518668,0.57325506,0.58453053,0.561204,0.56306225,0.56671625,0.61018807,0.58275384,0.6034741,0.5888852,0.5720243,0.5712931,0.5675996,0.5537512,0.59259754,0.59652066,0.5762083,0.57504785,0.5691413,0.5627288,0.5439437,0.5580633,0.5192055,0.58567244,0.57512784,0.55896413,0.5772882,0.58672476,0.56882244,0.58738494,0.5982522,0.55830413,0.59357506,0.54467225,0.54316384,0.5623774,0.55173934,0.6255628,0.5735073,0.59619015,0.5959247,0.5987071,0.595217,0.59372807,0.58991534,0.60732585,0.5797281,0.55593467,0.57137185,0.60732734,0.55199826,0.5236804,0.59663576,0.55352485,0.55658627,0.6089386,0.5864089,0.57776904,0.58965194,0.58146423,0.60076237,0.5623816,0.5933705,0.5693418,0.55465466,0.524321,0.5679849,0.5836997,0.5461502,0.5948175,0.5687952,0.54976887,0.6357023,0.63776946,0.5719763,0.6616941,0.6087428,0.6249609,0.62875575,0.56960756,0.5586976,0.60147524,0.5630336,0.56850344,0.57769877,0.5849483,0.5473431,0.5772254,0.57238364,0.5922894,0.5585765,0.6240496,0.5403775,0.5982633,0.54482424,0.58060086,0.58220035,0.524718,0.5235788,0.53082895,0.5145709,0.5862109,0.60880506,0.54238385,0.558028,0.57542735,0.58057034,0.56598496,0.5524532,0.55081135,0.549003,0.5924926,0.5765728,0.55054456,0.527757,0.5501189,0.5309865,0.57380044,0.5432247,0.51514775,0.5224906,0.48306158,0.53505516,0.5745605,0.5850734,0.48456025,0.5289783,0.504755,0.5491003,0.53972113,0.5545605,0.5395573,0.5621423,0.51875526,0.52915955,0.59047014,0.5560573,0.6043232,0.6419807,0.6065137,0.61015326,0.5928067,0.555993,0.5570046,0.53319645,0.533493,0.548382,0.50740665,0.5262702,0.58475786,0.5841483,0.5446164,0.5229102,0.5206773,0.53948903,0.5711388,0.5637101,0.60174704,0.55136615,0.5626262,0.5786923,0.54678756,0.56294465,0.59308034,0.573747,0.5633026,0.5745253,0.55385625,0.5450989,0.56334895,0.54035693,0.5417123,0.5644491,0.5571288,0.5656572,0.5554361,0.5541601,0.5905304,0.5843754,0.571901,0.4889272,0.52411234,0.56421083,0.54343617,0.556243,0.51766986,0.57848924,0.54401016,0.6025939,0.5739009,0.57704645,0.56920785,0.5906822,0.5662825,0.587684,0.5993772,0.57860595,0.5496915,0.5626989,0.5732995,0.5348109,0.55223894,0.5004617,0.56960094,0.5866908,0.5419852,0.50696063,0.53221375,0.5244091,0.60037106,0.60042304,0.55463386,0.56137294,0.5338498,0.5276151,0.5199977,0.5304876,0.52621293,0.5258293,0.54044026,0.54209703,0.5578871,0.5503122,0.54951036,0.5636372,0.5479371,0.5500234,0.56142044,0.56122065,0.53832495,0.5316276,0.5665824,0.5642874,0.5730293,0.56007797,0.5617152
638,0.5876587,0.5685549,0.58940667,0.5782079,0.577246,0.57300216,0.5473741,0.60314447,0.6111978,0.55228645,0.54978657,0.5638829,0.5851378,0.5393788,0.52947867,0.57216084,0.5462785,0.557788,0.58350503,0.55285525,0.55615145,0.56515133,0.57285196,0.6203566,0.5555557,0.5737388,0.547196,0.5718417,0.5160121,0.57538176,0.59439856,0.5414893,0.56416476,0.59050953,0.55217654,0.6397595,0.62133574,0.5676413,0.6513293,0.61801034,0.6328439,0.62816834,0.5572918,0.5444998,0.55985415,0.5471782,0.5658519,0.55096257,0.5360364,0.5358723,0.59161574,0.5771069,0.6082012,0.5651883,0.62042606,0.5295905,0.5961654,0.57905984,0.5600307,0.5629722,0.54661506,0.5585243,0.5810142,0.54029363,0.574743,0.6241845,0.59592986,0.578047,0.5754126,0.6140997,0.5917661,0.62699306,0.54904693,0.59768516,0.58437747,0.5735774,0.6117214,0.54682404,0.5941693,0.5755824,0.5983363,0.60079134,0.5942418,0.52483666,0.52268296,0.5067642,0.587477,0.596585,0.5417592,0.5501241,0.50443554,0.5854315,0.5457725,0.5434137,0.56732523,0.5623062,0.57272756,0.55397165,0.6101754,0.58818144,0.61569816,0.63445145,0.61132115,0.6279045,0.62806094,0.58077663,0.6004546,0.52537715,0.5473048,0.5499562,0.5052544,0.5044106,0.5687676,0.59360015,0.552576,0.5437175,0.5241802,0.55515325,0.55369663,0.5719566,0.6070896,0.58867526,0.5688224,0.62086207,0.5746417,0.5663098,0.5904928,0.5626883,0.5669589,0.5738089,0.5644511,0.6089387,0.5940594,0.5411679,0.5550265,0.5663924,0.5868657,0.55709034,0.560392,0.55047053,0.587825,0.5757808,0.57272077,0.55452776,0.59464127,0.5788284,0.57004887,0.54163533,0.5600628,0.5873589,0.59774953,0.5897522,0.5760578,0.55759525,0.57679754,0.5441779,0.53342295,0.56070167,0.56786335,0.56173456,0.54614556,0.55929095,0.55602676,0.5492082,0.57036996,0.5216881,0.5835904,0.599112,0.5349005,0.5676051,0.6119403,0.5539491,0.61707294,0.63241595,0.6014181,0.5849917,0.5410326,0.5549606,0.5378526,0.52180797,0.58562636,0.5552486,0.59249127,0.5686826,0.5700211,0.5637113,0.56589353,0.6004169,0.6232573,0.5456955,0.5290262,0.51798666,0.57817054,0.5378676,0.5060971,0.57544583,0.5378776,0.5349471,0.57708067,0.55103153,0.55549556,0.55521375,0.5649348,0.6165704,0.52399725,0.5283326,0.53114414,0.52016646,0.49985388,0.54796493,0.5805082,0.52879417,0.5896885,0.57284766,0.53718865,0.6533913,0.6267372,0.5491514,0.6739283,0.62451196,0.62189174,0.625417,0.548097,0.5124741,0.566443,0.533825,0.5691384,0.550984,0.5636722,0.5324386,0.59621656,0.5821572,0.60423887,0.56635636,0.6241967,0.5394653,0.57493377,0.5359979,0.5563707,0.54511726,0.51123816,0.49426416,0.49486518,0.48347688,0.5960013,0.6122555,0.51097685,0.54223233,0.5332359,0.5630347,0.51481247,0.54701096,0.49166566,0.50986874,0.5199405,0.55266786,0.5424695,0.5059311,0.515048,0.49312901,0.54254043,0.52505916,0.4964571,0.47263283,0.4584127,0.4668416,0.54644406,0.58130443,0.44122145,0.4998085,0.46307942,0.5505402,0.54200697,0.5275315,0.5071703,0.537889,0.502914,0.5047805,0.5979317,0.5738897,0.62687886,0.65624,0.6279083,0.6442361,0.62233734,0.55968297,0.593484,0.49112952,0.50967664,0.55117005,0.4701129,0.5082696,0.5707599,0.58021694,0.554056,0.53142077,0.51767373,0.5415868,0.5689579,0.56728494,0.5888402,0.55530894,0.5275541,0.6241166,0.5663216,0.55919164,0.5859446,0.5507392,0.51893896,0.53223395,0.5429873,0.53706,0.5571951,0.53249323,0.5412206,0.5393729,0.5299119,0.54819536,0.5253953,0.5181582,0.5594621,0.5684764,0.5454462,0.47546306,0.5188915,0.5430284,0.5601046,0.5292762,0.47772184,0.54971147,0.53883106,0.5897198,0.55528075,0.5564674,0.5733164,0.56211627,0.54631317,0.5556971,0.5731181,0.5568686,0.51992404,0.5467291,0.5611666,0.5501383,0.56282765,0.5016166,0.56323856,0.6011212,0.5050458,0.47443423,0.5148988,0.51886815,0.6301874,0.6368294,0.5935537,0.54697585,0.523395,0.5424882,0.47318658,0.5122452,0.5267887,0.5206368,0.54734623,0.5487592,0.53809285,0.5289228,0.5225887,0.54333687,0.5440799,0.54229134,0.56864065,0.56747204,0.53380746,0.5322342,0.5544864,0.54977417,0.56530815,0.54936,0.5507475
639,0.5716785,0.5734483,0.6013295,0.5733748,0.5742707,0.5708134,0.5428816,0.6238002,0.63285154,0.5448988,0.54977876,0.5453486,0.5832508,0.54336005,0.53384906,0.56990135,0.53767216,0.5640666,0.577317,0.53392005,0.547463,0.56950486,0.579569,0.6465412,0.5458666,0.5555701,0.54142034,0.5889542,0.52077335,0.58674,0.6138524,0.5378911,0.5757465,0.60588497,0.55296767,0.65821207,0.6215298,0.56392205,0.6631668,0.63462424,0.64371884,0.6328039,0.55516106,0.5299726,0.54510224,0.5438459,0.57279414,0.54247093,0.5205902,0.5333261,0.6204488,0.59702724,0.6311754,0.5806126,0.6330218,0.5405139,0.59227663,0.5891493,0.5531739,0.5508657,0.5522563,0.5692761,0.5905906,0.54923344,0.5878194,0.63497734,0.6000771,0.5956454,0.56526417,0.6162078,0.6006182,0.65635794,0.54301876,0.6055456,0.5631877,0.55690503,0.62887156,0.5524132,0.57683396,0.58835834,0.58976763,0.61505824,0.61468875,0.5121447,0.52535236,0.4868816,0.5688554,0.59804016,0.5493673,0.5398682,0.4994598,0.6023097,0.5495699,0.5341415,0.5736095,0.56168586,0.58931637,0.5683866,0.6308891,0.6223177,0.64597964,0.66574025,0.6453027,0.6689773,0.6545524,0.6036276,0.64151305,0.5120851,0.5456285,0.5618721,0.502031,0.5083693,0.5683536,0.60418516,0.57426655,0.5551197,0.52988845,0.5599755,0.5598978,0.5851978,0.61512625,0.603075,0.5677592,0.6712467,0.6054645,0.5743839,0.6066253,0.5718354,0.5619082,0.5682987,0.56107765,0.61195546,0.6086392,0.5420087,0.56193024,0.5768986,0.5926602,0.5596871,0.5758064,0.5503073,0.5922843,0.58252037,0.57074064,0.56865424,0.62209576,0.58516663,0.5878542,0.5350578,0.56731117,0.57880056,0.6216375,0.594898,0.5810318,0.559759,0.5921653,0.5386133,0.5277467,0.5454424,0.56214935,0.5629149,0.5350212,0.5700774,0.56156963,0.5586929,0.5920925,0.5227882,0.5949312,0.63480735,0.52514213,0.5713744,0.63638353,0.547449,0.65408444,0.67527467,0.6472857,0.5889082,0.5454731,0.5760597,0.5344915,0.51586115,0.56843156,0.5524324,0.6066777,0.5624012,0.5620546,0.5527044,0.5574819,0.6205967,0.6498969,0.532581,0.5201623,0.49151453,0.57087344,0.54017496,0.5057001,0.57382274,0.5299325,0.5283105,0.56344783,0.53212684,0.5484099,0.5421062,0.56805116,0.6432412,0.5077919,0.48703736,0.5166303,0.51116925,0.4962129,0.54509664,0.59393233,0.53039616,0.59333795,0.58772326,0.5423056,0.67609924,0.6288874,0.5446857,0.69291854,0.64658123,0.63292134,0.62996817,0.5426805,0.4915047,0.54465944,0.51611054,0.5785396,0.5401353,0.5526438,0.52650535,0.62601596,0.6048417,0.6281886,0.584711,0.63524294,0.5540256,0.57065105,0.54037064,0.5474512,0.53048855,0.51443404,0.49091706,0.47914696,0.47738537,0.61420363,0.6221877,0.50111127,0.546437,0.5119323,0.5595571,0.4884232,0.55494136,0.4599541,0.49080756,0.4698291,0.5379815,0.54369384,0.4998035,0.50318325,0.47633868,0.5283703,0.5210551,0.49710917,0.45079446,0.45513985,0.43123326,0.53513134,0.5829129,0.4257867,0.48494458,0.44139445,0.5541559,0.54640305,0.51283056,0.49423984,0.52832985,0.50646204,0.5020082,0.617476,0.6029038,0.65614676,0.6822297,0.6587012,0.6839188,0.6519106,0.5762799,0.6344653,0.47312525,0.50575167,0.55902886,0.45684665,0.5088949,0.57008266,0.5903728,0.57405406,0.54832774,0.52230304,0.54631025,0.57879347,0.58320683,0.5959115,0.5614319,0.51218516,0.6741026,0.5939808,0.56572175,0.590505,0.54340416,0.49826807,0.510622,0.53843683,0.5355578,0.5606997,0.52931,0.5446735,0.5289719,0.51539046,0.54098403,0.515156,0.5028441,0.54981124,0.5712356,0.53157544,0.4777928,0.52850175,0.5351656,0.58217,0.5174886,0.46262106,0.5419818,0.5485494,0.5950094,0.55440104,0.5492482,0.5846407,0.5517944,0.5371246,0.5363096,0.56601214,0.5504597,0.51327914,0.5510161,0.56191736,0.56270605,0.5794128,0.498676,0.5708595,0.6290682,0.48716867,0.46930683,0.51366323,0.5150894,0.66915345,0.68023837,0.63782674,0.5449082,0.520004,0.56167805,0.4552079,0.5116411,0.52970785,0.52266294,0.55215573,0.553664,0.53071207,0.520613,0.5079447,0.53306085,0.5433684,0.54062396,0.58309096,0.5826307,0.52999806,0.5342226,0.5527115,0.54563993,0.5666487,0.54678893,0.5483024
640,0.5778758,0.6024038,0.6347273,0.59091383,0.59384936,0.59030604,0.560301,0.6524731,0.66661537,0.5602407,0.5687088,0.54973245,0.60844815,0.5630456,0.5535214,0.59529173,0.54742193,0.5828248,0.59612143,0.5471466,0.56275135,0.5920082,0.6097779,0.67776114,0.55724895,0.55215985,0.55611265,0.6180522,0.54426646,0.60572493,0.6429669,0.55352336,0.5980651,0.6298362,0.5694825,0.6865772,0.6375763,0.57948214,0.684461,0.66143537,0.6669373,0.6472911,0.57399356,0.5391851,0.5459944,0.5505306,0.59164774,0.55586773,0.5187736,0.54122746,0.6581404,0.6289115,0.66382134,0.6123093,0.65521497,0.5672368,0.6046753,0.6064842,0.56944865,0.564013,0.5661949,0.5962532,0.61166257,0.5762349,0.61148787,0.6516914,0.611478,0.6244055,0.5730911,0.6200379,0.6196726,0.6824504,0.5560382,0.6205674,0.55489343,0.55032253,0.64195585,0.5671524,0.571658,0.6060695,0.5971734,0.6327994,0.6385097,0.52080697,0.5423748,0.49584356,0.56165093,0.6021125,0.57019013,0.5369235,0.5060883,0.6170072,0.55267286,0.5355855,0.59058326,0.5743911,0.61582994,0.5936387,0.6602165,0.661073,0.68090814,0.7024045,0.6819918,0.710039,0.6815007,0.6337125,0.6822528,0.5210642,0.5635571,0.5812258,0.517205,0.5292014,0.58092993,0.62938535,0.60201293,0.57595783,0.5447558,0.5707136,0.5712959,0.60783744,0.64222836,0.6189415,0.5828668,0.7157697,0.64261156,0.5937488,0.6294062,0.5986788,0.573814,0.57382196,0.566276,0.62219286,0.62137425,0.54447716,0.5674285,0.58837825,0.6033258,0.5721447,0.6060936,0.5669297,0.6143226,0.60770816,0.5830158,0.5904367,0.64939016,0.60257435,0.61116,0.5417022,0.5846221,0.58577543,0.6490628,0.6201787,0.6045817,0.5801461,0.61402446,0.5567349,0.5407107,0.55516535,0.58384746,0.5815583,0.54423666,0.5966574,0.5801004,0.57165504,0.6186129,0.52339107,0.61709225,0.67583174,0.5319881,0.58875155,0.6547795,0.5518241,0.6915084,0.7178304,0.6893572,0.6067615,0.55612874,0.6029673,0.55143285,0.53579193,0.57601905,0.5698841,0.637713,0.5788087,0.5772458,0.5663319,0.5716457,0.6485834,0.68241197,0.5440243,0.5325069,0.4957811,0.5899257,0.56143534,0.5250535,0.5963513,0.5381894,0.5401801,0.57521564,0.53865504,0.5628488,0.55703557,0.5934603,0.6749087,0.516318,0.47600254,0.52756006,0.5280926,0.51313466,0.5610241,0.623452,0.551675,0.60838217,0.61371726,0.5668401,0.70176744,0.6445269,0.55783236,0.716935,0.6724395,0.65589035,0.6429681,0.5536208,0.4977405,0.5392963,0.51392287,0.596721,0.55129355,0.5567208,0.533857,0.6623576,0.6380309,0.6605618,0.61195844,0.65626967,0.58285564,0.586334,0.5570493,0.554999,0.5406448,0.53533757,0.513069,0.48530805,0.49804986,0.64228135,0.6417031,0.51397586,0.57102334,0.5161936,0.5723117,0.49090454,0.5751544,0.45921546,0.49478075,0.45210907,0.53796047,0.5552859,0.5112899,0.51463836,0.48236537,0.534635,0.5320778,0.51684505,0.45942268,0.47249562,0.43238813,0.5430454,0.5922182,0.4395224,0.48538607,0.4427826,0.5614534,0.5524587,0.5140854,0.50212973,0.53551775,0.528442,0.5198395,0.6459341,0.6384968,0.68793917,0.71520644,0.69279295,0.72276646,0.6772535,0.6034926,0.67297435,0.481312,0.5234243,0.57138443,0.46914044,0.5294374,0.5832642,0.6142779,0.60259813,0.57309216,0.536647,0.55347985,0.6001898,0.61005247,0.6228968,0.5704429,0.52111495,0.7198027,0.62666416,0.5836174,0.60854435,0.55542535,0.5058,0.5134766,0.5422698,0.5418413,0.57389784,0.53130704,0.55196315,0.53623885,0.51736236,0.55020547,0.5270282,0.5107834,0.564528,0.59423745,0.5326806,0.495866,0.5510536,0.54456055,0.60693204,0.52258843,0.47288856,0.5578268,0.5723352,0.62008023,0.5735518,0.56086266,0.60294324,0.5666837,0.5447455,0.538723,0.58339643,0.5639854,0.53278977,0.57337546,0.57848793,0.57148486,0.59989053,0.49188876,0.5917654,0.6658473,0.49216408,0.49203706,0.5282852,0.514045,0.70944774,0.72206986,0.6801835,0.55676717,0.5238625,0.5817286,0.46717888,0.5298968,0.535135,0.5319611,0.55518913,0.5569509,0.53650415,0.5265764,0.5079344,0.53420186,0.5457634,0.5448924,0.60357255,0.60562897,0.5271252,0.53642017,0.5616341,0.55262125,0.5768615,0.55329955,0.5551381
641,0.6017323,0.65196806,0.6825374,0.6265723,0.6317014,0.6280406,0.596617,0.6861617,0.70749223,0.5955709,0.60423756,0.5746731,0.6569738,0.5944251,0.5835742,0.6460904,0.57860625,0.6122419,0.63919824,0.5937246,0.6015345,0.6302896,0.6590996,0.7095424,0.5870828,0.5616959,0.5857901,0.65538293,0.57721937,0.6279202,0.675391,0.5843343,0.62630194,0.65896493,0.5978621,0.72217953,0.66638905,0.60996586,0.71296585,0.6951108,0.6974377,0.6705343,0.60907525,0.5662505,0.5602832,0.5641515,0.62116516,0.5935638,0.53528,0.55964416,0.70046294,0.66971827,0.70192224,0.65590125,0.68332016,0.606654,0.6302297,0.62858015,0.6037154,0.59676254,0.5854317,0.6312404,0.63850373,0.6145657,0.6416086,0.6739755,0.6263116,0.6573271,0.59583986,0.6244848,0.6433919,0.70255286,0.5822987,0.6403587,0.56091076,0.5538132,0.6496773,0.5890632,0.57878125,0.6264246,0.61964506,0.6520919,0.6619475,0.5462069,0.5677324,0.527718,0.565129,0.6079721,0.59818137,0.5394831,0.52135825,0.62991357,0.55444056,0.5461999,0.6170427,0.59781283,0.64584184,0.6212132,0.6938011,0.70053065,0.71673673,0.7394783,0.7172253,0.7475666,0.7062281,0.6681536,0.7188166,0.5478213,0.59745455,0.60664326,0.54599565,0.56274563,0.6029299,0.6655099,0.6340891,0.605834,0.5692048,0.58625376,0.5856844,0.636993,0.68247205,0.6352439,0.61286235,0.7517488,0.6829023,0.620414,0.65539604,0.63948715,0.6012903,0.5877222,0.578994,0.63744044,0.6304136,0.5480436,0.57069093,0.6012885,0.61772263,0.59425193,0.648073,0.5977055,0.6493914,0.64714867,0.60625654,0.6154619,0.6719442,0.62973857,0.6377511,0.55860996,0.60640085,0.60507137,0.67378825,0.66212547,0.6429347,0.6159425,0.6372264,0.59808195,0.57398355,0.59309196,0.6313299,0.61508095,0.57021475,0.63117653,0.6098552,0.58688724,0.64538866,0.523881,0.64671624,0.7172482,0.553968,0.6156209,0.66518456,0.56695503,0.7256885,0.755821,0.72543937,0.63476944,0.5701689,0.6330638,0.5819752,0.5760314,0.6038898,0.6083857,0.68052065,0.61402106,0.6123425,0.6023966,0.6061111,0.68149525,0.71634054,0.5779701,0.5652918,0.5265697,0.6330909,0.5982,0.560854,0.6407408,0.56878173,0.56975466,0.6138041,0.5729186,0.59912467,0.59952587,0.63864154,0.7072281,0.54673064,0.49251857,0.56030935,0.5669742,0.5457302,0.5919502,0.66273844,0.58789724,0.63242775,0.6477827,0.6058807,0.7290109,0.67128044,0.5847798,0.7441932,0.6995553,0.68654805,0.6634884,0.57693785,0.5263645,0.55020124,0.5287514,0.62274444,0.58671457,0.5788899,0.557647,0.7009885,0.67757875,0.69711107,0.6440241,0.6838563,0.6215847,0.6183819,0.5830022,0.57614774,0.57149255,0.569528,0.55432576,0.5103413,0.53990746,0.6773344,0.6710426,0.54516256,0.6108521,0.5432232,0.60002744,0.5191784,0.6043037,0.4866028,0.5201494,0.46646687,0.555793,0.57697135,0.53890944,0.5454386,0.51003975,0.5604309,0.55792606,0.55148774,0.49405167,0.50640005,0.46542934,0.5686667,0.60926384,0.47818658,0.49939147,0.4657449,0.57468027,0.5600395,0.5311977,0.52969444,0.5581021,0.56371593,0.55269194,0.67843014,0.6765514,0.7187461,0.75054353,0.7262174,0.7572575,0.6967357,0.6387736,0.7057392,0.51185954,0.5599125,0.5874524,0.50346243,0.56611633,0.60705554,0.64911616,0.6371716,0.6052533,0.5620526,0.5619806,0.6296575,0.6437456,0.66504073,0.5829159,0.55253404,0.75771374,0.66167694,0.61061674,0.6391365,0.58538216,0.53873473,0.53836834,0.5539102,0.5548291,0.5954334,0.5384546,0.56243116,0.56152385,0.53664243,0.5794369,0.5586749,0.5406119,0.60155743,0.63437337,0.54923207,0.5264809,0.582347,0.5730133,0.6330101,0.5432325,0.5038531,0.5932835,0.60554,0.6618512,0.6100917,0.5921947,0.62603205,0.60683644,0.57237357,0.56770116,0.6245729,0.597254,0.5748395,0.6078796,0.61064947,0.5761626,0.62169296,0.48210058,0.6234218,0.706654,0.5200949,0.5365045,0.5565138,0.51580954,0.7465089,0.7582861,0.7175239,0.5795337,0.5338726,0.60052156,0.50277144,0.56277984,0.5415247,0.5464674,0.55697936,0.559017,0.5527395,0.5440607,0.5211531,0.5452589,0.55087435,0.5536841,0.62763166,0.6336123,0.52521646,0.53805196,0.5788218,0.56853676,0.59401196,0.5677855,0.5698934
642,0.63617444,0.7123912,0.7339114,0.6720449,0.67930406,0.67654264,0.6451936,0.7206717,0.7489957,0.6440583,0.6510138,0.6117774,0.7179919,0.62907755,0.6157737,0.7119388,0.6298274,0.6482616,0.6991934,0.66571116,0.65686476,0.6784109,0.71731067,0.7389878,0.6266888,0.5779227,0.6228558,0.6948307,0.61070937,0.6483076,0.7041046,0.62162733,0.65402347,0.6879701,0.63049763,0.76005894,0.70165825,0.64882815,0.74359727,0.7304601,0.72854155,0.698131,0.65196806,0.60196143,0.5839699,0.58271605,0.65732807,0.6523179,0.5720712,0.5884659,0.7418779,0.7134291,0.74023014,0.7032684,0.71194416,0.65249866,0.66320866,0.6528889,0.64737904,0.63970995,0.60566354,0.6651727,0.66425437,0.65435344,0.6721176,0.6992386,0.64038247,0.68720424,0.6259574,0.6275455,0.6656924,0.71541005,0.6138415,0.66087425,0.5778453,0.5634091,0.6516389,0.6152067,0.5954762,0.64856374,0.6520506,0.67137825,0.6818329,0.5805504,0.5940198,0.5709687,0.5753697,0.614564,0.626043,0.54465437,0.5401135,0.64183295,0.55466944,0.5624441,0.651249,0.6277373,0.6727305,0.6432397,0.7266907,0.73787266,0.74914384,0.77273566,0.7475736,0.77919775,0.7264328,0.7042251,0.7484934,0.5845567,0.6401789,0.6357052,0.58132356,0.6019197,0.62899303,0.70673287,0.668388,0.6430362,0.6025142,0.6046938,0.6005206,0.66776025,0.72714764,0.6512725,0.65135235,0.77851474,0.72153044,0.64893174,0.68170804,0.68591475,0.63741785,0.60533077,0.59590024,0.65464664,0.6351302,0.5524738,0.5712652,0.6162245,0.63501817,0.6254477,0.6955296,0.63799,0.6906113,0.69303626,0.6365059,0.6390808,0.6870775,0.6651775,0.6653762,0.58190924,0.6262259,0.63049006,0.6910293,0.7130516,0.6882102,0.66066176,0.657441,0.6551617,0.6249141,0.65534866,0.69565165,0.656998,0.60435605,0.6664358,0.6467042,0.6027905,0.6691659,0.5233829,0.6792834,0.75558144,0.58631194,0.6451743,0.66698694,0.5895079,0.7543714,0.78751963,0.75431937,0.6664457,0.5843616,0.66331625,0.6170506,0.6252211,0.6442691,0.66234565,0.72697324,0.65982825,0.6595737,0.65318763,0.6543283,0.7149992,0.7477471,0.6276813,0.614211,0.574429,0.6915185,0.64179975,0.6043189,0.69818205,0.6220228,0.612053,0.67359865,0.62994725,0.65074,0.6611538,0.69497544,0.7371362,0.5918027,0.5280325,0.6070963,0.6199593,0.5859858,0.62957734,0.7029228,0.62940425,0.66025496,0.6836429,0.6496169,0.7553632,0.70397687,0.61968446,0.77106756,0.724834,0.71924436,0.68779415,0.60663724,0.5684098,0.5741928,0.55875915,0.6534919,0.64303416,0.6187282,0.59797275,0.7375157,0.7177599,0.73296523,0.6749483,0.7125225,0.6637566,0.65912086,0.6135383,0.6056282,0.6144894,0.6091893,0.6037459,0.54721653,0.59180176,0.7139149,0.7067868,0.58543015,0.65685827,0.58446527,0.6370214,0.56436163,0.637023,0.53459084,0.5605839,0.50587016,0.58910376,0.6045285,0.5779604,0.5889492,0.55688083,0.60108966,0.5961292,0.5926818,0.54480016,0.54829645,0.5193026,0.60648954,0.63210475,0.5308348,0.52259856,0.5040261,0.59456515,0.56873924,0.5605192,0.5735456,0.5916174,0.6039906,0.5910885,0.7095935,0.71308696,0.74490446,0.7834974,0.7558436,0.785122,0.70930195,0.67859095,0.7313737,0.5568399,0.60808486,0.60602456,0.551714,0.61093944,0.6360512,0.68942845,0.6745,0.6428185,0.5974034,0.5698128,0.66143394,0.67829186,0.71388364,0.59850454,0.5984646,0.78644645,0.6949618,0.6418927,0.67847174,0.6269249,0.58738357,0.577845,0.57069725,0.57188064,0.6221271,0.5498698,0.57497686,0.6022593,0.57021785,0.62745607,0.6034551,0.58710533,0.6543978,0.6839265,0.5798811,0.5628199,0.6162576,0.61918724,0.659094,0.5749376,0.54607576,0.6391748,0.6402771,0.7128852,0.6565544,0.63869685,0.65063787,0.66414344,0.6181226,0.6218924,0.6819393,0.64465797,0.6295247,0.64731497,0.6543588,0.577021,0.642298,0.47001144,0.66105354,0.7463299,0.5669536,0.5900338,0.592289,0.5194116,0.77777326,0.78729266,0.7478375,0.6076814,0.54766446,0.61664706,0.55058527,0.6022913,0.5464869,0.56276685,0.55760944,0.55990756,0.57462806,0.567591,0.54319566,0.56258994,0.55821955,0.56496125,0.6517152,0.6620626,0.52411675,0.5390869,0.60012996,0.5894445,0.61520845,0.58760804,0.5895112
643,0.6727041,0.7702979,0.7781914,0.7164636,0.725652,0.72562474,0.6967185,0.7506626,0.7839311,0.6961379,0.7007851,0.6492225,0.7770994,0.6585736,0.64270806,0.77739006,0.6931469,0.6847329,0.76347345,0.74593085,0.7172838,0.7275212,0.77148694,0.7638206,0.66451585,0.5925571,0.65891826,0.7288143,0.6378365,0.6628219,0.72394943,0.65507966,0.67644376,0.71160716,0.6597208,0.7932001,0.73551434,0.6876368,0.7695345,0.7611251,0.75373006,0.72325385,0.6935255,0.6362732,0.61154765,0.6038057,0.693346,0.7216394,0.6256575,0.62476385,0.775791,0.7518779,0.7727626,0.74465996,0.7354526,0.6964427,0.6954153,0.67461026,0.69044894,0.6827956,0.6224102,0.69031096,0.6823328,0.6863447,0.69760525,0.7233021,0.6499689,0.7083583,0.65446746,0.62665886,0.68097717,0.72041094,0.64246786,0.6768777,0.59901136,0.57256067,0.6473878,0.640715,0.61610365,0.67078555,0.68641293,0.68767595,0.6947903,0.6151632,0.61389047,0.6128485,0.58695024,0.62097305,0.64678305,0.54927325,0.556739,0.65199804,0.55348814,0.5795716,0.6887733,0.65813196,0.6908623,0.6538924,0.75474656,0.7698094,0.7735825,0.7984964,0.7700999,0.8027757,0.73984224,0.7376251,0.7691937,0.6226883,0.68288994,0.66389817,0.61524093,0.6384251,0.6543293,0.74632126,0.7008766,0.6818214,0.64029574,0.62331945,0.61343527,0.6940501,0.76706773,0.66545457,0.6892925,0.79559237,0.7524714,0.6741751,0.7056682,0.72777724,0.6721308,0.621425,0.6128513,0.67123085,0.63536537,0.5576378,0.56915814,0.63190246,0.6526345,0.662383,0.7398771,0.68003136,0.7299693,0.7363021,0.6692079,0.6568341,0.6930043,0.70542157,0.6902309,0.60647255,0.638299,0.6552273,0.6983203,0.7631106,0.7310562,0.70601636,0.6716245,0.7152021,0.684627,0.7298381,0.76232094,0.69926476,0.63710546,0.69679075,0.68456584,0.6169198,0.68719,0.52043307,0.70910114,0.7874926,0.62173927,0.6704754,0.65897894,0.6141429,0.7756685,0.81165713,0.77432704,0.6955108,0.5954423,0.68994653,0.64796555,0.6702297,0.6873061,0.7205711,0.7681258,0.7051798,0.70800155,0.7072352,0.70664483,0.7434811,0.77247566,0.68357164,0.6713437,0.6266371,0.7518211,0.6825213,0.64522105,0.756387,0.69028974,0.65869117,0.74232614,0.6984444,0.70693153,0.7275469,0.7503293,0.7624493,0.6420329,0.5700677,0.6569631,0.67554957,0.6243658,0.66377765,0.735986,0.66509944,0.6860749,0.71372753,0.68797874,0.77634937,0.73586744,0.65555024,0.792207,0.7444561,0.7480238,0.7102828,0.636895,0.6132572,0.6055875,0.59903723,0.6833883,0.7102558,0.67108864,0.6503131,0.76694655,0.7519768,0.7626766,0.698403,0.73628473,0.70260996,0.6984903,0.64207494,0.6374627,0.659785,0.6455923,0.6481258,0.58562654,0.64015794,0.74596757,0.7424354,0.62292784,0.6984475,0.6277887,0.67376673,0.6128648,0.6662028,0.59041184,0.605213,0.5579093,0.6288209,0.62989616,0.6211594,0.6361375,0.6165366,0.6477675,0.63967836,0.6297093,0.5986387,0.58620197,0.57872313,0.64684975,0.6569158,0.5810639,0.54805225,0.54723024,0.6180396,0.57736087,0.59460706,0.6265493,0.6293893,0.63962895,0.62373435,0.73523283,0.74381477,0.7627289,0.80938745,0.7790733,0.8046262,0.7139375,0.7174108,0.74907273,0.60637444,0.6578668,0.6247638,0.60201746,0.6536552,0.6651642,0.72895586,0.7103049,0.6808453,0.63813287,0.57437503,0.68890023,0.70695764,0.7591102,0.61534345,0.6468511,0.8052266,0.7213018,0.67178786,0.72049165,0.67032725,0.63749045,0.62110883,0.5888447,0.5894836,0.64882314,0.5632498,0.58788955,0.651416,0.61107796,0.6870587,0.65129095,0.6407958,0.71260595,0.7329227,0.62077844,0.5961959,0.6458285,0.67715544,0.6828864,0.61100644,0.5868977,0.6837109,0.6680665,0.7635762,0.7028953,0.69179577,0.67316866,0.72493255,0.6745016,0.69275,0.7434579,0.69697106,0.68388784,0.684401,0.7023184,0.57464427,0.65895355,0.45615825,0.698173,0.77936363,0.62339103,0.6365646,0.6255862,0.5230569,0.8016063,0.8084669,0.7689933,0.6350619,0.56154186,0.6291314,0.59681237,0.63923115,0.54806656,0.5769733,0.55665714,0.5590383,0.596407,0.5904407,0.5679405,0.58143836,0.5670772,0.5763659,0.67136496,0.6854472,0.5235963,0.5399074,0.62121004,0.6110955,0.6364531,0.60864735,0.6098113
644,0.7029415,0.8146491,0.8088676,0.75017506,0.7611306,0.76541483,0.7410623,0.77150226,0.80714977,0.7423566,0.7449865,0.67714447,0.82270557,0.6788192,0.66089773,0.82911235,0.75469595,0.71504015,0.8183985,0.81397516,0.7701679,0.7685676,0.8117741,0.78266656,0.69215167,0.59915674,0.68652403,0.7519497,0.65383106,0.6687828,0.73269886,0.6765974,0.691148,0.7265915,0.68038934,0.8155954,0.7616093,0.71836025,0.7854185,0.782201,0.7689589,0.7401436,0.7270678,0.66115683,0.6370529,0.6238481,0.72223467,0.7860558,0.6852634,0.66224843,0.79738295,0.7785026,0.79500717,0.7729946,0.7499876,0.7314416,0.71904063,0.68838537,0.7246918,0.7181264,0.632372,0.70171314,0.68878734,0.7052314,0.7149013,0.74239147,0.65190005,0.71720064,0.67399764,0.6196255,0.6848213,0.7173506,0.6617822,0.68490195,0.6176386,0.57555825,0.6364956,0.6608524,0.6336883,0.6904922,0.7154501,0.6980951,0.69850105,0.64292634,0.6223482,0.6439537,0.5946992,0.62595356,0.6554283,0.54998595,0.5671962,0.6586053,0.55139095,0.5928631,0.72343004,0.68282294,0.6973437,0.64986026,0.77563757,0.7933438,0.7876128,0.81482303,0.7839711,0.81752247,0.7456621,0.7639667,0.780586,0.6552591,0.7184842,0.6860601,0.6414262,0.66592956,0.6759938,0.7788102,0.72722614,0.7145222,0.67563283,0.6389263,0.6226924,0.7110325,0.79547405,0.675723,0.7191952,0.80366534,0.77161795,0.6923414,0.7249739,0.7575592,0.6971443,0.6313008,0.626143,0.68410176,0.63119555,0.56281936,0.56517744,0.6456585,0.6668837,0.69854975,0.77380794,0.71502477,0.7605683,0.76999855,0.6993318,0.6665698,0.68969846,0.7444286,0.70840025,0.62747526,0.6390307,0.6730236,0.6951935,0.80364025,0.76426905,0.74442697,0.6781094,0.7650085,0.7399046,0.79841083,0.81725174,0.7350147,0.6612202,0.7178977,0.71718943,0.62653613,0.6969046,0.5149824,0.7316465,0.8103303,0.65335083,0.68700254,0.6407132,0.6356331,0.7891837,0.8277735,0.7847201,0.7171621,0.60003656,0.7101101,0.6688556,0.7022846,0.72323453,0.7708068,0.79760164,0.7401177,0.74710923,0.7529408,0.7525854,0.762316,0.7872641,0.73552036,0.7264789,0.6706568,0.8012467,0.71418494,0.67696685,0.8044166,0.75839514,0.7001613,0.8043262,0.7628508,0.75649935,0.7841161,0.7944577,0.7823343,0.6881129,0.6056103,0.6989245,0.7217667,0.65312445,0.6858142,0.7572057,0.6869296,0.70463955,0.7328678,0.7145709,0.7875896,0.7612314,0.6859459,0.80323267,0.7555992,0.76842266,0.7263631,0.6632505,0.6514818,0.63761514,0.6428532,0.7066707,0.77367467,0.7257096,0.7056486,0.7854553,0.77525985,0.78216964,0.7104032,0.75096685,0.73304975,0.7281376,0.6625113,0.6665709,0.69933224,0.67191947,0.6771256,0.61559415,0.67440593,0.7689455,0.7717256,0.6472153,0.72666013,0.66116226,0.7003898,0.6501703,0.68473047,0.638725,0.6423382,0.6072037,0.6632647,0.6448602,0.66103387,0.6775156,0.6775884,0.68992525,0.6792667,0.6541235,0.6438119,0.6097116,0.6289221,0.67900056,0.6784448,0.614656,0.56760377,0.58412933,0.63960373,0.5841191,0.6241515,0.6785253,0.66443884,0.6634026,0.64132637,0.75333714,0.76551014,0.7705911,0.8255117,0.79528177,0.8155852,0.71116173,0.74946696,0.7591113,0.65133554,0.700261,0.64054126,0.6431923,0.68590665,0.69094205,0.7628119,0.74063915,0.7131848,0.67762303,0.5737031,0.70709574,0.7248277,0.79249823,0.6306841,0.68642503,0.8148938,0.73700136,0.69544,0.75838375,0.70610964,0.6762838,0.65674347,0.60432094,0.6034352,0.6698785,0.5749985,0.59905195,0.69863284,0.65039927,0.7459869,0.6919209,0.6897881,0.76419944,0.77323526,0.6647686,0.62074614,0.6661982,0.73609877,0.70183516,0.6447894,0.61476344,0.71614134,0.68279815,0.80552787,0.7404562,0.7412942,0.6905106,0.7757771,0.7299155,0.7638228,0.7968843,0.7443637,0.7269691,0.7130752,0.7460061,0.5699622,0.66878617,0.4420768,0.72911006,0.8020075,0.6770386,0.66415226,0.6468288,0.52502495,0.81784666,0.8225592,0.7801845,0.6558466,0.57107323,0.6380084,0.63038677,0.6668498,0.5461308,0.58632326,0.55377424,0.5559315,0.61305624,0.60702753,0.58918166,0.5970512,0.5762137,0.5856095,0.68280905,0.69947,0.5232901,0.5407005,0.63890404,0.63009834,0.65345347,0.62625575,0.6265596
645,0.72162926,0.8409617,0.82426196,0.76848155,0.78126645,0.7903347,0.7710261,0.78098124,0.8171084,0.77714664,0.7785892,0.69204175,0.85011953,0.6907018,0.6709876,0.8614411,0.80157596,0.7347603,0.8556284,0.85809547,0.8067326,0.79620916,0.8347681,0.7958539,0.7079997,0.59599364,0.70186305,0.7636756,0.6573388,0.665056,0.7309407,0.68247944,0.6971384,0.7321076,0.6901868,0.82480514,0.77765906,0.7371188,0.789431,0.7920132,0.7739139,0.7466814,0.7500439,0.67352986,0.65669346,0.64035714,0.7395594,0.8335937,0.73711807,0.69487363,0.80517924,0.79064596,0.80542076,0.7858057,0.7545275,0.7539058,0.73043567,0.6922745,0.74684036,0.74233246,0.63458145,0.6982256,0.68408346,0.71051866,0.7232825,0.7549906,0.64419603,0.71246666,0.68035805,0.6053255,0.6748718,0.7070994,0.669421,0.6861672,0.6300119,0.5704199,0.6194687,0.6745075,0.64335364,0.707015,0.73608106,0.70334053,0.6941175,0.6610042,0.61950314,0.6608708,0.59509224,0.62772185,0.6505185,0.54342794,0.5704551,0.6610654,0.54906446,0.5994608,0.7514103,0.6985019,0.69352853,0.63148993,0.78885347,0.8072648,0.7917873,0.82226205,0.7913436,0.8246267,0.7456631,0.7816444,0.78473824,0.67916024,0.74453664,0.69931394,0.6580607,0.68277,0.69318473,0.8019047,0.7455151,0.73631537,0.70318764,0.6491363,0.6277252,0.71712554,0.80961007,0.68127006,0.7380161,0.80522686,0.77875984,0.7013979,0.7384143,0.7729298,0.7093707,0.6319142,0.63333046,0.6888477,0.6235129,0.5668517,0.56117845,0.6564129,0.67621845,0.7277024,0.79435813,0.73778176,0.7789689,0.7912622,0.7228732,0.6705888,0.6808936,0.7764193,0.71832615,0.64373356,0.6284447,0.67912614,0.6828402,0.829945,0.7844756,0.77116925,0.6770317,0.7965878,0.77997756,0.8469279,0.853248,0.75987333,0.67297816,0.7277878,0.74040383,0.6300901,0.6971279,0.5090807,0.74632883,0.8232364,0.6782755,0.6939994,0.61561877,0.65064263,0.7968095,0.8370242,0.786742,0.7284075,0.59524,0.7234931,0.6785627,0.71999764,0.7460581,0.8055847,0.81300455,0.75976735,0.7712243,0.78331804,0.7850023,0.769564,0.7909786,0.77622515,0.7710984,0.6989093,0.833065,0.7352152,0.698272,0.83631116,0.81108207,0.72943646,0.8483655,0.8100038,0.791799,0.82276917,0.8227627,0.7976965,0.72401243,0.6263259,0.72669154,0.7519636,0.6693334,0.69050455,0.76551765,0.69172686,0.71186376,0.7402151,0.7271037,0.7869694,0.77745837,0.7074077,0.8025914,0.75764185,0.7787775,0.73432016,0.6832117,0.67801,0.6650439,0.683713,0.7194598,0.8211367,0.77085054,0.7538452,0.79158646,0.7855243,0.79008883,0.71001804,0.7553317,0.7522122,0.7449231,0.67263454,0.6904972,0.7293353,0.6851994,0.6870853,0.63180757,0.6905188,0.7809745,0.7915322,0.6529114,0.7363583,0.6764653,0.7106186,0.666011,0.68799925,0.6686746,0.66511476,0.64206237,0.6845951,0.64481765,0.69299513,0.70714116,0.7290229,0.7206734,0.70912623,0.6633507,0.6743996,0.6145838,0.6618314,0.6965841,0.69142234,0.6264936,0.57460606,0.6073995,0.65499085,0.5874514,0.6419708,0.721271,0.69171643,0.6735315,0.6394466,0.7637989,0.77711713,0.76971954,0.83212024,0.8066255,0.81971914,0.703889,0.7717398,0.76338834,0.68634063,0.7311918,0.65111536,0.67000836,0.70484275,0.71180016,0.7885924,0.7634323,0.7352046,0.709717,0.5676197,0.7144258,0.73060083,0.81051445,0.6423782,0.7115042,0.81827563,0.74179465,0.70967925,0.7865459,0.7289808,0.6979911,0.67652416,0.6138716,0.6096265,0.6817495,0.58179617,0.6066621,0.73566014,0.68170774,0.79241633,0.7196076,0.72519606,0.80093193,0.80110574,0.7034137,0.6363603,0.6769282,0.7847366,0.7138922,0.6723184,0.62388813,0.7299911,0.6820362,0.83412075,0.7646907,0.77898026,0.7006591,0.80898803,0.7734585,0.8183603,0.83435553,0.7795736,0.75326693,0.7303328,0.7788262,0.56407505,0.66964656,0.430503,0.7514959,0.8136487,0.71902394,0.6696275,0.6516929,0.52478,0.82821214,0.8319809,0.7828197,0.66541886,0.5729022,0.64471287,0.64749056,0.6835158,0.5428727,0.5907205,0.54924804,0.5511548,0.62256926,0.6153385,0.60271996,0.6063782,0.58409756,0.5910997,0.68470466,0.7029357,0.5228025,0.5412559,0.65215284,0.644731,0.663559,0.6371425,0.63696873
646,0.72783345,0.84941983,0.8249477,0.77108634,0.78599775,0.7993133,0.78398734,0.77820307,0.81373954,0.79931146,0.8005245,0.69563603,0.85950166,0.6972134,0.67574966,0.87470835,0.8279151,0.742177,0.87373054,0.8780226,0.8240734,0.8091579,0.84123534,0.80434924,0.7149212,0.5849781,0.7052896,0.7666416,0.6506863,0.65234584,0.72073317,0.67280054,0.69427717,0.7288558,0.68879455,0.820321,0.7844441,0.74429494,0.78183794,0.79055846,0.7704691,0.74318725,0.76256466,0.6747626,0.66958684,0.65270674,0.7430828,0.8608307,0.77162397,0.7189351,0.7988133,0.7875749,0.80373645,0.782832,0.74955565,0.762391,0.7297786,0.68771565,0.7578865,0.7559063,0.62962717,0.6813539,0.6717733,0.70415425,0.7231533,0.7611337,0.6270037,0.69484186,0.6720399,0.5838435,0.65113425,0.6914053,0.66704947,0.68496203,0.63577,0.558627,0.59820044,0.68343484,0.64405364,0.72136056,0.748957,0.7070904,0.68571484,0.67071307,0.6102177,0.6649003,0.5868494,0.62474537,0.63402736,0.52803236,0.5681668,0.660192,0.5470814,0.59880877,0.77204865,0.70480716,0.6836586,0.60266143,0.79451215,0.81123775,0.78731394,0.8220086,0.7950097,0.8253363,0.74246615,0.7910956,0.78422,0.69470024,0.7618897,0.70326084,0.66686296,0.6905106,0.7063242,0.8157569,0.75535953,0.74555254,0.7200685,0.65288436,0.62874836,0.7129197,0.80924517,0.6825319,0.7461037,0.80263746,0.7757445,0.70067763,0.7452456,0.77484936,0.7096111,0.6227538,0.633413,0.6813426,0.6140843,0.5690611,0.5592457,0.66499704,0.6817278,0.7460888,0.8017218,0.7478174,0.78488183,0.79996485,0.73767835,0.6738829,0.6727492,0.7980193,0.72008866,0.65752155,0.60999596,0.6714994,0.6638375,0.8408471,0.79107666,0.78432953,0.66964096,0.8078602,0.80035424,0.87200516,0.87021065,0.7716314,0.67203265,0.72721833,0.75220823,0.62751013,0.68836564,0.5053123,0.75531113,0.8259678,0.6971719,0.6935012,0.59052515,0.6578479,0.8007422,0.8408563,0.7820595,0.7278693,0.5799633,0.7312674,0.6792662,0.7261416,0.7546222,0.8231374,0.81413525,0.7638755,0.7796877,0.79677916,0.801702,0.76457626,0.78335655,0.80282813,0.80115056,0.7100552,0.8464768,0.7464699,0.71080595,0.8506062,0.84118366,0.7434102,0.8717667,0.8349696,0.81013083,0.8425175,0.8350169,0.80965275,0.7480161,0.630251,0.7394692,0.7659284,0.673747,0.6763884,0.76174015,0.68008584,0.70558125,0.73767215,0.72573125,0.77348894,0.7842053,0.7195508,0.79009604,0.7506882,0.7792254,0.7341422,0.6959324,0.6923803,0.6850859,0.7162342,0.7191443,0.8481684,0.79871637,0.78758746,0.78454965,0.7818095,0.78614473,0.6973213,0.7496763,0.7583477,0.7497165,0.67364365,0.7092029,0.7497302,0.6854198,0.6794092,0.6339925,0.68929267,0.7818049,0.8011573,0.63988936,0.72570765,0.67034245,0.7022319,0.65602744,0.6747132,0.67723274,0.67269784,0.6586122,0.6904176,0.6293006,0.7153186,0.72371376,0.76528925,0.73845273,0.72827905,0.6595312,0.6902348,0.60247374,0.6769805,0.6987268,0.6921535,0.61896706,0.5661003,0.61524695,0.6625102,0.5865564,0.6449278,0.7513992,0.70839256,0.6723212,0.61843324,0.7670555,0.77842385,0.7619623,0.83043367,0.8156655,0.8186489,0.69519097,0.78364104,0.76386636,0.7100683,0.75066954,0.65571666,0.6827902,0.71170515,0.727304,0.8056878,0.77770835,0.7438406,0.72957385,0.5572525,0.7115179,0.72515243,0.81275266,0.6491572,0.7218918,0.8179907,0.73737746,0.71287024,0.8015023,0.73812866,0.70305043,0.67716134,0.6157687,0.6054399,0.68373185,0.58211213,0.60959864,0.7592707,0.70235735,0.820162,0.7338531,0.7441049,0.82050335,0.81592864,0.7304913,0.6460509,0.6805026,0.81656164,0.71676433,0.69236076,0.6147758,0.72327125,0.6663451,0.8481887,0.77462924,0.80089885,0.70233965,0.82296103,0.7992151,0.8492489,0.8539552,0.7993776,0.7621725,0.73621726,0.7974549,0.5577016,0.660538,0.42409536,0.7654421,0.81486267,0.74654233,0.6560794,0.6409787,0.52298343,0.8344788,0.83893865,0.7787867,0.6613008,0.5661467,0.6508346,0.65025496,0.69115865,0.5412663,0.59202397,0.5438665,0.54598904,0.62608933,0.61673874,0.60740787,0.6089541,0.58947533,0.59224916,0.67757773,0.6966775,0.5221045,0.541239,0.6613985,0.65475273,0.66610765,0.63995737,0.6401733
647,0.72347814,0.8407091,0.8115168,0.7595289,0.7768702,0.7931415,0.78028506,0.7616239,0.7957415,0.80949056,0.81119776,0.69170135,0.85152227,0.70057726,0.6780014,0.8699946,0.83262354,0.737132,0.8737442,0.8768712,0.8222571,0.80753946,0.8324261,0.80741894,0.7162204,0.5693094,0.698919,0.7634221,0.63789624,0.63298976,0.7047255,0.64964443,0.68398756,0.71779317,0.6771448,0.8003318,0.7824576,0.74142134,0.7620694,0.7770457,0.75981885,0.7293989,0.7650715,0.66768837,0.67535985,0.65963954,0.7309588,0.8688757,0.78464836,0.7314064,0.7765705,0.7679501,0.7885503,0.7635731,0.7349549,0.7559496,0.71831,0.6767133,0.7598066,0.76030344,0.6185757,0.65400857,0.6557276,0.6886738,0.715175,0.76102346,0.60252655,0.6667306,0.64931446,0.5561868,0.616042,0.672193,0.6585649,0.6845598,0.6362625,0.54318446,0.575057,0.6889742,0.63782287,0.7335002,0.755606,0.7121741,0.67711854,0.6745919,0.60093933,0.65934,0.5708531,0.61656696,0.610059,0.50535476,0.5630744,0.6565911,0.5456356,0.59166205,0.7847779,0.7019346,0.6718873,0.56955934,0.7919016,0.8040998,0.77359974,0.8134436,0.7950499,0.81857455,0.7365457,0.791958,0.77950484,0.7032966,0.77138734,0.69799614,0.67025954,0.69097984,0.7154672,0.82048523,0.7555792,0.74117905,0.72378945,0.6496028,0.62579924,0.69930065,0.79460776,0.6795017,0.74470294,0.7953397,0.7639087,0.69045293,0.74405307,0.76485103,0.6998487,0.6055011,0.6263707,0.6594048,0.6043784,0.5693256,0.5603929,0.6717773,0.6843932,0.75136364,0.7965613,0.7465798,0.77904373,0.7963644,0.74228585,0.67980033,0.66946244,0.8071457,0.7134117,0.67063797,0.588592,0.6511095,0.6415096,0.8359664,0.7845001,0.7834327,0.6571363,0.7991713,0.8000919,0.8755857,0.8701889,0.7693933,0.6603168,0.7179388,0.75157124,0.6193712,0.6717339,0.5053857,0.76002395,0.81689435,0.71143293,0.68854517,0.5713919,0.6570579,0.80057406,0.838634,0.7706199,0.71549016,0.5555832,0.7337622,0.673819,0.7235173,0.7505998,0.8238495,0.80097055,0.7541852,0.7740148,0.79418397,0.8033244,0.74600023,0.76298314,0.81509817,0.8157387,0.7070073,0.84252954,0.7488434,0.7162038,0.8470575,0.84765214,0.74166054,0.8758599,0.8382695,0.8114739,0.8448222,0.83191174,0.8170887,0.7605157,0.6199208,0.73874944,0.7661036,0.6674666,0.6450504,0.7471804,0.654728,0.68637794,0.72737306,0.7117153,0.74477196,0.7806884,0.7226239,0.7641957,0.7335981,0.7695231,0.7249406,0.70127755,0.69609404,0.6954319,0.73514557,0.7030226,0.8547914,0.80574054,0.8025794,0.7622592,0.7623209,0.7688446,0.6721456,0.7337512,0.7500711,0.7439352,0.6672437,0.7227353,0.76126665,0.6739669,0.65770185,0.6244858,0.67376304,0.77146673,0.80035883,0.6114463,0.6949902,0.6431611,0.67526656,0.6208676,0.6461868,0.6666988,0.6673552,0.65924066,0.680991,0.6004438,0.7270586,0.7287104,0.7850571,0.7443148,0.73722464,0.646277,0.6934581,0.57818645,0.6779003,0.687089,0.67901045,0.59782356,0.5432877,0.60951763,0.6618924,0.5811862,0.63318104,0.7678046,0.7123594,0.6627055,0.58214456,0.7628343,0.7684767,0.74720377,0.8199666,0.8218441,0.8114089,0.6852374,0.7845421,0.7601988,0.72326195,0.759642,0.654017,0.6840393,0.70826787,0.7370002,0.8135752,0.7819309,0.73648065,0.73310846,0.54386365,0.69912446,0.7093921,0.79929155,0.64983016,0.7199984,0.8136047,0.72517323,0.7042643,0.80102956,0.73508024,0.6947891,0.65912277,0.609834,0.5904093,0.6762567,0.576135,0.6071652,0.76900446,0.71145105,0.8274021,0.73674417,0.7472934,0.8234097,0.8176313,0.7422974,0.65157384,0.6787705,0.8292686,0.7075062,0.70410013,0.5916732,0.69670635,0.6380014,0.84754837,0.77100956,0.80613977,0.69424456,0.81844413,0.80527294,0.8568356,0.85657215,0.80332756,0.7551299,0.73168606,0.80044353,0.55112064,0.64134854,0.4248404,0.77092403,0.80486476,0.76013786,0.6291611,0.61767554,0.5207254,0.83587086,0.84276175,0.76807374,0.6436231,0.55192196,0.6562597,0.64298606,0.6921249,0.54322433,0.5921746,0.5382311,0.54143524,0.626167,0.61403227,0.6043095,0.60601693,0.59154195,0.58921725,0.66236365,0.68160653,0.5215857,0.5404117,0.6669952,0.66028214,0.66109765,0.6343977,0.63631254
648,0.71144766,0.8139805,0.7842251,0.7359481,0.75569975,0.77286845,0.7614125,0.7288279,0.7599231,0.80817914,0.81039846,0.6844132,0.825194,0.7011823,0.67940843,0.8459294,0.81427926,0.720124,0.85507596,0.8550139,0.8011472,0.7909816,0.8084802,0.80179137,0.713993,0.5529694,0.6843285,0.75473857,0.6222723,0.61039823,0.6860446,0.6157655,0.6696751,0.6997042,0.6571918,0.7605161,0.7698204,0.7286969,0.72759426,0.74916947,0.7411455,0.7032866,0.7574551,0.65439814,0.67206,0.6574765,0.70126593,0.85790175,0.7741948,0.72855175,0.7353223,0.72962767,0.756697,0.7272452,0.7094122,0.7338126,0.6968814,0.66005784,0.7534466,0.75607616,0.6029733,0.6204177,0.63868827,0.66691226,0.7004623,0.7549677,0.57437307,0.63231397,0.6143971,0.52463824,0.5747562,0.6514357,0.6481358,0.6853663,0.63371843,0.52758294,0.55207264,0.69040686,0.62882966,0.74141127,0.7568379,0.7183295,0.6695064,0.67383933,0.5964983,0.64782256,0.55007696,0.60433316,0.58314276,0.47967455,0.55752,0.6498658,0.5445505,0.5795225,0.78746027,0.68910515,0.66043997,0.5390147,0.7791095,0.78345317,0.74804854,0.79345036,0.78810376,0.8004379,0.7253849,0.7818459,0.7684165,0.70589495,0.7725362,0.6831492,0.67003214,0.6850282,0.71948534,0.8147315,0.7434056,0.7213897,0.71122664,0.6387847,0.6184833,0.67701083,0.7659062,0.6709061,0.7348892,0.7792521,0.7434047,0.67196274,0.73251116,0.7442387,0.6825337,0.58332276,0.61284804,0.62373894,0.59456694,0.567409,0.56400895,0.6751956,0.68311316,0.74100894,0.7789145,0.7349381,0.7617845,0.7799631,0.7345839,0.687633,0.6708187,0.80140114,0.69732434,0.6813841,0.568373,0.6216753,0.6191001,0.81378025,0.76526463,0.7685705,0.6400574,0.7707838,0.7780142,0.8579306,0.85369945,0.7529605,0.64107907,0.7009106,0.73774517,0.60637957,0.6481243,0.5097727,0.7593885,0.792291,0.72182494,0.6820306,0.5602789,0.64876246,0.7926122,0.8268232,0.750403,0.6926795,0.5257081,0.7294713,0.66459095,0.71347564,0.7364282,0.80726385,0.77314717,0.7330274,0.75604445,0.7765898,0.79104155,0.71162003,0.72690874,0.8129556,0.8141873,0.6947315,0.8213773,0.7422048,0.7146275,0.82405543,0.82886344,0.7249111,0.8604199,0.8205507,0.7957881,0.829917,0.8128748,0.8161501,0.76151645,0.6003534,0.72539794,0.7543845,0.6499859,0.6008983,0.7234772,0.6194256,0.6579189,0.7103397,0.68693763,0.69683534,0.7641521,0.7154822,0.7212271,0.70393527,0.74808437,0.70397484,0.6992373,0.690085,0.69259745,0.73468715,0.66842496,0.84014606,0.7890831,0.7952209,0.7213346,0.724295,0.7350072,0.6347642,0.7061653,0.7265242,0.7275212,0.6537648,0.72963756,0.7634945,0.65309083,0.6264217,0.6061372,0.6481398,0.75007325,0.78855073,0.57256806,0.6468565,0.59854746,0.63116443,0.56621647,0.6055656,0.6413108,0.6517626,0.64951104,0.6570617,0.5617397,0.7268082,0.7245686,0.78768075,0.7391013,0.7351592,0.6266192,0.68560135,0.547387,0.6686977,0.66336364,0.6523445,0.56973314,0.5107152,0.59327483,0.6531064,0.571428,0.6090923,0.76871336,0.70110184,0.6460776,0.53674734,0.74996763,0.7455153,0.72309786,0.79771215,0.82087773,0.7940152,0.6710788,0.7724039,0.7493129,0.7269775,0.75820273,0.64536524,0.67632586,0.69508475,0.7398596,0.81083727,0.7733106,0.71068114,0.71645284,0.5285248,0.6773699,0.6838575,0.7698113,0.643047,0.7087729,0.80104536,0.705747,0.6837107,0.78275114,0.7220628,0.677703,0.6252603,0.5970592,0.56603444,0.6591388,0.5649045,0.5988792,0.76397777,0.70765215,0.812362,0.7306805,0.73588794,0.8092902,0.8050941,0.7356162,0.651558,0.67111206,0.8209202,0.6833678,0.70539236,0.55986816,0.65288347,0.60007584,0.830903,0.755051,0.7946311,0.67492646,0.79561484,0.7902593,0.8414961,0.8422566,0.7916619,0.73367566,0.71662,0.7864055,0.5446332,0.61283195,0.4341111,0.7664035,0.7808097,0.7608347,0.595031,0.5848917,0.51895446,0.8284723,0.83946294,0.74817735,0.61508864,0.5321875,0.6588612,0.6298085,0.687596,0.5490581,0.5919833,0.5323146,0.5377565,0.62516856,0.6098252,0.595144,0.59913987,0.5898051,0.58252186,0.6400556,0.65828824,0.5217476,0.53875107,0.6682906,0.6608916,0.6484038,0.62055975,0.62562454
649,0.6942434,0.7680714,0.74401003,0.70319355,0.72473437,0.740126,0.72952086,0.67867005,0.70332783,0.79538774,0.7967318,0.67720085,0.77930903,0.69808424,0.6801548,0.7997721,0.77013546,0.6919987,0.81545204,0.8107298,0.7607859,0.7587826,0.769027,0.78267556,0.70904523,0.54057837,0.66225624,0.7393219,0.60532075,0.58832955,0.66720647,0.57458967,0.65528554,0.67590296,0.63218117,0.69704145,0.7430023,0.704793,0.6762231,0.7046587,0.71255755,0.6632178,0.7395349,0.6357925,0.65700394,0.64146966,0.65400356,0.8258189,0.7392711,0.7070517,0.67342734,0.6722477,0.7051153,0.67468137,0.67175096,0.6959554,0.6663009,0.63717467,0.73843914,0.7429542,0.5849492,0.58550096,0.6219468,0.6414105,0.6806755,0.74358964,0.54663044,0.59657615,0.57205945,0.49333024,0.5343617,0.63080186,0.63796496,0.6853796,0.63075227,0.5152002,0.53090346,0.6850535,0.6218344,0.74167854,0.7523984,0.7223029,0.66099864,0.6678576,0.5978009,0.63350993,0.52928567,0.5906853,0.5564999,0.45672664,0.55292934,0.6391188,0.5436,0.56461173,0.7773969,0.66493595,0.64919037,0.51579,0.75395316,0.74660933,0.7078375,0.7576507,0.76923555,0.7655442,0.70514536,0.7572846,0.74746144,0.7026392,0.7640869,0.65873003,0.6668163,0.6727033,0.71635675,0.7961155,0.71511453,0.684184,0.6797306,0.6207492,0.6065904,0.647235,0.72430015,0.6548623,0.7176996,0.748533,0.7140132,0.647211,0.70786464,0.714464,0.6611106,0.5603653,0.5943114,0.57898885,0.5836124,0.56288165,0.5680784,0.67214745,0.6750438,0.7123624,0.7489164,0.712618,0.7329578,0.749819,0.71195716,0.6934981,0.6733362,0.7780917,0.67093194,0.68481797,0.5513217,0.5889866,0.59880304,0.7725005,0.7340317,0.74045295,0.61785483,0.7239103,0.7326939,0.8168884,0.81969774,0.7228266,0.61857665,0.67647743,0.7102444,0.589418,0.61851937,0.51752126,0.7503869,0.7474916,0.72811,0.6756583,0.555137,0.6343095,0.7714216,0.7999511,0.71891063,0.6622956,0.49558637,0.7158906,0.6532734,0.6963032,0.7143505,0.7721092,0.7308677,0.70314026,0.72788423,0.74540555,0.7658314,0.6604097,0.67282295,0.7958133,0.7944821,0.67824835,0.78309137,0.72607005,0.70527494,0.77947384,0.78068393,0.6946095,0.82262963,0.7820153,0.76280516,0.79663354,0.77618235,0.8015761,0.7501334,0.5773851,0.6991869,0.73126626,0.6201014,0.5508585,0.6924421,0.57861394,0.6257334,0.6866535,0.6541556,0.6282753,0.73106,0.6959397,0.6588387,0.66018116,0.7130226,0.6686627,0.6899108,0.67413014,0.67311746,0.71006745,0.61537683,0.80118537,0.74590355,0.7617856,0.6599554,0.66653043,0.68175864,0.5872019,0.66566867,0.6880551,0.69913346,0.63218623,0.7274988,0.75483084,0.625972,0.5899589,0.58144546,0.61702627,0.7183059,0.7649879,0.5286639,0.58733475,0.5434304,0.573668,0.5028759,0.5575137,0.60534656,0.6275791,0.6354828,0.6200209,0.5178139,0.7127933,0.71339333,0.77153426,0.72220457,0.71966237,0.6027079,0.667043,0.51552147,0.652457,0.6289029,0.6147077,0.54068804,0.4749922,0.5700467,0.6362676,0.5580772,0.57665664,0.7517304,0.67245644,0.6223132,0.48906848,0.7270846,0.7080807,0.6870914,0.7595922,0.8068991,0.76114726,0.64907604,0.7443152,0.7271233,0.72187,0.7455912,0.6292615,0.66157395,0.6720185,0.7344632,0.79538673,0.7480834,0.6653209,0.6769555,0.5126973,0.64649117,0.64968294,0.7247094,0.62800986,0.6907197,0.77419555,0.6791651,0.65211666,0.7441197,0.70108783,0.65650487,0.5806781,0.5792609,0.5356919,0.6317868,0.54999423,0.5848021,0.74181795,0.68912023,0.77190596,0.7173044,0.7102031,0.77595437,0.7763048,0.7073239,0.6428475,0.6557278,0.78825605,0.6433166,0.6931743,0.5241499,0.59679943,0.5562313,0.79606074,0.72807765,0.7666515,0.6435097,0.7546127,0.7526256,0.8017899,0.8095854,0.76450753,0.6997621,0.68982553,0.75380623,0.53867036,0.5772912,0.4519113,0.74924,0.7390327,0.74909014,0.55881786,0.54580706,0.5182397,0.8064836,0.82326853,0.71539384,0.58034754,0.5095764,0.65589386,0.6135477,0.67758316,0.5575273,0.59062487,0.52574754,0.53446305,0.62404186,0.6053419,0.5814223,0.58955765,0.5841893,0.5728793,0.61226267,0.6278633,0.5230096,0.53658205,0.6637766,0.65553105,0.62840176,0.59943,0.6086312
650,0.67323613,0.70597494,0.69409204,0.6652851,0.6872739,0.69819224,0.6876469,0.6151005,0.62843823,0.7713429,0.76864505,0.6714285,0.71724385,0.6903478,0.6792795,0.7334832,0.70154065,0.65447867,0.7552716,0.7465845,0.70521516,0.7119127,0.71589106,0.7451618,0.7010035,0.5357089,0.6341011,0.71472985,0.5880056,0.5695124,0.64792943,0.5317813,0.6421251,0.64899033,0.6064041,0.6145547,0.69998366,0.6694147,0.61125815,0.64483535,0.67312664,0.6119624,0.7121992,0.6130273,0.63013613,0.6099595,0.59465814,0.7719922,0.68366313,0.6673641,0.5962424,0.6016106,0.63540787,0.61106044,0.6234301,0.6446159,0.62878734,0.6079588,0.7145244,0.72106874,0.56665164,0.55326927,0.6054201,0.6136822,0.657146,0.7269121,0.52264553,0.56329244,0.5290061,0.4672627,0.5012052,0.61072755,0.6269082,0.6814009,0.6288019,0.508041,0.5128116,0.6700239,0.6191975,0.73074305,0.7408995,0.7197645,0.6484204,0.6563956,0.60200995,0.6190702,0.51357466,0.57791364,0.5316888,0.4416906,0.5504529,0.6240351,0.5426513,0.54936874,0.75353694,0.62952435,0.6363202,0.5008379,0.7155733,0.692882,0.65290475,0.7031466,0.73423517,0.7097192,0.6729847,0.7163185,0.7134532,0.6935399,0.7454481,0.6268474,0.66002655,0.6541544,0.70414674,0.7630196,0.66843855,0.6302245,0.63062197,0.5977445,0.59069973,0.6123785,0.67316437,0.63037187,0.6943299,0.6982799,0.6763778,0.6181769,0.66832745,0.67764646,0.6398104,0.5408643,0.5731003,0.5330128,0.5705409,0.5559329,0.56998515,0.65991163,0.658054,0.6652606,0.7087099,0.68004227,0.6931555,0.70624125,0.67340624,0.69343066,0.6731157,0.73638767,0.6346959,0.67632496,0.537701,0.5588711,0.58101374,0.7141967,0.69241583,0.70087045,0.58929044,0.6645525,0.6673298,0.753869,0.7687154,0.68078583,0.59720767,0.646662,0.66951007,0.56982094,0.5853556,0.5264456,0.7299553,0.68077797,0.72881854,0.6687319,0.55176824,0.6159456,0.7317516,0.75240916,0.674976,0.6274805,0.4709099,0.69115114,0.6408338,0.67249864,0.68628913,0.72001314,0.6768358,0.667949,0.6927636,0.70396906,0.72886956,0.5962259,0.6036056,0.7639741,0.75443095,0.6610965,0.7312111,0.7013786,0.68813604,0.7159304,0.7034408,0.6537957,0.76153594,0.7267934,0.71460503,0.74557585,0.7221797,0.76785284,0.7262223,0.55616146,0.6609761,0.6971353,0.57964057,0.50256956,0.65531594,0.5376449,0.5937227,0.65675753,0.6172388,0.54741585,0.68090063,0.6635059,0.58274275,0.605148,0.6646926,0.6204688,0.6739586,0.64875144,0.6372416,0.66162884,0.5507389,0.73757863,0.6787832,0.7023387,0.5833734,0.59433246,0.6112121,0.53434634,0.6137824,0.63759005,0.65848744,0.6023877,0.71464396,0.7341552,0.59655845,0.55227864,0.5531,0.58476174,0.6776546,0.72918403,0.48552692,0.5252487,0.48696047,0.5101897,0.44378853,0.50847113,0.5630245,0.59589493,0.62137467,0.57339466,0.47464767,0.68445206,0.69620717,0.7355869,0.6922949,0.68939865,0.5769554,0.63942397,0.48829788,0.63197726,0.58668834,0.5706521,0.51603085,0.44332027,0.54489976,0.6125882,0.5430295,0.54087657,0.7168758,0.62759537,0.5920241,0.4454334,0.693708,0.65691316,0.639053,0.7035605,0.7744808,0.7089048,0.61750877,0.6990714,0.69073915,0.70858544,0.72157794,0.60665673,0.6413719,0.6403212,0.71953726,0.76546466,0.70340234,0.6035344,0.61714447,0.49866343,0.6082561,0.60988766,0.6673326,0.60549587,0.667694,0.7271015,0.64536464,0.6122889,0.68501604,0.6733162,0.63503116,0.5328553,0.5587148,0.5043307,0.5956297,0.5338215,0.5663293,0.7010998,0.65603286,0.7059026,0.69751173,0.67174715,0.72209215,0.7305317,0.65769213,0.62417674,0.6329033,0.73012257,0.59016865,0.66614854,0.48955303,0.5361861,0.51121676,0.74327177,0.6918151,0.7239836,0.60110873,0.6994575,0.69453514,0.73988885,0.75856256,0.72261786,0.6574206,0.6516603,0.70296425,0.5332848,0.5392129,0.47570303,0.71740156,0.678218,0.72523445,0.52471733,0.5054159,0.5187809,0.7637348,0.78771496,0.6671303,0.5442302,0.48793405,0.64556676,0.59598124,0.6618968,0.56602234,0.5861196,0.5187311,0.5306877,0.6216615,0.5999883,0.56484866,0.57840174,0.57527,0.56120694,0.5817914,0.5931767,0.5255517,0.5344182,0.65195155,0.64318055,0.60309964,0.5738516,0.58710086
651,0.6489218,0.6386498,0.6406056,0.627256,0.64776117,0.65208936,0.6402976,0.5488522,0.54732454,0.7371783,0.7264187,0.66621363,0.6503599,0.6776893,0.67463344,0.6591993,0.62067264,0.6116536,0.68232375,0.674767,0.6450356,0.6552433,0.6565476,0.68552536,0.68866175,0.53937155,0.6024634,0.6785185,0.5719199,0.5538208,0.62433356,0.49570772,0.62675446,0.6216036,0.58314735,0.53042006,0.64388365,0.62651634,0.54392976,0.57751036,0.6245276,0.55779463,0.67843515,0.5896199,0.5962859,0.5678495,0.534785,0.70301014,0.6193668,0.6165302,0.51845455,0.53077805,0.5577913,0.54684013,0.5704495,0.58668935,0.58934623,0.57566667,0.6829032,0.6921181,0.5494484,0.5261607,0.5883544,0.58465874,0.6296995,0.7030156,0.5041523,0.53390884,0.49193802,0.45024285,0.4784778,0.5901907,0.6119437,0.6703837,0.62690294,0.50616616,0.49854383,0.6453153,0.6189717,0.70652413,0.7202047,0.7079129,0.6298981,0.64197284,0.6056752,0.6073638,0.50636244,0.56551,0.5103475,0.43698597,0.5513639,0.60537344,0.54128677,0.5355609,0.71771526,0.58675325,0.61969656,0.49290302,0.6658295,0.62627685,0.58843267,0.63186204,0.6810656,0.63355815,0.6285971,0.66137904,0.6645831,0.67948914,0.7178416,0.59198874,0.6486497,0.63054895,0.68238485,0.7164101,0.60687673,0.566899,0.572763,0.5735275,0.57181776,0.5764472,0.6180711,0.59851474,0.6658638,0.6275642,0.6325582,0.5860383,0.61533695,0.63665646,0.62191045,0.52754235,0.55189025,0.49299994,0.55581367,0.5477355,0.5676553,0.63836163,0.6332887,0.6059696,0.6632817,0.64086366,0.6450869,0.6526291,0.62204975,0.68561554,0.6672166,0.679911,0.59219843,0.655699,0.5277961,0.534558,0.56412536,0.6480288,0.6439676,0.6530131,0.55409503,0.6054852,0.5944692,0.6801242,0.7063902,0.6306013,0.57911766,0.6155675,0.61859965,0.5493531,0.5527818,0.5343468,0.696821,0.59848475,0.7216783,0.6581824,0.54704314,0.59620196,0.6702466,0.6810155,0.6196,0.59010494,0.455796,0.65484595,0.62771654,0.6440555,0.6542692,0.6600768,0.61774606,0.6317621,0.65531784,0.658085,0.68244684,0.5298108,0.53018415,0.7204831,0.6956725,0.6454197,0.6745202,0.67092586,0.66466355,0.64522356,0.6121786,0.6084354,0.68470675,0.66603667,0.6584119,0.683192,0.658398,0.70988894,0.69239545,0.54096276,0.6150778,0.6543182,0.5359193,0.46170104,0.6122881,0.50247127,0.5614145,0.6223147,0.5798773,0.4724389,0.6198132,0.6219596,0.50828516,0.54730195,0.6079328,0.56676394,0.653379,0.61797404,0.5916543,0.5991514,0.48824137,0.6592648,0.60147727,0.62727785,0.50610626,0.5213167,0.5343709,0.48440936,0.557229,0.58241385,0.60954124,0.5680469,0.69124216,0.7028905,0.568383,0.5178549,0.5251332,0.55527896,0.62994367,0.6813132,0.45005473,0.46941498,0.43843672,0.4512979,0.39963722,0.46634167,0.5198667,0.559721,0.608941,0.523809,0.4389729,0.64509225,0.673164,0.6833785,0.6498413,0.64811665,0.55276006,0.6083999,0.47190788,0.61159945,0.5434792,0.5255792,0.5020632,0.4221479,0.52477074,0.5851932,0.528701,0.5069417,0.6696915,0.5739317,0.55876553,0.41168052,0.6514762,0.5968102,0.5823796,0.63258356,0.71970123,0.6377025,0.5777661,0.6405446,0.6396836,0.6888099,0.68829864,0.58044386,0.6178541,0.6041552,0.694759,0.7210378,0.6413908,0.5352715,0.5487039,0.48873988,0.5666449,0.5696783,0.605026,0.5780655,0.64132696,0.65673995,0.60475206,0.5688602,0.6114409,0.63906926,0.61573774,0.4903248,0.5377314,0.4770433,0.55598265,0.51935226,0.5464317,0.64635354,0.6136211,0.6246434,0.672196,0.62638396,0.65249187,0.6711498,0.5946825,0.5990155,0.6063627,0.6542276,0.5323425,0.6280129,0.46266842,0.48006222,0.47066015,0.6789602,0.6492595,0.67072743,0.5517019,0.6412029,0.6263661,0.66762626,0.6946027,0.6687479,0.6122513,0.6061688,0.639006,0.5277116,0.5042415,0.50089216,0.6715509,0.6032508,0.6905891,0.49779662,0.47132382,0.52046704,0.695612,0.7260252,0.60429037,0.5096969,0.47158846,0.6271587,0.5793897,0.64107615,0.57150316,0.5770927,0.5125919,0.5260342,0.6157018,0.5924131,0.54816574,0.5671867,0.5641296,0.54865557,0.5524029,0.5587705,0.5290487,0.53233814,0.6325577,0.623903,0.5760041,0.54825264,0.5642714
652,0.6216495,0.57980365,0.58999425,0.5931637,0.610227,0.6069749,0.59365565,0.49199873,0.47587207,0.6940868,0.6724705,0.6586628,0.5922858,0.65929663,0.66254634,0.59282327,0.5454008,0.56964207,0.6090314,0.6110652,0.59266484,0.59670067,0.60207325,0.60361177,0.6697612,0.54945046,0.5686612,0.6290544,0.5570809,0.53840625,0.5917996,0.47293964,0.6037357,0.5939409,0.5623648,0.4628647,0.5823765,0.58229524,0.4866229,0.5137903,0.570884,0.5090962,0.64220476,0.56971127,0.5615552,0.52335817,0.48541275,0.63092726,0.5603745,0.56442666,0.4554522,0.47278926,0.48681933,0.49293673,0.521266,0.5327508,0.5533958,0.5452841,0.645333,0.6584958,0.5333789,0.50451875,0.5692639,0.5546987,0.5971313,0.6681944,0.49083892,0.50800115,0.46499765,0.44333348,0.46568865,0.56733006,0.5904739,0.6496037,0.62207013,0.5077556,0.48782253,0.6138537,0.61608803,0.66848886,0.6877656,0.68507314,0.6047237,0.6274102,0.605928,0.5999964,0.50760525,0.55076146,0.49475813,0.44185683,0.5553625,0.5836272,0.5386197,0.5234921,0.67230606,0.54276776,0.5973902,0.49027884,0.60938865,0.55494124,0.5231308,0.55120283,0.61039734,0.5441172,0.57421005,0.5982317,0.60128,0.6613558,0.6828628,0.55794054,0.63109344,0.6029635,0.65262824,0.6594568,0.5403608,0.50619197,0.51860845,0.55103856,0.55064416,0.5435831,0.56467474,0.56205195,0.6326092,0.5417375,0.58485633,0.5515893,0.55409175,0.59391916,0.60713804,0.51999885,0.53273106,0.46250048,0.54068786,0.53936565,0.56013966,0.6094355,0.60342085,0.5456989,0.61709255,0.5999452,0.5923499,0.5944764,0.5641032,0.6688419,0.6523061,0.6152274,0.54919964,0.6260625,0.52139175,0.51570904,0.54520893,0.58554447,0.5937228,0.60130256,0.51404625,0.560216,0.53008664,0.6114747,0.6418708,0.5776082,0.56263494,0.5849055,0.564072,0.5294871,0.52378815,0.5398957,0.6511925,0.51389813,0.7037948,0.64069754,0.5394592,0.5766365,0.58785844,0.58804846,0.5556181,0.5509057,0.45113233,0.6075456,0.61291337,0.61314374,0.62032324,0.6054176,0.56206334,0.5984009,0.619619,0.6136339,0.6305386,0.47375017,0.46614906,0.6701931,0.6260634,0.6316914,0.62234896,0.6369886,0.6361274,0.58233976,0.53028566,0.5661204,0.606759,0.6126284,0.6044878,0.62028575,0.5980316,0.62554616,0.652849,0.53447974,0.5675085,0.6065991,0.49737644,0.43137953,0.56363136,0.47742432,0.5270412,0.5852571,0.5440844,0.41862634,0.5579505,0.5772613,0.44984224,0.49632764,0.5505986,0.51666075,0.6308874,0.58800036,0.54560095,0.53695154,0.44027522,0.58326983,0.5315674,0.5538631,0.44344845,0.46161377,0.4663452,0.44623858,0.50590056,0.5324146,0.5594676,0.5349404,0.6585209,0.66477597,0.5428824,0.4908363,0.5016821,0.53094995,0.5772262,0.62250185,0.42847306,0.42610353,0.40487835,0.40675047,0.37616658,0.43772614,0.48240983,0.5244514,0.5981099,0.47916722,0.41602552,0.60135204,0.643668,0.6234018,0.5985489,0.6030614,0.5325279,0.5808419,0.469852,0.59553695,0.5072154,0.4849369,0.50370485,0.4157805,0.51485145,0.5575361,0.516795,0.4790402,0.6185292,0.522205,0.52743286,0.3924606,0.60429317,0.5356322,0.52270013,0.55423605,0.6413517,0.5534944,0.53359675,0.57674444,0.5759952,0.66447186,0.6493218,0.5536427,0.59276044,0.56824404,0.66115886,0.66448843,0.57101244,0.47358355,0.48751453,0.48391208,0.5263806,0.5340808,0.54627633,0.5488867,0.6127052,0.56646985,0.55883646,0.52684367,0.5348048,0.59885496,0.5990266,0.4595147,0.518468,0.4575611,0.5197057,0.5087357,0.5281402,0.5880451,0.57017034,0.54652536,0.6420436,0.5824086,0.5783658,0.6048786,0.53100634,0.57303697,0.5799415,0.57578087,0.48097566,0.5861003,0.4491283,0.43608692,0.43947327,0.6130715,0.6046407,0.61256576,0.5010667,0.5927945,0.562564,0.6011387,0.6276719,0.60824496,0.56833196,0.5585214,0.5716653,0.52080333,0.476489,0.5230395,0.6151344,0.52484524,0.6472345,0.48272324,0.44992283,0.52263653,0.6025984,0.63393056,0.5320904,0.47853908,0.46339706,0.6000246,0.56577003,0.6154789,0.5717918,0.56393075,0.50891495,0.5209116,0.6040359,0.5816112,0.5343435,0.5570389,0.551826,0.53643143,0.52709436,0.528749,0.53277755,0.5296821,0.6068849,0.59915286,0.55000484,0.5264283,0.54328614
653,0.59122545,0.53524727,0.5453836,0.56332207,0.5757797,0.56583685,0.55315465,0.45067298,0.42336908,0.6420949,0.6094649,0.6432463,0.5488984,0.63355476,0.6399509,0.5420786,0.48650336,0.5327444,0.54489845,0.5638093,0.5540343,0.5431774,0.55841655,0.50837755,0.640296,0.56011623,0.5316948,0.5672731,0.540091,0.52106875,0.5500404,0.463256,0.57172906,0.56492704,0.5421665,0.41823074,0.5229041,0.5392366,0.44491976,0.4617262,0.5177261,0.4694864,0.6051749,0.55232215,0.52746385,0.48121688,0.4503762,0.5647489,0.5132177,0.5164021,0.41343835,0.4330477,0.43235666,0.45414412,0.4818452,0.4903788,0.52177256,0.5178722,0.6020622,0.62077683,0.5173123,0.4858897,0.54559565,0.52280915,0.5594123,0.6198908,0.48075557,0.48442096,0.44785228,0.44468328,0.45969248,0.54051673,0.56107444,0.61671346,0.61048174,0.5092136,0.47944787,0.5773002,0.60508806,0.61680776,0.6415233,0.64834696,0.57173014,0.61028326,0.59849226,0.5937556,0.51298594,0.5324263,0.48551467,0.45405224,0.5588015,0.5581409,0.53409064,0.5123212,0.6176788,0.50133014,0.5678063,0.48980933,0.5529254,0.48826003,0.4652722,0.47216702,0.528249,0.45442548,0.51516193,0.53272897,0.52859974,0.63728696,0.6397135,0.5255837,0.60473335,0.57108784,0.6173465,0.5964,0.4795045,0.45625448,0.4749931,0.5312393,0.5281536,0.51565385,0.51656467,0.52450037,0.5940673,0.45359787,0.53499573,0.5166653,0.49164996,0.5502874,0.5910365,0.5150884,0.51655227,0.44264594,0.52562666,0.5310482,0.5476861,0.5749566,0.5683434,0.4928137,0.5703504,0.5581237,0.53696966,0.53678685,0.5050061,0.6406774,0.62492925,0.54819584,0.5102518,0.5885108,0.51567745,0.49998873,0.5223204,0.5329709,0.5460766,0.55041414,0.4726429,0.5333167,0.48204854,0.55721694,0.58187234,0.5270572,0.54506695,0.55199957,0.5134048,0.511007,0.49783528,0.542488,0.5940518,0.44043538,0.6717858,0.61544335,0.52708596,0.55713403,0.49460793,0.48543534,0.4887884,0.51139385,0.4547037,0.5516615,0.5927448,0.5792617,0.5850376,0.5626437,0.5152608,0.5684201,0.58618206,0.5731819,0.57773614,0.43465245,0.41963068,0.6164243,0.5554866,0.6160705,0.57845104,0.6001569,0.6032443,0.53475314,0.47160342,0.5313026,0.539799,0.57287604,0.55951023,0.56440985,0.5491594,0.5233776,0.6092379,0.53423804,0.5219137,0.5563772,0.46739733,0.41353717,0.51222223,0.46319968,0.493321,0.54731107,0.51180035,0.38975433,0.5027866,0.5329673,0.4121388,0.4578178,0.4993882,0.475731,0.60734534,0.5612363,0.50383514,0.48309842,0.4109443,0.5209483,0.47785854,0.49367344,0.40212002,0.42144427,0.4167868,0.4243511,0.46672058,0.4939787,0.5129301,0.5055558,0.6175716,0.62254155,0.51928127,0.4717148,0.48372957,0.5105675,0.523275,0.55595154,0.422152,0.39812854,0.3882754,0.38101825,0.37303108,0.42455262,0.45443153,0.49420664,0.5861656,0.44502684,0.40736192,0.55805945,0.60596293,0.5628113,0.5436434,0.55768114,0.51549286,0.55777913,0.47908223,0.58274883,0.4809901,0.4537529,0.51754624,0.4246922,0.51390475,0.5308582,0.50796133,0.45923632,0.5681002,0.47924244,0.5006217,0.38900763,0.5571575,0.4811605,0.4671446,0.4785454,0.54570854,0.46802694,0.4905215,0.5151876,0.5058652,0.63486814,0.6061621,0.5276584,0.5654057,0.5343287,0.62085384,0.60075814,0.50433815,0.4272402,0.44330186,0.48356852,0.49093705,0.5049508,0.49632415,0.52080864,0.5811904,0.46946028,0.5106587,0.4903866,0.46640027,0.55486774,0.58183104,0.4421342,0.5027919,0.44789875,0.49102056,0.50238603,0.51267785,0.5343092,0.5305394,0.48491547,0.60618955,0.54356134,0.50976706,0.5382203,0.4753115,0.5489761,0.5544687,0.50666845,0.4440748,0.5453215,0.44883022,0.40822244,0.42047375,0.5523282,0.5615335,0.55569047,0.4552811,0.5591846,0.51202524,0.54964757,0.56621873,0.5480797,0.52824837,0.5117346,0.5106024,0.51243407,0.45681396,0.53937465,0.5530429,0.45467666,0.5968079,0.47885352,0.44143128,0.52398175,0.4964511,0.5200266,0.45970315,0.4537209,0.46394357,0.56443363,0.5534527,0.584047,0.56598896,0.54787904,0.50816005,0.51594007,0.58508676,0.5664501,0.52402145,0.54704964,0.53915906,0.52528095,0.50661176,0.50465363,0.536049,0.52572405,0.5765532,0.5706998,0.52590644,0.5095996,0.5255054
654,0.55589443,0.50179464,0.506764,0.53427285,0.54196584,0.5281094,0.5198207,0.42503533,0.39109933,0.581432,0.54014915,0.61298573,0.51705307,0.60087687,0.607936,0.5051688,0.4456119,0.5011782,0.49334374,0.53131616,0.5268432,0.49755004,0.52318037,0.41877517,0.59619975,0.5638801,0.49139276,0.49938017,0.5166937,0.5027664,0.50423545,0.4623853,0.5357125,0.536148,0.52280825,0.39409983,0.4701841,0.49589813,0.41868564,0.4249996,0.47081983,0.43974724,0.56563735,0.5305677,0.49168718,0.44205123,0.42814502,0.50825053,0.4776673,0.47320879,0.3912721,0.41092685,0.39728305,0.429693,0.45395297,0.46030194,0.49118897,0.4905674,0.5526734,0.57727104,0.50043243,0.46762124,0.5159005,0.48842368,0.5187601,0.5603896,0.47181424,0.46265987,0.43760043,0.45137385,0.45705697,0.5100349,0.5241767,0.5711693,0.5887808,0.5074178,0.47293794,0.53465253,0.5824281,0.5534306,0.5820314,0.5949612,0.5303264,0.583688,0.57875,0.5816757,0.51628155,0.5123089,0.48082635,0.4715364,0.5569676,0.5290162,0.5281179,0.5017713,0.55463773,0.46290553,0.530832,0.48715928,0.5030151,0.4346536,0.42110232,0.406162,0.44828954,0.38015726,0.46056128,0.47088823,0.45720813,0.60282725,0.58626574,0.49521744,0.5684797,0.53575534,0.5779254,0.5327082,0.4307875,0.41888973,0.44199336,0.51417303,0.50630367,0.49252418,0.47472563,0.48938516,0.5496836,0.38013366,0.48566365,0.48386568,0.4347293,0.50605774,0.5680851,0.5095979,0.5032894,0.43367058,0.51048505,0.5228085,0.5317425,0.53679854,0.5258993,0.44952378,0.5215784,0.5132962,0.4804058,0.48362628,0.4481741,0.5995013,0.5847539,0.48375157,0.47769246,0.54149836,0.50680095,0.4853584,0.4962077,0.49088943,0.503377,0.5037829,0.4335734,0.51945937,0.44925395,0.5179568,0.52840376,0.48272967,0.52686876,0.51449424,0.47122014,0.49457517,0.47289708,0.54263264,0.52910024,0.38706556,0.623687,0.5841274,0.50826734,0.536626,0.40939486,0.39382026,0.42878294,0.4742171,0.4632581,0.49335212,0.56337804,0.54106224,0.546518,0.5295082,0.47849104,0.5386499,0.5518352,0.535268,0.5269622,0.41248214,0.392312,0.5601552,0.49050134,0.590419,0.5408722,0.5620395,0.56853366,0.50076914,0.4379143,0.5031064,0.4883079,0.5449617,0.52393097,0.51662236,0.5104996,0.42524916,0.56012917,0.5319799,0.47890756,0.5045407,0.44446695,0.4090434,0.46336827,0.45851213,0.46669266,0.51156163,0.48680013,0.38265988,0.4575407,0.49017546,0.393673,0.43347383,0.45801556,0.44593504,0.58064204,0.5339731,0.46602002,0.4386814,0.39851272,0.4745862,0.4408037,0.44981822,0.38161343,0.40034667,0.3878084,0.41797692,0.4412868,0.46720526,0.47047147,0.47873056,0.56970364,0.5762912,0.4970634,0.4579801,0.46926367,0.49089488,0.4737649,0.48810273,0.42696887,0.38506448,0.38579863,0.37307328,0.3853213,0.4243574,0.43465465,0.46928704,0.5671963,0.42296845,0.41127527,0.5157182,0.55817324,0.50376,0.4891804,0.5105531,0.49905252,0.53357285,0.49230942,0.5667543,0.46190658,0.43487534,0.5326314,0.44557485,0.5158849,0.5048482,0.50238,0.44787887,0.51860195,0.44593847,0.47792694,0.39834437,0.51429313,0.43895522,0.4234549,0.4155805,0.4503249,0.39628288,0.4554645,0.4613138,0.44032043,0.59667295,0.5583628,0.5031023,0.53435755,0.50253063,0.5762499,0.536792,0.45067754,0.39892122,0.41772658,0.48636463,0.4623515,0.4816386,0.45606557,0.49618778,0.5446164,0.38567027,0.46472204,0.46181816,0.4131844,0.510553,0.558543,0.43558434,0.49165848,0.44836107,0.47037023,0.49926543,0.4996808,0.486559,0.49433175,0.44309738,0.56265783,0.5075264,0.45083356,0.47640252,0.4297731,0.5262429,0.52923197,0.45116284,0.42436785,0.5060556,0.45597735,0.39584345,0.41391376,0.4991428,0.5215323,0.50545144,0.418757,0.5360163,0.47611022,0.51368505,0.5136321,0.49460432,0.49506518,0.4672037,0.4614505,0.5043805,0.44385353,0.54942125,0.49134573,0.40107772,0.5411311,0.47994456,0.441089,0.523364,0.39972767,0.41084772,0.3985278,0.43831718,0.47184917,0.52372515,0.53804845,0.546693,0.5545812,0.5300742,0.5096752,0.51170367,0.55808485,0.5455869,0.5148196,0.534662,0.5268821,0.5152291,0.49032995,0.48612443,0.53828984,0.5202766,0.5427048,0.53960615,0.5033505,0.49674362,0.51055413
655,0.51318353,0.47400475,0.47306895,0.5016947,0.50498796,0.49087465,0.4905186,0.41282868,0.37608257,0.5143435,0.46848825,0.563389,0.49021384,0.56480634,0.5711335,0.47677916,0.42023036,0.47302306,0.45295966,0.50690275,0.50542784,0.4588237,0.4911096,0.35043168,0.5369579,0.555516,0.4497559,0.43508303,0.4837231,0.48608664,0.4607661,0.4670078,0.5032419,0.5119334,0.50695765,0.3860501,0.42570537,0.45060715,0.40576747,0.40394562,0.43332267,0.41982508,0.5208655,0.49710375,0.45189586,0.40449733,0.41618434,0.46244898,0.45194864,0.4343515,0.38575435,0.40399417,0.37985444,0.41709816,0.43628615,0.4394505,0.4588191,0.46128353,0.49785355,0.525675,0.48356688,0.4491468,0.48092845,0.45321515,0.4788748,0.49706292,0.46234056,0.44285372,0.4321585,0.46088573,0.4552107,0.47862077,0.48188373,0.5147482,0.5556475,0.50151986,0.46867964,0.48493952,0.54770833,0.48301414,0.51317734,0.52587783,0.48166168,0.54171157,0.54429454,0.55743635,0.51321703,0.4937067,0.47760043,0.49262664,0.5472775,0.4983522,0.5216343,0.49247232,0.48665062,0.42666024,0.4875721,0.47830212,0.46262053,0.3986604,0.39341658,0.3592586,0.38401556,0.3308175,0.41874093,0.4179188,0.39771214,0.5542342,0.5224179,0.46833673,0.524232,0.5004365,0.53389645,0.473046,0.39549646,0.39253324,0.41732475,0.49970102,0.48710644,0.47376007,0.4380905,0.45895877,0.5002445,0.33224636,0.44094878,0.45480296,0.38721418,0.46264693,0.5356461,0.50189716,0.4922544,0.4345993,0.4950542,0.51480705,0.51440054,0.49763376,0.4757015,0.41426393,0.47193193,0.46531922,0.42555565,0.4375787,0.39537597,0.546407,0.53506714,0.42548168,0.4519169,0.484413,0.4922116,0.47080693,0.46884912,0.45746285,0.46591944,0.4626224,0.3986392,0.51045316,0.4275248,0.49003527,0.4808859,0.4459502,0.5108854,0.4730787,0.43822178,0.48097664,0.448015,0.5419606,0.4626757,0.35599434,0.5609766,0.54832786,0.48314217,0.5140385,0.3468595,0.32843596,0.38469124,0.44180694,0.47433046,0.44046175,0.52368146,0.4995658,0.50185055,0.5008993,0.45028317,0.5049509,0.51271033,0.4966652,0.4784095,0.40428826,0.3818749,0.5017825,0.43344533,0.54777914,0.50547135,0.52616847,0.536033,0.4746395,0.42584974,0.47812057,0.45029545,0.52310884,0.4948834,0.47446308,0.47731897,0.34999946,0.5044483,0.51918674,0.4376296,0.45270798,0.42466602,0.41708604,0.42142868,0.46246213,0.45269585,0.48239622,0.47300428,0.39284465,0.42232978,0.44896695,0.39134267,0.4228009,0.42706105,0.42679614,0.547541,0.50011873,0.42950574,0.4018903,0.39960033,0.4418251,0.41805112,0.42102063,0.37865412,0.39517567,0.37694594,0.42364782,0.42758104,0.4488112,0.43122616,0.453157,0.5165031,0.5247554,0.477783,0.44726428,0.45605022,0.46993303,0.43404225,0.4270518,0.43671077,0.38433072,0.3935794,0.37940633,0.40704033,0.4333082,0.419267,0.44742277,0.5359833,0.41194844,0.42464542,0.4728796,0.5008661,0.4459125,0.43757516,0.4603286,0.48107004,0.5013874,0.5033319,0.5404489,0.44524926,0.4285481,0.53881055,0.47349143,0.5151231,0.47999293,0.5000989,0.4446514,0.46875203,0.41972825,0.45722818,0.41485077,0.4771177,0.41100183,0.39606547,0.37051618,0.37297794,0.34779662,0.43336037,0.41805813,0.38912228,0.5470908,0.506362,0.48091367,0.4998534,0.47382033,0.52874726,0.47820157,0.41265604,0.38726512,0.4080043,0.4912427,0.44133472,0.46332404,0.4236448,0.47642887,0.5017452,0.32839674,0.4256392,0.44079724,0.37608024,0.46917853,0.5252135,0.4357245,0.48506314,0.45758674,0.45583642,0.4977888,0.48854297,0.44273227,0.45926735,0.4184331,0.5112858,0.47088194,0.40154198,0.42276722,0.39269927,0.50339675,0.50381964,0.40843588,0.42013076,0.4664488,0.46335047,0.3953033,0.4176137,0.45377666,0.48460189,0.4643424,0.39201403,0.51604354,0.45226035,0.4897405,0.4693789,0.4508957,0.47122988,0.4255492,0.42499426,0.4994865,0.43635342,0.5549229,0.43568906,0.36643478,0.48330322,0.4786349,0.44382164,0.5207538,0.32919317,0.32988724,0.356752,0.43336418,0.4844658,0.48336098,0.5161006,0.5064306,0.53948504,0.5114268,0.51278675,0.50899,0.5236582,0.5185834,0.50347537,0.5177157,0.51573193,0.5059627,0.4776831,0.47242528,0.53905815,0.5136952,0.50647205,0.5064694,0.48182955,0.48607758,0.49726617
656,0.4617275,0.4476266,0.44262645,0.46246514,0.46190384,0.45104036,0.46096602,0.41097072,0.37324047,0.4443398,0.3990171,0.4954893,0.46180692,0.5286917,0.53326374,0.45119217,0.4053221,0.44655216,0.41932464,0.4832554,0.48415697,0.4236608,0.45848402,0.30673265,0.46737516,0.53310406,0.40887073,0.382035,0.43836495,0.47321784,0.42367277,0.47429955,0.4802324,0.49576807,0.49653044,0.38923517,0.38779357,0.40231672,0.4028534,0.3959375,0.40450996,0.40798098,0.46966538,0.44790426,0.4065679,0.36528602,0.41146603,0.42571056,0.4334555,0.39758003,0.39259228,0.4085518,0.37577498,0.41271833,0.42571563,0.42450777,0.42384216,0.42999393,0.43878382,0.46463883,0.46830776,0.430073,0.44146815,0.41939303,0.4434855,0.438345,0.45093566,0.4246356,0.4307781,0.47094426,0.45184675,0.4499525,0.4364995,0.450513,0.51276547,0.49185866,0.4668274,0.42863324,0.5037856,0.4112139,0.44069278,0.44662,0.42772248,0.48181647,0.49449095,0.5166038,0.50302804,0.48017335,0.47174048,0.5156323,0.528816,0.46855763,0.5153786,0.4844765,0.4177576,0.3911266,0.43874133,0.45934078,0.43101576,0.38029602,0.38105687,0.33052468,0.34035432,0.30666524,0.3931295,0.37555972,0.35531682,0.49088064,0.45100018,0.44635826,0.4738608,0.46821013,0.48510143,0.4190916,0.3707014,0.37374243,0.39765105,0.4873625,0.4715801,0.4588068,0.4045734,0.43370187,0.44913897,0.31099302,0.4046642,0.42971992,0.34889343,0.42293602,0.49527246,0.4916614,0.4829123,0.44385466,0.4788134,0.50706804,0.49769977,0.46005622,0.41970572,0.3833185,0.42484036,0.41635257,0.37573835,0.39822054,0.34637243,0.48383716,0.47998634,0.3736545,0.43192255,0.41901916,0.47017798,0.45623377,0.44168246,0.42948812,0.43242285,0.42586055,0.36737815,0.49968126,0.41162613,0.4681877,0.43753052,0.41512492,0.49881276,0.42911342,0.41241667,0.47070727,0.42282796,0.5417633,0.4001767,0.34383014,0.4882083,0.50794816,0.45255312,0.48878127,0.30967885,0.29124713,0.36074907,0.41635934,0.4861659,0.39838484,0.47384313,0.45646957,0.44916436,0.47232473,0.4278077,0.46431386,0.46640208,0.45431134,0.43034622,0.40609315,0.38369095,0.44183907,0.3835882,0.48682827,0.4678629,0.49464363,0.5075974,0.4498745,0.42919317,0.4532316,0.41959438,0.5006926,0.46848258,0.4340459,0.44557095,0.3016168,0.44330466,0.4911779,0.39641303,0.40352514,0.40243575,0.435852,0.3880598,0.47368902,0.45510992,0.46258965,0.47194588,0.4154294,0.39450932,0.40774548,0.40108985,0.42340648,0.40434355,0.41535956,0.50613505,0.45485106,0.39019606,0.36831033,0.40966636,0.41769463,0.40519148,0.4025253,0.3883167,0.40094858,0.3793757,0.43657497,0.42163393,0.4354642,0.39394587,0.42768326,0.45907325,0.46671686,0.46330646,0.43697295,0.44208655,0.44647023,0.40735477,0.3790473,0.44556406,0.39249283,0.40926307,0.39625704,0.43310454,0.4479814,0.4050598,0.42561427,0.49220496,0.41013238,0.44415593,0.42822415,0.4379616,0.3885598,0.39061627,0.4072169,0.45999134,0.4563752,0.5080015,0.4984126,0.42739525,0.4344953,0.529714,0.50364697,0.5075955,0.45753267,0.5009709,0.44847596,0.41701227,0.39637995,0.43522987,0.43188226,0.44474304,0.396153,0.384324,0.34216765,0.3196279,0.32313985,0.42497006,0.3850264,0.3557858,0.48571473,0.45168817,0.46206346,0.4620566,0.44896466,0.47907034,0.4270343,0.3872381,0.3883171,0.40864074,0.49785691,0.42679936,0.4494726,0.395994,0.4617877,0.4543356,0.29865596,0.3967131,0.4248781,0.35068247,0.4339881,0.48214293,0.4391114,0.48304656,0.4732956,0.44454628,0.4965601,0.4789291,0.40017006,0.42318162,0.40528053,0.45534605,0.43203557,0.3598681,0.37718493,0.35977182,0.4785116,0.47754794,0.3740034,0.42708305,0.4240365,0.46490344,0.402566,0.42776585,0.4144007,0.44963664,0.43124533,0.3721917,0.49309766,0.43596217,0.47242165,0.43067852,0.4156972,0.45676544,0.38607812,0.3980169,0.500345,0.43405285,0.55851656,0.38891464,0.3479347,0.42650014,0.4684517,0.4460082,0.5170927,0.28666598,0.28163087,0.33650944,0.43862283,0.49867386,0.44793683,0.48487574,0.46658102,0.5230821,0.49225742,0.5174939,0.50884414,0.48350102,0.4860539,0.4875826,0.4953278,0.50620323,0.49722657,0.46825308,0.46264556,0.53826195,0.50679284,0.46940777,0.47211707,0.46041185,0.47569138,0.4843022
657,0.40255088,0.41924894,0.41298652,0.41517937,0.4114687,0.40651318,0.42774114,0.4155599,0.37639397,0.37460294,0.33530584,0.4156266,0.42601195,0.493295,0.49498641,0.42244938,0.3932952,0.4205408,0.3867974,0.45367917,0.45755097,0.3879266,0.42324537,0.2843524,0.39541423,0.49688268,0.36989152,0.34309348,0.38020825,0.46594727,0.3946,0.4804184,0.4698307,0.4884024,0.491075,0.3978088,0.3535842,0.35096988,0.40539405,0.39624128,0.3815106,0.40073362,0.41331726,0.38402045,0.35585165,0.3214874,0.4098134,0.39385065,0.41806042,0.35914853,0.40590075,0.41899744,0.37953258,0.41110915,0.4183968,0.4125555,0.38617814,0.39742848,0.3768518,0.39546415,0.45589834,0.40944868,0.39790973,0.38844362,0.4152696,0.3894247,0.43730333,0.4076964,0.43298915,0.47957534,0.44562092,0.42742196,0.38976157,0.38234967,0.46339265,0.47854015,0.4675305,0.3678522,0.45494494,0.3426023,0.3697071,0.36530027,0.3713562,0.4060626,0.4305176,0.45727134,0.4875318,0.47453114,0.4595284,0.53874314,0.50137806,0.4410757,0.5097377,0.47652918,0.35087308,0.35510337,0.3856724,0.42838868,0.40653867,0.37703538,0.3805819,0.31561437,0.31585515,0.3039873,0.38347456,0.3424227,0.33066824,0.41615874,0.37677062,0.4294483,0.41739103,0.4397195,0.43375278,0.3705711,0.35143805,0.35811386,0.37896943,0.47647905,0.46009195,0.44658047,0.37209877,0.4129932,0.40058556,0.31338286,0.37890026,0.40842307,0.31717694,0.38943037,0.4507079,0.47926992,0.47491512,0.46014062,0.4615426,0.49949458,0.4833192,0.42574796,0.36122218,0.35224816,0.38319656,0.3687681,0.33295715,0.36262187,0.30024585,0.41477135,0.42352486,0.3263432,0.41633847,0.34984455,0.44026133,0.4422097,0.4165096,0.4027011,0.4009354,0.39113846,0.3389248,0.48170602,0.39506903,0.44611752,0.39562136,0.38719097,0.48974964,0.38385284,0.39045253,0.46395874,0.39758238,0.5419524,0.3444468,0.34473246,0.41094062,0.46209466,0.41760734,0.46054056,0.29447618,0.27791166,0.35738835,0.39960065,0.49746087,0.36894166,0.4146013,0.4120394,0.38889086,0.4400237,0.40751648,0.41541228,0.41235644,0.4060789,0.38073826,0.41295657,0.3920759,0.3807604,0.33820903,0.4115952,0.423986,0.4662748,0.48122427,0.41999716,0.43851012,0.4258341,0.3882622,0.47128302,0.44008407,0.3908695,0.41204292,0.27576542,0.37938043,0.44640884,0.35331684,0.35883734,0.37227976,0.46314692,0.3630012,0.48920423,0.47596118,0.4518649,0.48218095,0.44425568,0.37011072,0.36414933,0.41763648,0.43123987,0.38631853,0.40677443,0.4568619,0.39659947,0.34438217,0.33239296,0.42261794,0.39529094,0.3956049,0.38674337,0.40387967,0.41076258,0.38900515,0.4507515,0.41862425,0.42437118,0.35701418,0.40036482,0.39841583,0.40251854,0.454119,0.42366058,0.42466214,0.41924584,0.39441413,0.3460335,0.44901204,0.40614945,0.4311405,0.4197636,0.45909038,0.4655985,0.38945705,0.40044215,0.43888658,0.41481876,0.46666357,0.38076735,0.37420452,0.3307867,0.34886867,0.35182804,0.43433294,0.39699858,0.5030411,0.43760034,0.40595582,0.4523009,0.50198776,0.53178436,0.49008846,0.43777058,0.50448984,0.4565053,0.36198673,0.37163514,0.40838155,0.4432279,0.41598728,0.39133874,0.38443258,0.32630485,0.28774595,0.31876624,0.42843008,0.3591839,0.33965656,0.41476372,0.39551058,0.44684544,0.41927376,0.42722234,0.428478,0.3829558,0.3688866,0.39618415,0.41217354,0.5065643,0.4162734,0.43935364,0.36974972,0.45153722,0.40561122,0.29228753,0.37913275,0.4113107,0.33018902,0.4068945,0.43189996,0.44271722,0.48573834,0.4931796,0.43343717,0.4944385,0.47059435,0.35623163,0.3838597,0.39602152,0.3992237,0.39044872,0.32268083,0.3367244,0.325988,0.44872323,0.44910645,0.34145293,0.43999526,0.37705818,0.45633653,0.41434562,0.44037727,0.3772759,0.41493955,0.40255988,0.35563967,0.46192327,0.4211053,0.4547043,0.393622,0.38477165,0.44897816,0.3474601,0.37520137,0.50858194,0.4375778,0.5623794,0.3508218,0.34027684,0.37181732,0.44430566,0.44501263,0.51335853,0.2669557,0.26058906,0.33651006,0.4533281,0.511463,0.42007312,0.44166058,0.4283054,0.5071231,0.47212693,0.52412814,0.51207,0.4396349,0.44908676,0.4658614,0.4677233,0.4984898,0.48886806,0.46142465,0.45554718,0.53628117,0.5007435,0.4332667,0.43770576,0.43780637,0.46361592,0.4704614
658,0.34072304,0.3862621,0.38218823,0.36151835,0.3554921,0.35749638,0.38937414,0.42207655,0.37940857,0.3088732,0.2800476,0.3346725,0.37970653,0.45896032,0.45651716,0.3857379,0.3759669,0.39414567,0.35075694,0.4130679,0.42106768,0.3488097,0.38463345,0.27984384,0.32940698,0.4503484,0.33412096,0.317679,0.3158135,0.46590436,0.3744122,0.4817958,0.4731222,0.48907235,0.4889504,0.40545955,0.3216316,0.29955673,0.4081938,0.39939034,0.3615516,0.39403844,0.3561416,0.31371957,0.30350652,0.2746306,0.40674788,0.36210206,0.40144572,0.31751037,0.41892338,0.42855442,0.3853443,0.4062956,0.41076258,0.4011206,0.34697336,0.3657092,0.31610975,0.32442826,0.448106,0.38876206,0.3532312,0.36262065,0.396399,0.35237104,0.4230357,0.39342117,0.43797487,0.4857986,0.4375938,0.41467744,0.34415227,0.316802,0.4114859,0.46186772,0.47137535,0.3079483,0.40569863,0.28167632,0.3047574,0.29167774,0.31790423,0.32401186,0.35872406,0.38433832,0.46985173,0.4779344,0.44030935,0.55942696,0.46701378,0.4175401,0.5052408,0.46752873,0.2896499,0.319466,0.33332288,0.38969854,0.38790196,0.38526163,0.38801116,0.3101674,0.30787945,0.3189387,0.38776585,0.31663716,0.32250386,0.33874604,0.30682003,0.41708526,0.35723355,0.41556466,0.38424727,0.32750726,0.33338434,0.34222794,0.35876596,0.46679798,0.45325026,0.43593255,0.34004366,0.39615196,0.35707283,0.33637217,0.363774,0.39116323,0.28990117,0.36256248,0.4060454,0.46568167,0.46741995,0.48153615,0.4445448,0.4920596,0.47272015,0.39618713,0.30562803,0.3186178,0.34848133,0.3249369,0.29788435,0.32813698,0.25778326,0.34554368,0.37165037,0.28291535,0.40439966,0.28483742,0.4055469,0.42944402,0.39691222,0.3734056,0.37024364,0.3567109,0.31393233,0.45193335,0.3716827,0.4177126,0.35277236,0.35980397,0.48122278,0.3409765,0.36881608,0.4611569,0.37501428,0.5416124,0.29750937,0.35249358,0.33627978,0.41218907,0.38167375,0.42936495,0.29780716,0.28447235,0.373122,0.39163095,0.50741976,0.35165027,0.35127327,0.3676565,0.32557747,0.40150413,0.38628215,0.36003193,0.35293177,0.35216883,0.32921258,0.41939324,0.40155908,0.3200949,0.2944642,0.33098337,0.37198967,0.43887392,0.45342043,0.38032156,0.44218913,0.39383343,0.34975758,0.43021604,0.4052983,0.34192804,0.3746932,0.26784492,0.31680095,0.387099,0.30782318,0.31880176,0.33218315,0.49492976,0.34524333,0.50501716,0.5131842,0.44837114,0.49964565,0.47207624,0.34610304,0.31822872,0.43498927,0.4415736,0.36983824,0.39579436,0.40323564,0.32947704,0.2923135,0.29144233,0.43176365,0.36783093,0.38245776,0.36632317,0.4178988,0.4171949,0.39941508,0.4599538,0.41392577,0.41301414,0.3197941,0.3704416,0.33791405,0.33611313,0.45040378,0.40530354,0.40122935,0.3888528,0.3938767,0.32606795,0.44400924,0.42139634,0.45555916,0.44450855,0.48000446,0.48359126,0.36926976,0.3689616,0.37980038,0.42107657,0.4880885,0.33089703,0.31384733,0.27314538,0.3113533,0.29613823,0.40342554,0.3276525,0.48628962,0.36125237,0.37983435,0.47912163,0.45721263,0.5535465,0.46100685,0.41961613,0.50969946,0.4641255,0.30445004,0.34306586,0.37503356,0.4441939,0.3903612,0.3922758,0.3917901,0.31887156,0.27366808,0.33091852,0.44080758,0.33697397,0.33913672,0.34049645,0.33975798,0.43502846,0.3710554,0.4077224,0.37942562,0.34500682,0.35195717,0.403924,0.41099843,0.51781607,0.40735897,0.4321408,0.34265697,0.4441977,0.35810322,0.30556592,0.37179717,0.3982753,0.30839133,0.38651687,0.3776702,0.44271603,0.49205962,0.5145716,0.41985303,0.49028283,0.46329254,0.30968204,0.3398752,0.38259646,0.34637854,0.34615391,0.2868166,0.29860583,0.28859815,0.41200864,0.41811672,0.30566588,0.4533625,0.32647133,0.43563053,0.42681524,0.4516548,0.3393741,0.37943417,0.37395373,0.33969995,0.4187749,0.4011171,0.4292725,0.35463956,0.35326162,0.44306582,0.30985525,0.35140175,0.52451265,0.44801643,0.56771547,0.31996703,0.33785647,0.31938338,0.4047956,0.43887317,0.5098601,0.2654951,0.26153085,0.35409585,0.47465307,0.5202342,0.4013038,0.38744938,0.39292988,0.49300522,0.45105368,0.5322099,0.5183544,0.39538544,0.41011554,0.43833554,0.4365154,0.49277985,0.4810305,0.4565376,0.44995606,0.5338822,0.49697182,0.40033308,0.40506294,0.41409904,0.4487601,0.45513305
659,0.2850291,0.34761178,0.35047755,0.3074695,0.3000162,0.307583,0.34693098,0.4258404,0.377419,0.25247815,0.23576894,0.26597145,0.32464644,0.4283871,0.42142433,0.33923468,0.34749055,0.36784452,0.30873576,0.35908088,0.37274337,0.30697602,0.34355402,0.29040328,0.2764002,0.4018437,0.30430788,0.30405113,0.25924546,0.47372496,0.36528653,0.47664648,0.4899244,0.49626228,0.48872086,0.40660313,0.29250762,0.25496313,0.40587828,0.40007433,0.34284157,0.3839164,0.30458936,0.2508883,0.2565649,0.23206894,0.39876595,0.32638407,0.3799465,0.27648476,0.42557412,0.4310632,0.38789436,0.39449486,0.39998809,0.3884228,0.31053227,0.33994573,0.26435953,0.26199555,0.44785047,0.37374115,0.31439757,0.34649667,0.38950267,0.32909742,0.41096678,0.38513356,0.4440382,0.48902193,0.43070164,0.4157046,0.30521664,0.26356766,0.36289936,0.4432981,0.4781609,0.25789884,0.36152115,0.23502916,0.25174773,0.23628056,0.27542755,0.25167012,0.29256976,0.31222585,0.45319566,0.4892378,0.41771242,0.57359976,0.4315669,0.40096882,0.5026651,0.45837846,0.23996039,0.28766254,0.29046005,0.3546976,0.37329602,0.4002307,0.39885727,0.3106486,0.3137012,0.3461569,0.40149927,0.29787824,0.3281788,0.27130905,0.25019076,0.4092007,0.30271083,0.39870104,0.34152624,0.29114828,0.31566817,0.32591045,0.33784243,0.45887172,0.4519955,0.42648384,0.31013733,0.3837133,0.32007152,0.37425625,0.35765287,0.37908366,0.26761988,0.3417131,0.36561283,0.45240918,0.4591821,0.5034757,0.43084452,0.48492712,0.4674092,0.3743425,0.26082444,0.2845702,0.32119587,0.2879702,0.27080363,0.29512846,0.2223197,0.28745988,0.33314508,0.24561192,0.39666942,0.23381072,0.37297624,0.4183887,0.3877988,0.3399112,0.34038612,0.3226615,0.2957391,0.4080487,0.33857247,0.37764722,0.3079521,0.3321752,0.47107273,0.3078256,0.34555575,0.46314293,0.360749,0.54030716,0.26240507,0.3616619,0.27434504,0.36506295,0.35131028,0.3968092,0.3159988,0.30699965,0.40309986,0.39127365,0.51482785,0.34475762,0.2958156,0.32853264,0.26787344,0.35645714,0.3630078,0.30445576,0.29435444,0.29624122,0.27848336,0.4204179,0.4078484,0.2639711,0.25233907,0.2591313,0.3143205,0.41174,0.4231029,0.33039948,0.42830583,0.35746267,0.30113986,0.37548304,0.36151204,0.2875791,0.3333424,0.274387,0.26139763,0.323106,0.26364312,0.28388107,0.28716785,0.5237488,0.33461702,0.5163672,0.55881846,0.44979894,0.51806617,0.49139294,0.32128736,0.27462354,0.4465077,0.44974032,0.35265929,0.37817383,0.35200906,0.2644984,0.24026433,0.24793503,0.43165287,0.33066887,0.36033565,0.33734846,0.4245606,0.41490242,0.40493235,0.46004662,0.40376738,0.399871,0.2843383,0.34120858,0.2848556,0.27513513,0.45292243,0.38353854,0.3723329,0.35968104,0.40341607,0.3160929,0.4291663,0.43325165,0.47588497,0.46274093,0.49059567,0.49826345,0.34267172,0.33242983,0.32185924,0.42211568,0.50183344,0.28308436,0.26320747,0.22109011,0.27856398,0.24640147,0.369262,0.26000708,0.45815313,0.2831107,0.3504224,0.5083119,0.4034289,0.5639781,0.42222464,0.4024283,0.5150308,0.4671029,0.25023144,0.31117862,0.3380393,0.43267438,0.36806726,0.3944861,0.40185997,0.31663057,0.27420193,0.3545887,0.45746085,0.31690994,0.35197318,0.2740056,0.28957278,0.4267632,0.32269365,0.39163896,0.3358818,0.3125282,0.33354402,0.4060931,0.40017372,0.53079945,0.398887,0.42719197,0.31517288,0.43820924,0.31560844,0.33362,0.3721915,0.3849783,0.28221798,0.3703561,0.3254981,0.43558276,0.4991042,0.53328186,0.4027218,0.4831677,0.45718274,0.26386976,0.29395303,0.3583715,0.3010265,0.30174398,0.2513247,0.26295123,0.24923423,0.37092295,0.38729694,0.2654561,0.4627214,0.27750495,0.4045468,0.4344621,0.45734143,0.30083933,0.34385878,0.341761,0.3241035,0.36366975,0.37115923,0.38938397,0.31139803,0.31781515,0.43428478,0.27682933,0.32349563,0.5467221,0.4654759,0.57481277,0.29611066,0.33609426,0.2723185,0.35517254,0.42634287,0.50646204,0.27859107,0.28026876,0.3837173,0.4970991,0.52273333,0.39275616,0.33153093,0.36445627,0.48260415,0.43114197,0.5398347,0.5261028,0.35676596,0.3741844,0.40704665,0.40510038,0.48920086,0.47430578,0.45318937,0.44506752,0.53177387,0.4966083,0.37378505,0.3772684,0.3922704,0.4321419,0.43869296
660,0.24247116,0.3045734,0.31959346,0.2603598,0.25237098,0.26187554,0.3033441,0.42321232,0.36822876,0.20945244,0.20374918,0.21838214,0.26700813,0.4040742,0.39425546,0.28495866,0.3071489,0.34395492,0.2606683,0.29396683,0.31471065,0.26628318,0.3023884,0.3112679,0.2398048,0.36113378,0.28344053,0.29981098,0.22269529,0.4868789,0.3698287,0.46482322,0.51771754,0.5057481,0.48850727,0.39808545,0.26754683,0.22398856,0.39468357,0.39440787,0.32445294,0.36800367,0.26375595,0.2064823,0.22147223,0.20185333,0.38477454,0.28440335,0.3509048,0.24257196,0.42240718,0.4234726,0.38370198,0.37610674,0.38492686,0.37376553,0.2830113,0.32597265,0.22839198,0.21636364,0.45673147,0.37036318,0.2875956,0.34473997,0.39592117,0.32143447,0.40290934,0.3855384,0.44894332,0.4878735,0.42715716,0.43150374,0.2794299,0.22931325,0.32403028,0.42519176,0.4850641,0.22510229,0.32774746,0.20810921,0.21543796,0.2048645,0.24999878,0.2010972,0.24470304,0.25624743,0.439644,0.50457644,0.396804,0.5769504,0.4018886,0.39398912,0.5020245,0.4513588,0.20582043,0.26363453,0.26371548,0.33534512,0.36004847,0.41624603,0.40787834,0.31356397,0.32863313,0.37629056,0.41726804,0.2869289,0.34273708,0.2232478,0.21288478,0.40590876,0.26465613,0.3920959,0.30909202,0.26292098,0.3014537,0.31264713,0.31908986,0.4533225,0.4562207,0.4185525,0.2847724,0.37742305,0.2916832,0.4151032,0.35738865,0.37326252,0.25298584,0.32692608,0.33321902,0.44069314,0.44971144,0.5195983,0.42290592,0.47844213,0.46826312,0.3640504,0.23315689,0.25543958,0.30055726,0.2605252,0.25156587,0.26632956,0.19724071,0.24919467,0.3137788,0.21668325,0.39486656,0.20311978,0.3486813,0.40878135,0.39137697,0.30253688,0.3116669,0.28998876,0.28856352,0.3524326,0.2982452,0.3229978,0.2614688,0.3043371,0.45803517,0.29060087,0.32149228,0.47000343,0.3592132,0.5382597,0.24175717,0.36834025,0.23336948,0.3291352,0.33205873,0.3664058,0.34229454,0.337863,0.43745083,0.39745662,0.51753694,0.34544262,0.25904703,0.30072078,0.2230931,0.30721322,0.33890304,0.2564596,0.24383578,0.24381231,0.23305081,0.41325033,0.40870962,0.21727785,0.21520579,0.20868461,0.25694433,0.38443285,0.3916749,0.27473992,0.38906258,0.32068974,0.24438454,0.3086477,0.3096849,0.23167267,0.289822,0.29052022,0.21837345,0.26961973,0.22779742,0.25637108,0.24705625,0.54124194,0.3319752,0.5178144,0.60231906,0.45221198,0.53011334,0.49667335,0.2960766,0.23995538,0.44681308,0.4521153,0.33341685,0.35287553,0.31030616,0.21394224,0.19717093,0.20721564,0.4207706,0.28334412,0.32696518,0.300305,0.42204174,0.40310916,0.40229857,0.4512503,0.3866614,0.3853445,0.25488386,0.31850532,0.24639331,0.22664712,0.46151462,0.36257696,0.3427784,0.3378662,0.41981637,0.3143245,0.40589303,0.437824,0.48652238,0.46800888,0.48928675,0.5046202,0.31299573,0.29786536,0.2757783,0.41349307,0.5008785,0.24472667,0.22960594,0.18252644,0.25400212,0.2106957,0.33616525,0.206656,0.42214692,0.22042777,0.3220892,0.53213,0.3511319,0.55947095,0.3794332,0.38800508,0.51850677,0.46472383,0.20714572,0.27916884,0.30377004,0.41085202,0.34957296,0.39495388,0.41020843,0.31629416,0.28437075,0.3811638,0.47202334,0.30034238,0.37375867,0.22542045,0.2513046,0.42270568,0.2830089,0.38166583,0.30221617,0.2854131,0.31549796,0.40210158,0.379598,0.5428539,0.39078403,0.42385975,0.28998902,0.43273503,0.28475258,0.366444,0.3777176,0.3711465,0.25286004,0.3591307,0.28428462,0.42161986,0.5038029,0.5447225,0.38316435,0.473302,0.4529522,0.22614051,0.25344178,0.32099542,0.26841304,0.26288113,0.21856038,0.23207222,0.21276267,0.33208448,0.3605401,0.22345261,0.46715894,0.2373749,0.369146,0.43245897,0.4532219,0.26428157,0.31015125,0.30439204,0.31101796,0.30214533,0.3311958,0.33143187,0.263554,0.27816764,0.42009845,0.25324684,0.2914926,0.5719091,0.48733854,0.58326757,0.28078637,0.33226308,0.23635224,0.30588278,0.4072629,0.5033459,0.30005473,0.3095577,0.41571796,0.51584995,0.51729727,0.39414373,0.2872532,0.34698495,0.47756597,0.41580632,0.54474974,0.53346777,0.32994667,0.34690872,0.37602508,0.37749642,0.48712736,0.4692455,0.4511748,0.4402941,0.53017175,0.49957156,0.35621005,0.35765153,0.3763339,0.416433,0.42231235
661,0.214532,0.26226974,0.2918646,0.2249424,0.21713415,0.22451515,0.26323682,0.41383922,0.353701,0.18034272,0.18318547,0.19242057,0.21593128,0.3842061,0.37434202,0.2305206,0.26060212,0.32519472,0.21141137,0.22793336,0.2556718,0.23169811,0.26520422,0.33530873,0.21933313,0.3341832,0.27215323,0.30168372,0.2079168,0.49839354,0.38573387,0.44714013,0.5480261,0.50947124,0.48467806,0.3813871,0.24892852,0.20878468,0.37661615,0.38281938,0.30775136,0.34928888,0.2362979,0.18312049,0.20119886,0.18611225,0.36752647,0.23897344,0.31499586,0.2183616,0.41062742,0.408173,0.37311628,0.35549733,0.36819935,0.35886785,0.26809934,0.32447258,0.20964502,0.1897416,0.47101757,0.37820154,0.2730021,0.35657218,0.41139108,0.32688278,0.39788145,0.39279622,0.45081565,0.48111293,0.42635986,0.45520195,0.26847392,0.21226531,0.29808757,0.40971676,0.48736992,0.2101097,0.30649734,0.19976616,0.19494648,0.19427581,0.24064451,0.17374462,0.2178363,0.22218771,0.42994338,0.5179768,0.37947375,0.5686575,0.3814936,0.3952616,0.5020915,0.44703364,0.18515112,0.24937859,0.25234613,0.3353815,0.34818482,0.4292161,0.41235238,0.31601954,0.34640887,0.39958006,0.42961714,0.28376558,0.3602256,0.19650619,0.19488305,0.40583143,0.24632637,0.39454517,0.28961405,0.24425301,0.2942385,0.3060499,0.30385745,0.44967288,0.463256,0.41199133,0.2653657,0.37739733,0.27418536,0.44619575,0.36004865,0.37300733,0.24685895,0.31864426,0.3114791,0.43063217,0.44003874,0.525752,0.4194786,0.4730013,0.47398353,0.36540478,0.22236598,0.23415484,0.28564057,0.24342674,0.23910323,0.24412492,0.1828662,0.22907406,0.3095661,0.19508062,0.40082675,0.19262755,0.33335552,0.39935467,0.4024256,0.26473168,0.285465,0.2604494,0.29254177,0.29464692,0.25762483,0.25976658,0.21695234,0.27786994,0.44077122,0.28834838,0.29946697,0.47926605,0.3686091,0.5349332,0.23517519,0.37067997,0.2140873,0.30630177,0.32330912,0.34271544,0.36819115,0.36681002,0.4659288,0.40805355,0.51430607,0.3506984,0.24287981,0.28651682,0.19316338,0.25997695,0.31675118,0.22097568,0.20599356,0.20027602,0.19689082,0.39916024,0.40489265,0.18306172,0.18629378,0.18254428,0.20767137,0.3557948,0.36003253,0.22232649,0.328512,0.2893915,0.1883966,0.23910885,0.25715056,0.18140751,0.24916086,0.30931866,0.19010375,0.23632944,0.20498273,0.23865835,0.21856244,0.5431273,0.33641595,0.506159,0.6352093,0.449542,0.52997154,0.48826298,0.2733605,0.2182118,0.43728662,0.4486696,0.31378192,0.32512456,0.28284255,0.18369733,0.16859819,0.1736903,0.40342417,0.23231673,0.28643316,0.25899997,0.41304561,0.38634193,0.3924356,0.438196,0.3661224,0.37193307,0.23518287,0.3051688,0.22499748,0.1941812,0.47313842,0.3459731,0.318112,0.32632276,0.43661568,0.31850463,0.37930176,0.43496186,0.48728356,0.45983347,0.48045754,0.4991605,0.28713965,0.27199197,0.24876328,0.39636496,0.48365763,0.21997926,0.21547909,0.1600562,0.23945767,0.1913183,0.30786175,0.17309397,0.3841868,0.18129158,0.29972702,0.5452214,0.30896568,0.5415858,0.3403577,0.37822276,0.51893,0.45900553,0.17767048,0.25166637,0.2770276,0.38548023,0.33649167,0.39361396,0.41467658,0.3156773,0.29809973,0.4017976,0.48102212,0.2893095,0.39812922,0.1978302,0.22796349,0.42246965,0.25736126,0.37874553,0.28215152,0.26538938,0.3023343,0.39539006,0.35308808,0.5508615,0.3834202,0.42135778,0.27016768,0.42734107,0.27068573,0.39248255,0.38606745,0.35754573,0.22448482,0.35577518,0.26021203,0.4057745,0.50507885,0.5472637,0.36295208,0.46241838,0.45073155,0.20109269,0.22399075,0.27524182,0.2512905,0.23477575,0.19197206,0.20791182,0.183324,0.30012745,0.33830565,0.18409921,0.47002187,0.21071877,0.3371262,0.42043906,0.43784374,0.23302253,0.2809729,0.265026,0.30236998,0.24530704,0.28811142,0.26276138,0.21574244,0.23866028,0.4,0.24046633,0.25894392,0.5949725,0.5079722,0.59182894,0.27532184,0.32634026,0.21421401,0.2665335,0.3836261,0.50102156,0.32160535,0.33895934,0.4407804,0.5292749,0.50408,0.40301704,0.26164985,0.34042093,0.4771529,0.4066212,0.54567933,0.53889686,0.31663764,0.33059913,0.3498036,0.3564581,0.485175,0.4658167,0.44997677,0.43536264,0.52926356,0.50447965,0.34790048,0.34773698,0.36749926,0.40381953,0.4075942
662,0.20023082,0.22846037,0.27076963,0.2035144,0.19622521,0.19871247,0.23254508,0.40095305,0.33908767,0.1642305,0.17263146,0.18475631,0.17974089,0.36528277,0.35746017,0.18659933,0.21730068,0.3133187,0.17002869,0.17485735,0.2078267,0.20767817,0.23706158,0.35652262,0.21393941,0.3227788,0.26942113,0.3069551,0.2102776,0.50005597,0.40454406,0.42596015,0.56764084,0.4992841,0.47351158,0.36222386,0.24006833,0.20828371,0.35948133,0.37035373,0.2971896,0.33559614,0.22375755,0.17908894,0.19646613,0.18239357,0.35204265,0.19803174,0.27765703,0.20242693,0.39540726,0.3916073,0.36022007,0.3386004,0.3555391,0.3472087,0.2661202,0.33036497,0.20659988,0.18137293,0.48284727,0.39042312,0.26723063,0.37530717,0.4265804,0.33809972,0.39353147,0.40085533,0.44864547,0.46929076,0.42567056,0.47375548,0.2696255,0.20641382,0.2851898,0.39878464,0.48154035,0.20915768,0.29684258,0.20418282,0.18605699,0.19688839,0.24189936,0.16634326,0.20843077,0.20892613,0.42393148,0.52382857,0.3647877,0.55258274,0.37118405,0.400007,0.5013803,0.44401383,0.17323518,0.24512859,0.25130102,0.3502177,0.34173408,0.43798822,0.41436085,0.31753847,0.362496,0.4117831,0.43888816,0.28731647,0.37632832,0.18958405,0.19373801,0.40631393,0.24506642,0.40126228,0.28600568,0.23727967,0.29489404,0.30682704,0.29129615,0.4466372,0.4690333,0.40599152,0.25317514,0.38084286,0.26894096,0.4619393,0.36444172,0.37631994,0.24742836,0.3167884,0.30191007,0.42170966,0.43200466,0.5210217,0.41668868,0.4690355,0.48123637,0.37344,0.22369713,0.22022694,0.27709287,0.2369035,0.23239286,0.2300992,0.17762552,0.2200031,0.31035212,0.17863801,0.41491544,0.1993825,0.32466087,0.38886154,0.41081432,0.23295902,0.26552883,0.23759755,0.3032558,0.24764407,0.22453897,0.20261182,0.18118298,0.25693005,0.4188471,0.29479954,0.28296298,0.48653394,0.38217095,0.52915776,0.2404629,0.3687623,0.2129287,0.29248694,0.3202802,0.32984096,0.38821182,0.38686153,0.4832417,0.41837126,0.5060226,0.3587862,0.24369167,0.28527433,0.17735572,0.22319326,0.300194,0.2001284,0.1830013,0.17016129,0.17302673,0.38290626,0.39958188,0.16290145,0.1672183,0.17734653,0.17329498,0.3267013,0.3295829,0.18275638,0.26313666,0.2684883,0.14473017,0.1814776,0.21481936,0.14435345,0.21837765,0.32544804,0.17745079,0.2247101,0.19611739,0.23220196,0.20338844,0.53035825,0.34435305,0.48332167,0.65135115,0.4368124,0.5158472,0.472416,0.25834394,0.21070553,0.42619714,0.44317225,0.29917857,0.30430627,0.27204365,0.17415251,0.15603541,0.15027654,0.38695452,0.18843226,0.24795188,0.21961804,0.40257865,0.37163165,0.37977284,0.42696476,0.349769,0.36286467,0.22740787,0.30017644,0.2202212,0.17919086,0.48298484,0.335789,0.30230466,0.32424477,0.44515213,0.3244657,0.35685083,0.4276135,0.48190838,0.4430767,0.47072175,0.4821851,0.2714399,0.25757563,0.24174395,0.376395,0.4562299,0.20883866,0.21856733,0.15141231,0.23336574,0.18535562,0.28725177,0.15936397,0.35209215,0.16536279,0.2867151,0.54521054,0.28316382,0.5175922,0.31268173,0.3725773,0.51646763,0.45186588,0.15998062,0.23339379,0.2598062,0.36534786,0.3320795,0.39263737,0.41726115,0.31557217,0.31213495,0.41317818,0.48661363,0.2850552,0.41913503,0.19007571,0.21968748,0.42407486,0.2469925,0.38139778,0.27879125,0.25634044,0.2977214,0.38936192,0.32599393,0.55286133,0.3777315,0.41914704,0.25831133,0.42167142,0.27409816,0.40654033,0.3950896,0.3466851,0.20229435,0.36144307,0.25460434,0.39425218,0.50355417,0.5424497,0.34402987,0.45307404,0.44976005,0.18872666,0.20710775,0.23115008,0.24931832,0.22032624,0.17433974,0.19195081,0.1633015,0.27658844,0.3189271,0.15229659,0.4754716,0.19934078,0.3152717,0.40261206,0.414677,0.21031857,0.26003635,0.23145457,0.29889402,0.20427905,0.25215736,0.20069079,0.17669575,0.20680194,0.37571782,0.23668791,0.23177744,0.61005515,0.52110606,0.59845793,0.28000337,0.32091224,0.20521632,0.24282774,0.36017457,0.49989775,0.3377763,0.36079723,0.45499587,0.53699493,0.48604095,0.41611817,0.25492343,0.3415879,0.4786502,0.4028233,0.54237646,0.54111505,0.3147568,0.32470036,0.3323816,0.34361607,0.48236656,0.46372914,0.44856453,0.4305632,0.52952605,0.50950575,0.34789953,0.34739563,0.36415514,0.3953635,0.3966205
663,0.19884522,0.20836648,0.2593956,0.19667974,0.18989341,0.1862032,0.21505083,0.3898342,0.33036625,0.16029552,0.17166191,0.19265418,0.16108313,0.3465805,0.34137806,0.15936992,0.1854873,0.30931467,0.1428205,0.14119984,0.17764945,0.19630864,0.22099529,0.37280914,0.22293562,0.3257013,0.27448076,0.31512222,0.2247182,0.48784614,0.41836965,0.40462032,0.5678347,0.473018,0.45404208,0.34782112,0.24370891,0.22105786,0.3513891,0.36302248,0.29692554,0.33373293,0.22635163,0.19238631,0.20735659,0.18902583,0.34311968,0.1689031,0.24710238,0.19459552,0.3831268,0.38033536,0.35065338,0.33019787,0.3519352,0.34232643,0.2761223,0.33915412,0.21740983,0.18962385,0.4869241,0.39939716,0.26751706,0.39400956,0.4345111,0.3487656,0.38789406,0.4040846,0.44267333,0.45393136,0.42211446,0.47753093,0.2794396,0.20760457,0.28423658,0.39313364,0.46701866,0.21931607,0.29697767,0.21693155,0.18587819,0.2071292,0.24943219,0.17607956,0.21251006,0.21320264,0.42051715,0.5200542,0.3517882,0.5335244,0.37006178,0.40470338,0.4992614,0.44092524,0.1682007,0.25097877,0.25636792,0.37139568,0.3439313,0.4435447,0.41786703,0.32023463,0.3757537,0.4149522,0.44798055,0.29677275,0.3895559,0.20062259,0.20719215,0.40624374,0.25699174,0.40742886,0.29909796,0.2430104,0.30308518,0.31475884,0.2822198,0.44341183,0.47122115,0.40053523,0.24953274,0.38552123,0.27605656,0.4640104,0.37085474,0.3819119,0.25363252,0.32114044,0.30443487,0.41336274,0.4271288,0.50633365,0.41226986,0.46682635,0.4872196,0.38360184,0.23376986,0.21376587,0.27652347,0.24187912,0.2319627,0.22551037,0.18119864,0.21753322,0.3094326,0.1680048,0.4353209,0.22132164,0.32050583,0.37714243,0.4095908,0.21273954,0.25534782,0.22486831,0.31703088,0.21844348,0.20417689,0.16232675,0.15878469,0.24544394,0.39383596,0.3042821,0.27496856,0.48894897,0.3939276,0.5210823,0.2558861,0.3648568,0.2264012,0.2836343,0.31945807,0.32956043,0.40150437,0.39711377,0.4894335,0.42424506,0.4945363,0.3696721,0.2569585,0.2951835,0.17489551,0.20177075,0.29209706,0.19420047,0.17505546,0.15513267,0.16248363,0.37064186,0.39687377,0.15736108,0.15935987,0.19004445,0.1557527,0.30089852,0.30387878,0.16036685,0.21002713,0.26027513,0.118347004,0.14344612,0.1884449,0.12303611,0.20163542,0.33776155,0.18077864,0.23331577,0.2009206,0.23801906,0.20145336,0.50722706,0.35301423,0.45466956,0.64842445,0.41470534,0.49070725,0.4578088,0.25539842,0.21748069,0.42199147,0.4402384,0.2948815,0.2974424,0.2780088,0.184118,0.15955256,0.13904949,0.3774582,0.15920466,0.22003913,0.18929964,0.39575648,0.36460173,0.37008145,0.42205727,0.34413895,0.3606522,0.23251878,0.30244336,0.23073746,0.18155116,0.48785296,0.33278465,0.29805434,0.3298968,0.44202948,0.33046332,0.34413254,0.41952497,0.47515196,0.42465833,0.4643227,0.45783067,0.26995307,0.25584736,0.25367758,0.3609549,0.42790607,0.21093395,0.23674488,0.15495615,0.23547994,0.19077106,0.2769278,0.1640853,0.33203483,0.16991529,0.28498966,0.5339383,0.2750744,0.4956476,0.30059707,0.37102428,0.51209444,0.44526136,0.1533503,0.22774804,0.25337508,0.35644993,0.33840987,0.39462024,0.42170933,0.31873068,0.3264932,0.41765523,0.49245277,0.28841588,0.4336939,0.20043671,0.22570406,0.4263193,0.25128454,0.38766706,0.2926814,0.2607544,0.3031034,0.38667193,0.3043878,0.54906833,0.3752144,0.41757843,0.25617355,0.41671667,0.29304764,0.4105431,0.4041172,0.34116966,0.19027086,0.37558606,0.26644713,0.3911465,0.500591,0.5327184,0.3296879,0.4476431,0.4497948,0.18853116,0.20356576,0.19765775,0.26145348,0.22084215,0.1676678,0.18560968,0.15456139,0.26327974,0.30331674,0.13183983,0.4848977,0.20377088,0.3073999,0.38490012,0.3903596,0.19848587,0.25004143,0.20975071,0.30169174,0.18263908,0.22994831,0.15728182,0.15206437,0.18771413,0.35169688,0.24102326,0.21479334,0.61379135,0.5242355,0.60166746,0.29455045,0.3196986,0.2088462,0.23601948,0.342488,0.5004082,0.34803054,0.37357756,0.46002978,0.5394169,0.4675474,0.43077114,0.26458868,0.3474115,0.48033682,0.40363753,0.53611094,0.5403461,0.3217502,0.32815152,0.32627606,0.33986166,0.4789355,0.46318334,0.44650874,0.4268751,0.5310542,0.5134437,0.35534897,0.3559586,0.36487794,0.3919593,0.39138815
664,0.21069214,0.2038432,0.2594468,0.20469336,0.19816172,0.1877757,0.21188956,0.3862349,0.33249924,0.16872762,0.18174596,0.21516679,0.1593281,0.33044523,0.32692602,0.1501201,0.17045304,0.31411862,0.13178706,0.12631637,0.16584304,0.19818641,0.21775177,0.38525772,0.24573536,0.34075072,0.2870185,0.32714337,0.24689735,0.46305326,0.42364,0.3864422,0.54745686,0.43585837,0.4287782,0.34476376,0.26142132,0.24633557,0.35758498,0.365598,0.3087914,0.34725147,0.24345599,0.22165146,0.23437266,0.20738006,0.34529126,0.15562169,0.23163915,0.19821118,0.37972003,0.37938377,0.34969994,0.33350888,0.3601456,0.34738314,0.29781452,0.3511094,0.24066694,0.21279126,0.4838376,0.401638,0.2731843,0.40905583,0.43453124,0.35799626,0.38047314,0.4002158,0.43476075,0.437841,0.414442,0.466005,0.29506093,0.21543357,0.29436955,0.39268944,0.4467383,0.24053301,0.30627558,0.23765157,0.19450355,0.22417694,0.26193482,0.20151627,0.22732419,0.23165128,0.41885012,0.5087532,0.34107763,0.51446116,0.37628204,0.4098289,0.49643442,0.43793988,0.17207955,0.26797792,0.26563737,0.39061818,0.35479438,0.448125,0.4261331,0.3276373,0.38763165,0.41451246,0.45903778,0.31260332,0.40076035,0.22814739,0.2335667,0.40733722,0.27915096,0.41113707,0.32649687,0.26068395,0.31958193,0.33143306,0.28114226,0.44039348,0.46991265,0.3972711,0.25559744,0.39214477,0.29439446,0.45806503,0.38000733,0.3894252,0.26697543,0.33134678,0.31762195,0.40558487,0.4262691,0.48448187,0.40743154,0.46659017,0.49129492,0.39553002,0.2531512,0.21754937,0.28565562,0.25997832,0.23999757,0.23174907,0.1955029,0.22174568,0.3069488,0.16685541,0.45934817,0.25764117,0.31977722,0.36530903,0.3979113,0.20736238,0.25666523,0.22446916,0.3330067,0.20774877,0.19947976,0.14184028,0.15126093,0.24558158,0.36879078,0.31418175,0.27791294,0.48679605,0.40189275,0.51278114,0.280913,0.36325455,0.25240472,0.27867064,0.32136962,0.34140667,0.4102021,0.40117383,0.48788017,0.42431152,0.48190987,0.38414174,0.27913067,0.31428826,0.18603428,0.19693689,0.29412687,0.20314535,0.182003,0.15523534,0.16522908,0.36832598,0.40086198,0.1670454,0.16485228,0.21926841,0.15425761,0.28274456,0.28668427,0.15564328,0.17837317,0.26527146,0.108846635,0.12495716,0.17872286,0.11672601,0.20008036,0.34818962,0.20060635,0.26082775,0.2191696,0.2564893,0.21235906,0.47811532,0.3610976,0.42571792,0.6272196,0.38895956,0.4596104,0.45277977,0.2672164,0.23821263,0.42971414,0.44387344,0.3041077,0.30800763,0.29919615,0.21262906,0.18040407,0.14237131,0.37945402,0.14752519,0.20885697,0.17423126,0.3972787,0.36876786,0.368868,0.42615044,0.35258934,0.36687747,0.2511643,0.31276128,0.254975,0.2005391,0.4873524,0.3367281,0.3064576,0.34171465,0.43081316,0.33901167,0.34239992,0.41242948,0.47038975,0.410476,0.46159396,0.4321973,0.28341886,0.2677527,0.28333342,0.35580704,0.40586352,0.22709683,0.26948762,0.17157345,0.24796866,0.20847279,0.2778118,0.18609536,0.32564732,0.19279706,0.29521266,0.51652557,0.28197014,0.48068947,0.3041263,0.37591615,0.5071355,0.44165465,0.15916684,0.2369686,0.25827596,0.35933056,0.35467324,0.40171725,0.43097386,0.32817602,0.342617,0.41991842,0.5006664,0.3004109,0.442054,0.2274465,0.245093,0.43036574,0.26906365,0.3962807,0.32094085,0.27807966,0.31855273,0.39044154,0.29474017,0.54116595,0.37733397,0.41787067,0.2648123,0.41505915,0.32365698,0.40981215,0.41416037,0.34209174,0.19105321,0.3961533,0.29356956,0.3969422,0.49733058,0.51999146,0.3236228,0.44758943,0.4516531,0.20172903,0.21525279,0.18021774,0.28654796,0.23694663,0.1736464,0.19037506,0.15937638,0.26235923,0.29435465,0.12523241,0.49732867,0.22439618,0.3132378,0.37123457,0.37009665,0.19947705,0.25189102,0.20222776,0.31208572,0.17904459,0.22421716,0.13511021,0.14321998,0.1831273,0.33213198,0.2539868,0.21088727,0.6066782,0.5191855,0.6011639,0.31826812,0.32629248,0.22593006,0.24425143,0.33421206,0.5029596,0.35514018,0.3803005,0.46023583,0.53711694,0.4522011,0.44530615,0.28724664,0.3564953,0.4826868,0.4094492,0.52950925,0.53843206,0.3360366,0.3401051,0.33213258,0.34549958,0.47614178,0.46489066,0.44484937,0.42588,0.53327006,0.5160746,0.36956015,0.37235358,0.37013116,0.39487663,0.39316604
665,0.23721963,0.21627584,0.2723528,0.22871566,0.22211301,0.20496921,0.2244126,0.3946318,0.3488475,0.19128789,0.20582679,0.25157523,0.17522901,0.32098573,0.31681952,0.160076,0.17624219,0.32850942,0.13867797,0.12945533,0.17316832,0.21469837,0.22791286,0.39665517,0.28093892,0.3660993,0.3065978,0.34335312,0.27295545,0.43067357,0.41995603,0.37520605,0.5105814,0.39731002,0.40321037,0.35734376,0.2940603,0.28341243,0.38002282,0.38125503,0.33291656,0.37679476,0.27443907,0.26520118,0.27796015,0.24034983,0.36222243,0.16107322,0.23829913,0.21848924,0.38966525,0.3920218,0.36115575,0.35056105,0.3811299,0.36448768,0.3310396,0.36867112,0.27542087,0.24946435,0.4781572,0.39959985,0.28528616,0.4200303,0.430351,0.36876407,0.3727463,0.3907456,0.42847443,0.42569083,0.4048499,0.4455334,0.314156,0.23150398,0.31468758,0.39780504,0.4262986,0.2739629,0.32496676,0.2675704,0.2136184,0.24959783,0.27921346,0.24179378,0.251353,0.2621932,0.41936347,0.4943243,0.33537748,0.49745378,0.38871726,0.41805917,0.49443394,0.43730563,0.18865402,0.2974569,0.27865785,0.4033052,0.37289974,0.45414594,0.44108957,0.34329364,0.4008889,0.4165239,0.47300103,0.3357456,0.41162944,0.27068758,0.2714068,0.41252714,0.3104364,0.4147442,0.36353832,0.28890115,0.34552836,0.35892063,0.29384646,0.439184,0.46654034,0.39895952,0.27255675,0.40247276,0.32088205,0.4514487,0.39188367,0.39872456,0.2898422,0.345998,0.33877698,0.3992503,0.4295741,0.4603618,0.40507498,0.46854115,0.49416366,0.41082695,0.28361818,0.23574635,0.30553678,0.2921353,0.25877222,0.25066867,0.22332168,0.23462485,0.30618027,0.18004428,0.48421362,0.30645636,0.3225539,0.35543528,0.37892133,0.21970206,0.27080843,0.23882076,0.35084963,0.21539147,0.21320911,0.14205728,0.16016634,0.25936723,0.3478756,0.3241879,0.29404503,0.4823457,0.4074348,0.5069049,0.3152337,0.36852235,0.2895558,0.27897927,0.3287908,0.36345586,0.41791338,0.40480676,0.48297983,0.41898242,0.47049564,0.4023417,0.30878156,0.34180537,0.21248426,0.20988281,0.30761757,0.22794472,0.20513816,0.17199244,0.18256474,0.38015884,0.41460907,0.1937229,0.18664959,0.26250845,0.1693851,0.27606502,0.2807291,0.16995537,0.17160973,0.28362095,0.11680924,0.12544322,0.18665121,0.12630834,0.21484552,0.36016613,0.23751463,0.3046616,0.24990901,0.28636327,0.23532416,0.44646028,0.3672104,0.40155602,0.5896711,0.3665776,0.4278546,0.4626361,0.29555,0.27229753,0.4506102,0.45685914,0.32859,0.3372422,0.3331774,0.25815284,0.22123714,0.1642376,0.39602482,0.15562874,0.21969463,0.17925653,0.41046903,0.3859924,0.38006645,0.44047415,0.37598982,0.38201648,0.2836605,0.33265445,0.29126582,0.23598628,0.48369762,0.34786648,0.32658398,0.35875845,0.417731,0.3530009,0.35020176,0.4058383,0.4686896,0.4037869,0.4604327,0.4113262,0.30884942,0.29269186,0.32662052,0.36298174,0.39359206,0.25797,0.31452534,0.20316245,0.2719057,0.239911,0.2887244,0.22427802,0.33162886,0.2326184,0.3165313,0.49808368,0.30142155,0.47456595,0.32164803,0.3893597,0.50294554,0.4430461,0.17934372,0.2629076,0.27358273,0.37085134,0.37802422,0.41483107,0.4464694,0.34624156,0.36253235,0.4247746,0.51206285,0.32176504,0.44634947,0.2691339,0.276855,0.43821427,0.29933792,0.40721232,0.35828033,0.30591327,0.34320003,0.40322942,0.30264744,0.53112376,0.3852888,0.42167878,0.28497556,0.41915545,0.3586329,0.41058296,0.425596,0.34970146,0.2073977,0.41824317,0.33118138,0.40871125,0.4940288,0.5059225,0.32782796,0.4529605,0.45621362,0.23013127,0.2439181,0.18282595,0.3215091,0.26818037,0.19393577,0.20818,0.18078229,0.27465788,0.2937576,0.13538975,0.510918,0.261211,0.3295698,0.36261514,0.3560402,0.21583374,0.2663444,0.21075824,0.3302993,0.19295782,0.23713851,0.1345016,0.1513452,0.19458075,0.3190454,0.2751726,0.22287779,0.5916081,0.5095101,0.59697175,0.34941477,0.34325027,0.25721887,0.2648141,0.33640817,0.5073118,0.36350513,0.38627964,0.4597741,0.5296107,0.44240203,0.4588193,0.31973377,0.36988685,0.48725277,0.42111224,0.5248839,0.5370685,0.3566861,0.35969022,0.3490799,0.36038443,0.47561705,0.46939817,0.44551277,0.42936638,0.53515416,0.51756716,0.3896392,0.39469334,0.38156927,0.4053364,0.40237886
666,0.27909708,0.24700762,0.2994191,0.2692805,0.26250148,0.23954727,0.25452366,0.4159118,0.37955356,0.22980016,0.2457508,0.2977173,0.21133158,0.32353967,0.31554475,0.19209781,0.2062838,0.35223854,0.16699955,0.15267093,0.20228265,0.24770421,0.25268555,0.41070446,0.32406396,0.39834437,0.33230624,0.3625072,0.3007274,0.39952254,0.4118713,0.3752346,0.46855518,0.36842966,0.38529673,0.38539955,0.33991653,0.32971728,0.41553438,0.4099257,0.36743042,0.41785616,0.31762344,0.31873313,0.33486846,0.2880579,0.39337295,0.18856777,0.2710159,0.2583929,0.41369852,0.41787165,0.38578394,0.38069037,0.4129559,0.3926943,0.37268716,0.39185616,0.31999138,0.29750454,0.47555363,0.40031275,0.3049829,0.42970702,0.42816722,0.38435367,0.36782888,0.38133225,0.42798233,0.4212291,0.3985161,0.42606002,0.33527112,0.25636834,0.34191447,0.40818378,0.41152173,0.31779492,0.35053745,0.3051781,0.24363467,0.28285998,0.3004089,0.2941217,0.28332064,0.30359766,0.42300147,0.4815273,0.3384804,0.4843908,0.40660223,0.43090394,0.4945627,0.4416594,0.22027943,0.33817407,0.2958033,0.41071954,0.39702109,0.4631372,0.46218964,0.36896837,0.41819188,0.4255594,0.48906106,0.36549076,0.42351893,0.32449773,0.3180982,0.42368957,0.34991005,0.42355788,0.4045141,0.32587823,0.3794689,0.3953993,0.32274592,0.44232586,0.46406716,0.4081915,0.30148914,0.41694042,0.35039738,0.4508418,0.4053116,0.41089818,0.32309982,0.3630565,0.3635183,0.39593923,0.43660405,0.44018117,0.40741754,0.4726266,0.4968047,0.42945006,0.32298937,0.2707246,0.33486015,0.33546093,0.2885648,0.2837769,0.26544848,0.2571218,0.31026492,0.2114788,0.5063705,0.3613227,0.3301037,0.35040656,0.3595272,0.25216073,0.29888487,0.2701959,0.37047032,0.24211495,0.24702956,0.16548832,0.18827212,0.28892383,0.33620167,0.3362915,0.3241589,0.47901422,0.4139869,0.50528234,0.35636407,0.38329497,0.33481053,0.28716487,0.34293827,0.3919433,0.42877012,0.4136257,0.47833312,0.41133168,0.46250328,0.4228898,0.34571916,0.37765965,0.25561506,0.24217772,0.33330727,0.269157,0.24599902,0.20833388,0.21704121,0.40611747,0.43812475,0.23875614,0.22664964,0.3126656,0.20359427,0.28459707,0.28848815,0.20644023,0.19168282,0.3145726,0.1461466,0.14734715,0.21489078,0.15577014,0.24744628,0.37757412,0.2893417,0.3571988,0.29009548,0.32370818,0.2686627,0.41761082,0.37256286,0.38776675,0.54267347,0.35423088,0.4026859,0.48601335,0.3392452,0.31723145,0.4806748,0.47863272,0.36699978,0.3815204,0.37563285,0.31567687,0.28140643,0.20891194,0.42565906,0.18683074,0.2560883,0.20781815,0.43490466,0.4148932,0.40411478,0.46337703,0.41159123,0.40455452,0.32785532,0.36191902,0.33680612,0.28685647,0.4817951,0.3673276,0.35492656,0.38133967,0.4099956,0.37280104,0.36566874,0.40066203,0.47010487,0.4053369,0.4593288,0.40021607,0.34025055,0.32653424,0.37378144,0.3800726,0.39155942,0.30090582,0.36353645,0.24930078,0.3046484,0.28317356,0.30719897,0.275466,0.34726378,0.2863903,0.34613055,0.48266214,0.33264083,0.47635642,0.35044235,0.4098975,0.5005749,0.44973567,0.2141985,0.3051231,0.29703563,0.3867974,0.40492633,0.43266734,0.4671567,0.3732928,0.3879069,0.43569246,0.5256133,0.35154098,0.44939268,0.32094905,0.3187115,0.45037055,0.33986786,0.4218975,0.39856935,0.34112722,0.37448147,0.42425573,0.32974377,0.5214117,0.40004846,0.43068746,0.3167326,0.4297477,0.38916633,0.41792512,0.43664092,0.36518952,0.24190848,0.4360306,0.37092978,0.42216522,0.49105006,0.49354106,0.3418237,0.46213517,0.46369317,0.2730496,0.28754547,0.2089765,0.3599158,0.31083566,0.2291441,0.2409911,0.22092447,0.29859135,0.30161726,0.16624373,0.5231932,0.310852,0.35202178,0.3599235,0.34971723,0.2497078,0.2944194,0.2379037,0.35546815,0.22547303,0.26989907,0.15794021,0.1791425,0.22440964,0.31438535,0.30257472,0.25330514,0.5730033,0.4994282,0.5890753,0.38445505,0.3705312,0.30024606,0.2951085,0.3478451,0.51222324,0.37779102,0.39722565,0.4609509,0.51760346,0.43966424,0.47078,0.35918623,0.3905183,0.4949836,0.43842146,0.5229208,0.53651935,0.3821581,0.3851591,0.3745166,0.38306293,0.47861114,0.4765272,0.4503425,0.43867454,0.5355601,0.51794773,0.4137987,0.41990682,0.40009058,0.42320463,0.41837117
667,0.33305088,0.2942872,0.33979675,0.32268512,0.31600362,0.28999037,0.3007634,0.44631603,0.42007864,0.28255016,0.29880536,0.34447944,0.26740575,0.34386235,0.32938752,0.24653694,0.26006603,0.38338143,0.21904673,0.19824754,0.25389603,0.29641676,0.29228634,0.43161672,0.36683264,0.4304606,0.36376205,0.38364542,0.33162168,0.38184577,0.4102841,0.39084065,0.4400422,0.3604262,0.38413778,0.42465898,0.39389223,0.38077918,0.45692852,0.4475174,0.4090264,0.46209523,0.36811012,0.37496212,0.39667258,0.3454688,0.43276742,0.239512,0.32662725,0.31476578,0.44708484,0.45151782,0.42030615,0.41903073,0.45063373,0.4266918,0.41635433,0.41846067,0.37117177,0.3526006,0.48085988,0.41183347,0.33267346,0.4439896,0.43537068,0.40749756,0.37060085,0.38104385,0.43669733,0.4254956,0.4015091,0.41916448,0.35898402,0.2886802,0.3701651,0.42224237,0.40699846,0.3657137,0.37660676,0.34588933,0.282351,0.32083446,0.3258033,0.35202324,0.3212424,0.3526282,0.43066674,0.47485548,0.35337007,0.4767687,0.42818996,0.44830233,0.49751827,0.4522184,0.26559085,0.38524818,0.31897175,0.419088,0.42616245,0.47569466,0.48650515,0.40394565,0.441582,0.44374317,0.5057898,0.39986843,0.4377092,0.38133964,0.36897895,0.44091028,0.39376011,0.44216698,0.44439045,0.36939484,0.41744927,0.43493822,0.36451334,0.45234078,0.46708795,0.4263301,0.34210774,0.43545043,0.37816104,0.46026355,0.4190969,0.42850888,0.36578503,0.38172457,0.38699743,0.39848733,0.44695905,0.43044418,0.41622922,0.4788508,0.5006241,0.45010245,0.3651133,0.32032192,0.36940667,0.38282567,0.32782185,0.33047372,0.31905773,0.28902322,0.32313037,0.26156664,0.5230379,0.4132879,0.34516564,0.35439086,0.35091996,0.303128,0.3396749,0.31710967,0.39422885,0.28651577,0.29810944,0.21401043,0.23680979,0.33356482,0.33953136,0.35592636,0.36539617,0.48086053,0.42614648,0.50856024,0.39991418,0.40769777,0.3819727,0.3063886,0.36307532,0.42135158,0.446558,0.4316577,0.47663,0.40851417,0.45991164,0.4441272,0.38837355,0.4201722,0.3128444,0.29222828,0.36963546,0.32319117,0.30225113,0.2642062,0.26892543,0.44094074,0.46781674,0.2988161,0.28195834,0.35909265,0.25743064,0.31204286,0.3127394,0.26512364,0.23866786,0.35474193,0.20092405,0.19418666,0.26427162,0.20919368,0.2967992,0.40405816,0.34836712,0.40572563,0.3354773,0.36313233,0.30981192,0.40054142,0.38381624,0.3904094,0.50227696,0.35914448,0.39409828,0.51552314,0.3928338,0.3683868,0.5130747,0.50497216,0.41397807,0.4320231,0.41939336,0.37570703,0.35221937,0.27551362,0.46157908,0.24210855,0.31562203,0.25965336,0.46572724,0.4501082,0.43715793,0.48968256,0.45301938,0.43067366,0.37851086,0.39776954,0.38699347,0.34794873,0.48775184,0.39542532,0.38598046,0.41036937,0.4155244,0.3983516,0.38740116,0.4017906,0.47544032,0.4150134,0.45972866,0.40282002,0.37164247,0.36216173,0.4126253,0.4021198,0.39854592,0.34881207,0.40425277,0.3044153,0.34142432,0.33248097,0.33101428,0.33266687,0.36859527,0.34654853,0.3801916,0.4743768,0.37329996,0.4824291,0.38527808,0.43348387,0.5008685,0.46082288,0.26091364,0.3582044,0.32627666,0.40393528,0.43288884,0.4525377,0.49032217,0.40818554,0.4199548,0.45452964,0.5392532,0.38743415,0.45505443,0.37446508,0.36588153,0.46570355,0.38495824,0.4424193,0.43720707,0.38091674,0.4090085,0.44938996,0.37105912,0.51526445,0.42221943,0.44608763,0.3581127,0.44591412,0.41109246,0.43452296,0.44548547,0.39022225,0.2944125,0.4474372,0.40388364,0.43525505,0.4900584,0.48751715,0.36416358,0.47278413,0.47402027,0.32549775,0.33865905,0.2591863,0.39436695,0.35751227,0.27765262,0.2891847,0.2778744,0.33045194,0.31859028,0.21979795,0.5323154,0.36553538,0.3769022,0.36657184,0.35454524,0.3002253,0.3350203,0.28379694,0.3866946,0.27588388,0.31949815,0.20792548,0.22828005,0.27271244,0.32250467,0.33534157,0.30142885,0.55660135,0.4940199,0.57812095,0.41983125,0.4051677,0.34779644,0.3324462,0.36589506,0.5161327,0.4021125,0.41775462,0.4650963,0.50574756,0.44452715,0.48138133,0.4016307,0.42084724,0.50533456,0.45927298,0.5229803,0.5360664,0.4098413,0.4134857,0.4043221,0.4104179,0.48561788,0.48563537,0.4607272,0.45413002,0.53403336,0.51757044,0.43937588,0.44459006,0.42497978,0.44635898,0.43944463
668,0.39089265,0.3500823,0.3879138,0.37944993,0.3732637,0.34856388,0.3548844,0.47900742,0.4623513,0.341373,0.35648596,0.38247484,0.33403304,0.3847097,0.36311617,0.31406328,0.328148,0.4180223,0.2888635,0.26191634,0.3201636,0.3542509,0.34254462,0.46140206,0.40089202,0.45528272,0.40027797,0.4067827,0.36785635,0.38800818,0.4263069,0.42390963,0.44122612,0.38145906,0.4061836,0.46839878,0.4482499,0.43106338,0.49676722,0.48718056,0.45344278,0.5019528,0.41725254,0.42558816,0.45249766,0.40361515,0.47173792,0.30737448,0.39204356,0.37784103,0.48125276,0.4846907,0.45819142,0.45794994,0.48776376,0.45914668,0.45592976,0.44714707,0.42388266,0.40743193,0.49690995,0.4391701,0.368059,0.46873435,0.4577306,0.44043604,0.38588053,0.39767605,0.45667732,0.43833715,0.41781497,0.433669,0.38711247,0.32676727,0.39484388,0.4389103,0.41529292,0.41047522,0.39784658,0.3855377,0.32588884,0.36070994,0.35749614,0.4061096,0.3615045,0.40208918,0.4433984,0.47818482,0.38070348,0.47587234,0.45094332,0.4698417,0.50331044,0.46920803,0.3190411,0.4319725,0.35055438,0.43471912,0.45764256,0.49121532,0.51014876,0.444649,0.47078785,0.46971256,0.5217776,0.43659517,0.45472676,0.4300897,0.41759053,0.46246842,0.43555826,0.47119927,0.47850785,0.41530016,0.45524547,0.47173437,0.41171822,0.46978965,0.47928077,0.45267192,0.390469,0.45815155,0.401766,0.47911647,0.43247747,0.45266098,0.41474068,0.40215695,0.40608203,0.4101504,0.46021673,0.4358683,0.43292448,0.48712113,0.5070112,0.47218168,0.40476194,0.3773815,0.40326402,0.42598727,0.3734281,0.3854077,0.3773371,0.3297398,0.34909925,0.32448134,0.53381264,0.4559793,0.37037793,0.37146226,0.36367142,0.3627655,0.38704127,0.37144735,0.42520297,0.34081334,0.3571286,0.28177235,0.2998772,0.3863553,0.36238474,0.38842535,0.41089115,0.49052057,0.44696677,0.516271,0.44157392,0.43926075,0.42392546,0.33905387,0.38827226,0.44587174,0.47203726,0.45925376,0.47950083,0.4180376,0.4643414,0.46490777,0.43266422,0.46508035,0.37561202,0.35100788,0.41104072,0.3804372,0.3644239,0.33108008,0.33163878,0.47649756,0.4982318,0.36285537,0.3430251,0.3937569,0.32323483,0.35930324,0.3544177,0.33546424,0.30536538,0.39744306,0.2761968,0.2629384,0.32787955,0.28268832,0.35491106,0.44046053,0.4025567,0.44029477,0.38157898,0.39956218,0.35466975,0.40394425,0.4086741,0.41345066,0.48673156,0.38740304,0.41066453,0.54285944,0.44733813,0.4194477,0.54229975,0.53037584,0.46154895,0.4789588,0.45609322,0.4271637,0.41876808,0.35165438,0.4955803,0.31287974,0.38563916,0.32652506,0.49594137,0.4844202,0.47252065,0.5133409,0.49274725,0.45573264,0.4288578,0.43595827,0.4353869,0.40813145,0.50548846,0.43030724,0.4153208,0.44550642,0.44019145,0.43147,0.41404942,0.41525024,0.48689643,0.43322313,0.46582296,0.4211386,0.40036938,0.3941528,0.43714586,0.4258777,0.4131396,0.39341763,0.4288564,0.35872248,0.37884715,0.3815503,0.35891262,0.3857575,0.39150935,0.401669,0.41532558,0.47776014,0.4169217,0.4893773,0.41904372,0.457175,0.50435156,0.47651273,0.3134851,0.41201925,0.3593951,0.42127863,0.4603236,0.47174737,0.51341146,0.4486517,0.45766273,0.4805999,0.5508263,0.4261753,0.46652845,0.41950336,0.4116851,0.4825824,0.4271519,0.46973523,0.47093686,0.42147544,0.4433991,0.47425997,0.4165947,0.5154003,0.45100304,0.46766338,0.40366653,0.46566838,0.42659837,0.45939547,0.45262048,0.42335585,0.35842952,0.4551151,0.4254676,0.44952944,0.4932401,0.49126607,0.39357856,0.48327532,0.48686004,0.37946993,0.38793835,0.32596144,0.42028522,0.39980513,0.3343188,0.34819776,0.34277904,0.36598969,0.34625047,0.28966975,0.53793526,0.41585967,0.4020219,0.3868451,0.37425464,0.3602579,0.38191932,0.34167272,0.42235556,0.3367402,0.37653446,0.2785715,0.29338837,0.33256498,0.3486982,0.374229,0.3600141,0.54771817,0.49776986,0.5658566,0.4531468,0.44235677,0.39185497,0.37309054,0.38819855,0.5182191,0.43727398,0.448789,0.47310346,0.50088745,0.45630187,0.4909331,0.4421121,0.4601819,0.51695263,0.48050278,0.524002,0.53520817,0.43726867,0.4415384,0.43399653,0.4385429,0.49618748,0.49612615,0.4769406,0.47453675,0.5314298,0.5174873,0.4638468,0.46670562,0.4540924,0.47146758,0.4629217
669,0.44442853,0.40301162,0.43536574,0.42954436,0.4241782,0.40539905,0.4066365,0.50686,0.49811468,0.3956684,0.408754,0.40971878,0.3960448,0.44229317,0.41581216,0.3791419,0.3957603,0.45125493,0.36267915,0.33222765,0.38692176,0.41127303,0.39449677,0.49659577,0.42380726,0.47247556,0.43905658,0.43107566,0.40823328,0.42099625,0.46416798,0.470226,0.47639072,0.4315932,0.4510905,0.50759053,0.49334434,0.4740729,0.52767277,0.5208259,0.49424717,0.530502,0.45639014,0.46379766,0.4923841,0.45229447,0.5017587,0.3781085,0.45098773,0.4351801,0.5078079,0.50981283,0.49185807,0.4901796,0.51753485,0.48397875,0.48793662,0.4768409,0.47180203,0.45411548,0.52338475,0.4818605,0.4102422,0.50510144,0.4963442,0.48314774,0.41514084,0.43294004,0.48784137,0.4593932,0.44753268,0.47020164,0.4211202,0.37011757,0.41704082,0.45926508,0.43573862,0.44721392,0.41555592,0.42213166,0.3714399,0.40078193,0.39595184,0.44786102,0.39985162,0.44528654,0.46273184,0.4936379,0.4184832,0.48302153,0.4728941,0.49396533,0.51098174,0.4925468,0.3731296,0.47144133,0.39076307,0.4595703,0.48589128,0.50640875,0.52846324,0.48443404,0.5009315,0.49761426,0.5333902,0.4711529,0.47238687,0.4632129,0.45759952,0.48487353,0.47097757,0.5068005,0.5015833,0.45639393,0.48733073,0.5003377,0.45536003,0.4923678,0.50063527,0.4837966,0.44008136,0.4835732,0.42149073,0.50100625,0.44437438,0.4819128,0.4638703,0.42405134,0.4212623,0.4324657,0.4756,0.45712593,0.4566116,0.4965448,0.51587915,0.49437556,0.43920553,0.43254304,0.43130314,0.45803836,0.41987085,0.4393697,0.431178,0.377463,0.38902146,0.38966295,0.53750163,0.48551142,0.4055168,0.403436,0.4014664,0.41715342,0.43215892,0.42290968,0.46312627,0.39357632,0.41224813,0.3549442,0.36515316,0.43711844,0.4057256,0.43315035,0.45301893,0.5071986,0.475403,0.5266675,0.4771285,0.47219375,0.4574786,0.38572767,0.41733122,0.46251577,0.50061685,0.49093235,0.48564455,0.44290003,0.47592098,0.48330483,0.47457546,0.5075275,0.43412033,0.40490237,0.44996706,0.43063793,0.42064625,0.3956572,0.39418277,0.5052107,0.52352476,0.4176988,0.39871955,0.41684818,0.3871788,0.4212742,0.4098879,0.40069544,0.3773979,0.43577084,0.35584116,0.34091052,0.39224502,0.36184996,0.40848535,0.48208827,0.4417313,0.4615884,0.4240158,0.42932153,0.39771837,0.43093428,0.44974965,0.45464197,0.50384384,0.4382053,0.45362085,0.5610363,0.49232492,0.46248838,0.5627458,0.5492263,0.5008236,0.5132788,0.48008743,0.46191147,0.4673404,0.4181859,0.5200816,0.3828329,0.4481702,0.39384782,0.5188147,0.5108443,0.5028317,0.52964926,0.5233267,0.47574446,0.4719011,0.47175023,0.475537,0.4553984,0.5340448,0.4683342,0.44195667,0.48442602,0.48402444,0.47260264,0.44375914,0.4433198,0.50639427,0.45945176,0.48156676,0.4524185,0.42752045,0.42220157,0.45206574,0.45130077,0.43373302,0.42911327,0.43899927,0.40387905,0.4160078,0.42523822,0.3897811,0.42598248,0.41312474,0.44355574,0.4488453,0.49554807,0.45614713,0.49688044,0.44654468,0.4794103,0.5104653,0.49800906,0.3649728,0.45597586,0.39420217,0.43932524,0.4844695,0.48724404,0.5332685,0.48936152,0.4950938,0.5087438,0.5563454,0.46226418,0.48240066,0.4498378,0.45020875,0.4989709,0.4621739,0.5019348,0.4959149,0.4562898,0.47247866,0.49467537,0.45625874,0.52213895,0.48344612,0.4929269,0.4467545,0.4864098,0.4403595,0.4866753,0.4594095,0.45974857,0.4228484,0.46367502,0.43815097,0.4675307,0.5016183,0.50440234,0.4278594,0.49298492,0.50097,0.42707112,0.42874435,0.3950234,0.43778542,0.43185568,0.39063862,0.408539,0.4026776,0.40134645,0.3840173,0.36129606,0.5383265,0.45367742,0.42615804,0.42202783,0.40878195,0.41810125,0.42633972,0.4005044,0.45945546,0.39546555,0.42848778,0.35433236,0.3617073,0.3923434,0.3952706,0.41776934,0.4179157,0.54823375,0.5116928,0.5543073,0.48122102,0.47612056,0.42901495,0.41257668,0.41305253,0.51869607,0.47755766,0.48512685,0.48317906,0.5076868,0.4732831,0.49851325,0.47756627,0.5041426,0.5286946,0.4993589,0.52481437,0.5340478,0.46384206,0.46796313,0.46047714,0.46459633,0.50895023,0.5073382,0.49704203,0.4970108,0.5290681,0.518578,0.48569807,0.4859793,0.48442733,0.4953905,0.4856605
670,0.49050897,0.44437116,0.47549272,0.46831372,0.46400705,0.45432365,0.4498974,0.52458125,0.5216667,0.4390621,0.45007443,0.43097883,0.4427465,0.50807804,0.4817159,0.43074566,0.45156094,0.4793362,0.42821062,0.39719638,0.44223365,0.45982477,0.43852794,0.53062403,0.43879703,0.48660448,0.4771622,0.45518786,0.45117828,0.476725,0.52058774,0.5212732,0.53786546,0.5024045,0.51187384,0.5344761,0.522606,0.5059606,0.54462695,0.5422991,0.5257161,0.5434921,0.48142284,0.48785284,0.51271766,0.48687366,0.51807284,0.43870792,0.49333435,0.4795387,0.5215789,0.52249694,0.51521987,0.51137704,0.5352713,0.4979118,0.51150113,0.5063454,0.51059574,0.48843828,0.55687094,0.53474844,0.45846683,0.54913706,0.54646546,0.5316347,0.45615628,0.48307872,0.52682614,0.48714712,0.48750716,0.521882,0.46163583,0.41959313,0.44086036,0.484631,0.46534058,0.47531188,0.43485615,0.45618644,0.41810608,0.4405729,0.440292,0.47487703,0.43530023,0.4800393,0.48884103,0.5198522,0.46361777,0.4984879,0.49354276,0.5184621,0.51930994,0.52116364,0.42328158,0.50004494,0.43882337,0.49277097,0.5051111,0.5165017,0.5376758,0.51640034,0.525633,0.5200635,0.5368365,0.49839905,0.48719746,0.4802663,0.48582962,0.50481904,0.50010836,0.54332995,0.51045626,0.4862616,0.50892615,0.5170057,0.4891267,0.5165376,0.5284644,0.51519585,0.48569313,0.50922877,0.43906066,0.5176987,0.45368704,0.513704,0.5074144,0.44654724,0.4351225,0.46473396,0.49204525,0.4903402,0.48497653,0.50613904,0.526077,0.51463586,0.4684416,0.4793568,0.45113683,0.47633052,0.46191952,0.48488605,0.47516412,0.43077528,0.44128603,0.4487295,0.5322747,0.5016408,0.44863275,0.44900635,0.4614294,0.45705786,0.46857208,0.4650914,0.50533473,0.43565503,0.45530152,0.41985866,0.42146692,0.47875997,0.46628335,0.48558748,0.48686427,0.5279185,0.50842154,0.53757507,0.50403845,0.49934635,0.48399264,0.44486818,0.44983467,0.47199178,0.5256008,0.51871216,0.49142563,0.48065078,0.4935575,0.49740288,0.5123033,0.5441105,0.48364022,0.443499,0.48063272,0.4690801,0.46417573,0.44887912,0.44830716,0.5222304,0.5388914,0.45639235,0.44284877,0.4342711,0.43849006,0.48883596,0.47285098,0.4494728,0.4405421,0.4655968,0.42358527,0.41285828,0.4449273,0.43109518,0.44656327,0.521318,0.46269813,0.47688937,0.4606003,0.45133534,0.43671128,0.4783883,0.50422364,0.5066985,0.54809,0.503858,0.51628107,0.56549317,0.52102983,0.49263898,0.56982607,0.5573334,0.5259132,0.52990055,0.49051288,0.47859645,0.49329758,0.46384922,0.5306641,0.43872637,0.49103132,0.44974878,0.5298781,0.52500355,0.522341,0.5364308,0.5399071,0.48813808,0.50334173,0.5023282,0.50406337,0.48422772,0.5686201,0.50659245,0.46804988,0.5243371,0.54054356,0.5179782,0.4752692,0.48383358,0.53314763,0.49137935,0.50728756,0.49070174,0.4558252,0.4496953,0.46601638,0.479342,0.45863438,0.45512554,0.44198844,0.43799388,0.4537048,0.4613257,0.42383242,0.4514895,0.4337531,0.4715796,0.47935712,0.52599424,0.48755732,0.50659895,0.4670179,0.49934146,0.5179153,0.52497566,0.4123154,0.4851464,0.4305192,0.45974025,0.5020143,0.49597466,0.5466733,0.52365035,0.5249035,0.53190595,0.5520268,0.49018613,0.49839863,0.46576187,0.4788472,0.5130229,0.49057359,0.5351945,0.50922805,0.47928232,0.49111584,0.50730944,0.48447862,0.5339353,0.51603955,0.5183274,0.48329794,0.5059066,0.456401,0.50880194,0.46639642,0.49452594,0.47823015,0.47623128,0.44795045,0.49001393,0.51431894,0.52354383,0.46465456,0.5020906,0.51467365,0.46406183,0.45947352,0.4533014,0.44985196,0.45246875,0.43909845,0.4617708,0.44945574,0.43572143,0.43039575,0.42221907,0.53044105,0.4758678,0.45001754,0.4694186,0.45485437,0.4644398,0.4622124,0.45141846,0.49501908,0.44114682,0.46607468,0.4195848,0.42087358,0.44297084,0.4598231,0.4633604,0.46610203,0.55634475,0.53360707,0.54473794,0.50100684,0.50128824,0.46052125,0.44861525,0.44029534,0.51844543,0.51407665,0.5184811,0.4916175,0.526418,0.49375957,0.5029845,0.50832665,0.5470515,0.53948396,0.5144741,0.52457607,0.53286433,0.4905294,0.4933383,0.4831357,0.48783508,0.52223706,0.5185917,0.5179522,0.51842535,0.52785444,0.52105075,0.5043772,0.5028438,0.51341134,0.51620877,0.5054114
671,0.52892494,0.47074902,0.5049879,0.49572095,0.49262044,0.49309483,0.4830112,0.5299584,0.5311278,0.4698178,0.47920424,0.45127693,0.4709415,0.572388,0.5520239,0.4650953,0.4902722,0.5005499,0.47880122,0.44857618,0.48015767,0.49627814,0.4687495,0.55756867,0.44986203,0.5014697,0.5124283,0.47777325,0.4965187,0.5455665,0.58611387,0.5695437,0.60969275,0.5801169,0.57772154,0.54579073,0.534713,0.5266068,0.5466648,0.5496008,0.54545814,0.54099447,0.49297336,0.50093937,0.5160761,0.50933063,0.52108335,0.48174548,0.5157612,0.51042885,0.52187574,0.52255,0.52560765,0.5213107,0.5401325,0.5011975,0.5271597,0.53471696,0.53857887,0.50986,0.5919836,0.59030396,0.511778,0.5938289,0.59841245,0.5780639,0.50454813,0.5412632,0.56795406,0.5192079,0.53279704,0.5779637,0.50742054,0.47540247,0.46863848,0.51504016,0.5010057,0.49702576,0.45893738,0.48845455,0.46471712,0.4796074,0.48921257,0.4900734,0.47028705,0.50689626,0.51951957,0.5518714,0.51320857,0.5213674,0.5133064,0.54131067,0.52759755,0.5528044,0.46819383,0.5184258,0.49331868,0.5326604,0.51220244,0.51835185,0.5367576,0.5362241,0.5406534,0.5319669,0.5308368,0.51541835,0.4967817,0.4847901,0.50221056,0.52051586,0.52497375,0.575869,0.50553244,0.50196356,0.5189775,0.5216716,0.5116857,0.5390996,0.5590354,0.543399,0.52415353,0.53292537,0.4556702,0.5241011,0.45994955,0.5449412,0.54220706,0.46845683,0.44965735,0.50464076,0.5085116,0.52894735,0.5155923,0.51546085,0.5362999,0.5309927,0.49350291,0.5154637,0.46272412,0.48255652,0.49634242,0.5184012,0.50837296,0.48864102,0.50270677,0.4975596,0.5184761,0.507137,0.49778375,0.5036494,0.53543556,0.4797621,0.49382073,0.49618295,0.5484943,0.462921,0.48342863,0.46784705,0.4625931,0.508848,0.5367334,0.54063845,0.51077086,0.54922867,0.5428213,0.54728955,0.5217019,0.51595336,0.50537163,0.51176244,0.48645082,0.47659522,0.5421534,0.5366004,0.4936558,0.5247617,0.51628983,0.5062908,0.54489934,0.5726862,0.5233139,0.46306932,0.5003109,0.4957922,0.49371797,0.4877954,0.4905746,0.5263765,0.5422631,0.47819328,0.4738684,0.45123547,0.4727665,0.55272216,0.53682715,0.4784799,0.48606607,0.48566478,0.47068053,0.46822485,0.4792862,0.4815127,0.4650362,0.55139416,0.46770078,0.49246106,0.49103332,0.46630117,0.47417355,0.5392183,0.565243,0.56213176,0.6055024,0.57377136,0.5870419,0.55520546,0.53179204,0.51001155,0.56218994,0.5535449,0.53568834,0.5291528,0.48981288,0.48163733,0.49966037,0.48853967,0.5278051,0.47471672,0.51089555,0.48959264,0.52845526,0.5267567,0.5289908,0.5350987,0.5419858,0.4927916,0.5225493,0.5277601,0.52017313,0.49557054,0.6029118,0.54454297,0.4973735,0.5627772,0.5988337,0.5606965,0.5093463,0.5323203,0.56426543,0.52658683,0.5402443,0.53129715,0.48782298,0.4807995,0.484094,0.5106441,0.48757172,0.4742336,0.44438225,0.46341506,0.49259076,0.49032307,0.46338686,0.46640292,0.4574933,0.48949802,0.5071321,0.56310606,0.5122493,0.5204394,0.4833509,0.5168259,0.52575153,0.5552008,0.45636433,0.5010155,0.47112396,0.48591268,0.51080453,0.49668476,0.55222493,0.5468938,0.5420829,0.54496217,0.53711045,0.5073561,0.51105195,0.47093803,0.49789217,0.52365243,0.5153841,0.5656195,0.51014584,0.48774844,0.49767342,0.5116758,0.5011342,0.5490134,0.54617995,0.54112554,0.51212025,0.52269334,0.47642773,0.52058685,0.47339374,0.5245229,0.51964253,0.49282402,0.45958,0.51631105,0.52928984,0.5448427,0.50257456,0.5112145,0.52664953,0.4897884,0.48201492,0.49377528,0.45901522,0.46367875,0.4757967,0.50353473,0.4821067,0.47214156,0.48475626,0.46738717,0.5133357,0.48440847,0.47710863,0.5240866,0.5090541,0.49496526,0.48753294,0.48977378,0.52673733,0.4684591,0.4858466,0.46507835,0.46396178,0.48051545,0.5350507,0.50924927,0.5001287,0.56842375,0.55985266,0.5374363,0.5111011,0.51560986,0.48860538,0.4827479,0.47229472,0.51859164,0.539817,0.5417324,0.49586233,0.55382013,0.51711375,0.5038346,0.5364669,0.58379203,0.5479006,0.5256204,0.5231529,0.5317026,0.5177749,0.5184262,0.50269604,0.5084355,0.53444415,0.5292755,0.5372385,0.536838,0.52808684,0.5246438,0.5195539,0.5172825,0.53899205,0.5330222,0.52120507
672,0.5595236,0.48359403,0.52334446,0.51373905,0.51186806,0.5218921,0.5073144,0.52473015,0.52915287,0.48910052,0.49692836,0.47347513,0.48301023,0.62636304,0.61599,0.48356783,0.51164263,0.5149969,0.5128263,0.48371497,0.500684,0.52040434,0.48446256,0.57459,0.4600221,0.51913255,0.5426942,0.49724868,0.5428388,0.613938,0.6478663,0.6103317,0.67365944,0.64968413,0.6368396,0.54307914,0.5322605,0.5378188,0.5363634,0.5448349,0.55432904,0.5263736,0.49483925,0.508482,0.5078887,0.5241763,0.51452124,0.50564307,0.51939577,0.5301828,0.5122757,0.5132201,0.5249201,0.52288866,0.5348545,0.4972689,0.5363733,0.56070507,0.5555301,0.5201782,0.62255126,0.6403048,0.5673735,0.63122255,0.6410092,0.61378264,0.5548836,0.59870344,0.60530895,0.55316114,0.57762545,0.62697506,0.5545596,0.5349858,0.5003469,0.5492886,0.5399837,0.51462317,0.48787984,0.51805013,0.50909793,0.51610744,0.53962815,0.497757,0.5068861,0.5268048,0.5516389,0.58306193,0.5636733,0.54987353,0.53204143,0.56051356,0.5355909,0.5842626,0.5072233,0.52944577,0.55014414,0.5757477,0.5082741,0.5123914,0.5275914,0.54354715,0.5449799,0.5325463,0.51677644,0.5221594,0.50067747,0.48154566,0.50852257,0.53132266,0.5467129,0.60020417,0.49042213,0.50423354,0.5196393,0.5169223,0.52484465,0.55754256,0.588203,0.5662378,0.55411285,0.55282414,0.47160807,0.5200566,0.46365616,0.57256705,0.5676262,0.4885936,0.46601194,0.5484737,0.5243035,0.5662707,0.5455741,0.52428955,0.54524314,0.5416246,0.51448095,0.5409815,0.46754822,0.4805161,0.52165663,0.5394667,0.5319162,0.5473628,0.56631845,0.5345404,0.4990947,0.5053554,0.5500735,0.5603745,0.61055225,0.48711446,0.5087325,0.5175948,0.58921266,0.47628242,0.4977776,0.49658418,0.48734993,0.5285424,0.6064263,0.5924226,0.5256544,0.56763864,0.57480335,0.55446434,0.53049195,0.52196217,0.52204245,0.5780882,0.5270426,0.4791637,0.54899776,0.54283816,0.4913143,0.56709796,0.543068,0.51007503,0.5709197,0.5915189,0.5533437,0.46572214,0.50920886,0.5128772,0.51089895,0.51345146,0.52119744,0.5204564,0.53555256,0.48587322,0.49296018,0.47029898,0.49086937,0.6054712,0.59519404,0.49002314,0.51216006,0.497065,0.4964161,0.50386804,0.49503133,0.51185685,0.46620047,0.5689742,0.4617582,0.511809,0.51561934,0.47572395,0.5137935,0.6039141,0.6237804,0.6146928,0.6599752,0.6368678,0.65264773,0.53331673,0.5268599,0.5176347,0.5421868,0.5400755,0.532893,0.51518786,0.48230493,0.4780883,0.49282765,0.49842402,0.5155347,0.4914057,0.51076794,0.5144462,0.5177807,0.5194091,0.52540076,0.52944094,0.53305304,0.49220195,0.5314388,0.54917574,0.5246644,0.4939424,0.63014495,0.58208925,0.5329178,0.596854,0.6474739,0.59407187,0.5474755,0.5831573,0.59629434,0.56339484,0.5767846,0.57151014,0.52499163,0.51842314,0.50759274,0.5454436,0.5215362,0.49006534,0.4500895,0.48325378,0.5320999,0.51360744,0.5102064,0.4765579,0.48882964,0.5017164,0.5336049,0.59918606,0.53278255,0.5392373,0.49959752,0.53212017,0.53355134,0.5855863,0.49855164,0.50850004,0.5184806,0.5211689,0.5111475,0.4912685,0.5509006,0.55827284,0.54517174,0.5466009,0.5140696,0.51456517,0.5187485,0.469788,0.5091027,0.53036857,0.53915614,0.5895747,0.5004704,0.4832938,0.49453375,0.5098095,0.509272,0.56567824,0.57218593,0.559644,0.53406185,0.5359996,0.49964738,0.52100325,0.4800259,0.5485829,0.54691213,0.5114389,0.47538805,0.54568315,0.544307,0.5653804,0.54040575,0.521001,0.53621775,0.5056582,0.49925023,0.5158532,0.46662763,0.46879038,0.50043565,0.533203,0.50376415,0.51353955,0.54477966,0.49769744,0.48971978,0.48386338,0.51148385,0.5803586,0.5677149,0.50934285,0.5034241,0.5150785,0.55347496,0.47814515,0.48940465,0.48942378,0.4898503,0.5056886,0.6095988,0.5537412,0.52011466,0.5800986,0.58590287,0.53190047,0.51210976,0.520542,0.5145835,0.5182467,0.51197535,0.5200521,0.5521733,0.5515142,0.4957839,0.58470553,0.5433328,0.5010852,0.5631008,0.609984,0.5521997,0.53278744,0.5209912,0.53023887,0.54436123,0.5427936,0.5200717,0.52639896,0.54422355,0.5388325,0.55337834,0.55142397,0.52947676,0.52891403,0.531001,0.5288626,0.5594242,0.5456198,0.5330624
673,0.5821095,0.48771906,0.53214514,0.5253133,0.5245988,0.5426456,0.52612805,0.5141864,0.52230966,0.5004481,0.50612736,0.4980465,0.4852028,0.66301996,0.66338384,0.49125698,0.5203821,0.5242862,0.53331244,0.5057367,0.50848734,0.5348926,0.4890859,0.58260006,0.4712268,0.5395863,0.5655547,0.5120555,0.5858654,0.6677168,0.69388413,0.64010686,0.7159038,0.69902396,0.6788345,0.5317439,0.5207356,0.5425135,0.5190072,0.53314227,0.55524343,0.50536084,0.4925828,0.5157649,0.49524206,0.53670335,0.503769,0.5147482,0.5103246,0.5428353,0.49939433,0.4999801,0.51907194,0.52041656,0.52441955,0.49189436,0.5413947,0.5828102,0.562515,0.5229039,0.6428762,0.6770436,0.619263,0.6544775,0.66552836,0.6324609,0.6002203,0.645524,0.6333591,0.5852846,0.6152032,0.65923053,0.5966131,0.59219885,0.5334349,0.58377755,0.5778939,0.5298614,0.51887196,0.54359967,0.54809767,0.547384,0.585957,0.50178224,0.54391843,0.5403239,0.58108574,0.6066137,0.6093219,0.58001983,0.54829437,0.5742554,0.5428342,0.6113881,0.5399962,0.53680116,0.60208786,0.6154161,0.498083,0.50270766,0.5142239,0.54182583,0.54066265,0.52533454,0.4978992,0.5216209,0.50000834,0.4758238,0.5081492,0.53735787,0.56486046,0.6127844,0.47107252,0.49726966,0.5155349,0.5076865,0.5324623,0.5700236,0.61192364,0.58227146,0.5756756,0.5675102,0.4862871,0.5096635,0.4662093,0.5938543,0.5852428,0.5056491,0.4840389,0.5900741,0.5383137,0.59589815,0.5711869,0.5321114,0.55152273,0.5457864,0.53101504,0.5583854,0.46842337,0.47513127,0.5378608,0.5502064,0.5484684,0.59986085,0.6216331,0.5607867,0.47905362,0.5001306,0.5997647,0.6101556,0.67209727,0.4844255,0.5164342,0.5329094,0.62425643,0.4803497,0.5030822,0.51016057,0.49914768,0.5415677,0.66305727,0.6341728,0.53456855,0.58007246,0.60001105,0.5578128,0.5319729,0.5218479,0.53368676,0.6335926,0.56851345,0.48249707,0.54838246,0.54024255,0.4857101,0.5996116,0.5710044,0.5100831,0.5886955,0.5995844,0.5746283,0.45788425,0.51022154,0.5234832,0.51914513,0.52926075,0.54287285,0.5104931,0.5243752,0.4849817,0.50444007,0.49196723,0.4977008,0.6419798,0.64142996,0.49046102,0.5235337,0.5028489,0.5067272,0.52307886,0.49665904,0.52659595,0.4569547,0.5751516,0.45195732,0.5360226,0.535275,0.482209,0.5569803,0.6611615,0.6709925,0.6579888,0.69809407,0.6837015,0.7016384,0.5068292,0.5119318,0.5199647,0.5155377,0.5217667,0.52293855,0.49478355,0.4733152,0.47543633,0.48147538,0.5032281,0.49991554,0.49509498,0.4987449,0.5296939,0.5040767,0.50824845,0.5180415,0.5234505,0.51926875,0.490485,0.5336401,0.5674254,0.5203456,0.48600423,0.6443447,0.61720115,0.5744555,0.6231432,0.6782599,0.6141972,0.5885777,0.6294709,0.62512404,0.5995331,0.6124238,0.6083422,0.56649107,0.56263214,0.5352805,0.5827077,0.5600797,0.50623107,0.4609396,0.5015189,0.5704355,0.53343326,0.56202656,0.4872496,0.5285096,0.5119198,0.56006,0.6272558,0.55089396,0.5617404,0.51885474,0.5457975,0.5409347,0.61260736,0.5397971,0.51384324,0.5710951,0.56513107,0.5059117,0.48445916,0.54529,0.5605363,0.5366695,0.53943044,0.48773825,0.51565325,0.52149814,0.467271,0.51563036,0.53326726,0.5626573,0.60417295,0.4845107,0.47164577,0.4873558,0.50556463,0.51384234,0.5817127,0.59276944,0.57273823,0.55113125,0.5457347,0.52323186,0.51338595,0.4860072,0.5669294,0.564039,0.5290475,0.49544424,0.5765195,0.557068,0.5826481,0.5760355,0.5316781,0.5433389,0.5152764,0.51446146,0.524512,0.4738518,0.4720124,0.5160676,0.5532241,0.52018994,0.5592254,0.6040621,0.51849264,0.4655401,0.48036203,0.5538387,0.6316207,0.6245674,0.51089495,0.5129542,0.53031105,0.5754873,0.47567394,0.48251697,0.4982961,0.5021894,0.5225988,0.6712518,0.59428173,0.53020287,0.5867734,0.6068242,0.52716565,0.5069953,0.5208473,0.5393956,0.5565318,0.55923533,0.5230238,0.55338776,0.5492247,0.49334282,0.6125407,0.5712597,0.49560386,0.58737385,0.6225815,0.55093664,0.5360089,0.51867026,0.52788275,0.5675527,0.56461036,0.5358317,0.54119253,0.5507442,0.5467272,0.5651486,0.56176674,0.5313009,0.5333069,0.5388595,0.53739244,0.5736135,0.55445534,0.54159206
674,0.5970801,0.48933858,0.5344096,0.53374714,0.5340966,0.5582347,0.5432377,0.504389,0.51763,0.50851,0.51143336,0.52245504,0.48581037,0.6786526,0.6882203,0.49573275,0.5253512,0.5306804,0.54703975,0.5216807,0.5109365,0.5441813,0.48811775,0.58411753,0.4833823,0.5597073,0.5792989,0.5212436,0.6207689,0.6979322,0.7171615,0.65619755,0.7300674,0.7225904,0.6975458,0.51879096,0.50688165,0.5441464,0.5009052,0.52034175,0.5514862,0.4847736,0.49121684,0.5258584,0.4857037,0.55228513,0.49446148,0.5179257,0.49940372,0.5542935,0.48993614,0.48860732,0.5146693,0.5177219,0.51370245,0.4909001,0.54423225,0.5999199,0.56177837,0.52194595,0.6493616,0.69537705,0.660188,0.65965706,0.6679027,0.6313547,0.63356507,0.67419827,0.6476915,0.61032754,0.6393999,0.6692745,0.62683535,0.6394626,0.5626071,0.6124898,0.60881513,0.5445496,0.5466913,0.5645637,0.57779855,0.5710463,0.62236524,0.50521135,0.5775787,0.5477183,0.60263586,0.6171374,0.6440755,0.60586387,0.5601199,0.58168745,0.54846245,0.6300752,0.5670708,0.5440582,0.6423498,0.6442571,0.48713574,0.4943999,0.50083417,0.5358904,0.5310823,0.5154595,0.47786915,0.51876235,0.4961543,0.47209373,0.5050486,0.5393373,0.5779121,0.6117619,0.45352918,0.4871707,0.51241744,0.5007442,0.54003966,0.57570875,0.6270685,0.5907213,0.58963263,0.5763379,0.49793503,0.4982608,0.46896225,0.606524,0.5974755,0.517855,0.5012234,0.62195784,0.5484314,0.6123599,0.58914083,0.5381909,0.5538805,0.5445779,0.5436698,0.57222927,0.4686733,0.47177857,0.5463237,0.5544189,0.5618932,0.63947195,0.6600028,0.58045995,0.46340483,0.49592352,0.6398382,0.6445391,0.71051043,0.47926363,0.52093303,0.5461233,0.65083814,0.4816286,0.5069087,0.51720524,0.5046598,0.55242014,0.69738775,0.66080433,0.5413225,0.58489364,0.6152742,0.5564997,0.5287748,0.5214571,0.5399006,0.67038953,0.60543025,0.4879776,0.5437529,0.53371084,0.4790804,0.61600465,0.5953873,0.5084091,0.5970996,0.59710544,0.58887994,0.44839644,0.5078968,0.53114986,0.52294225,0.5396984,0.5592246,0.502851,0.5150479,0.48247486,0.514967,0.5146699,0.5006744,0.6602108,0.6712821,0.48848635,0.5295448,0.5068813,0.51169986,0.53316784,0.49145615,0.53322273,0.4462787,0.5734618,0.44573218,0.56311655,0.55160654,0.48924565,0.6021285,0.70160013,0.7008868,0.68662876,0.712096,0.7096264,0.7279812,0.48380244,0.494813,0.5218303,0.48946697,0.50381076,0.51189786,0.47590533,0.46737045,0.47934553,0.47516778,0.5135795,0.48752937,0.49594757,0.4863324,0.54347676,0.49392983,0.49868312,0.5137432,0.5195822,0.5068555,0.49129716,0.5333319,0.5829128,0.51158684,0.47865403,0.6423385,0.6462619,0.6177749,0.63903993,0.68796223,0.62016684,0.6281161,0.6650687,0.64626366,0.631563,0.6419879,0.6382624,0.6084466,0.6096336,0.56311285,0.61934626,0.59985125,0.5257939,0.47617018,0.522974,0.604797,0.5529579,0.6126037,0.50231344,0.5728684,0.5224293,0.5863336,0.643014,0.56725335,0.58505493,0.5421568,0.5585843,0.5473135,0.63294315,0.58070105,0.52290577,0.62338763,0.6125293,0.49877635,0.48108974,0.53771424,0.5577283,0.5215246,0.52796423,0.46350417,0.51593125,0.52010435,0.46798685,0.5213775,0.53303295,0.58485824,0.6082637,0.46752378,0.46015313,0.48275536,0.5037542,0.5210701,0.5945206,0.6067574,0.5796558,0.5650913,0.5522972,0.5430334,0.5031648,0.49089316,0.5801032,0.5767248,0.54203427,0.51702434,0.6051003,0.5652628,0.59428835,0.60700774,0.5428998,0.54841936,0.5239803,0.5310578,0.5282777,0.48164558,0.47789404,0.52802235,0.5675438,0.5384619,0.6051324,0.6547425,0.5376736,0.44751653,0.4804972,0.59992474,0.67164654,0.67212176,0.5062433,0.51964444,0.54012805,0.59362304,0.46900246,0.47362685,0.5017744,0.50784165,0.53645974,0.71225554,0.6280778,0.5365606,0.5848817,0.6188309,0.5222892,0.49997258,0.52203083,0.56362313,0.5954898,0.6095857,0.52672005,0.54814625,0.5392183,0.4910291,0.6308537,0.5981433,0.4890567,0.607235,0.6208198,0.5438789,0.53581685,0.5166122,0.52409375,0.5841504,0.5814126,0.5500994,0.55202824,0.55385625,0.552429,0.5715176,0.56755316,0.5328182,0.53709894,0.5433594,0.5429361,0.5813981,0.56035906,0.54757833
675,0.605549,0.49477306,0.53430927,0.5422279,0.54358,0.571606,0.5614099,0.49980968,0.5195002,0.51784945,0.51794994,0.542625,0.49328005,0.67302144,0.68954223,0.50561756,0.5367107,0.5362432,0.5624193,0.5398973,0.51608,0.5528566,0.48783818,0.5814925,0.49507102,0.5746598,0.584375,0.5255442,0.6450703,0.7025074,0.71583706,0.65762126,0.71484214,0.7204355,0.69174767,0.5106668,0.4971467,0.54603964,0.4879522,0.5111479,0.5460538,0.4712084,0.4939503,0.5391049,0.48558787,0.5746628,0.4914299,0.5255946,0.49891007,0.5703362,0.48842508,0.48377883,0.51610935,0.51741314,0.50626314,0.49776644,0.546052,0.6112924,0.5565042,0.52080065,0.6412266,0.6935981,0.6852051,0.64620745,0.6485706,0.6114988,0.65085053,0.6820842,0.6463323,0.6239628,0.64726126,0.6564894,0.64113885,0.6714631,0.5822303,0.6297327,0.62819386,0.56013,0.56627995,0.5810085,0.59539753,0.5858372,0.6455527,0.5105673,0.6041459,0.5497174,0.6119978,0.6123595,0.6642741,0.62221396,0.56634486,0.58331156,0.5516744,0.6376746,0.5900193,0.55384,0.6676724,0.6575723,0.47987756,0.49116915,0.4905974,0.5300461,0.51984817,0.5076167,0.46053034,0.5185922,0.49088857,0.47324467,0.50269413,0.53864795,0.58456916,0.59796256,0.44239792,0.48033693,0.51495194,0.50235265,0.552767,0.5751753,0.6318695,0.59177047,0.5972607,0.5796115,0.5049662,0.49037215,0.47315252,0.6095283,0.60621107,0.5241021,0.51414144,0.6388096,0.55270475,0.6132382,0.5980969,0.5421251,0.55170465,0.5403717,0.55409896,0.5870414,0.47167712,0.47546354,0.5499376,0.556665,0.5760544,0.6632533,0.678311,0.59912515,0.45564023,0.49677718,0.66548556,0.65926296,0.7237989,0.48001534,0.52622986,0.56011754,0.667004,0.48697862,0.5172981,0.52798873,0.51214033,0.56478703,0.7063046,0.67110777,0.54877913,0.5824476,0.62008524,0.5505657,0.5241062,0.52505,0.54087645,0.6855773,0.63276505,0.49546707,0.5381733,0.5280087,0.47396672,0.61365235,0.6118366,0.5074615,0.5962117,0.5857853,0.5982555,0.44666898,0.5072471,0.5392042,0.52708846,0.5494504,0.5736213,0.5017685,0.5117982,0.48506525,0.53073895,0.53541,0.5080131,0.66122705,0.68374944,0.49309355,0.5410571,0.5126439,0.5225562,0.5432334,0.48804846,0.5400797,0.44306237,0.5677004,0.44901454,0.5883895,0.56648684,0.50037456,0.64550394,0.7209443,0.7113311,0.69785,0.6991939,0.714679,0.73066443,0.470461,0.48348176,0.527371,0.47079676,0.49021012,0.5049697,0.46596465,0.46725574,0.4923753,0.4818457,0.5375304,0.48379374,0.5049148,0.48532456,0.5636491,0.49195638,0.49495196,0.516611,0.5184527,0.5001644,0.49650177,0.53410596,0.59544283,0.50327575,0.47743666,0.6246129,0.66569024,0.65610725,0.64360124,0.67758256,0.61321074,0.66014224,0.68649435,0.65603846,0.65574855,0.66075265,0.6583896,0.64493436,0.65250117,0.5851132,0.6506928,0.6355823,0.549916,0.49284533,0.5509079,0.6318055,0.57435817,0.6547592,0.5234948,0.61564654,0.534051,0.61043257,0.6452895,0.58153373,0.6056877,0.5680787,0.5706157,0.5520679,0.64399403,0.62085855,0.5395652,0.66826653,0.65536845,0.49295607,0.48386797,0.52955264,0.5535657,0.5056689,0.51702327,0.4460526,0.5199833,0.51622945,0.47508058,0.52948564,0.5309901,0.6035329,0.60270905,0.45435485,0.4552444,0.48567468,0.5084789,0.5364994,0.60176456,0.6133835,0.58032876,0.57692254,0.55632657,0.55538267,0.4957389,0.494454,0.5888256,0.58992463,0.54756725,0.53568345,0.626478,0.56733686,0.5987178,0.63141304,0.55381596,0.5520341,0.53681487,0.5513625,0.5363554,0.4906005,0.4903111,0.5422138,0.5801149,0.56457263,0.64569086,0.6912477,0.56282204,0.4404473,0.48940733,0.6422522,0.69660336,0.70499605,0.5040577,0.5267117,0.54939646,0.60859436,0.46675253,0.47169426,0.5112177,0.5152835,0.5518889,0.730818,0.6530347,0.54494345,0.5731924,0.62046695,0.5165377,0.49505034,0.5278422,0.58676946,0.63027364,0.65560496,0.52978617,0.5413131,0.5269914,0.4911033,0.6353358,0.62049645,0.48383543,0.6204788,0.60642344,0.5323888,0.5332981,0.51519924,0.5189019,0.5919796,0.59122,0.56260204,0.55861884,0.5540717,0.5555155,0.57219106,0.5688931,0.53363943,0.53951925,0.54477465,0.54569715,0.5835132,0.56405854,0.5518102
676,0.608815,0.5091317,0.5358624,0.55292064,0.5553167,0.584982,0.58170867,0.5025651,0.5286849,0.53188497,0.5299233,0.555498,0.5134187,0.64920264,0.6700312,0.5276902,0.5620469,0.542842,0.5859518,0.5669316,0.5305054,0.5644536,0.49412653,0.5764505,0.5049923,0.58046883,0.58339655,0.52731943,0.6589737,0.6839444,0.6917212,0.64592224,0.6722559,0.6959344,0.6645651,0.5114576,0.4959511,0.5508226,0.48393038,0.5084075,0.5410383,0.46908176,0.50213766,0.5541971,0.49822372,0.6042091,0.4980499,0.5459828,0.517822,0.5941177,0.49652034,0.48832893,0.52457863,0.52124035,0.50410545,0.5131299,0.54752624,0.61679256,0.5503867,0.52206963,0.6209434,0.6735042,0.6930652,0.6175902,0.6128098,0.57862055,0.651994,0.6712102,0.63087624,0.6248628,0.63970125,0.625366,0.6391799,0.6867271,0.5891749,0.6327663,0.63472503,0.57712984,0.57503223,0.59323174,0.6008772,0.59221756,0.6556611,0.5200196,0.6217594,0.547992,0.60782295,0.5939091,0.6695749,0.6264181,0.56724983,0.5810768,0.55222285,0.6338043,0.61059546,0.5674584,0.6780927,0.6548408,0.47894463,0.4946329,0.48538342,0.5271225,0.51022947,0.5049891,0.44924635,0.52448803,0.4869759,0.48060614,0.50370216,0.5373585,0.5849071,0.5754716,0.44023123,0.48165858,0.5257031,0.5160572,0.57352257,0.5705363,0.62623227,0.5869294,0.6002766,0.57872885,0.507661,0.48879707,0.48001325,0.6040679,0.6128918,0.525261,0.52086645,0.6393799,0.5508562,0.6003644,0.5989271,0.54416144,0.5456303,0.5361205,0.56431544,0.6055537,0.48049656,0.4895667,0.55257833,0.5611057,0.5934627,0.67191267,0.677868,0.6209579,0.4569739,0.5051092,0.675435,0.6549873,0.7145749,0.4929649,0.53543186,0.5761508,0.6723255,0.50202334,0.5400808,0.5509149,0.5287105,0.58067393,0.6915788,0.66763204,0.5584076,0.5749875,0.6168518,0.5411611,0.52104133,0.5341005,0.538052,0.68059266,0.64797723,0.5040965,0.53391147,0.5263417,0.47278935,0.59475654,0.6182763,0.5095099,0.5877346,0.5690719,0.6045272,0.46048635,0.51201093,0.5498559,0.5354684,0.56246805,0.58863825,0.5086143,0.5156705,0.49774867,0.5550865,0.55147433,0.5259062,0.64875174,0.68034226,0.5108318,0.56666875,0.52277523,0.54776764,0.5614323,0.4945911,0.5543175,0.45418656,0.5608362,0.46506542,0.6066756,0.5812582,0.51779664,0.68256885,0.71922386,0.70348597,0.69177806,0.6606643,0.7017422,0.711505,0.4694559,0.48344243,0.5388891,0.46377057,0.4833797,0.5051799,0.46947896,0.47389656,0.5140391,0.5051075,0.5773469,0.49156517,0.52997667,0.5042181,0.5945191,0.49979576,0.49947745,0.52705514,0.5198549,0.5008517,0.50645816,0.53822154,0.6045931,0.49942154,0.48537117,0.5957352,0.6735631,0.6832075,0.63801,0.6518358,0.5970554,0.68026704,0.69329095,0.6531241,0.6696868,0.6660133,0.66750103,0.6705429,0.68439937,0.59631217,0.6724866,0.66216415,0.5773022,0.5078202,0.58530504,0.6490289,0.5977188,0.6834105,0.55024993,0.65021557,0.5466193,0.6298989,0.6356557,0.59272027,0.6201554,0.5933022,0.581566,0.55487895,0.6446997,0.65822536,0.5646021,0.7001949,0.6865648,0.49060467,0.4929274,0.521539,0.55050486,0.49438232,0.5103727,0.4380616,0.5301835,0.5125245,0.4895544,0.5413444,0.5291817,0.61653584,0.5903638,0.44847757,0.46063858,0.49826795,0.52180773,0.5626279,0.6020941,0.61293375,0.5758284,0.58718204,0.55878145,0.5591412,0.4947434,0.4971675,0.59447265,0.60669607,0.54525673,0.5476859,0.636965,0.5634282,0.59595317,0.64830875,0.5632982,0.55483544,0.55691653,0.5757066,0.5559291,0.5011427,0.5114368,0.5632118,0.5938694,0.6006837,0.67591923,0.71135056,0.59818345,0.4459571,0.5090711,0.673722,0.70566016,0.7211355,0.511954,0.5365947,0.5622281,0.62090355,0.47633964,0.484044,0.5356425,0.5318862,0.5719089,0.72873586,0.6682673,0.55917305,0.5536777,0.6129371,0.5094703,0.49521944,0.53914183,0.6073614,0.65594894,0.6902101,0.5312123,0.5366114,0.51738507,0.4951746,0.62517935,0.6352779,0.48255563,0.62574327,0.58384883,0.51916385,0.5298173,0.5149321,0.5132323,0.5910779,0.5935135,0.5728462,0.5616467,0.55242753,0.5559055,0.5682033,0.5667934,0.53371656,0.54007,0.5438778,0.54628116,0.5815431,0.5661257,0.5550043
677,0.6081854,0.5344233,0.5409504,0.5660704,0.5697652,0.5994548,0.6037071,0.51201653,0.5425543,0.5512651,0.5491536,0.5605431,0.5463536,0.6141333,0.63581026,0.5630637,0.6023939,0.5523787,0.6189233,0.604642,0.55699265,0.58060396,0.5106355,0.5696409,0.5121984,0.5757985,0.57974756,0.52889067,0.66457546,0.64888203,0.6515479,0.6258992,0.6115297,0.6565459,0.6242017,0.5211923,0.50374633,0.5597492,0.48860437,0.5122717,0.5366442,0.47828794,0.5151335,0.5696829,0.522387,0.6374018,0.51518154,0.5812255,0.5571472,0.62458134,0.51252526,0.5021049,0.53794825,0.52995723,0.50727415,0.5352196,0.5491322,0.617585,0.54650754,0.5267232,0.59454435,0.6415715,0.686034,0.5823988,0.57161725,0.54352736,0.6411209,0.64852333,0.6073712,0.6155967,0.62188935,0.58666736,0.6243179,0.6872256,0.58413523,0.6230176,0.63077193,0.5950205,0.5737134,0.60185164,0.5972451,0.59274274,0.6561621,0.53488415,0.6308884,0.54505134,0.5927868,0.5674384,0.66302687,0.6188236,0.56460524,0.5780897,0.5505194,0.62060374,0.6292332,0.584704,0.6761156,0.6405359,0.48435935,0.50401735,0.48495337,0.5273744,0.5037012,0.5076447,0.44487804,0.5366078,0.48698434,0.49364662,0.5091248,0.537454,0.58037335,0.55064136,0.44697878,0.49225765,0.54482824,0.54140425,0.6015552,0.56507355,0.6124064,0.5791193,0.6008447,0.5762326,0.5083566,0.49320486,0.48991793,0.59422547,0.61923903,0.52420366,0.5220532,0.6267955,0.5449231,0.5801888,0.59460366,0.54515654,0.53773844,0.5347732,0.5759534,0.6281945,0.49655443,0.5139192,0.5578385,0.5698648,0.6144205,0.668446,0.6628191,0.6464193,0.4660418,0.52077657,0.6718817,0.6370376,0.6889665,0.518639,0.549646,0.59402895,0.66899824,0.52930105,0.57653797,0.5888543,0.5570187,0.6000772,0.6590899,0.6558355,0.5706783,0.5661683,0.61037856,0.5304266,0.52120316,0.54691267,0.533601,0.6606576,0.65194434,0.5128244,0.5315161,0.52857816,0.47643077,0.5670464,0.6159746,0.51544005,0.5749558,0.5513826,0.60871536,0.49293146,0.52285194,0.56338185,0.5496188,0.58080345,0.60582983,0.5218045,0.5244498,0.5217167,0.5872731,0.56213117,0.5553,0.62866616,0.66434693,0.5427753,0.6084999,0.53874296,0.58889735,0.59197605,0.51606995,0.5793815,0.48211068,0.5541017,0.49302134,0.61508,0.59601545,0.5407105,0.7095363,0.70001966,0.6820601,0.67187786,0.6048213,0.67638415,0.6757081,0.4787919,0.4950585,0.5557562,0.46780905,0.48355016,0.51205057,0.48563206,0.48603556,0.54124635,0.54195213,0.6271643,0.51005524,0.572112,0.5442746,0.6342465,0.51553255,0.5119952,0.5420226,0.5236019,0.50758994,0.5207006,0.5460349,0.6103069,0.50135964,0.501579,0.5639588,0.6707809,0.6960192,0.6260855,0.6195001,0.5786413,0.68791294,0.6882541,0.6400829,0.6739453,0.65901095,0.6670295,0.68305814,0.701985,0.59571075,0.6829967,0.67689365,0.604842,0.5193147,0.6224091,0.65673876,0.6215578,0.6970827,0.5800826,0.67180496,0.5596774,0.6438599,0.6184406,0.5997019,0.6257515,0.61413276,0.5914884,0.5559176,0.63653564,0.6894988,0.5952055,0.71719813,0.7031343,0.49231827,0.5060161,0.513628,0.5487056,0.48956546,0.50878465,0.43860286,0.5457359,0.5114866,0.5095452,0.5559463,0.52968717,0.622756,0.57535124,0.45091605,0.47588798,0.5195145,0.5429882,0.5970836,0.5960672,0.607247,0.56854725,0.5964458,0.5610113,0.5566587,0.49996763,0.50002503,0.59933406,0.6277175,0.5378154,0.5519629,0.63640237,0.5558553,0.5882614,0.6581549,0.570488,0.5575472,0.5845456,0.60239524,0.589437,0.5133376,0.5405226,0.5922929,0.609686,0.6434658,0.69289964,0.7156352,0.6421605,0.46219978,0.5373365,0.6909694,0.70140964,0.7218966,0.5325239,0.5501906,0.5808521,0.63126475,0.50159895,0.51389486,0.5776245,0.56057906,0.59702194,0.7101049,0.6746996,0.5803235,0.53149694,0.60011864,0.5011825,0.5015087,0.5534757,0.623427,0.6703087,0.70980746,0.53101504,0.5351228,0.51195806,0.5030908,0.6039813,0.6411922,0.4865151,0.6232471,0.55963683,0.50723386,0.52660877,0.5162896,0.5085415,0.5841445,0.58981454,0.580671,0.56277454,0.5502063,0.5541389,0.56204545,0.5632059,0.53323364,0.5388755,0.5421413,0.54591995,0.5777911,0.56725454,0.55776876
678,0.6054685,0.5691959,0.54975176,0.5808351,0.58614033,0.6151562,0.62634563,0.52563816,0.5571504,0.57391536,0.5745906,0.5601926,0.5873449,0.5767797,0.5954907,0.60697824,0.65149534,0.56619024,0.6576378,0.65015984,0.59393555,0.60077024,0.53821415,0.5612561,0.51684827,0.5628722,0.57654315,0.5317524,0.66453487,0.60746676,0.6068201,0.6039585,0.54989624,0.6128084,0.5820885,0.5366257,0.5179612,0.57263356,0.49882048,0.5206292,0.5318986,0.4949391,0.5308115,0.5848221,0.55314314,0.66829413,0.5404953,0.6267883,0.60902256,0.65657455,0.5324124,0.5220347,0.5524231,0.54279023,0.51441324,0.5602009,0.55135286,0.61535895,0.5465391,0.5346161,0.56910765,0.6077478,0.66834104,0.5518103,0.53780276,0.5180099,0.6253888,0.62427354,0.58456403,0.6015622,0.6021805,0.5538881,0.6026902,0.67638546,0.57126504,0.6052063,0.6207628,0.6117903,0.5664972,0.6074302,0.5895363,0.59094906,0.6517973,0.5550774,0.633236,0.5441283,0.57313603,0.54071355,0.6496238,0.60216224,0.5607753,0.57670206,0.5471629,0.60156775,0.64437383,0.60377216,0.6654683,0.62290317,0.49441716,0.51676273,0.48749,0.52919143,0.49990907,0.5132636,0.44597283,0.55195194,0.49205512,0.5107436,0.5183262,0.5396577,0.572638,0.52898043,0.46069878,0.5098636,0.5694076,0.5736911,0.6319877,0.56165266,0.59417695,0.57139266,0.6014266,0.5746078,0.5106313,0.50094247,0.5025089,0.5854849,0.6265976,0.5247903,0.52092934,0.6072882,0.5384267,0.5618755,0.5889936,0.54610765,0.5305725,0.53816974,0.589616,0.6530117,0.5192498,0.5449122,0.5683289,0.58285284,0.6373937,0.656029,0.63843566,0.6723383,0.4795721,0.5413651,0.65912503,0.6141934,0.65598595,0.5525078,0.56839424,0.61275125,0.66080266,0.5678005,0.6226647,0.63831055,0.5950268,0.6216118,0.61810344,0.6418188,0.5853439,0.559305,0.6053468,0.5203557,0.5245825,0.5598774,0.52947426,0.63359755,0.6473947,0.52138734,0.5302054,0.53233206,0.484287,0.5415727,0.60825735,0.5242951,0.561916,0.5363409,0.6117491,0.54126513,0.5384054,0.5789081,0.56897503,0.6043576,0.6258145,0.53794575,0.5346515,0.55399406,0.6230638,0.56922513,0.5924924,0.6069036,0.6393215,0.58471227,0.6604608,0.5605563,0.64036125,0.63395584,0.5528276,0.6140731,0.5245408,0.5476509,0.52847224,0.6141603,0.6099897,0.5661059,0.7235577,0.6693851,0.6541581,0.6435963,0.5470651,0.6451498,0.6316738,0.49364883,0.5147435,0.57496774,0.4789067,0.48920235,0.5226484,0.5091952,0.50102043,0.5695484,0.58428115,0.67549706,0.53511584,0.62483925,0.59834313,0.67524683,0.5348672,0.52965564,0.55694735,0.5292486,0.5175126,0.5377675,0.55647,0.61222696,0.5080734,0.5223437,0.5376696,0.65967995,0.69388515,0.61272997,0.5902011,0.56537056,0.68517673,0.67605513,0.62238055,0.6709976,0.6446699,0.6596746,0.6834113,0.70491993,0.5867223,0.6823292,0.6792601,0.62811434,0.52753544,0.6559464,0.65697676,0.6430434,0.69622236,0.60944927,0.67768353,0.5731488,0.6526706,0.5991385,0.6017048,0.6211237,0.62761927,0.60002667,0.5554389,0.6223329,0.71083426,0.62578624,0.71923476,0.7055207,0.4976778,0.51967466,0.50535625,0.5467598,0.48999387,0.5105913,0.4442239,0.56300503,0.5143676,0.531372,0.5700853,0.5333634,0.6214684,0.5609399,0.46067443,0.49742973,0.5452195,0.5678731,0.632551,0.585537,0.598748,0.56109047,0.6052689,0.56397456,0.5524964,0.50860727,0.5043324,0.60560524,0.65141,0.5299975,0.5506084,0.6278708,0.54808706,0.5790721,0.6617044,0.5749026,0.56056064,0.6167293,0.62802076,0.63324904,0.5271613,0.5740104,0.62717104,0.62636113,0.6857213,0.69445467,0.70513266,0.68777686,0.484645,0.5688879,0.6938942,0.6886718,0.7101723,0.56302524,0.56710374,0.6051556,0.64022803,0.5421399,0.55896664,0.6322994,0.5995159,0.62543267,0.6803248,0.6742724,0.60694015,0.51240283,0.5865961,0.49234757,0.5129453,0.56641144,0.6325769,0.67368925,0.7134685,0.5299347,0.5359809,0.50963396,0.51329666,0.5784955,0.6383037,0.49503344,0.6142748,0.5396164,0.49870956,0.5242284,0.51938003,0.5060279,0.57511353,0.58273363,0.58641267,0.5640692,0.5484404,0.55122876,0.55644584,0.55995756,0.5325264,0.5365336,0.5411703,0.54603225,0.57444745,0.56808794,0.56051964
679,0.6034055,0.6088278,0.5618878,0.59633476,0.60316366,0.63118196,0.64775705,0.54006547,0.5689321,0.5965102,0.6027987,0.5586837,0.62937915,0.54547423,0.5586618,0.65151197,0.69889957,0.5835618,0.6955907,0.6971858,0.6357622,0.62213874,0.57464486,0.55182743,0.5204266,0.5466381,0.57648355,0.5367472,0.661352,0.57070035,0.5694395,0.58571875,0.50481325,0.57484627,0.5485398,0.55354893,0.5353654,0.58831537,0.5111123,0.53020185,0.52615464,0.5140561,0.54621065,0.59904635,0.58431244,0.69147134,0.5686089,0.6739126,0.6608182,0.68364453,0.5512701,0.5431341,0.56416404,0.5570702,0.52345824,0.5825313,0.5546085,0.6113209,0.5508536,0.5451144,0.5496326,0.5810107,0.644603,0.5343178,0.51967096,0.50874364,0.6117066,0.607172,0.56969994,0.5878177,0.5881259,0.5360272,0.5816954,0.6575039,0.5562103,0.5847946,0.6082352,0.6242207,0.55903244,0.6102891,0.5828987,0.5895685,0.6461295,0.5786935,0.63039666,0.5482363,0.55603826,0.5203522,0.63417727,0.5806301,0.5577098,0.5768547,0.5425949,0.58032596,0.6540571,0.6215431,0.6500034,0.609728,0.50624895,0.5290021,0.49053317,0.53035516,0.49766573,0.5186565,0.4501381,0.5659558,0.5008381,0.5298035,0.52938354,0.5431533,0.5628726,0.5133648,0.4780615,0.53030074,0.5931646,0.6050859,0.65761894,0.5611235,0.5753526,0.56544983,0.6036302,0.57471865,0.51723415,0.50843513,0.5166213,0.58152497,0.6343363,0.52996194,0.5213716,0.587657,0.534449,0.55251336,0.5849904,0.54757285,0.525856,0.546118,0.60456276,0.67607856,0.54588,0.57746327,0.58509916,0.5984547,0.6599107,0.63768315,0.61044264,0.69429916,0.49312508,0.5633633,0.64180535,0.5954659,0.6250248,0.5881833,0.5898211,0.63017213,0.6508048,0.6127001,0.6700787,0.69068617,0.6375229,0.6424532,0.57940924,0.63037175,0.6007184,0.55582106,0.6035429,0.5122249,0.5302893,0.5689469,0.5269245,0.60765016,0.6364716,0.530146,0.5285627,0.5350913,0.49444422,0.52741325,0.5981881,0.53387064,0.5521047,0.5261106,0.6152046,0.5970665,0.5567756,0.59534967,0.5916225,0.63069195,0.64736164,0.5530692,0.54330593,0.58889383,0.6565654,0.5761718,0.6315161,0.5881453,0.60939103,0.62902695,0.7108695,0.5859528,0.69205403,0.6811351,0.59936327,0.65293336,0.5748948,0.54148316,0.56551224,0.6073884,0.62276477,0.59111726,0.7230717,0.63471097,0.6268214,0.6128042,0.5031073,0.6139551,0.58908194,0.50915605,0.5379237,0.5929126,0.49261945,0.4977013,0.5336261,0.53358805,0.515917,0.59454393,0.62315905,0.71207017,0.5604726,0.67723405,0.6535283,0.70856637,0.55281246,0.54789835,0.56765825,0.5352527,0.52777773,0.5542626,0.5680159,0.6097001,0.5178119,0.5434429,0.5222087,0.6424991,0.67759156,0.60189116,0.5700148,0.561027,0.67465806,0.6609931,0.6058657,0.6630296,0.62903416,0.64766085,0.6746713,0.69420433,0.5755414,0.67113113,0.669563,0.6425455,0.53426874,0.68038625,0.65215373,0.6589263,0.6819054,0.63469493,0.6671232,0.5873445,0.6565619,0.5822224,0.59921473,0.60731685,0.63229513,0.6055395,0.55333745,0.6049068,0.71987915,0.65008706,0.70673084,0.6952459,0.5051832,0.53003806,0.49626604,0.54310036,0.49339297,0.5131802,0.45085964,0.57710207,0.5202457,0.5514645,0.5799648,0.5393627,0.6122135,0.5488056,0.47519082,0.52014154,0.5684102,0.5895093,0.6598279,0.57245934,0.58910394,0.5548991,0.6132844,0.5672671,0.55104756,0.51734465,0.51080656,0.613397,0.67381334,0.5264408,0.54770315,0.615754,0.54294497,0.5709687,0.65915394,0.5762154,0.56357974,0.64828366,0.6487169,0.67844605,0.5427146,0.6070973,0.6631967,0.6414754,0.72033787,0.67914855,0.6811229,0.7264856,0.50653625,0.5974644,0.68395203,0.6724849,0.6888408,0.5976991,0.5857828,0.631856,0.6469544,0.5927027,0.6109826,0.68910366,0.6432813,0.65323114,0.6460762,0.669175,0.6349662,0.4997823,0.5753835,0.4843628,0.5270973,0.5734652,0.6331192,0.66765314,0.7011901,0.5286694,0.5376319,0.50876755,0.5234923,0.55577,0.627202,0.505816,0.60093004,0.52716696,0.49467555,0.5227604,0.52374905,0.5061384,0.56726265,0.57475954,0.5906481,0.5671566,0.5477291,0.548419,0.5528204,0.55758864,0.53205884,0.53372467,0.5418432,0.54744136,0.5728167,0.56896394,0.5633672
680,0.6049023,0.6457033,0.57575923,0.6112782,0.61888725,0.64527917,0.6646419,0.5516196,0.57509166,0.61550623,0.628588,0.55976355,0.66448134,0.5262307,0.53374606,0.6879536,0.734594,0.6011627,0.72536206,0.7371209,0.6737229,0.6399758,0.6137966,0.54221946,0.52472764,0.53230906,0.5816855,0.5441666,0.6575519,0.547237,0.5472029,0.57457095,0.48592168,0.54972035,0.5295944,0.5680625,0.5530157,0.60495,0.5227938,0.5374669,0.5196527,0.53136915,0.5580394,0.6112831,0.6107981,0.70479995,0.5925991,0.7127212,0.7012965,0.7016267,0.56429076,0.5598218,0.569993,0.5687626,0.5318556,0.59665275,0.5590844,0.6066364,0.5586563,0.5567555,0.5384117,0.56556344,0.61922604,0.53280044,0.5189107,0.5151359,0.603622,0.600373,0.5655748,0.5765122,0.5826347,0.5342581,0.5680347,0.6339736,0.54393685,0.56596714,0.5944426,0.6297351,0.5556055,0.6112072,0.5807897,0.5898567,0.64089763,0.6020701,0.62359697,0.558119,0.54656786,0.510005,0.61976117,0.55914325,0.5562125,0.5767346,0.537307,0.56036216,0.65802306,0.6348454,0.63351834,0.6040901,0.5156332,0.536182,0.49152768,0.5288268,0.49551505,0.52053297,0.4548509,0.5744693,0.5095401,0.54794705,0.5395304,0.5464356,0.5518284,0.50439584,0.4946672,0.54833287,0.60878915,0.62789595,0.6727821,0.5623179,0.5591229,0.5614364,0.6070645,0.5758532,0.52822673,0.51190954,0.529704,0.58254474,0.64015615,0.54016936,0.5252969,0.57295233,0.5342324,0.55358154,0.58361083,0.5494647,0.5241647,0.5566041,0.6192956,0.69312966,0.57141393,0.606784,0.60691357,0.6138239,0.679585,0.6175779,0.58535993,0.709123,0.5022337,0.5836526,0.6238797,0.5866008,0.60301703,0.6188617,0.6099928,0.6425476,0.64111,0.65518147,0.70882404,0.73470914,0.67676306,0.65822566,0.5522861,0.6244542,0.6133891,0.5553972,0.6038447,0.5069169,0.5370131,0.5706972,0.5263902,0.58894455,0.62037,0.5386913,0.5247707,0.534896,0.5035261,0.5280711,0.58748746,0.5416073,0.54719836,0.5215597,0.6207611,0.6478444,0.5750035,0.61106527,0.61415964,0.6549025,0.6665121,0.5633944,0.5481146,0.6198062,0.6824163,0.5859412,0.6651491,0.5757927,0.58061594,0.6663609,0.7480029,0.6100993,0.7328484,0.72302943,0.6444061,0.6874821,0.6229555,0.5355139,0.5983593,0.5997046,0.63488364,0.6140891,0.7094866,0.6040066,0.6057839,0.58510107,0.48246405,0.5883417,0.5565614,0.5213815,0.56030846,0.60676867,0.5051749,0.50558436,0.5421753,0.55317646,0.5280571,0.6129428,0.65256596,0.7326011,0.5796401,0.7181639,0.6967493,0.72836316,0.56475466,0.5616013,0.57125896,0.53917485,0.53594077,0.56553286,0.57936937,0.60321665,0.52877337,0.5614179,0.5193,0.62148327,0.65047383,0.5957637,0.5610718,0.56511754,0.6587681,0.64618033,0.5951529,0.6513555,0.6167961,0.6328149,0.66198176,0.67241096,0.56898344,0.65133584,0.6490707,0.6456667,0.54185814,0.69394267,0.64538306,0.66751367,0.65695024,0.6529486,0.6424362,0.60189223,0.65571696,0.5707571,0.59385735,0.5885385,0.62846625,0.60613835,0.5493791,0.5872365,0.71782416,0.66394794,0.6818455,0.674444,0.5118678,0.5335239,0.4860584,0.536755,0.4974561,0.5137962,0.4548872,0.58399457,0.5260333,0.5672841,0.58308446,0.54584575,0.5958546,0.5399372,0.49044725,0.53826207,0.58168554,0.601137,0.67247397,0.5588951,0.5792412,0.5501194,0.61873037,0.56946504,0.5550099,0.52284783,0.5186991,0.62022686,0.689496,0.53000665,0.5473664,0.60420084,0.54167295,0.5647637,0.65114284,0.57439536,0.5659706,0.6741729,0.6622511,0.7143502,0.5598025,0.63552225,0.6951025,0.65237993,0.7434264,0.6491492,0.6479442,0.752191,0.52038693,0.6182034,0.6640959,0.65709525,0.66136175,0.629244,0.6030141,0.6543623,0.6496809,0.6425218,0.65756416,0.7353946,0.6835691,0.6746855,0.6155165,0.66222,0.6580631,0.49417531,0.56790197,0.47921145,0.54073644,0.5717178,0.6258996,0.6545326,0.674618,0.52759176,0.53805286,0.5077672,0.5308986,0.5410486,0.6094918,0.5157455,0.5863109,0.52325004,0.49572214,0.52249485,0.52858424,0.5087473,0.562588,0.5680688,0.5940176,0.5726506,0.54833883,0.5469765,0.55095446,0.5554073,0.5323566,0.5310961,0.54422194,0.5502657,0.57323575,0.56996137,0.5660966
681,0.6107875,0.67160195,0.5883927,0.62347764,0.63068175,0.6540975,0.6729285,0.55785763,0.57456976,0.6276612,0.64658475,0.5655241,0.6855017,0.5202037,0.52379185,0.70873964,0.75190026,0.61479515,0.74031276,0.7612557,0.6985005,0.6492406,0.64719576,0.53382057,0.5318611,0.5238941,0.5929803,0.55445606,0.655103,0.54052866,0.5423064,0.5702943,0.4930924,0.5390539,0.5255207,0.57737875,0.56877697,0.62034893,0.5325739,0.5404388,0.51392055,0.54482746,0.56414664,0.6207395,0.6302277,0.7094077,0.6074617,0.7348014,0.7237449,0.7090553,0.5690789,0.56873053,0.56885415,0.5749671,0.53787094,0.6000593,0.5651826,0.6027591,0.5682374,0.5677211,0.5355796,0.5608129,0.59603834,0.5453264,0.5323428,0.53204536,0.6010557,0.60199666,0.57115746,0.5677231,0.5845026,0.54412735,0.5656147,0.6097351,0.538043,0.5518402,0.57984364,0.6282235,0.5582466,0.61141807,0.58423454,0.59192324,0.636463,0.62133247,0.61407846,0.57172984,0.54695994,0.51068085,0.6071688,0.5422426,0.55565834,0.574498,0.5320202,0.5445974,0.6570521,0.64223176,0.61924523,0.60455465,0.51956403,0.53604746,0.4901001,0.52473253,0.49327698,0.5178422,0.45976755,0.5758806,0.5154436,0.562544,0.5465916,0.5484536,0.54038566,0.5011778,0.50755894,0.55992705,0.6123643,0.6387092,0.6756895,0.5632461,0.5474439,0.5587383,0.60999334,0.57700753,0.54217744,0.5100459,0.53971493,0.58661157,0.6421418,0.5541586,0.5328713,0.56555945,0.53756374,0.5622939,0.58428365,0.5511908,0.5253748,0.56695354,0.63253707,0.7010567,0.59067285,0.629753,0.63060504,0.6255667,0.6945632,0.5999316,0.56855005,0.7149077,0.50580466,0.6009597,0.6080745,0.5887842,0.5926849,0.6383853,0.6240815,0.6460153,0.6336365,0.6853833,0.731182,0.7602163,0.704098,0.6647506,0.5407614,0.62425697,0.6198939,0.55692786,0.6043882,0.50471306,0.5438797,0.5643451,0.5279629,0.5792632,0.600907,0.54593515,0.5184757,0.5315905,0.50938535,0.54234934,0.576689,0.5460617,0.5470249,0.52242136,0.62831706,0.68238735,0.5893951,0.62356526,0.6320694,0.6710477,0.6778222,0.56690687,0.54831207,0.6410043,0.6967734,0.5994626,0.6862633,0.57006973,0.55802655,0.68833786,0.763798,0.6276213,0.75421274,0.7487606,0.67587566,0.70906085,0.6587219,0.53010696,0.622756,0.5955972,0.64685136,0.6342172,0.68733966,0.5836388,0.5946525,0.563663,0.48699072,0.5714419,0.53820324,0.5282893,0.57858783,0.6150388,0.51453304,0.5104181,0.5470389,0.56520236,0.53603405,0.62348825,0.6706808,0.73743236,0.5889335,0.7396659,0.7195987,0.7318804,0.568423,0.56751704,0.56733316,0.5398905,0.5407875,0.56901073,0.5898253,0.59450114,0.5393939,0.574383,0.5271009,0.5989364,0.6182699,0.5943433,0.56283486,0.57497704,0.6396124,0.6337175,0.5928129,0.6370304,0.61050344,0.61651707,0.6510711,0.6438331,0.5720641,0.6267454,0.6208697,0.6380933,0.5524559,0.6976027,0.6398292,0.66866106,0.6261824,0.66279596,0.6086978,0.6150397,0.6506104,0.56663805,0.5866179,0.5703129,0.6171995,0.60091615,0.543771,0.5719975,0.7076445,0.6666791,0.6491537,0.6467183,0.51558226,0.5294528,0.47600374,0.52867836,0.5013286,0.511714,0.45568743,0.5823061,0.5292259,0.5776683,0.5789482,0.55114,0.5747812,0.5347528,0.5031884,0.54796445,0.58144665,0.6001228,0.66884834,0.547067,0.5700094,0.54663205,0.61966515,0.56942475,0.5652767,0.52369857,0.52735096,0.62283164,0.69395703,0.5416098,0.55262184,0.59625787,0.5442274,0.55999273,0.63905853,0.56982905,0.56725913,0.6909292,0.6683845,0.7327933,0.577799,0.65650016,0.7184123,0.65668756,0.753862,0.6108382,0.61270225,0.7616199,0.52281237,0.6291745,0.63864374,0.6452914,0.63196605,0.6503367,0.6147541,0.6655374,0.64758396,0.6793359,0.6877852,0.7610165,0.71127,0.6841307,0.59463936,0.65579736,0.6699331,0.49456385,0.56482315,0.47847274,0.55134135,0.56180876,0.6138969,0.6368092,0.63798845,0.5270619,0.5360731,0.5063226,0.5344172,0.53712314,0.58787227,0.52268314,0.5735675,0.5262445,0.5018961,0.52395314,0.53320676,0.5138295,0.5619175,0.5643175,0.5967792,0.579984,0.5499086,0.547541,0.5500183,0.5527112,0.5337448,0.5292096,0.5481835,0.55434877,0.5750146,0.5706492,0.5681622
682,0.6189811,0.6818689,0.5971818,0.63085264,0.6364813,0.6549873,0.6699204,0.5590377,0.5691269,0.6310799,0.6535575,0.5763766,0.68897325,0.5238682,0.52584845,0.70999384,0.7481153,0.62182564,0.73667693,0.76417834,0.7042666,0.6471926,0.66833353,0.5283385,0.54394954,0.5237792,0.6091001,0.5681665,0.65476036,0.548382,0.5521234,0.5702435,0.5187306,0.5396359,0.5322619,0.5811119,0.5817496,0.63274515,0.54113746,0.54004806,0.5117318,0.5552726,0.5649076,0.6278592,0.6428496,0.7076996,0.6126169,0.73553175,0.7257507,0.70607394,0.5672783,0.5706539,0.5628053,0.5761445,0.5419659,0.5946608,0.5737371,0.6010135,0.57790005,0.57696754,0.53965515,0.5640556,0.57826376,0.5671578,0.55410755,0.5534028,0.602305,0.6084897,0.5835588,0.5617299,0.59135383,0.5596172,0.57429755,0.58911836,0.5404419,0.5449606,0.56617993,0.6222044,0.56703067,0.61178946,0.59215295,0.59548026,0.63288295,0.6344079,0.60378236,0.58596754,0.5568337,0.5211693,0.5963797,0.53289175,0.55497473,0.56977046,0.5276465,0.5347871,0.65177757,0.64453804,0.6093237,0.6086764,0.51887465,0.53076524,0.48919967,0.52108175,0.49285644,0.51308763,0.46757177,0.57192415,0.5194543,0.57272106,0.5504971,0.54933095,0.5302269,0.5022519,0.51694775,0.5644929,0.6054415,0.63931906,0.66809183,0.56252205,0.54069835,0.55704844,0.6111186,0.57780594,0.55790776,0.5054496,0.54716825,0.5915778,0.6399241,0.5704078,0.54401463,0.5656423,0.54372174,0.57479304,0.5858758,0.5521147,0.52899164,0.57508874,0.643632,0.6985799,0.6015207,0.64553237,0.65244824,0.63125837,0.7033611,0.5874257,0.5620567,0.71050364,0.5074962,0.61565024,0.59627265,0.5995755,0.592822,0.6435434,0.62902105,0.63902193,0.6296474,0.697354,0.73405033,0.76161623,0.7136855,0.6601855,0.5430636,0.62762654,0.61872566,0.5593185,0.6044312,0.5051554,0.55105174,0.5528564,0.53182995,0.5766845,0.58185655,0.5513552,0.5119241,0.52740854,0.51326805,0.5661689,0.56630987,0.54783946,0.5506922,0.52779436,0.6356148,0.695766,0.59751225,0.630641,0.64174163,0.6750839,0.67733157,0.5646157,0.5455149,0.64945304,0.6977429,0.6155526,0.69071823,0.56810546,0.5430538,0.690771,0.75447816,0.6353839,0.752232,0.7516507,0.6870272,0.7124582,0.6769518,0.52621156,0.63701606,0.5975272,0.6580677,0.6508411,0.6627685,0.576071,0.59405994,0.5490189,0.51204216,0.5628125,0.53298694,0.5308963,0.5912152,0.6178398,0.52162427,0.5126248,0.54920465,0.5706673,0.54038364,0.6272545,0.6786673,0.7285214,0.5891626,0.7383644,0.7195118,0.71827555,0.56532335,0.56627643,0.55855554,0.5390236,0.5432464,0.5662698,0.5993031,0.5856191,0.5486021,0.5822287,0.54119354,0.5777489,0.5874852,0.5960888,0.5726052,0.5875725,0.6197468,0.6251022,0.5988033,0.62191886,0.61094683,0.60024,0.6455185,0.61413944,0.58591163,0.6023345,0.5903696,0.6231503,0.5672241,0.6927502,0.637144,0.66314167,0.59575117,0.6646874,0.57296723,0.62473387,0.6424746,0.5700021,0.5779428,0.5566989,0.60024023,0.59072495,0.5375102,0.5607874,0.69178665,0.66042393,0.61523056,0.6179253,0.5172113,0.52142024,0.46954888,0.52222204,0.50611097,0.50927144,0.45664525,0.5739014,0.53019226,0.5829754,0.5692109,0.5545037,0.5527567,0.5330448,0.5129312,0.54950565,0.5699382,0.5891695,0.65148175,0.53881323,0.5625799,0.5450066,0.6157547,0.56709903,0.5811111,0.52166724,0.5374886,0.61936957,0.6855508,0.5602168,0.5647699,0.5936133,0.5497668,0.5560561,0.6248437,0.56345737,0.5672885,0.6969974,0.6680693,0.7301321,0.59573555,0.66899616,0.7304873,0.6531532,0.7516647,0.5729368,0.58239377,0.75336385,0.5171461,0.6314152,0.6129806,0.63823646,0.6052909,0.6565899,0.6182966,0.66146255,0.641324,0.6959526,0.69677067,0.7609924,0.7203442,0.6786041,0.5846134,0.650884,0.6671899,0.4994469,0.5662272,0.48231813,0.5582855,0.5483009,0.60054594,0.6174815,0.59841716,0.52765495,0.53251463,0.5057774,0.53599817,0.5439132,0.56567985,0.52660775,0.56498003,0.5328551,0.51215196,0.5273849,0.5373036,0.5213783,0.56501824,0.5641721,0.59864426,0.5877322,0.5514042,0.5497305,0.5497997,0.54994285,0.5361,0.5283831,0.55353606,0.5593345,0.57683694,0.5702719,0.5689902
683,0.62633055,0.6777705,0.6018465,0.6331164,0.6364123,0.64819235,0.6565208,0.55822486,0.5632538,0.6270094,0.6503956,0.5912633,0.677273,0.5321226,0.5343502,0.69380635,0.72496384,0.62243086,0.7156942,0.7458876,0.69121563,0.63540936,0.6757596,0.5276682,0.56169575,0.53193957,0.626684,0.58489513,0.65575975,0.5644214,0.5701688,0.57185376,0.5506507,0.54632103,0.54411924,0.58219635,0.59267026,0.64159656,0.55102557,0.5399872,0.5162917,0.5655192,0.56362504,0.63389146,0.6503418,0.70178026,0.6113276,0.7159111,0.7088988,0.69432944,0.5636645,0.5696419,0.55660367,0.5756319,0.5467548,0.5855785,0.5853451,0.6019192,0.58693135,0.5849188,0.5474744,0.571475,0.56793606,0.5914234,0.5767244,0.5738234,0.60533154,0.61617446,0.59855205,0.559163,0.6003177,0.5751471,0.58990127,0.5758254,0.55055016,0.54596794,0.5562174,0.61535615,0.5801607,0.61253005,0.6024812,0.60030186,0.6304583,0.64160377,0.5950971,0.59818864,0.57279205,0.53763777,0.5877465,0.5314108,0.5536629,0.56396484,0.5250458,0.5309323,0.643476,0.6438594,0.6043293,0.61413544,0.518147,0.52588934,0.4933152,0.52217263,0.4972567,0.5111442,0.48172972,0.56685334,0.52492493,0.5797012,0.55361414,0.55030483,0.52352685,0.50607735,0.5256292,0.5653819,0.59365475,0.6342769,0.6538102,0.5601086,0.53805083,0.55675304,0.61082673,0.5785398,0.57464266,0.5031851,0.5546725,0.59569037,0.63458407,0.5874865,0.55853355,0.57151437,0.55176973,0.58747166,0.5873981,0.55206424,0.53408,0.5802017,0.6521643,0.68675536,0.60604244,0.65526426,0.66946733,0.6310027,0.7052016,0.5811141,0.5644594,0.69661427,0.512841,0.62830347,0.58957404,0.61426723,0.5992533,0.6364541,0.6254886,0.62398267,0.6285236,0.69137955,0.7192614,0.7392052,0.7055373,0.64624274,0.5539355,0.6318354,0.61137855,0.56156826,0.60403633,0.5072172,0.5595907,0.5421174,0.5382334,0.57808334,0.5676969,0.55576664,0.5091095,0.5262622,0.5186228,0.59311116,0.5574592,0.5493111,0.5569512,0.5363852,0.64027953,0.69014245,0.59996235,0.63202524,0.64268976,0.6672265,0.6653038,0.5604146,0.54339814,0.6466438,0.6867139,0.6320783,0.6799365,0.5670503,0.5350674,0.67579126,0.72113293,0.63394517,0.7285161,0.731111,0.67843276,0.69815075,0.67865676,0.5254176,0.64276385,0.6053981,0.66724175,0.6634382,0.641543,0.5793177,0.60129684,0.54081464,0.54736143,0.56014585,0.5370716,0.53330815,0.59923667,0.6171907,0.53018665,0.51538783,0.5517349,0.57360256,0.54363084,0.6273415,0.67928904,0.709089,0.58458096,0.7162594,0.699494,0.6899074,0.56015223,0.5621066,0.5500822,0.5396357,0.54630303,0.5618617,0.60816115,0.5784613,0.5563755,0.5867237,0.5560004,0.5613282,0.5638447,0.5987774,0.58568335,0.60014457,0.6026627,0.62078214,0.61001164,0.6089589,0.6168536,0.58623606,0.6454273,0.5898242,0.60728794,0.5830476,0.5643601,0.6063043,0.5858812,0.6813507,0.6372653,0.6532378,0.5719934,0.66097695,0.54312533,0.63019586,0.63365227,0.5784316,0.5689713,0.5490612,0.58114016,0.57847214,0.53220516,0.5539768,0.6729963,0.6490556,0.587378,0.5948173,0.52033406,0.5156284,0.47082335,0.52193964,0.51398265,0.51054233,0.46276164,0.5635144,0.53167146,0.58527005,0.5579966,0.556324,0.53448015,0.5342527,0.5219893,0.5474588,0.55425775,0.5743618,0.6261384,0.5347501,0.55825275,0.5463207,0.60928327,0.56359017,0.6001855,0.5208041,0.55016017,0.6104894,0.66666603,0.5827911,0.582761,0.5964763,0.55678016,0.5527891,0.6111125,0.55686367,0.5662651,0.69335747,0.6632634,0.7078492,0.6126428,0.67401934,0.7314892,0.6433316,0.73818886,0.54396564,0.5620074,0.72897255,0.5108973,0.62831056,0.59279823,0.6355783,0.58548903,0.6493861,0.61424285,0.6438392,0.6323676,0.6928693,0.6864729,0.73596007,0.71070176,0.65998214,0.58336127,0.647628,0.65136075,0.50677776,0.57087386,0.4890713,0.56321335,0.5378801,0.58927023,0.6004288,0.564773,0.52973056,0.53026295,0.50850743,0.53931755,0.55795383,0.546383,0.52916867,0.5614738,0.539745,0.52391696,0.53232193,0.5408424,0.53061557,0.57043225,0.56688136,0.5991773,0.5941718,0.55184793,0.55252767,0.55085176,0.54858524,0.5388204,0.528547,0.55977476,0.56467164,0.57772845,0.5686319,0.5685909
684,0.6307657,0.6653189,0.60457724,0.63208574,0.6329982,0.6370957,0.63757986,0.55976444,0.5625943,0.62007356,0.6420765,0.6078805,0.65809655,0.5404056,0.54360974,0.6681253,0.68913186,0.61910594,0.684371,0.7120294,0.6651116,0.61938936,0.6725882,0.53416795,0.58345884,0.5453283,0.641437,0.60295033,0.65598834,0.580093,0.58791363,0.57304513,0.57579523,0.55362564,0.5550885,0.585361,0.6037836,0.6476645,0.5650593,0.5450401,0.5301318,0.57833433,0.5655586,0.6398891,0.6546972,0.69314384,0.60824364,0.6829557,0.67869914,0.6771248,0.5636667,0.57052946,0.55593914,0.57739484,0.5555344,0.579047,0.59947556,0.60484236,0.5957526,0.59333795,0.5544381,0.5779305,0.56496644,0.6101817,0.5924725,0.5888499,0.6075638,0.62105745,0.61076003,0.5592699,0.60725045,0.5855594,0.60618234,0.57144594,0.56495786,0.5522075,0.5515691,0.6110335,0.59410524,0.61374825,0.61304307,0.6060928,0.62923026,0.64468104,0.5897706,0.6065576,0.58874446,0.5539909,0.58146775,0.5351725,0.55174345,0.55913645,0.524613,0.5312665,0.6347563,0.64229435,0.60314393,0.6177332,0.52373916,0.52786094,0.50625384,0.5316694,0.5094187,0.51719236,0.5042332,0.5658568,0.53533316,0.58609724,0.55967253,0.55293196,0.521968,0.51124394,0.5377101,0.56851745,0.5842414,0.6284852,0.63750076,0.55699456,0.53816646,0.5584643,0.6109215,0.5798065,0.59153104,0.5084928,0.56497693,0.5976657,0.62817925,0.6039008,0.57515883,0.5796905,0.56047374,0.5967368,0.5879524,0.55138624,0.539304,0.58271176,0.6574464,0.669032,0.6087949,0.661087,0.6798299,0.62743896,0.70056164,0.5805861,0.5719847,0.6768089,0.526124,0.6392196,0.5874078,0.62690645,0.60594046,0.62412304,0.617781,0.606972,0.6279452,0.6727329,0.69274753,0.6994004,0.6854544,0.6281015,0.56658435,0.6344294,0.6020156,0.56251615,0.6027805,0.5094905,0.57110053,0.53887314,0.5472822,0.5806502,0.5609578,0.56085736,0.5144592,0.53254986,0.528654,0.61568016,0.5509946,0.5535935,0.56395715,0.54664135,0.6416236,0.67268556,0.6002264,0.6297436,0.6377291,0.6518581,0.64676744,0.55941343,0.5463392,0.6386099,0.669118,0.64695024,0.6607183,0.56568414,0.53313273,0.6515215,0.6716039,0.62694603,0.6910227,0.6925152,0.65629894,0.6721416,0.6696314,0.530406,0.6444446,0.61699396,0.67329025,0.672116,0.62760335,0.58807504,0.61134213,0.53822505,0.5797107,0.56078315,0.54552305,0.5405411,0.605893,0.6164445,0.54435974,0.5227904,0.5586546,0.5789342,0.5496126,0.6280372,0.67596376,0.6843309,0.5804695,0.68130296,0.667736,0.6538813,0.55863327,0.5606611,0.54784405,0.5442664,0.5537274,0.5609731,0.6169777,0.5745241,0.5641829,0.5915217,0.5661301,0.5523306,0.5514432,0.5999719,0.59646595,0.61055005,0.59182644,0.6196321,0.6212852,0.60108787,0.6246508,0.5767844,0.6487314,0.57685065,0.63018715,0.57268494,0.5486148,0.5941852,0.606997,0.6675169,0.6396504,0.6430494,0.5597652,0.65536195,0.52566844,0.6324141,0.6270234,0.58756495,0.56148565,0.54668564,0.56505436,0.5682573,0.5294149,0.5510253,0.6557614,0.63733524,0.57164305,0.5821944,0.5295087,0.51827717,0.482935,0.53180516,0.5275291,0.5195618,0.4779606,0.55752003,0.537039,0.58805573,0.5512813,0.5577731,0.5244075,0.53781325,0.53430045,0.5491385,0.5438549,0.56260556,0.60071576,0.5340046,0.5579537,0.55133003,0.60448176,0.5606407,0.61927795,0.52583534,0.56537235,0.5989161,0.64350945,0.6052436,0.60342085,0.6035615,0.563401,0.5502712,0.60078764,0.5518746,0.56469876,0.68365264,0.6567773,0.67279094,0.6278026,0.674193,0.7241921,0.63175744,0.71687883,0.5300433,0.55394524,0.694679,0.5116649,0.62469745,0.5825207,0.63573647,0.5748491,0.635521,0.6066489,0.61974996,0.6224489,0.6761787,0.6640067,0.69252515,0.6881569,0.63522094,0.5875692,0.64603925,0.62892294,0.51381123,0.5759189,0.49567288,0.5696146,0.53702277,0.58360225,0.5892998,0.5448186,0.5328922,0.53365827,0.5176338,0.5477379,0.5736428,0.53290737,0.5326408,0.5626845,0.5445361,0.53371227,0.5378232,0.543834,0.5397942,0.5758469,0.5706165,0.59822,0.59776103,0.55094194,0.5549374,0.5537057,0.5501278,0.5410237,0.5292902,0.5663929,0.5700405,0.57749677,0.5664612,0.5677763
685,0.6321653,0.6521858,0.6084476,0.63054967,0.6299558,0.62671864,0.62025714,0.56687844,0.57131636,0.6161079,0.6353009,0.6232237,0.64110917,0.5452089,0.5486131,0.6435499,0.65109956,0.61520696,0.6535825,0.6729504,0.635187,0.60626626,0.6642424,0.55001706,0.6058998,0.5589472,0.64950603,0.619981,0.6526834,0.5871787,0.5979195,0.5715339,0.584583,0.5564653,0.55958205,0.5937365,0.61758673,0.6522639,0.58408356,0.5586069,0.553987,0.5946986,0.57565624,0.64633006,0.6574891,0.6828418,0.60708857,0.6478216,0.6436331,0.65876645,0.5708027,0.576702,0.56482816,0.58404607,0.5703827,0.58049494,0.61446023,0.60850054,0.6053844,0.6045127,0.55629736,0.5786055,0.5674395,0.61719453,0.59605193,0.59593767,0.6060089,0.61937904,0.6152872,0.5594633,0.60772365,0.5868295,0.61775976,0.5751065,0.5788707,0.5588965,0.5514395,0.6117374,0.60479087,0.6160649,0.62193435,0.61247027,0.62850803,0.6456885,0.5883027,0.610169,0.59815985,0.5642737,0.57683915,0.5397092,0.54934514,0.556811,0.52609503,0.53340006,0.62852865,0.6414117,0.6037132,0.6157701,0.5410419,0.54148245,0.529803,0.55126977,0.5311992,0.5345648,0.5349641,0.57317543,0.55261785,0.5948093,0.5721088,0.5581331,0.526445,0.5170513,0.5571689,0.57970923,0.5836327,0.62619126,0.6237975,0.5544442,0.5397801,0.5624916,0.6133977,0.5822004,0.6073697,0.5247751,0.5791261,0.5968683,0.6230881,0.61803013,0.5911499,0.5856715,0.5683536,0.5992413,0.58666164,0.55059344,0.5434051,0.583903,0.6587177,0.6503599,0.61376876,0.66500556,0.6828132,0.6240448,0.6910029,0.5840294,0.58005685,0.6566901,0.5492974,0.6488431,0.5872593,0.63165224,0.60682917,0.61479354,0.61173624,0.59537184,0.62540835,0.6492047,0.6629554,0.65417135,0.6625661,0.612667,0.5739909,0.6330688,0.5958198,0.5610706,0.59972817,0.51056755,0.5870493,0.5480163,0.55909,0.5821761,0.56125313,0.5678469,0.5312971,0.54943436,0.54471,0.62785995,0.5465392,0.563103,0.5699601,0.55741376,0.64084035,0.652657,0.60257745,0.62706226,0.63142806,0.63563305,0.6296495,0.56540793,0.5574324,0.6330911,0.6528687,0.6583961,0.64218205,0.5635467,0.53582734,0.62876385,0.62007064,0.61921203,0.6528573,0.6466527,0.62998414,0.64404255,0.6577731,0.54435366,0.6471571,0.6289454,0.6753769,0.6775519,0.6221406,0.59580797,0.61905456,0.5394233,0.5980271,0.56218415,0.5531456,0.5551703,0.6145867,0.61868894,0.5655977,0.53744686,0.5731308,0.59000105,0.56192964,0.6332291,0.67169183,0.66041654,0.5809076,0.6456286,0.6353408,0.6203802,0.56480956,0.56630033,0.5560618,0.55407906,0.5682323,0.5676763,0.6263332,0.574764,0.5743672,0.60105425,0.5679807,0.55179405,0.55210274,0.59779745,0.60069185,0.6179646,0.5889536,0.61949015,0.6278595,0.59972745,0.6297166,0.5728421,0.6531199,0.5785334,0.6486212,0.5730337,0.5457117,0.5926137,0.6283118,0.657159,0.6440715,0.63713115,0.56072325,0.6515428,0.5235181,0.6333093,0.6247754,0.59319293,0.55694956,0.54793304,0.5565467,0.56371444,0.5299553,0.5511113,0.6448751,0.6298091,0.57070315,0.58103883,0.5482834,0.533404,0.5070179,0.5536076,0.54903096,0.5388024,0.5038789,0.5616149,0.54864776,0.5950217,0.55481476,0.5600265,0.5255634,0.5435074,0.55370677,0.5615385,0.54720086,0.5597788,0.58309203,0.5348193,0.56184095,0.559951,0.60538375,0.559792,0.63526326,0.5403404,0.58187205,0.5879937,0.623662,0.62388706,0.62268305,0.612324,0.5680179,0.5483665,0.59596306,0.54979575,0.5631716,0.67288464,0.6514326,0.6358421,0.64058816,0.6724538,0.7126188,0.6236504,0.69267493,0.5333585,0.55762666,0.6604786,0.5244974,0.62530005,0.58346444,0.63636655,0.5728239,0.62353605,0.6010746,0.5986994,0.61319906,0.65432274,0.63897157,0.6431244,0.6621916,0.6137823,0.5932065,0.6455932,0.6088453,0.5179037,0.57810783,0.49908295,0.581173,0.54994273,0.5865769,0.5857251,0.5423503,0.53601587,0.5468184,0.5362205,0.56284934,0.5857283,0.52681804,0.5389124,0.56771415,0.54643655,0.5387895,0.5432378,0.546006,0.5468068,0.5793854,0.573698,0.59596765,0.5975435,0.5490558,0.55638975,0.55824614,0.5551769,0.5419211,0.5301178,0.5735179,0.57579637,0.5764284,0.5648547,0.56766206
686,0.63234866,0.64515305,0.61575586,0.631227,0.63098526,0.62222207,0.61157435,0.5800722,0.5900531,0.61974233,0.63561964,0.6344033,0.634235,0.5448048,0.5461226,0.6291957,0.621703,0.6137931,0.63410854,0.6409852,0.611679,0.6025771,0.65666217,0.5754988,0.62549233,0.56792766,0.6488831,0.63389486,0.6439268,0.5807415,0.5966148,0.5657406,0.57362163,0.55213225,0.5542354,0.606986,0.6356564,0.65684974,0.6062931,0.58102936,0.5861505,0.6138232,0.59635746,0.65353817,0.6600775,0.6718724,0.6098039,0.6219339,0.61318004,0.64355975,0.585292,0.589048,0.58372664,0.5961284,0.591162,0.5929292,0.6284594,0.61195666,0.61709213,0.6203956,0.55147016,0.57176155,0.57316256,0.6105546,0.5869703,0.596042,0.5987139,0.60945165,0.6099717,0.5571536,0.5996401,0.5780612,0.621781,0.58470184,0.5884104,0.5619246,0.5537241,0.6189832,0.60928446,0.6204613,0.6280593,0.61929417,0.6275415,0.6467548,0.59026396,0.6094541,0.5968881,0.5655564,0.5727179,0.5407979,0.54681367,0.5580735,0.52889705,0.5357874,0.62691504,0.6424913,0.60448915,0.6060717,0.5720687,0.5679024,0.56283456,0.5799339,0.5621784,0.56300706,0.57190037,0.5906824,0.5763187,0.60801315,0.5928454,0.5660103,0.5372923,0.524049,0.586286,0.6023396,0.59541917,0.63040984,0.61651194,0.55374014,0.5420608,0.5689127,0.6196863,0.5862728,0.62066203,0.55198634,0.5956906,0.5936178,0.62143797,0.62830234,0.6030527,0.58575565,0.5740801,0.59332377,0.58329433,0.55021536,0.5457947,0.585543,0.65614265,0.6358111,0.6226535,0.668602,0.67932963,0.6235268,0.6788911,0.58909297,0.58511364,0.64208686,0.58169013,0.6581036,0.58617544,0.6248459,0.5983267,0.6143151,0.61227953,0.5949345,0.6197705,0.62895715,0.6386454,0.61768454,0.646204,0.6059438,0.5711138,0.62647545,0.596893,0.55713165,0.59483147,0.50973815,0.60792625,0.57043046,0.57391113,0.581354,0.5664951,0.57646716,0.55998653,0.57706547,0.5656952,0.6271202,0.54291165,0.578431,0.57450473,0.56863874,0.6405517,0.638851,0.6098473,0.6272846,0.62860584,0.6255128,0.621717,0.57906544,0.57682264,0.63609296,0.6452828,0.6650964,0.63221985,0.5605927,0.5410725,0.61661565,0.5814519,0.61503524,0.6275039,0.6074745,0.6097971,0.624307,0.6505758,0.5688618,0.6546169,0.6378092,0.673107,0.68064326,0.6237359,0.5972312,0.6213529,0.54229677,0.5972914,0.5629132,0.55588233,0.5755276,0.6273719,0.6257803,0.5917291,0.55913067,0.596046,0.6075594,0.5823728,0.6450487,0.66873264,0.6426162,0.5876719,0.62094396,0.61240834,0.5984998,0.57920206,0.5803458,0.5752533,0.568709,0.59017605,0.5839141,0.63686585,0.5796498,0.5889496,0.6187286,0.56131595,0.559435,0.5647911,0.59211606,0.5976875,0.623605,0.5932523,0.61859196,0.627268,0.6042718,0.628467,0.57400507,0.65677685,0.5940034,0.6587711,0.58349437,0.5545712,0.604476,0.6468994,0.65544677,0.6503893,0.6386709,0.57281196,0.65215945,0.53540844,0.6347207,0.6277718,0.59328884,0.5559558,0.55086404,0.55768955,0.56693006,0.5336417,0.5536929,0.64294845,0.6297466,0.5830412,0.58875406,0.5774931,0.5612624,0.54143757,0.5859762,0.57913846,0.5678528,0.5393744,0.57850593,0.56675625,0.6085376,0.5718705,0.5638293,0.5388914,0.55169135,0.5822834,0.58843553,0.5686948,0.56922174,0.5786378,0.53557307,0.5693344,0.5714208,0.61401474,0.56187534,0.6457924,0.56486076,0.5974924,0.5806182,0.6131589,0.6363028,0.63678646,0.6196306,0.56982994,0.5466805,0.5972782,0.5509854,0.5622857,0.6657232,0.6494036,0.6083748,0.650371,0.67130816,0.7010705,0.6225677,0.6708422,0.5517392,0.5697709,0.6363782,0.55064213,0.6332579,0.5932587,0.6352594,0.57661146,0.62007064,0.602086,0.5887808,0.60604364,0.63588756,0.6206282,0.60267895,0.6429255,0.60370123,0.59645563,0.6451457,0.59896183,0.51782113,0.57571775,0.4976674,0.5997624,0.576957,0.5997408,0.58875597,0.55626106,0.53782713,0.57132936,0.56533855,0.5837001,0.590996,0.5279517,0.54878044,0.57586414,0.5467693,0.5385009,0.54871213,0.5468198,0.5500136,0.5808049,0.5757248,0.59306574,0.5937049,0.54707104,0.5569037,0.56393653,0.56340116,0.5412605,0.53075105,0.5820429,0.58292913,0.5751378,0.5647105,0.56917965
687,0.6343237,0.6489165,0.6271498,0.63612485,0.63877726,0.6277005,0.6161648,0.59714216,0.61559886,0.63329154,0.6459396,0.6393769,0.641745,0.5403599,0.53621894,0.6305175,0.6089025,0.6171245,0.6332915,0.6270554,0.60351056,0.61272234,0.65514296,0.6078017,0.63962436,0.5691166,0.6402933,0.6434553,0.6299569,0.56136715,0.58520734,0.55679137,0.5465016,0.54265654,0.5402502,0.6220936,0.6580822,0.66297174,0.62822413,0.60958934,0.6227272,0.6340803,0.62660104,0.6619773,0.6639256,0.661482,0.6169351,0.613797,0.5956277,0.63503194,0.60423774,0.6059978,0.6094024,0.61246556,0.6156164,0.61601514,0.64040947,0.61523926,0.63225925,0.6419447,0.54218906,0.5601611,0.5811432,0.593565,0.5701397,0.5941847,0.586564,0.59340215,0.5967628,0.5520803,0.58512384,0.56302595,0.6181193,0.5985402,0.5921293,0.5601059,0.5571428,0.6330481,0.60699546,0.6276055,0.6319256,0.6269781,0.6267399,0.65019226,0.5949522,0.60637355,0.5849682,0.559176,0.5687845,0.536414,0.5450782,0.5642942,0.5325809,0.5385639,0.63113713,0.64674723,0.60549223,0.58971053,0.6143352,0.6039599,0.6009982,0.61390543,0.59906846,0.5982834,0.61134577,0.61757624,0.60365176,0.6263468,0.6217984,0.57642937,0.55426455,0.53408414,0.6243283,0.6363289,0.6194402,0.64220786,0.61800927,0.556371,0.5448544,0.5780118,0.63039553,0.59257257,0.6300513,0.585997,0.61138535,0.5892816,0.62466264,0.63357043,0.6080694,0.57896125,0.577123,0.5807302,0.5789662,0.55095905,0.5467228,0.5894288,0.65147096,0.62934965,0.63505775,0.6732323,0.67226213,0.6271475,0.6670983,0.5942405,0.58591586,0.6373231,0.6198702,0.66815645,0.58295536,0.60694575,0.5812127,0.624793,0.6217202,0.6078971,0.6118339,0.61904067,0.62690943,0.6017398,0.64344835,0.6109205,0.5576743,0.61613065,0.60682327,0.55232245,0.5899328,0.50751424,0.6328264,0.60261786,0.59188694,0.57858473,0.5745984,0.5850996,0.59691274,0.6117623,0.5881951,0.6149973,0.53965646,0.59820056,0.578835,0.5813569,0.64398265,0.6380233,0.62235034,0.6327911,0.63320214,0.62718886,0.6279729,0.5978034,0.6012003,0.65019846,0.6506902,0.6663607,0.6356411,0.5582257,0.5472068,0.6200391,0.56600857,0.61732215,0.6242327,0.5881893,0.6049246,0.6215874,0.65335083,0.6021103,0.6683175,0.6409692,0.6671296,0.682252,0.62953854,0.59050524,0.61814725,0.5462716,0.5793201,0.56399965,0.552779,0.5964466,0.64470416,0.6383694,0.6181797,0.5848302,0.6254953,0.63018435,0.61006415,0.6633804,0.668792,0.6343909,0.60030663,0.61500597,0.6056814,0.59352833,0.5986489,0.60082734,0.6018645,0.5862109,0.6172299,0.6090621,0.64926594,0.58922076,0.6087911,0.6454478,0.5498291,0.5743808,0.5859464,0.58519846,0.5911532,0.63074404,0.60237646,0.6169382,0.61994976,0.6130776,0.62006474,0.57968235,0.658482,0.6186578,0.65956527,0.60168535,0.57176167,0.6288536,0.65965956,0.6644598,0.65832937,0.64872473,0.5916335,0.65847105,0.5569019,0.63801116,0.63597035,0.58889765,0.55842984,0.5535267,0.56802136,0.57851964,0.5396106,0.55892956,0.6498226,0.6386199,0.60411185,0.60109895,0.6145756,0.5978777,0.5812973,0.6244677,0.6157553,0.6028734,0.5802304,0.6071102,0.58941877,0.62877196,0.6021015,0.56971836,0.5631528,0.56326276,0.619232,0.6289745,0.60710776,0.5907568,0.589029,0.53551334,0.57953465,0.58483243,0.62987345,0.5671107,0.64978004,0.5959038,0.6095392,0.57894313,0.6152151,0.64149344,0.64288425,0.62298083,0.56916296,0.54526925,0.6043921,0.55506593,0.562764,0.66549224,0.65210783,0.5989382,0.6566243,0.67280346,0.69375765,0.6296969,0.6561126,0.57972807,0.5859731,0.629048,0.58729416,0.6494474,0.6073734,0.6316389,0.58312225,0.6284677,0.6117258,0.59451795,0.6021943,0.62841576,0.61604524,0.5839432,0.6384273,0.60909253,0.5956452,0.6437113,0.60361177,0.5144423,0.5695803,0.49157244,0.6245526,0.61391824,0.622592,0.5960442,0.58179575,0.5375641,0.6049139,0.60224074,0.6068226,0.5887719,0.5350232,0.5617067,0.58677465,0.5488513,0.5344494,0.55501163,0.545877,0.54881835,0.58173645,0.5778284,0.59076494,0.58796054,0.54632753,0.55705065,0.5704765,0.57406986,0.5394945,0.5312789,0.5931113,0.59259486,0.5747943,0.5667315,0.5730082
688,0.6408112,0.6651378,0.64162827,0.6459824,0.6539806,0.6446945,0.6348036,0.61443406,0.6424439,0.656474,0.6663613,0.63801384,0.6634547,0.53598934,0.522925,0.64841163,0.6157846,0.6264097,0.6529313,0.6372676,0.61545765,0.6374485,0.66294783,0.6416428,0.6473962,0.5623158,0.62677383,0.6484416,0.61321616,0.53531015,0.5687477,0.54910094,0.51294416,0.5347089,0.5239427,0.6353963,0.6830721,0.6718607,0.64623946,0.63981885,0.6588724,0.6534783,0.6623595,0.67212987,0.6699262,0.6527068,0.6281299,0.62690943,0.59552765,0.63509154,0.62313336,0.6243764,0.6364322,0.6310398,0.64019257,0.64637566,0.6505439,0.6194941,0.6519754,0.66862416,0.53375864,0.5503082,0.5921357,0.5738928,0.5541119,0.5977872,0.5737542,0.5771859,0.58141935,0.54711574,0.57020605,0.54944175,0.6092134,0.6162264,0.5915102,0.5558685,0.56220454,0.6528937,0.6004815,0.6377417,0.6360027,0.6368076,0.6281282,0.65794665,0.60205585,0.6041126,0.5669871,0.5498244,0.5663535,0.5275741,0.5457315,0.57707477,0.53708565,0.5434745,0.6414992,0.6549041,0.60835284,0.57151276,0.66149014,0.6435454,0.63802254,0.6478506,0.6365695,0.6337062,0.64852154,0.65082514,0.63062155,0.6487432,0.65704334,0.58937263,0.57659125,0.54961485,0.6672025,0.6780062,0.6522246,0.66037995,0.6286628,0.5637425,0.548653,0.59035176,0.6450927,0.6014268,0.63516307,0.6197962,0.6229035,0.5857717,0.6329977,0.63374984,0.60572094,0.567892,0.57813305,0.5667711,0.57594836,0.5536091,0.54695827,0.5968956,0.64765805,0.632824,0.64973575,0.679834,0.6656166,0.6346415,0.6581005,0.5996213,0.5837533,0.6435938,0.6586807,0.67977834,0.57926077,0.58312553,0.56072533,0.64466953,0.6391107,0.632601,0.6036693,0.6237356,0.6315055,0.6121109,0.65712345,0.6266745,0.5391644,0.6064092,0.6245382,0.5494316,0.58811784,0.5053595,0.65979517,0.638228,0.61285543,0.5765007,0.5845636,0.59199136,0.6354728,0.6470353,0.60769516,0.5965535,0.53799415,0.61976135,0.5855357,0.59724677,0.65352094,0.6532766,0.63825536,0.6442698,0.64698625,0.64321965,0.6492362,0.61725503,0.62504345,0.67439693,0.6693555,0.6627812,0.6533196,0.5595567,0.5540939,0.6392229,0.577306,0.62727493,0.64557093,0.59666634,0.6204217,0.6398987,0.66783994,0.6389203,0.68739,0.63777554,0.6591149,0.6830169,0.6364012,0.5779736,0.6117181,0.553146,0.55169916,0.56880987,0.546874,0.61194474,0.6653626,0.6558721,0.64001787,0.610099,0.6573241,0.65489733,0.6417176,0.6861174,0.6724554,0.63648534,0.61677575,0.63011503,0.61754155,0.60607266,0.6179498,0.6236081,0.6298019,0.6035884,0.6451905,0.64021707,0.6638849,0.60300016,0.63321424,0.6788457,0.5398353,0.5956673,0.61111987,0.58119065,0.5873704,0.643311,0.61412835,0.61646897,0.60889184,0.6247998,0.60719526,0.5897862,0.6579896,0.6467139,0.6526773,0.62459016,0.59333074,0.6617075,0.66485757,0.6825838,0.6677615,0.6664345,0.61287653,0.6703178,0.58236486,0.6442162,0.6490347,0.583445,0.5643988,0.554385,0.5856015,0.59803236,0.5468955,0.56778115,0.66339463,0.65563035,0.6286808,0.6146324,0.654498,0.6367013,0.6197105,0.66307926,0.65419173,0.63770705,0.6200549,0.64329636,0.61327046,0.6538752,0.6417336,0.5781666,0.5955035,0.57913893,0.6608347,0.67776257,0.65596133,0.62081957,0.61207986,0.53477544,0.59165096,0.5996032,0.6504277,0.5752365,0.64798295,0.62697566,0.6157244,0.58383566,0.6298697,0.6399392,0.6400094,0.6218782,0.567308,0.54512405,0.6164943,0.56137013,0.5652353,0.6734987,0.6599863,0.6110865,0.6594091,0.6782947,0.69381106,0.6440581,0.6512135,0.6108868,0.6027132,0.639902,0.6287731,0.6723212,0.6217789,0.62683576,0.59065074,0.64854115,0.62921506,0.6162933,0.6020485,0.6366739,0.6286113,0.5936613,0.6521232,0.62948495,0.5924239,0.641147,0.62294376,0.51017296,0.5624526,0.48224935,0.65266323,0.6536989,0.65267843,0.6057116,0.6130304,0.53537565,0.64210045,0.640504,0.62742543,0.5807108,0.5464975,0.5760715,0.600397,0.55674076,0.5294382,0.5628506,0.54312795,0.5437311,0.5849914,0.58207387,0.59061354,0.5830889,0.5482253,0.5576797,0.57809174,0.5864995,0.5374793,0.5321102,0.60738117,0.60553277,0.57704604,0.57151043,0.5794914
689,0.6534465,0.6917089,0.65727454,0.6603606,0.67503935,0.6713985,0.6643029,0.628165,0.6648535,0.68646175,0.694539,0.6332732,0.6947161,0.53765583,0.51363426,0.67889947,0.63957036,0.6414081,0.6885407,0.67024946,0.6457647,0.6729117,0.68020463,0.67121947,0.6501346,0.55102587,0.6126046,0.64957875,0.59767437,0.512491,0.55433875,0.5488715,0.48576462,0.5368199,0.5146678,0.64435345,0.7072064,0.6838889,0.6579995,0.66699564,0.6904783,0.6698625,0.69818723,0.6841854,0.6774387,0.64548737,0.64180166,0.65833724,0.6114188,0.6432972,0.6373276,0.6403578,0.6590006,0.6494083,0.6611899,0.67821157,0.6603797,0.62676406,0.6763637,0.6982851,0.53216326,0.5499911,0.608208,0.56097674,0.5476134,0.6130977,0.56655085,0.56855714,0.5714806,0.5469271,0.56245863,0.54604644,0.60002285,0.6384511,0.59062654,0.5541537,0.57051337,0.6762686,0.59560317,0.651198,0.64411944,0.65103257,0.6347564,0.6708306,0.61227787,0.6064805,0.5507228,0.54340863,0.56836104,0.51793814,0.5508039,0.59704417,0.54248685,0.5529957,0.6574351,0.66633445,0.6157595,0.5589264,0.70529664,0.6794451,0.6678401,0.6763584,0.66894835,0.66233754,0.6785648,0.68551326,0.6531598,0.6729807,0.6951177,0.6044613,0.6031106,0.5721439,0.70842654,0.72089535,0.6876787,0.6814577,0.64608645,0.57628256,0.5542722,0.6061513,0.6624545,0.6125524,0.63725746,0.6457043,0.6285018,0.5846664,0.6449758,0.6303385,0.598855,0.5581323,0.57866526,0.5582059,0.57688254,0.55856335,0.54738104,0.6084386,0.64791805,0.6454217,0.6654291,0.6884391,0.663077,0.6445842,0.653048,0.607491,0.58233565,0.6586052,0.6926868,0.69288737,0.57921666,0.5621224,0.5449781,0.66950977,0.66087,0.6641853,0.59731525,0.642973,0.65158385,0.64648885,0.6847616,0.6488009,0.5251035,0.6029895,0.6469868,0.55084014,0.59211487,0.504871,0.68652,0.66993946,0.63639104,0.5798716,0.59684104,0.5964433,0.66834,0.675864,0.62013954,0.5788829,0.54029626,0.64002454,0.5977776,0.6178712,0.6699414,0.6823607,0.65474707,0.66078526,0.66899174,0.6718022,0.6821778,0.6330062,0.64277613,0.7047981,0.69754964,0.65736777,0.6819153,0.5683323,0.5635099,0.669762,0.6113364,0.64418817,0.686191,0.63189644,0.6543069,0.6764438,0.69155884,0.6727474,0.70904094,0.63087153,0.6512822,0.68348867,0.6416025,0.56523275,0.6055181,0.5662835,0.5253417,0.58153033,0.5443952,0.6180198,0.6866035,0.6763792,0.6539216,0.63075083,0.6866206,0.6779147,0.6728015,0.7099737,0.67846787,0.6457353,0.63388765,0.662204,0.6446665,0.63173926,0.63193667,0.6439866,0.65259314,0.61767614,0.6695975,0.67248255,0.6803714,0.6199597,0.6600547,0.71375304,0.5375522,0.6223222,0.63697505,0.5845135,0.5918309,0.663463,0.6276334,0.6199139,0.5987043,0.6388657,0.59549576,0.6044545,0.65665376,0.67419714,0.64273125,0.64936465,0.6159691,0.69735074,0.66386,0.7056785,0.67919344,0.68969274,0.6342144,0.6863102,0.607343,0.65446305,0.6664225,0.5809362,0.57466495,0.55310255,0.6080463,0.6237668,0.5546739,0.5815511,0.6809718,0.6772257,0.6529313,0.6280607,0.6914792,0.6707821,0.65046006,0.6963324,0.6885751,0.66600984,0.6522077,0.68104666,0.63438976,0.6808603,0.68471634,0.5890892,0.6323046,0.59943676,0.7015056,0.72637117,0.70542324,0.6531552,0.641718,0.53398365,0.6050982,0.615382,0.6721657,0.58525616,0.64334506,0.65096426,0.6152632,0.5941083,0.653547,0.6337847,0.6304732,0.61853856,0.56585836,0.54751056,0.63253117,0.5692322,0.5697338,0.6887728,0.67231274,0.6417847,0.66007876,0.6880674,0.70213705,0.6629916,0.65538347,0.64018655,0.6188467,0.6645528,0.6679303,0.6982123,0.63490593,0.62394387,0.59935457,0.6767373,0.65151715,0.6502382,0.6043509,0.6606588,0.65643203,0.6297541,0.6812087,0.6601273,0.59158206,0.63865393,0.653038,0.50750536,0.5575158,0.47182104,0.68048865,0.6887286,0.6861959,0.6174347,0.645096,0.532213,0.67616004,0.6724442,0.6409679,0.57008994,0.56097966,0.58961993,0.6171828,0.5734467,0.52600193,0.5722454,0.5387005,0.53593117,0.5934492,0.5905671,0.59395313,0.58194405,0.5535107,0.5596349,0.58714885,0.5999491,0.53605413,0.5337264,0.6245117,0.6217046,0.58348477,0.5794033,0.58845705
690,0.6726451,0.7231027,0.6721024,0.67796624,0.6989133,0.7032105,0.6986025,0.63497597,0.67804617,0.7181685,0.72581875,0.63057667,0.7279108,0.55078655,0.51642835,0.7141723,0.6720875,0.6600184,0.73071027,0.7166442,0.68630034,0.7116952,0.7039444,0.692226,0.6508705,0.54145014,0.6021388,0.64860713,0.5872402,0.5034037,0.54897535,0.56120414,0.476385,0.55580795,0.521155,0.64783764,0.7265793,0.69791543,0.663042,0.68702817,0.7151713,0.6813109,0.72855526,0.6971276,0.68390393,0.6379407,0.6545658,0.6988126,0.63552135,0.6563969,0.64257896,0.6500888,0.67202467,0.6644907,0.6757002,0.7042212,0.6717846,0.63889325,0.70362884,0.72727466,0.54122514,0.56494987,0.63128525,0.5618245,0.55628216,0.6420173,0.5712447,0.5739518,0.5736974,0.55609155,0.56809217,0.5593281,0.5971875,0.66583174,0.5949184,0.5604858,0.58401436,0.6997483,0.59988254,0.6679083,0.65985215,0.6715983,0.6491486,0.68763053,0.6268337,0.61627716,0.54448897,0.54542196,0.5783417,0.5129588,0.5619651,0.6225059,0.54865336,0.56917787,0.67737263,0.6784765,0.63015604,0.5585867,0.7382928,0.7046969,0.6860938,0.6951382,0.69156545,0.6787494,0.69788337,0.7154298,0.6680627,0.69584465,0.73106164,0.6201872,0.63154674,0.60050577,0.74124986,0.7577544,0.7180749,0.7001679,0.66506785,0.5927872,0.5622666,0.6245603,0.6806623,0.6250018,0.6390251,0.6577654,0.6283754,0.5864364,0.6571985,0.6262825,0.5927551,0.55652374,0.5806961,0.5608758,0.5840633,0.56558204,0.5488368,0.62328726,0.6543873,0.66360825,0.68060964,0.697796,0.6665988,0.65461004,0.65109456,0.62130105,0.58698875,0.6776117,0.71711636,0.7060901,0.5875933,0.5537087,0.5423825,0.6934528,0.6824122,0.69594514,0.59362304,0.6720667,0.68133736,0.6944792,0.7194104,0.6708943,0.52558625,0.61001253,0.66989267,0.5572326,0.603077,0.5068959,0.7105961,0.6908295,0.66129124,0.5942326,0.6129788,0.5989156,0.6899277,0.69301015,0.6232875,0.56926876,0.5488494,0.6560974,0.6173866,0.64319855,0.69238824,0.7176421,0.6690357,0.68030995,0.6959244,0.70723104,0.7204562,0.64142406,0.6502065,0.7356002,0.72852874,0.6549583,0.71475893,0.5868445,0.578005,0.70376897,0.65673226,0.6653173,0.7341783,0.6832316,0.69780844,0.72208047,0.7186336,0.6982973,0.72925913,0.62579334,0.6455648,0.6842,0.6430805,0.55970114,0.6029648,0.5888098,0.511367,0.60527354,0.55234087,0.6135383,0.7048705,0.6965661,0.6589659,0.64366835,0.7092353,0.6956581,0.6985913,0.7310193,0.6836702,0.6551791,0.64757925,0.7012996,0.677713,0.6618822,0.6364777,0.6576948,0.66474557,0.6258079,0.68703395,0.6994514,0.6974534,0.63838696,0.6858842,0.7439068,0.5464196,0.6527555,0.66190594,0.5973131,0.6070038,0.690146,0.6433227,0.6294467,0.5946696,0.65540916,0.59162045,0.6236907,0.65730923,0.6997567,0.63645965,0.6739504,0.63769823,0.7297471,0.6606657,0.72853965,0.69352984,0.7153072,0.6552985,0.7036321,0.6298772,0.66924477,0.6869682,0.5848764,0.5898812,0.55146563,0.63274956,0.65231705,0.56223005,0.60120326,0.6998646,0.6975636,0.6747752,0.64170855,0.7203381,0.69395137,0.6700042,0.7205948,0.7138384,0.6831424,0.67171454,0.7135702,0.6492775,0.70588803,0.7241553,0.6011732,0.6691288,0.6228403,0.7353705,0.7662202,0.74547505,0.6802606,0.66932434,0.5339643,0.6192019,0.63143677,0.6916307,0.59533495,0.64028096,0.66262025,0.60957605,0.6064397,0.6792788,0.626821,0.6198543,0.61722463,0.5662413,0.55314493,0.6514311,0.57807523,0.5754477,0.70817095,0.68712854,0.68159693,0.661015,0.7009009,0.7167625,0.6824715,0.6641576,0.66483986,0.63536835,0.69408613,0.69734496,0.72219473,0.64745957,0.6269829,0.6107673,0.7069247,0.67439085,0.68889403,0.60610175,0.69497526,0.6919688,0.6806469,0.71764904,0.693334,0.5992461,0.6381271,0.68679297,0.5081376,0.55736154,0.46240708,0.7045102,0.7128754,0.7185107,0.63156265,0.67508864,0.529267,0.7013061,0.69240236,0.64466166,0.56110173,0.57737076,0.59989685,0.63747424,0.59919083,0.52545434,0.58228916,0.5329586,0.5269467,0.6087855,0.60448307,0.6014933,0.58652115,0.56177914,0.56351125,0.59759134,0.61325324,0.5358069,0.5362928,0.64309597,0.6401396,0.59474117,0.59008294,0.5990475
691,0.69691265,0.75212044,0.6845047,0.69646966,0.72176474,0.73395956,0.7303584,0.6327456,0.6792516,0.7457057,0.7541849,0.6349479,0.75516915,0.5769895,0.53556895,0.74512213,0.7026895,0.67875206,0.7685325,0.76221573,0.7256765,0.74576914,0.7289884,0.7034133,0.6531857,0.5397196,0.598951,0.6486652,0.5843393,0.5154854,0.5571643,0.5872238,0.4906886,0.59340566,0.54758465,0.6458475,0.73864865,0.7115746,0.6626738,0.6973966,0.732475,0.6872182,0.7491967,0.70876974,0.6864,0.62791264,0.6626168,0.735928,0.6569478,0.6696003,0.63621175,0.6509659,0.6725336,0.6734084,0.68253076,0.71848655,0.6858084,0.6562351,0.73010814,0.7514374,0.5611048,0.59600425,0.6613033,0.57793903,0.58075285,0.6809137,0.5914922,0.5955617,0.5917742,0.57739437,0.58954483,0.5907658,0.60637414,0.69755995,0.6087631,0.5789298,0.6042243,0.7199294,0.61843246,0.6864141,0.68425214,0.69810915,0.67160517,0.7052673,0.6459744,0.6332156,0.55396235,0.55958146,0.5983048,0.51821744,0.5792758,0.6495027,0.55523086,0.5925765,0.6987574,0.68820965,0.6520336,0.5725434,0.7562785,0.714727,0.69131106,0.70238197,0.7025734,0.68081486,0.7059044,0.73544943,0.6744207,0.71358544,0.75970757,0.6342978,0.65827656,0.6309973,0.7613449,0.7834319,0.7371458,0.71187997,0.68015474,0.61072636,0.5724219,0.64370155,0.6977026,0.63768417,0.6434933,0.6543828,0.62459236,0.5903864,0.66570145,0.6251889,0.5927026,0.56847805,0.5860612,0.57788855,0.5984802,0.57400095,0.5521639,0.6394367,0.667292,0.6822988,0.6934523,0.70620865,0.6758982,0.66187704,0.65010446,0.6432481,0.60226876,0.6952606,0.72939014,0.71747863,0.6071221,0.56494194,0.5583297,0.7109772,0.69983697,0.7212822,0.592526,0.70304966,0.71184987,0.7409217,0.75207764,0.6867734,0.5471806,0.6277477,0.6887167,0.56752133,0.62045133,0.51093,0.7299504,0.69640315,0.68518984,0.62228143,0.6345014,0.6002103,0.69853324,0.69700927,0.6181438,0.5731524,0.56478107,0.6662252,0.642838,0.6707989,0.71813095,0.7491433,0.6788768,0.69990385,0.72284406,0.74172264,0.7562679,0.64045674,0.6455951,0.76060724,0.7548711,0.6592583,0.74387544,0.6138122,0.5985492,0.7321794,0.6986082,0.68632203,0.7758611,0.73414564,0.73945713,0.7650574,0.7421404,0.7134087,0.74407226,0.6280328,0.6430099,0.68560505,0.6403388,0.56853217,0.6065338,0.6214125,0.5178149,0.640153,0.5749335,0.5999799,0.71721137,0.71259695,0.6566177,0.64732486,0.72294015,0.7061485,0.7153062,0.74565005,0.6846163,0.6575441,0.6544943,0.73524433,0.7049697,0.6869409,0.6294726,0.66195756,0.66316485,0.62687665,0.6960074,0.71564406,0.7134061,0.65628403,0.70685315,0.7644298,0.56610906,0.6843816,0.685327,0.61797464,0.63206416,0.7198076,0.661995,0.64592564,0.6015435,0.67496467,0.600525,0.6471149,0.66298497,0.7232389,0.6397297,0.6974171,0.65810215,0.7541759,0.6592821,0.7463567,0.7110265,0.73933244,0.6765219,0.71849626,0.6500479,0.6869856,0.7087832,0.59783965,0.6089718,0.55318904,0.6567673,0.67917186,0.5691075,0.62657607,0.7173625,0.7111907,0.69332904,0.6562878,0.73773414,0.7022909,0.6781443,0.73473734,0.72773504,0.68768126,0.6769656,0.7354303,0.65655637,0.72476256,0.7543247,0.61227363,0.70125,0.6470124,0.75811005,0.7917635,0.76975965,0.69647926,0.68769056,0.5357061,0.63316464,0.6465385,0.70630294,0.60351044,0.6429418,0.6607991,0.6024178,0.61664766,0.69907886,0.6236328,0.6147144,0.6222369,0.5695971,0.5620989,0.672149,0.5873547,0.58112663,0.72731006,0.7018804,0.71845484,0.6643045,0.7143211,0.7333446,0.69795233,0.671501,0.68420357,0.6538544,0.71865004,0.711716,0.739981,0.6608775,0.63938046,0.62665236,0.7322076,0.69358116,0.72324556,0.6041534,0.7304625,0.7248961,0.729328,0.7515082,0.7209577,0.6193486,0.64075744,0.7160284,0.5129931,0.56388843,0.45542857,0.7220079,0.7230255,0.74518776,0.6478587,0.7019435,0.52752995,0.7148088,0.69913775,0.6391724,0.55802953,0.5949342,0.605201,0.660392,0.630775,0.52795047,0.59165555,0.5268852,0.51875806,0.6305325,0.6234,0.6129161,0.5972404,0.5715626,0.569416,0.6089022,0.62507206,0.53699744,0.5395329,0.66122144,0.6590945,0.6097541,0.602147,0.60977864
692,0.722774,0.7730904,0.6936409,0.71306366,0.74013054,0.7580912,0.7531985,0.62256366,0.6696739,0.7650629,0.77481234,0.6486817,0.7712362,0.6131717,0.5696164,0.76497674,0.72308856,0.6941929,0.7940839,0.7950134,0.7541978,0.7695547,0.7500881,0.7070911,0.6604622,0.54955846,0.6060258,0.65394133,0.59091884,0.5500233,0.5793187,0.6236416,0.52693903,0.6444953,0.5914445,0.6407844,0.7440339,0.7234175,0.66057086,0.69861263,0.74388075,0.68982077,0.7587659,0.7180659,0.68488675,0.6170955,0.6649494,0.7601186,0.66725165,0.6802617,0.6197639,0.64392984,0.6617971,0.6758269,0.6833413,0.71963894,0.70257264,0.6774656,0.75247824,0.7683997,0.5886601,0.63846797,0.69557816,0.6057798,0.61621994,0.7216898,0.6258904,0.63010824,0.62467843,0.6098848,0.62422585,0.6350661,0.6293385,0.73095345,0.63282746,0.6098063,0.63062656,0.735424,0.6501931,0.70435005,0.71462965,0.72741604,0.6997499,0.7211015,0.6685101,0.65449196,0.57978415,0.58570987,0.6272589,0.5367749,0.600784,0.6733537,0.5618184,0.6214686,0.7195936,0.6947049,0.6795582,0.5977892,0.7593163,0.7095888,0.6860028,0.700096,0.7041097,0.67118156,0.70606685,0.74433726,0.67442364,0.7238921,0.77822876,0.6454869,0.6801085,0.6594743,0.76826745,0.79663205,0.7433048,0.71592367,0.6895247,0.6273421,0.5837538,0.66147554,0.71190757,0.64984256,0.6526375,0.63978755,0.6207604,0.5953944,0.66862524,0.6302889,0.6020605,0.5953745,0.5956973,0.60789984,0.6188692,0.58303726,0.5578811,0.654578,0.6856413,0.69758326,0.7028945,0.7134588,0.68979913,0.66489923,0.64940614,0.67288756,0.6297827,0.7083021,0.73082614,0.7267824,0.6369424,0.5967463,0.59250945,0.7187951,0.7108681,0.7358266,0.5945368,0.7278381,0.73542744,0.7731342,0.7754254,0.6926752,0.5898744,0.6536025,0.70006496,0.5796708,0.64241415,0.51544684,0.743954,0.68712306,0.7055274,0.66111416,0.6612791,0.6009951,0.6968713,0.69119215,0.60923713,0.59202296,0.5873286,0.6707572,0.6701607,0.69743574,0.74319273,0.76944405,0.68298656,0.71643496,0.7448128,0.76846033,0.78277797,0.63130194,0.6312825,0.77573556,0.7716281,0.671056,0.76288277,0.64518803,0.62416095,0.74821633,0.7254643,0.7027962,0.8020794,0.7706614,0.7701503,0.7963892,0.7570964,0.719459,0.7515678,0.64037853,0.6448033,0.6886292,0.63644224,0.59525824,0.6176273,0.6612435,0.54649264,0.6823462,0.61129427,0.5822097,0.72319144,0.7226444,0.65129066,0.6429782,0.728424,0.71040785,0.72176117,0.75264907,0.68089396,0.65075904,0.6546197,0.75538445,0.71842897,0.7013069,0.6129013,0.6573433,0.6493573,0.6227169,0.6978694,0.71957797,0.72749645,0.6725032,0.72055995,0.77388936,0.5934438,0.71436596,0.70692986,0.64262015,0.66321427,0.74799657,0.68376523,0.66842884,0.62145066,0.6974239,0.62321883,0.67343354,0.67554194,0.744346,0.65461504,0.7191342,0.67742735,0.76897824,0.6622337,0.75651056,0.73071146,0.75865144,0.6981735,0.728488,0.6689249,0.7049625,0.72991914,0.6198381,0.62970275,0.56192213,0.6775323,0.7002507,0.57521844,0.65549093,0.7320303,0.7164306,0.7091153,0.6722282,0.74332404,0.69595146,0.6778383,0.74062115,0.7319812,0.6823873,0.67066264,0.7449251,0.6579832,0.73495543,0.7726252,0.620832,0.72548467,0.6698583,0.76834464,0.8017539,0.7772576,0.70080286,0.69478804,0.5401544,0.6466355,0.6597518,0.7153453,0.6087229,0.65353876,0.64951485,0.5986876,0.6217666,0.70763123,0.6278181,0.62005144,0.636061,0.5763797,0.5736776,0.6935245,0.5964388,0.58580565,0.74271685,0.7151456,0.7434292,0.67090666,0.7262369,0.74777514,0.7066381,0.6738519,0.6999501,0.6756735,0.73212236,0.7102242,0.750153,0.67641044,0.66197366,0.6477504,0.7476164,0.70588183,0.7458775,0.5977572,0.75827193,0.74735117,0.7619765,0.7750551,0.7370402,0.6514617,0.64754623,0.7344898,0.5219602,0.5778729,0.45122653,0.7321855,0.7204452,0.7636493,0.66593766,0.7256376,0.52772456,0.71803474,0.6961586,0.6291752,0.56373805,0.61291516,0.6056816,0.68414086,0.6631611,0.53310215,0.5995063,0.5219334,0.51355463,0.6562347,0.64555234,0.6270076,0.6129844,0.5810195,0.5770176,0.62048376,0.6347531,0.5395644,0.5430121,0.67740655,0.6767658,0.62641716,0.6138294,0.6192744
693,0.74615663,0.78445107,0.6998254,0.7259317,0.7523091,0.7727987,0.76377445,0.60972023,0.65543014,0.7755649,0.78585273,0.6708712,0.77510065,0.65394866,0.6135229,0.77192616,0.73053294,0.70419323,0.8047436,0.81059825,0.7673885,0.7810472,0.7645764,0.70758736,0.67490894,0.5713915,0.6254561,0.66767913,0.6093742,0.60096264,0.6112085,0.6650384,0.5761577,0.69906735,0.6445251,0.63851285,0.74631405,0.73424435,0.66263205,0.69461346,0.7522048,0.693908,0.75919586,0.72654635,0.6831374,0.61219573,0.66490066,0.7683539,0.6639368,0.68999636,0.600505,0.6345203,0.6460764,0.67525655,0.6824345,0.7111696,0.72158897,0.70014226,0.7695837,0.7786821,0.61853606,0.68408686,0.72987145,0.6388813,0.6537898,0.75526303,0.66795564,0.6702104,0.6662046,0.6482584,0.66540897,0.681557,0.66281956,0.7622046,0.6632738,0.64841235,0.6600111,0.7470277,0.6882594,0.7195782,0.7458207,0.7551258,0.72952205,0.7346068,0.69256103,0.67737514,0.61712414,0.6184893,0.6617482,0.5672969,0.6235121,0.6903444,0.56806827,0.6518403,0.7397939,0.7001181,0.70961404,0.6289226,0.7509392,0.6941496,0.6763048,0.69372416,0.7014477,0.6567298,0.70429736,0.7449549,0.6722288,0.72725594,0.78702897,0.6543631,0.6958471,0.68287575,0.7645052,0.7993052,0.73961955,0.71600664,0.69586915,0.6405466,0.5947486,0.6763379,0.72244114,0.6607745,0.66636306,0.6225892,0.62094223,0.6003191,0.6669976,0.64316976,0.6215534,0.6336728,0.60902405,0.64491737,0.64195806,0.59191376,0.565466,0.6667813,0.70797676,0.708441,0.70957255,0.72135895,0.7075146,0.6650297,0.6510658,0.7076995,0.66751474,0.7169257,0.7263508,0.73572004,0.67328435,0.6430081,0.6384494,0.7171888,0.71504295,0.7384405,0.6005923,0.7419295,0.7490433,0.786128,0.78652847,0.6881119,0.646738,0.68457496,0.7026747,0.59145,0.66619176,0.5190458,0.7537019,0.6692334,0.7206326,0.7036812,0.6907496,0.60206664,0.69032896,0.6824962,0.6026905,0.62209946,0.61400044,0.67208,0.6955855,0.72088385,0.7640707,0.77652097,0.6816199,0.72796273,0.7589825,0.7841017,0.79630953,0.61914897,0.61406684,0.78052336,0.77770144,0.68906975,0.76938516,0.67733043,0.65367776,0.7499651,0.733395,0.7120659,0.8104571,0.7871754,0.785784,0.81270653,0.76239836,0.7199246,0.75296605,0.66231555,0.6532599,0.6950353,0.6379448,0.63701767,0.6360486,0.70316494,0.5911157,0.72534627,0.65583616,0.5686123,0.72544,0.72831726,0.64996076,0.63504595,0.72907937,0.7122645,0.7199917,0.754124,0.6764874,0.6401423,0.65214676,0.7594965,0.7168531,0.705583,0.5938436,0.6487361,0.63025296,0.6180668,0.6966197,0.71425754,0.7405571,0.6870677,0.7271698,0.7743343,0.6236877,0.7405077,0.72635895,0.66750747,0.69423544,0.7705139,0.70758426,0.6941713,0.6517419,0.7210229,0.6562621,0.7001968,0.6948921,0.76247805,0.67874706,0.7375972,0.6955647,0.77552277,0.6709488,0.7591935,0.75045913,0.7721518,0.7202516,0.7343153,0.68808115,0.7217159,0.7488977,0.6466656,0.65067744,0.5790171,0.6941112,0.71304065,0.5806247,0.68368375,0.7449598,0.71596557,0.7239812,0.68966216,0.73968893,0.6795403,0.6740543,0.74249846,0.7312864,0.67338806,0.6588499,0.7443587,0.65736127,0.73713565,0.77976376,0.6266932,0.741199,0.6900031,0.7673714,0.7981845,0.77079326,0.69672716,0.69393474,0.5475747,0.6598831,0.6710012,0.7196778,0.6110803,0.67138815,0.63652825,0.602186,0.62120545,0.7041083,0.6401354,0.6378207,0.65860564,0.58573216,0.5861491,0.7142279,0.6046356,0.58912045,0.75319886,0.7274133,0.75362396,0.6808908,0.7363501,0.75859976,0.7091805,0.672282,0.7154337,0.7017526,0.734172,0.69676745,0.75446564,0.6950409,0.6920177,0.6731284,0.7520174,0.7099295,0.7532816,0.5891287,0.7739297,0.7570119,0.7734193,0.7852141,0.73921555,0.6917035,0.66020215,0.7397739,0.53318983,0.5977741,0.4492324,0.73644847,0.7105948,0.773775,0.6862073,0.7463185,0.53024113,0.71541286,0.6896225,0.62144196,0.5780052,0.630205,0.6033404,0.70712394,0.6917666,0.5401308,0.6057787,0.5193045,0.5127733,0.6822281,0.6683744,0.64226127,0.6317274,0.5886898,0.5857294,0.6318632,0.6427248,0.54313445,0.5463204,0.6908244,0.69177663,0.642964,0.6242698,0.6270305
694,0.7639237,0.78837055,0.70433235,0.73486245,0.75857645,0.7782998,0.76220006,0.60146236,0.6452017,0.77920145,0.78822005,0.69798565,0.76977545,0.69397336,0.6609957,0.7690253,0.727798,0.70826256,0.80240864,0.8110125,0.765888,0.7812132,0.7728266,0.7085994,0.69599557,0.60224825,0.6561441,0.68966687,0.6403716,0.6567876,0.645204,0.7059847,0.62546957,0.74728984,0.69645983,0.6458251,0.74936676,0.74562603,0.6739006,0.69081324,0.7598894,0.7036253,0.75431085,0.73650527,0.6856062,0.62048644,0.6678169,0.7634572,0.6505859,0.7027473,0.58857113,0.63027066,0.63410354,0.67711025,0.68426293,0.69919866,0.7414752,0.72150695,0.781776,0.78431123,0.6447523,0.7243236,0.76030004,0.6698671,0.6840023,0.77552706,0.7091564,0.707674,0.70700645,0.68520474,0.7051048,0.7194467,0.6999256,0.7882043,0.6938706,0.6869442,0.6881175,0.75623393,0.7241984,0.7309791,0.7730158,0.77767736,0.75697756,0.74627763,0.7163489,0.6999461,0.65757513,0.6494585,0.6973744,0.60429955,0.6445876,0.6988351,0.57371724,0.6788111,0.7603993,0.707323,0.7390546,0.66071886,0.7365311,0.6760039,0.66909444,0.68945384,0.70002085,0.6454137,0.70524967,0.7421124,0.6716314,0.7260063,0.78839135,0.6625681,0.70601004,0.69930965,0.75336784,0.79492205,0.7315202,0.71725243,0.70367205,0.6492414,0.6038369,0.6875812,0.729337,0.66954464,0.6825816,0.6115634,0.6280594,0.60402614,0.66328126,0.66268545,0.6490381,0.6762676,0.6239425,0.6807634,0.66394764,0.5998909,0.57316905,0.67456883,0.73212624,0.7162139,0.7154717,0.73181385,0.7278629,0.66565865,0.6578737,0.7441143,0.71035856,0.7236996,0.721644,0.7457015,0.71118873,0.6930691,0.6861984,0.7098865,0.7134987,0.7309689,0.6105433,0.7455634,0.7543641,0.78178865,0.78675723,0.67556894,0.70651454,0.7176502,0.69748944,0.60088575,0.6885998,0.52119815,0.7607685,0.65248364,0.72985256,0.7427839,0.71922857,0.60447216,0.6842102,0.6780454,0.603198,0.6553515,0.64160144,0.6732135,0.7166762,0.73982316,0.77886766,0.7730158,0.67683905,0.7343725,0.7651881,0.788878,0.7966107,0.611133,0.6023755,0.7775299,0.7752949,0.7109634,0.7653465,0.7083293,0.6862578,0.7405739,0.7257508,0.71396977,0.8036137,0.7852556,0.7866772,0.81518483,0.76047695,0.7181993,0.75145286,0.69049585,0.6701771,0.706154,0.6512825,0.68519175,0.65927535,0.74199754,0.6390716,0.76297396,0.70075065,0.56765777,0.7277431,0.7330823,0.6587594,0.6291147,0.72902906,0.7159865,0.7139039,0.7538705,0.6770378,0.63525033,0.65301913,0.75119907,0.70514154,0.70538527,0.58180743,0.64331925,0.6155244,0.61807394,0.6968044,0.7052031,0.7536405,0.7003262,0.7285662,0.76949865,0.65145046,0.76152945,0.74342287,0.6899719,0.7185922,0.7843552,0.7315219,0.71950996,0.6853407,0.7429504,0.69325966,0.72454953,0.71886206,0.7774488,0.7066945,0.7510178,0.7122721,0.77689695,0.6856685,0.75678587,0.7677402,0.7805248,0.7425955,0.7387913,0.70916146,0.7372481,0.7647154,0.67141855,0.6716667,0.60282636,0.70748675,0.7171298,0.5853826,0.70655155,0.758976,0.714581,0.7402319,0.7086216,0.7309945,0.6605454,0.6715194,0.74489355,0.73049366,0.66720164,0.6478609,0.7384974,0.6583009,0.73439157,0.7785765,0.63068986,0.7497359,0.7063351,0.7577758,0.78486735,0.75519526,0.68993014,0.69132537,0.55717045,0.67321485,0.6807079,0.7213531,0.6114528,0.6931579,0.62962335,0.61387575,0.6165871,0.69191873,0.65796214,0.66600305,0.6870801,0.5955279,0.5971876,0.7331121,0.611487,0.59120834,0.7594971,0.73998255,0.75139457,0.69372773,0.7457606,0.7668758,0.7092113,0.6712911,0.73387516,0.73195565,0.7293696,0.6782888,0.75602645,0.71713984,0.724331,0.7006544,0.7481726,0.7065451,0.74615806,0.581827,0.7779538,0.7563004,0.76592517,0.78335303,0.7289465,0.73459446,0.6798551,0.73335516,0.54322636,0.6196563,0.448437,0.73725915,0.70095515,0.77732855,0.7093256,0.7642965,0.53490525,0.7120286,0.6849618,0.6214448,0.5972489,0.6458217,0.6007952,0.7280676,0.7134423,0.54750746,0.6106624,0.5194412,0.5162485,0.7045802,0.68890214,0.6572462,0.65098536,0.59381425,0.5946737,0.64259875,0.6499897,0.54703504,0.54904807,0.70075136,0.70304286,0.65837824,0.6336729,0.6332978
695,0.774347,0.7882451,0.70904505,0.74059665,0.76028,0.77665067,0.7514161,0.6032017,0.646,0.7789789,0.78435475,0.72506964,0.76080674,0.72846556,0.7055552,0.76215655,0.72136205,0.707331,0.79209024,0.8015867,0.7534496,0.77304494,0.7763425,0.7121294,0.71998453,0.63656145,0.6923914,0.71585673,0.6804174,0.7056673,0.67393893,0.74138707,0.66375613,0.7832715,0.7387218,0.6657514,0.75481874,0.75762016,0.6948297,0.6912968,0.7677835,0.7194228,0.7479322,0.74823016,0.69385827,0.644738,0.6772336,0.7517805,0.6348763,0.72119296,0.5915456,0.63635236,0.6330284,0.6851284,0.69081223,0.6897755,0.75966173,0.73908865,0.7892073,0.7867401,0.6624857,0.75315756,0.78455657,0.692399,0.70044535,0.78031,0.74274707,0.7365339,0.7386131,0.7148482,0.73701763,0.74227464,0.73340756,0.80779624,0.71922904,0.7184597,0.7116975,0.76395434,0.75198895,0.73878413,0.7935557,0.79334676,0.77952486,0.7556345,0.7382955,0.7197978,0.69259644,0.67109793,0.7299589,0.6404911,0.6615401,0.69923556,0.5785334,0.69867826,0.78178066,0.7176166,0.7654866,0.68900174,0.7218969,0.66285074,0.6688584,0.6915032,0.7029164,0.6431162,0.70994866,0.7402186,0.67467654,0.7222691,0.7846496,0.67118615,0.71168923,0.7077335,0.73760986,0.7871638,0.72457576,0.7230595,0.7160706,0.6533088,0.6102385,0.6951517,0.7335898,0.6754637,0.69855875,0.61222875,0.6429357,0.60611695,0.6603614,0.6854864,0.6800959,0.7154492,0.6377114,0.70870453,0.68188566,0.6062961,0.57883,0.6770056,0.7549339,0.7231829,0.7224947,0.7445096,0.748269,0.67042077,0.67119384,0.77820694,0.7519072,0.7319701,0.72019464,0.7558178,0.74588245,0.7367412,0.7271321,0.70261306,0.70877326,0.7178113,0.62330645,0.74187547,0.7554728,0.7662119,0.7800863,0.6602981,0.7582664,0.74908614,0.68739116,0.6066163,0.7069326,0.5218307,0.7658564,0.64616865,0.7330594,0.7737809,0.74374366,0.60919714,0.682293,0.68228036,0.61257786,0.68345916,0.667049,0.67603576,0.73175824,0.75277483,0.7870316,0.7636868,0.6723658,0.7367999,0.7648573,0.7851028,0.78606164,0.61283624,0.60237235,0.77054304,0.76865923,0.7332419,0.75581694,0.73666614,0.7201523,0.726774,0.71111387,0.7103154,0.78748,0.77033406,0.77561235,0.80728126,0.75517106,0.716877,0.74964136,0.7194685,0.69425076,0.7210862,0.6789121,0.7298583,0.68366116,0.7736821,0.67764854,0.79150814,0.7391578,0.58322525,0.73245454,0.73945034,0.67893755,0.6291736,0.73103076,0.7237981,0.7070757,0.7545809,0.6859219,0.6444081,0.6614549,0.73803127,0.69197005,0.70834976,0.5840825,0.6468246,0.6131465,0.6254567,0.7011702,0.6980696,0.7663223,0.7119676,0.72664356,0.76269776,0.6715506,0.7767492,0.7581647,0.70795196,0.7320777,0.78820956,0.7533264,0.74146736,0.7141922,0.7608394,0.72725385,0.74415064,0.7438669,0.7897028,0.7320078,0.758803,0.727702,0.77657354,0.7044575,0.752897,0.7806584,0.785225,0.7648266,0.74426013,0.732618,0.7509961,0.77651733,0.6882706,0.69190085,0.6295421,0.71906173,0.7139355,0.58962804,0.721114,0.776346,0.7166208,0.75945914,0.72883135,0.7215871,0.64698046,0.6731089,0.7506949,0.73237246,0.66818357,0.64180696,0.7327371,0.66297615,0.729975,0.7725562,0.63369125,0.7531503,0.7176919,0.74238294,0.7667083,0.7367495,0.68618333,0.69334704,0.567536,0.686505,0.6891498,0.72301334,0.6111148,0.7143364,0.63365084,0.6319792,0.6112391,0.67793506,0.67674285,0.6988188,0.71664906,0.60334724,0.6049137,0.749483,0.6169604,0.59247696,0.7630446,0.7533048,0.7424567,0.70788705,0.75517094,0.7743108,0.7116447,0.6762109,0.7564572,0.76451033,0.7251221,0.6624641,0.7572092,0.74160457,0.7538082,0.7281752,0.74135536,0.6987005,0.7289326,0.5796807,0.7734243,0.74995226,0.7464336,0.7738701,0.71154237,0.77453405,0.7054882,0.71981496,0.5484251,0.6389964,0.44757414,0.73672,0.6982834,0.77684784,0.73448354,0.78015345,0.5407837,0.7119675,0.68542653,0.6314072,0.6164569,0.65944505,0.59993875,0.7452724,0.72603583,0.55281055,0.61395866,0.52192706,0.5221731,0.7199759,0.7042343,0.67040056,0.6679176,0.5961539,0.60260195,0.6521424,0.65732807,0.55038315,0.5508309,0.7061826,0.7095105,0.6717531,0.6422545,0.63840264
696,0.77664703,0.7871457,0.7163692,0.74419993,0.75922054,0.7707662,0.73680514,0.6162773,0.66009843,0.778026,0.77759403,0.747432,0.7547506,0.75325936,0.74137294,0.7579463,0.7190328,0.7033059,0.78107136,0.78945,0.7360264,0.7611401,0.77670515,0.7189149,0.74201804,0.6675327,0.726125,0.7408485,0.7224689,0.73933196,0.6924208,0.76627856,0.6842868,0.8044482,0.76601344,0.69502234,0.76190794,0.7684258,0.72052664,0.6972285,0.77513164,0.73800075,0.74312836,0.7595557,0.7063766,0.6815919,0.6929572,0.74148536,0.625896,0.7448139,0.61113405,0.65328157,0.6456856,0.69929314,0.70095515,0.68729955,0.7728321,0.7506083,0.79141253,0.7864359,0.6684755,0.767169,0.80129176,0.7020824,0.70024574,0.7695495,0.76473296,0.7533174,0.7554217,0.73333585,0.7570137,0.74739236,0.7579513,0.8209461,0.73601073,0.73837095,0.72837114,0.77021074,0.76849437,0.7442011,0.80658233,0.8018408,0.79564756,0.761392,0.75676894,0.733882,0.7155602,0.6786377,0.7556232,0.6687978,0.6723614,0.69305444,0.58205765,0.7092712,0.802976,0.7301848,0.7870362,0.70997,0.71252066,0.66079396,0.67664766,0.7010656,0.71071464,0.6525903,0.71685,0.7421863,0.68202883,0.71765476,0.7778647,0.6799364,0.7140685,0.7079108,0.72015095,0.7798199,0.72301936,0.7340692,0.73351824,0.6532281,0.6138645,0.6990185,0.73686725,0.67829746,0.7122542,0.62637395,0.66457987,0.607173,0.6609138,0.7077899,0.70952815,0.7448844,0.64770013,0.7244643,0.6937039,0.61044925,0.5807216,0.67409176,0.77286166,0.7311885,0.7317281,0.75741047,0.76558113,0.6819513,0.6904304,0.80633646,0.78636897,0.74466544,0.72281396,0.7636258,0.77315956,0.7673007,0.7560299,0.7015583,0.70471585,0.7053882,0.63716835,0.73517436,0.75668716,0.7485945,0.77220726,0.64976776,0.79461616,0.77460897,0.67678934,0.6078616,0.719202,0.520576,0.76881313,0.65585816,0.73069614,0.794326,0.7620083,0.6168604,0.6868091,0.6964337,0.630484,0.70069903,0.6869577,0.6809304,0.7394551,0.7579469,0.7885217,0.75392276,0.67305416,0.73696494,0.76013815,0.7761859,0.76946837,0.62583494,0.6157392,0.763559,0.76285595,0.7517658,0.74755055,0.7599933,0.75194776,0.7168425,0.70065016,0.70406204,0.7707849,0.7505311,0.7572172,0.79395485,0.7504487,0.718148,0.7488704,0.74279964,0.72097355,0.73720145,0.717608,0.7631052,0.70552945,0.79484075,0.69820863,0.8090308,0.7661197,0.6123812,0.73966056,0.7478486,0.7057562,0.6361112,0.7358226,0.73513633,0.70200247,0.7568693,0.7028288,0.6708376,0.67788297,0.72914565,0.6863916,0.72067183,0.60268575,0.66089815,0.6262567,0.63920593,0.709655,0.69702804,0.7765647,0.72067624,0.72279763,0.7564874,0.6796944,0.78528404,0.7699818,0.7192226,0.7330304,0.78186625,0.77029526,0.7575443,0.7316632,0.77252924,0.7516733,0.75685525,0.76560956,0.7992156,0.74873495,0.7611689,0.7414458,0.7774386,0.7235528,0.75161153,0.7880554,0.7876247,0.7857542,0.7514931,0.7566346,0.7611596,0.7831389,0.6936423,0.7092839,0.6538968,0.7291116,0.7056771,0.59335595,0.7256867,0.7970601,0.7244706,0.7810489,0.7484878,0.71529096,0.64533645,0.6794523,0.76036793,0.73776215,0.67793643,0.64249974,0.7316716,0.67218035,0.7264589,0.76519954,0.6359438,0.7532936,0.7230222,0.72472054,0.74982375,0.7228937,0.6898526,0.70431936,0.5767841,0.6986657,0.6959382,0.7271479,0.61127174,0.73071146,0.65006536,0.65332955,0.6090537,0.67039573,0.6919097,0.72889477,0.7413116,0.6070847,0.6078848,0.7624442,0.6210348,0.5932311,0.7651308,0.7663856,0.73409534,0.7211178,0.7641402,0.78197205,0.72072875,0.69073904,0.78141135,0.7957886,0.7289708,0.65564305,0.75918275,0.76522595,0.776222,0.75321394,0.73763007,0.6912987,0.70934355,0.5857517,0.76422775,0.743261,0.7253422,0.7633118,0.6956223,0.80646354,0.7336587,0.7059265,0.5461265,0.6518985,0.44520614,0.7362267,0.7064603,0.77469856,0.75858533,0.79374754,0.5462221,0.71785057,0.6929343,0.6506415,0.63056463,0.67050654,0.6018412,0.7564581,0.72795266,0.5534425,0.61500496,0.52553463,0.527646,0.7260825,0.7119082,0.6797732,0.6795256,0.59564525,0.60794187,0.65953535,0.6645673,0.5522644,0.55135286,0.70609164,0.7101931,0.681523,0.64917576,0.64225537
697,0.7709575,0.7879369,0.72793376,0.7468167,0.75759006,0.7643039,0.7254916,0.6372411,0.6835743,0.77915144,0.7719502,0.76190025,0.7571593,0.7659027,0.7647338,0.76186645,0.727097,0.6988743,0.7773179,0.782777,0.7217781,0.7513402,0.77616435,0.7279679,0.758311,0.6886998,0.7507887,0.76057196,0.759262,0.75458866,0.6985866,0.7772043,0.6848976,0.810634,0.7763437,0.7254905,0.7684466,0.7757525,0.74321985,0.7064287,0.7799417,0.75413644,0.7418448,0.7674906,0.7200791,0.7227443,0.71138436,0.74061465,0.63079476,0.7704961,0.64221567,0.6768692,0.66899645,0.7159877,0.7111478,0.6934397,0.7780868,0.7546626,0.788184,0.7835982,0.6617311,0.7653554,0.8098889,0.6973749,0.68423337,0.7451468,0.7736589,0.7571,0.7550206,0.73859775,0.7632005,0.7354048,0.7707315,0.8280771,0.74264354,0.7442589,0.73663306,0.7748739,0.7726862,0.74884087,0.8122509,0.804076,0.80506366,0.7631575,0.77051526,0.73990023,0.72258574,0.67060226,0.77153426,0.6840246,0.676217,0.68302053,0.58367133,0.7097703,0.82251316,0.7428133,0.8025747,0.7206082,0.71179414,0.6719951,0.6897992,0.7157966,0.72166866,0.67225546,0.72336674,0.74895,0.69316953,0.713823,0.77040845,0.6875944,0.714544,0.70083207,0.70472175,0.7763905,0.7285335,0.74867177,0.7541967,0.650075,0.6148233,0.6991565,0.7406439,0.67836475,0.7224165,0.6513937,0.6901532,0.608171,0.66637075,0.7264512,0.7327058,0.7607612,0.65184855,0.726138,0.69851255,0.6118818,0.5782307,0.66748786,0.78364664,0.74111056,0.74335843,0.76877946,0.7777865,0.70033824,0.71311194,0.8264181,0.8104337,0.763179,0.7282961,0.767206,0.790309,0.7820013,0.7713072,0.71095055,0.7053466,0.7002233,0.64996165,0.7306023,0.76157826,0.7397869,0.76974267,0.6507595,0.81269723,0.7912628,0.67041,0.60488176,0.7248559,0.5169609,0.7693121,0.6804862,0.7243597,0.80384237,0.7726815,0.62682945,0.697431,0.718011,0.65451324,0.70465046,0.6982643,0.6873927,0.7392597,0.75423604,0.78371346,0.7493072,0.6823533,0.736726,0.753841,0.7665885,0.7539461,0.64664644,0.63848215,0.7602123,0.7622946,0.7632475,0.74701196,0.77602756,0.7776472,0.71760774,0.70414186,0.69872224,0.76321405,0.7362175,0.73868173,0.78188133,0.7500636,0.7227707,0.749885,0.7549625,0.7448292,0.75183904,0.75944835,0.7805609,0.7218273,0.8032745,0.69696766,0.81516206,0.77897596,0.64596975,0.7476096,0.75708735,0.7307089,0.6471498,0.74208224,0.7470064,0.700041,0.7599569,0.72413754,0.7105929,0.69847536,0.7319865,0.69366574,0.7441216,0.63294667,0.68218446,0.6512718,0.6548019,0.7192844,0.7034274,0.78198254,0.7251947,0.718135,0.7528308,0.673947,0.78640306,0.7774927,0.72210795,0.7225833,0.76652294,0.7798681,0.7658588,0.73355204,0.7760719,0.7613488,0.7612674,0.7800982,0.8050606,0.7525347,0.7585529,0.75212324,0.78118956,0.73875976,0.7562826,0.78962517,0.7891772,0.8035868,0.7601051,0.7779989,0.7658313,0.7837925,0.68637985,0.72135735,0.6703288,0.7368751,0.6952926,0.59623516,0.71959746,0.81901294,0.7377293,0.80212003,0.7643231,0.7142341,0.657615,0.6884464,0.7716777,0.74573034,0.694584,0.649157,0.7375112,0.68504417,0.72576463,0.7598381,0.6371983,0.75170606,0.7220325,0.7090828,0.740354,0.71977144,0.70215464,0.72467566,0.5828278,0.7077421,0.7001567,0.7348212,0.6126673,0.7392417,0.6760202,0.674201,0.6128237,0.67498684,0.69999546,0.74998736,0.7554832,0.6053387,0.6050922,0.7710699,0.62348735,0.59367,0.7670916,0.777739,0.7331956,0.73137015,0.77193844,0.79036677,0.7377114,0.7149375,0.8050631,0.82175565,0.74532664,0.6602799,0.7623669,0.78382325,0.7886397,0.7730327,0.74161273,0.6895398,0.6965987,0.6006883,0.75516605,0.74110425,0.71453714,0.7591003,0.6901083,0.82707304,0.75974137,0.6987866,0.5358404,0.6562675,0.4402758,0.73641735,0.72439164,0.77278906,0.7777337,0.8040648,0.5493554,0.72947955,0.70725304,0.67565894,0.63515246,0.67775553,0.60689694,0.7598045,0.7190586,0.5481284,0.61318326,0.5286036,0.5297469,0.72229224,0.710808,0.6837319,0.6837125,0.5925758,0.6093678,0.6636871,0.67057955,0.5520953,0.55048084,0.70027405,0.7048553,0.68593544,0.65282243,0.6444703
698,0.75917006,0.79313636,0.742819,0.74939615,0.75757027,0.76128465,0.7239283,0.659328,0.70814914,0.784157,0.77104104,0.7672978,0.7700879,0.76682365,0.77507925,0.7762535,0.74758047,0.69700557,0.78633845,0.7885603,0.7191722,0.74905485,0.7776554,0.73636365,0.76666766,0.69609463,0.76361763,0.77296144,0.7864779,0.7531335,0.69417155,0.7738448,0.6687019,0.8042371,0.7712186,0.7487586,0.7719533,0.7782564,0.75615513,0.71465236,0.7798266,0.76288825,0.74446034,0.7701986,0.7316408,0.7589735,0.7277526,0.754008,0.65168685,0.7945568,0.67488164,0.70024866,0.6950932,0.73025894,0.7172055,0.70669484,0.77412647,0.7517721,0.7806021,0.77902573,0.644972,0.75019014,0.81115395,0.68076396,0.65821797,0.71306556,0.7708932,0.75034595,0.73881125,0.73132384,0.75677574,0.7115998,0.77141833,0.83032966,0.7394394,0.73632336,0.73683566,0.77835506,0.76570016,0.75403297,0.81169444,0.8019298,0.8090067,0.7620781,0.7791722,0.7377267,0.71346277,0.64989907,0.7771666,0.684428,0.6740061,0.6733515,0.5831008,0.701329,0.83929086,0.75323975,0.81229216,0.7205364,0.7190365,0.69285744,0.7027933,0.73064166,0.73189294,0.695758,0.7263574,0.7592204,0.705719,0.7122335,0.76484424,0.69291854,0.71480376,0.68907034,0.6945946,0.7785076,0.7398528,0.7641457,0.77532667,0.64590526,0.6137513,0.69625485,0.74581665,0.6767376,0.72811747,0.6797094,0.7146373,0.6105347,0.67665505,0.73915493,0.746636,0.7626415,0.6494454,0.71525854,0.69729155,0.61076456,0.5722319,0.66030353,0.7873419,0.75319076,0.7562848,0.7777702,0.7848768,0.72256905,0.73586524,0.83839405,0.8237794,0.78652287,0.73409945,0.76608056,0.79709405,0.78189033,0.77489835,0.73036706,0.71286064,0.70612353,0.6604579,0.7331949,0.77244604,0.74834263,0.77782327,0.6657274,0.8135289,0.79897,0.6714434,0.5996417,0.7253834,0.51123595,0.7670874,0.7121551,0.71691513,0.80375147,0.7760122,0.6367212,0.710346,0.7408088,0.67941207,0.69655645,0.70016724,0.6940368,0.73262316,0.74243563,0.77425796,0.7541263,0.6992372,0.7375244,0.7490599,0.76126283,0.74698126,0.66823596,0.66226643,0.76277584,0.7691387,0.7664961,0.75754714,0.7842732,0.7945769,0.73146105,0.72586495,0.6974614,0.7714351,0.73736197,0.72864896,0.77809423,0.75640744,0.7289309,0.7527965,0.7533746,0.7617733,0.76289123,0.7957444,0.7817536,0.7315069,0.7989992,0.6755007,0.81151104,0.77787095,0.6727867,0.7537388,0.7652941,0.7457795,0.6570417,0.74706024,0.7552141,0.7012752,0.76264536,0.7446612,0.7542421,0.71708155,0.7491339,0.7132913,0.7753794,0.66506106,0.70395195,0.6792115,0.66636044,0.72556585,0.71547484,0.7812068,0.725616,0.7136254,0.75262743,0.6564114,0.7806728,0.779581,0.71700716,0.70556736,0.7461539,0.7808256,0.7662905,0.7191348,0.7709222,0.754179,0.75784457,0.78497213,0.80632776,0.74184716,0.7519377,0.758143,0.7880241,0.7466618,0.76762354,0.7862801,0.79130846,0.8165914,0.76895535,0.79352075,0.7643505,0.77911687,0.6687403,0.726299,0.67496926,0.7414327,0.6864278,0.59782404,0.7043476,0.8393416,0.7537059,0.8191426,0.7733456,0.7177271,0.6793559,0.6957052,0.78075,0.7533471,0.71264905,0.6576448,0.7489936,0.69849837,0.72864395,0.7588332,0.6372281,0.7498262,0.7157245,0.69887644,0.7413445,0.7287161,0.72049797,0.75090784,0.5843836,0.71228296,0.70116764,0.74531156,0.6156398,0.73853815,0.70388025,0.6903698,0.62361145,0.69245255,0.69926393,0.75868565,0.7561508,0.59819615,0.597048,0.77528805,0.62420845,0.5941746,0.77043945,0.786491,0.74411887,0.7371525,0.7782131,0.79988205,0.75998867,0.7450494,0.82373863,0.83977664,0.77328134,0.6735881,0.7665664,0.7942151,0.79037845,0.7857046,0.75432324,0.696198,0.69769144,0.6225651,0.75174457,0.7470444,0.7230651,0.7665705,0.6998307,0.8357823,0.78000844,0.70316124,0.5201838,0.6527228,0.43279082,0.73687404,0.7460723,0.7725079,0.7892155,0.8099355,0.5489444,0.7430383,0.7243167,0.6999764,0.62808746,0.68027633,0.6141399,0.7552488,0.70208424,0.53777975,0.6083487,0.5295614,0.5267276,0.7106967,0.70220476,0.6821214,0.6805909,0.5881384,0.6067696,0.66423184,0.6741412,0.5499661,0.5485739,0.6901283,0.69488883,0.6847019,0.6523827,0.64494824
699,0.74532586,0.80294067,0.7573548,0.7521867,0.760088,0.7640434,0.7340914,0.67553073,0.7254799,0.79298,0.7763094,0.7644918,0.79041845,0.7592963,0.7748954,0.79845744,0.7765507,0.6991573,0.80741924,0.80806994,0.7317094,0.7558219,0.7826038,0.7403496,0.76629615,0.68975866,0.7651772,0.77701604,0.8032717,0.739724,0.6840129,0.758882,0.6438585,0.78981215,0.75507647,0.7596506,0.7704327,0.7758814,0.75577575,0.7176317,0.7728674,0.7608684,0.74966705,0.7677913,0.7384921,0.78463393,0.7381487,0.7799472,0.68429524,0.8141757,0.69898754,0.71657956,0.71518534,0.73801994,0.71604985,0.7226394,0.7613856,0.74387676,0.7708703,0.7740854,0.62394124,0.72746795,0.80706626,0.6581477,0.6313664,0.68270147,0.7599219,0.7380138,0.71169317,0.7147286,0.7415073,0.6848116,0.7618993,0.82927495,0.7287341,0.71743184,0.7306544,0.7810462,0.75104195,0.7601559,0.80694085,0.797427,0.8092454,0.75982696,0.78318894,0.72972673,0.69181305,0.62305075,0.77407306,0.6716114,0.6678396,0.6677066,0.5806163,0.6869054,0.85251534,0.7599186,0.8172489,0.7127122,0.7293598,0.7149974,0.7093576,0.7397884,0.7365222,0.71428645,0.7221634,0.76952153,0.7151597,0.71335584,0.7625735,0.6947769,0.7161441,0.6758076,0.6903561,0.78438026,0.75301397,0.7770373,0.79366374,0.6428831,0.61199886,0.69141006,0.7520873,0.6744225,0.72857183,0.7010823,0.73191947,0.6156463,0.6901985,0.7442336,0.750354,0.7529128,0.6413399,0.696315,0.69224393,0.60771435,0.5645676,0.65524715,0.7855846,0.7666831,0.76778835,0.78353673,0.78791976,0.7440073,0.7557499,0.84344834,0.82794404,0.8111716,0.736611,0.7607756,0.79524225,0.7706748,0.7707214,0.7543035,0.7258968,0.72202367,0.6688268,0.7446276,0.78872836,0.7747976,0.79636246,0.6912684,0.8006619,0.7999489,0.6797188,0.59477687,0.72268915,0.50486356,0.7617599,0.74003196,0.71133655,0.79720426,0.77317536,0.6435609,0.71943706,0.7571402,0.6976671,0.6804409,0.6941543,0.6983498,0.7229139,0.7253405,0.7635045,0.7683231,0.7181022,0.73973185,0.74778295,0.7632033,0.7522696,0.683397,0.6783458,0.7710768,0.7823899,0.76277244,0.77714646,0.78633845,0.8024043,0.7549432,0.761505,0.7012992,0.7946977,0.75749916,0.73196316,0.785684,0.7684164,0.73293406,0.75667334,0.73930144,0.7703169,0.76862776,0.82102656,0.76866263,0.73554176,0.78404397,0.6405092,0.8010464,0.7653775,0.68458587,0.7556012,0.7706845,0.746089,0.6605863,0.7477211,0.7559134,0.7045845,0.763938,0.76009655,0.79234284,0.7280505,0.776792,0.7400721,0.80783063,0.6886707,0.7191406,0.70034426,0.66917,0.72467893,0.72882223,0.7741009,0.7228799,0.7099079,0.7552115,0.6327113,0.76987636,0.7760461,0.70651454,0.6883235,0.7265086,0.7733822,0.760018,0.69116944,0.7579274,0.7315497,0.748141,0.77998704,0.80283135,0.718946,0.74234915,0.7578471,0.7964108,0.7457049,0.7830003,0.7797119,0.794326,0.8233749,0.7765115,0.8007231,0.7580068,0.77065945,0.64543134,0.7236283,0.66670346,0.7421212,0.6815424,0.5976062,0.68357044,0.85564154,0.76868606,0.82955205,0.7738832,0.72236973,0.7013084,0.69617397,0.7835847,0.7564164,0.7249215,0.6614449,0.7616329,0.7076822,0.734338,0.76215005,0.63576984,0.74858195,0.7057069,0.69460106,0.75037694,0.74480146,0.73906046,0.77683145,0.5814867,0.7120034,0.6986834,0.75630784,0.6198719,0.729083,0.72404546,0.69746304,0.6402942,0.7186238,0.68984175,0.75463635,0.7435736,0.5872788,0.58574855,0.7754849,0.623134,0.5949451,0.77571446,0.7922137,0.76591367,0.737591,0.7825181,0.8102079,0.7826991,0.7753545,0.8349679,0.8490095,0.8067045,0.6884999,0.7706515,0.79503846,0.78262365,0.7902447,0.7724904,0.7097975,0.7135371,0.6475266,0.7571605,0.7612381,0.75147724,0.7852872,0.7227847,0.8340933,0.7928504,0.7188455,0.50355536,0.6432623,0.42432165,0.7360597,0.76353467,0.77426,0.7921375,0.8101341,0.5449694,0.75276816,0.737224,0.71566814,0.61057574,0.67786306,0.62091404,0.74476826,0.6822304,0.5249418,0.60093266,0.5273933,0.5186498,0.695661,0.68948376,0.67641205,0.6725051,0.58420336,0.6014669,0.6614042,0.6742881,0.54667014,0.54641694,0.67829424,0.68310225,0.6795835,0.6487049,0.64400905
700,0.7344928,0.8137977,0.76681566,0.754647,0.76413345,0.7712952,0.75175184,0.68051255,0.7296556,0.8033597,0.7860862,0.7561615,0.81110823,0.7477617,0.7681109,0.8213634,0.8053006,0.7037501,0.8329426,0.83441144,0.75432205,0.76749104,0.7891067,0.73645055,0.7578566,0.6735078,0.7574874,0.77199423,0.8104758,0.7194895,0.67264974,0.7364682,0.61951995,0.7719922,0.73310965,0.75582767,0.7625204,0.7693538,0.7412816,0.71193516,0.7578667,0.7462743,0.75462604,0.7616413,0.7392397,0.79815817,0.7393415,0.809908,0.71923643,0.8271845,0.7072892,0.7203035,0.72238445,0.7361747,0.7061058,0.7345412,0.74158704,0.73303264,0.7608873,0.76946145,0.6041116,0.7034882,0.7995617,0.6358309,0.61079115,0.6616365,0.74445814,0.7245386,0.6797122,0.6926086,0.72157466,0.662411,0.74569035,0.8260596,0.7142161,0.6921543,0.71953213,0.78241503,0.7339857,0.7665826,0.800214,0.7923717,0.806955,0.7575607,0.7836194,0.71971416,0.6638064,0.59675556,0.7645242,0.6491063,0.6601762,0.66668785,0.5768004,0.6696512,0.8611694,0.7616381,0.81823426,0.7020724,0.7353784,0.728306,0.7040477,0.7379141,0.7311037,0.71975625,0.70710033,0.7748162,0.7160693,0.71631444,0.7624887,0.6916827,0.7182968,0.66296524,0.6889149,0.7890727,0.76190615,0.78284585,0.8051396,0.6413909,0.61060375,0.6848178,0.7571509,0.6712015,0.723241,0.7065799,0.73698574,0.6229035,0.7033859,0.7403645,0.74436325,0.7351035,0.62907803,0.6734542,0.6854156,0.6032892,0.55719113,0.65312344,0.78031325,0.7789685,0.7742401,0.7847097,0.7873,0.7599959,0.7704235,0.84304965,0.8250339,0.8320673,0.73114,0.75231254,0.78707993,0.7526574,0.76213527,0.7749246,0.73977286,0.74200696,0.6748005,0.7609402,0.80582243,0.80958164,0.8190732,0.71940976,0.7786708,0.796667,0.69122064,0.5914976,0.71698856,0.5000241,0.7529286,0.7544633,0.7090932,0.7877857,0.7655239,0.6453708,0.7186235,0.7605405,0.7020673,0.6603132,0.6820238,0.6972772,0.71370614,0.7064907,0.7554608,0.78639376,0.7319643,0.74267477,0.7499553,0.77124447,0.76704514,0.6868821,0.68048406,0.7821941,0.7980488,0.75511074,0.79914033,0.78413785,0.8020382,0.7800596,0.7989356,0.70790464,0.82409,0.78956306,0.7453935,0.80085677,0.781348,0.73067415,0.75977993,0.7174872,0.77071565,0.7678735,0.8331907,0.7436918,0.73451,0.7612532,0.60062826,0.78653336,0.74479234,0.67750436,0.7511594,0.771708,0.7295828,0.6542087,0.7414167,0.7464412,0.7077271,0.76304185,0.7679046,0.8188221,0.72698194,0.80603856,0.76598316,0.83403206,0.69631654,0.722051,0.7075315,0.6604366,0.71448827,0.73712635,0.7611819,0.7174278,0.7067243,0.7583455,0.60902774,0.7558213,0.7673624,0.6937466,0.67386025,0.7110971,0.75849164,0.74743116,0.65455735,0.73805875,0.6973992,0.73315966,0.7664229,0.79482496,0.69004524,0.72977644,0.74932444,0.8031454,0.73677915,0.79790515,0.77134895,0.79693806,0.82289845,0.7813085,0.79811007,0.749584,0.7595693,0.6204677,0.7148345,0.64701134,0.7385863,0.6800523,0.5948283,0.6608848,0.8661778,0.778477,0.8320564,0.7652439,0.72303987,0.7132684,0.6854979,0.7765047,0.75081116,0.724789,0.6541544,0.76913553,0.7074921,0.7407977,0.76678485,0.63217384,0.7475026,0.69278955,0.6932136,0.76036733,0.75875753,0.74984163,0.7949506,0.5749765,0.70673984,0.69201887,0.76405144,0.6237083,0.7130555,0.72892237,0.6921006,0.6585763,0.74530464,0.67318404,0.739814,0.7201324,0.57464105,0.57285017,0.77140903,0.6198649,0.5953057,0.78137094,0.7940058,0.7910525,0.73272437,0.7837518,0.81933314,0.8006012,0.80010253,0.8373995,0.8495211,0.836803,0.69554657,0.7724335,0.7863464,0.7666939,0.7857034,0.7899697,0.7253208,0.7377155,0.66962445,0.76916957,0.77855283,0.7895578,0.8085803,0.75086004,0.8237476,0.7980601,0.73977923,0.48944104,0.62921983,0.4179561,0.7317059,0.7695519,0.7768667,0.78691727,0.8033813,0.5386384,0.7532937,0.7392743,0.71616656,0.5859612,0.67035794,0.6239076,0.73148197,0.6646612,0.5128999,0.5920741,0.52225363,0.507439,0.68189245,0.67657965,0.6687351,0.6627459,0.58212566,0.59529275,0.65507853,0.66991943,0.5434034,0.5446131,0.6672758,0.6722493,0.6729416,0.6432889,0.6418226
701,0.7300858,0.81993073,0.7672783,0.755626,0.767326,0.7787315,0.7690883,0.6711978,0.71743417,0.8114361,0.7959442,0.74576753,0.8248557,0.73512137,0.7574378,0.8369878,0.82491505,0.70696706,0.8530187,0.8568881,0.77656084,0.77683383,0.7928877,0.7220889,0.74336433,0.65342516,0.74256307,0.7574551,0.8087209,0.69590944,0.66134644,0.71036667,0.60031486,0.7530172,0.7086318,0.73617375,0.7474256,0.759356,0.7135428,0.6952162,0.73444414,0.7188904,0.755635,0.7531906,0.73356795,0.7999637,0.7285071,0.8333265,0.7462513,0.8316527,0.6960955,0.7077552,0.71254885,0.7223487,0.6870856,0.7356612,0.71750647,0.72089493,0.7509067,0.7641362,0.5882195,0.68199664,0.789574,0.6174023,0.5980158,0.6512632,0.7270116,0.7113152,0.6478132,0.6683031,0.69988436,0.6466891,0.7268867,0.8209241,0.6996975,0.6658769,0.7044316,0.7810921,0.7196249,0.77174646,0.7929286,0.7879495,0.8023008,0.7554363,0.7815388,0.7108,0.63614476,0.5752102,0.75041664,0.6215325,0.6529703,0.66772026,0.5723151,0.6518284,0.86380917,0.7572178,0.81494206,0.69267136,0.73004204,0.7244586,0.6833418,0.7210552,0.7125048,0.70668596,0.67895246,0.77008456,0.70426184,0.71905684,0.7611694,0.6819939,0.7191217,0.6504939,0.68524563,0.7866943,0.760287,0.7771579,0.8059005,0.6395815,0.60913074,0.6754199,0.7573079,0.66579574,0.7119975,0.69106513,0.72724277,0.6290151,0.71117985,0.72672015,0.73000216,0.71266097,0.61419916,0.6483423,0.67790496,0.59787667,0.55167264,0.6528654,0.7728862,0.78613234,0.7722335,0.7797529,0.7818666,0.7665315,0.7776536,0.8381503,0.8167126,0.84457296,0.713291,0.7419577,0.77448577,0.73108643,0.75028116,0.7853891,0.74883384,0.7581245,0.6765469,0.7746757,0.8170255,0.8391051,0.8371855,0.7411919,0.7515725,0.7898516,0.6999916,0.58890903,0.70707154,0.4982625,0.74023694,0.74880195,0.7092842,0.7776161,0.7545771,0.6415337,0.7037508,0.7468886,0.68823934,0.6382541,0.66495824,0.68822074,0.706652,0.688533,0.75243086,0.80036956,0.7355705,0.7449902,0.7536282,0.7806994,0.7839003,0.6759681,0.6658559,0.79122865,0.8103745,0.74646115,0.81575567,0.7776962,0.79372126,0.79798526,0.8253059,0.71277255,0.84803504,0.8202353,0.76009256,0.8155559,0.7892847,0.7187877,0.7599365,0.69453055,0.76352495,0.76016706,0.8316104,0.7092755,0.7270202,0.7331398,0.5623477,0.769283,0.71823597,0.6512212,0.73878545,0.76675916,0.69626254,0.636419,0.726231,0.72563934,0.70774186,0.75906867,0.76680636,0.8308451,0.7108108,0.8272116,0.78274417,0.8482316,0.6842644,0.70891297,0.69693685,0.63952804,0.6945254,0.73393434,0.74327743,0.7090586,0.7026269,0.75891227,0.589154,0.7395697,0.75430334,0.6804561,0.6603434,0.69891083,0.73761505,0.7274289,0.6153101,0.7121362,0.65727687,0.7132058,0.7464872,0.78258413,0.66326797,0.7135969,0.7313795,0.8043908,0.72230583,0.8078729,0.76170415,0.79685986,0.8144145,0.7819276,0.7853054,0.74146575,0.7462006,0.59585613,0.70272404,0.6198749,0.73080045,0.678902,0.58888805,0.6385241,0.8694556,0.7791705,0.8259457,0.74738705,0.71454304,0.7076018,0.66127884,0.75645715,0.7335101,0.70775217,0.63208914,0.7655855,0.69433683,0.74498665,0.76803994,0.6255833,0.74455136,0.67670393,0.6896487,0.7630525,0.7615104,0.74544847,0.7988916,0.5660609,0.69575626,0.68002164,0.76437,0.62445366,0.69349736,0.71455896,0.6732179,0.67197174,0.76323694,0.6514838,0.7176999,0.6892525,0.56195956,0.5588356,0.7621087,0.61385477,0.5938909,0.7843567,0.79031426,0.80945975,0.7233509,0.7803083,0.82369107,0.809094,0.8147794,0.83025026,0.84127575,0.8562278,0.6861737,0.7693004,0.76914597,0.7432187,0.7708754,0.80015826,0.7367842,0.75979245,0.6821909,0.78103846,0.7906426,0.8224824,0.82751167,0.7740004,0.80522895,0.7952402,0.7568946,0.47935396,0.61129206,0.41703293,0.72140026,0.7588855,0.7776018,0.77443737,0.78893363,0.5318953,0.7407544,0.7260714,0.6980819,0.5580009,0.6578679,0.6205371,0.71816397,0.65194744,0.50481623,0.58340955,0.51567316,0.49633232,0.6723424,0.6662871,0.6607448,0.6539531,0.58175725,0.5894732,0.64464027,0.6598948,0.54117465,0.54312855,0.65825444,0.6635426,0.6658555,0.6367697,0.63792115
702,0.73138994,0.8153772,0.75594777,0.75298136,0.7663414,0.7808742,0.7783657,0.64728105,0.688429,0.81248087,0.79979765,0.7356867,0.82593465,0.7213867,0.74309987,0.8388487,0.82936984,0.70469606,0.86021215,0.86678463,0.78821063,0.77708805,0.7887158,0.69614524,0.7251939,0.6359092,0.7223578,0.7336271,0.79852486,0.67160946,0.64962816,0.6831413,0.5861349,0.7327431,0.683029,0.700902,0.7249539,0.745859,0.6751378,0.6669703,0.7035268,0.6811505,0.7490701,0.74335283,0.72225815,0.79173875,0.70464915,0.84212583,0.75788695,0.82627666,0.66545564,0.6782518,0.68478435,0.6958889,0.6602812,0.7222453,0.6925231,0.70885116,0.7392322,0.7555626,0.57709265,0.6643205,0.77724147,0.6037307,0.59080505,0.6474676,0.7093589,0.6976637,0.62033117,0.6456078,0.67871857,0.63633746,0.7089428,0.813517,0.6879428,0.6443797,0.6869479,0.7757158,0.7103931,0.77314585,0.7848054,0.78370255,0.79472786,0.7522239,0.77711856,0.70340806,0.61483604,0.560522,0.73317766,0.59479296,0.6466005,0.66689277,0.56779546,0.63530916,0.8586775,0.7462451,0.8064436,0.6859165,0.70904404,0.6992079,0.6472184,0.6880623,0.6797286,0.67304,0.6389843,0.751952,0.6782388,0.7184286,0.7541438,0.66480935,0.7154251,0.63695925,0.67524564,0.7722754,0.74454165,0.7580183,0.79420674,0.634963,0.6061997,0.66202366,0.74920726,0.65715194,0.6950814,0.6539335,0.70240146,0.63028157,0.70975554,0.7036063,0.7092136,0.68919015,0.59841716,0.62218684,0.6699763,0.59167975,0.54900956,0.6522202,0.76382846,0.7847834,0.7588783,0.7673324,0.7697846,0.7605575,0.7758154,0.82885027,0.8039168,0.8456708,0.6819961,0.7307699,0.758937,0.70863193,0.73541415,0.7805412,0.7481808,0.7634903,0.6729456,0.77827185,0.81643647,0.8532061,0.84309083,0.7499084,0.7225138,0.77848876,0.7006694,0.5852842,0.6923433,0.49966252,0.7229717,0.71994615,0.7086291,0.76657957,0.74222785,0.63201183,0.6735185,0.714393,0.6557242,0.6159219,0.644622,0.6696188,0.70069146,0.6720436,0.7529787,0.8028877,0.7257448,0.7442331,0.7549487,0.78532135,0.7943932,0.65089154,0.6355555,0.79235744,0.8135087,0.737723,0.8205083,0.7649345,0.77666485,0.8015611,0.8326129,0.7111735,0.8579514,0.8379401,0.7665101,0.82160205,0.78671384,0.69532955,0.75416356,0.6763634,0.7491171,0.7451667,0.8167716,0.6701756,0.7119507,0.70189977,0.5303043,0.74941164,0.68716836,0.60930675,0.71744096,0.75423795,0.6491756,0.6083171,0.7015563,0.6946488,0.70168877,0.7508662,0.7567954,0.82782596,0.6796669,0.8331786,0.78401834,0.84716225,0.6528198,0.678861,0.6683945,0.60928315,0.6661724,0.7155988,0.7214808,0.6976404,0.6951353,0.7534946,0.5739117,0.72157174,0.73789287,0.6668405,0.644833,0.6864974,0.71326184,0.6999549,0.5807122,0.68236226,0.6184482,0.6893829,0.7233522,0.7665838,0.6450805,0.6942571,0.70527256,0.7970995,0.70419306,0.80911326,0.75060296,0.7914852,0.7977626,0.77664614,0.7632313,0.7334623,0.7307042,0.57362497,0.6892456,0.59162277,0.7185822,0.6745644,0.5800132,0.61816627,0.86393,0.7687116,0.8110033,0.7220173,0.69366795,0.6812784,0.62471867,0.72232854,0.7031287,0.6725909,0.59641093,0.7472344,0.667266,0.74303097,0.76114583,0.6154566,0.7367732,0.6569673,0.67924446,0.7518523,0.7476138,0.7224657,0.78552544,0.5568326,0.67876464,0.662087,0.75410044,0.61994874,0.6730644,0.6804084,0.6428204,0.67507124,0.7658089,0.62736166,0.69246584,0.65574837,0.5507203,0.5443711,0.74698627,0.60509294,0.589681,0.7813534,0.7798085,0.8134274,0.7098483,0.77029103,0.8193492,0.80460596,0.816843,0.81342727,0.8242764,0.8609007,0.6568797,0.75913763,0.74557227,0.71388185,0.74598014,0.79716825,0.7388774,0.77003706,0.6815115,0.78464943,0.7899263,0.8390742,0.83440137,0.7840755,0.77829474,0.78374696,0.76208913,0.47387278,0.5914336,0.42344978,0.70300686,0.7291971,0.7728185,0.755871,0.76740664,0.5267558,0.71303076,0.69582427,0.6618875,0.5310948,0.641914,0.6095443,0.70587283,0.64304954,0.5026644,0.5761391,0.5098412,0.48870236,0.667256,0.65944153,0.65312254,0.6471538,0.58161885,0.5843303,0.6300038,0.6439643,0.54042315,0.54171664,0.6507628,0.65627867,0.6577857,0.62872475,0.63140416
703,0.7340762,0.79471743,0.7312548,0.7438746,0.7575007,0.77248913,0.7732955,0.6123021,0.64667857,0.8015842,0.7915104,0.72589624,0.8096626,0.7047438,0.7239221,0.8212603,0.8143055,0.6936237,0.84926456,0.8576488,0.7814558,0.7630765,0.771378,0.6603282,0.70503515,0.6254949,0.69966316,0.7021858,0.7815889,0.649486,0.6379015,0.65661484,0.57503635,0.7102062,0.65705615,0.6542874,0.6967848,0.72889197,0.6322572,0.6301173,0.6685308,0.6400505,0.7323532,0.73292917,0.7078821,0.7770246,0.6704334,0.8304041,0.7497547,0.81080157,0.62060475,0.63570285,0.6429477,0.65929496,0.62953585,0.6944623,0.6699676,0.6978129,0.7235815,0.7410677,0.57081646,0.6507806,0.7624908,0.5947387,0.586042,0.6440043,0.69307095,0.68308973,0.60109246,0.62846684,0.6605132,0.6293113,0.6935342,0.8030507,0.6793396,0.6317764,0.66936725,0.7655308,0.7046945,0.7679195,0.7735669,0.7774886,0.7835993,0.74607277,0.76931036,0.6955861,0.6036556,0.5532843,0.7139879,0.5748281,0.6397979,0.6611054,0.56374735,0.6215019,0.84390175,0.72996706,0.792212,0.6813012,0.6725168,0.6540577,0.60127777,0.64299905,0.6359967,0.6223818,0.5939064,0.7201282,0.64009684,0.7111349,0.73766434,0.6409631,0.70419776,0.6204182,0.6576597,0.7430065,0.7151104,0.7274717,0.77087134,0.62595946,0.60085547,0.6443682,0.73127675,0.64532906,0.67269033,0.600887,0.6645202,0.6248517,0.6984176,0.6727632,0.6841528,0.6681048,0.58347857,0.59729934,0.6616457,0.5846555,0.5494566,0.6488537,0.7533679,0.7729299,0.73216194,0.7470365,0.7502345,0.7405835,0.7649526,0.8146989,0.78740543,0.8335218,0.6421346,0.7197827,0.7418845,0.6877577,0.71871126,0.7565331,0.7342946,0.7532955,0.665521,0.7653929,0.7995005,0.84532875,0.8306534,0.74182594,0.6938712,0.7617117,0.6896222,0.5795689,0.67390615,0.50343454,0.7007619,0.67017716,0.70275813,0.7529949,0.73044074,0.61692643,0.6307653,0.6653668,0.6089288,0.5956002,0.6234891,0.6418834,0.69328403,0.65582263,0.75270337,0.787869,0.70113504,0.7371162,0.74893737,0.77888566,0.79117465,0.61570615,0.5958539,0.7800995,0.8021917,0.7274426,0.8081649,0.743281,0.75003386,0.78515846,0.8153669,0.6990049,0.8479487,0.8350372,0.7564517,0.8119711,0.76866996,0.66105,0.73933756,0.66606504,0.72847503,0.7225773,0.791005,0.6337194,0.69074696,0.66980094,0.50821877,0.7266857,0.6537411,0.56123936,0.68824613,0.7337557,0.5972503,0.57463455,0.6694023,0.6584778,0.6876273,0.73758954,0.7400019,0.8105616,0.63898015,0.8184517,0.7654582,0.82839197,0.60773575,0.6356836,0.6268369,0.5764072,0.63350123,0.68255556,0.6975134,0.683523,0.68198,0.7392583,0.56240314,0.70178,0.7189017,0.65236616,0.6261974,0.6707952,0.6886868,0.6678614,0.55730236,0.65269995,0.5881748,0.6641459,0.7002364,0.7472004,0.63731664,0.67326224,0.67475164,0.77940583,0.6829327,0.7981908,0.73730564,0.77855873,0.7735736,0.76383173,0.73398054,0.7229763,0.7135174,0.5562558,0.6743643,0.56867486,0.7010734,0.6645348,0.56920445,0.6010093,0.84784645,0.7476207,0.78788406,0.69322264,0.66111887,0.63723147,0.5822182,0.677588,0.66166383,0.62365276,0.55465126,0.71358716,0.62899524,0.73117393,0.74227417,0.6020208,0.7210741,0.6337102,0.65981656,0.72322017,0.7157755,0.682769,0.75481415,0.55012894,0.6570607,0.6391855,0.73190254,0.6096813,0.65286684,0.6306096,0.60585666,0.66553044,0.74978393,0.6031127,0.6676907,0.625215,0.5419984,0.5309337,0.7263961,0.59430885,0.58262485,0.7694542,0.7621653,0.79752964,0.69154555,0.7518413,0.80297303,0.78464514,0.80537057,0.7878095,0.79926527,0.84807014,0.61171246,0.74126315,0.71875113,0.6824191,0.71407837,0.7760856,0.72747743,0.7611501,0.66851574,0.7726355,0.7708702,0.83235455,0.8230404,0.77540153,0.7433583,0.7639991,0.74959713,0.4733568,0.573187,0.43709716,0.67572504,0.6829464,0.7587447,0.73303556,0.74069923,0.5246414,0.6711642,0.6506114,0.61304265,0.5098131,0.6249671,0.5915742,0.6937093,0.6344735,0.5067885,0.57047284,0.50667393,0.4868721,0.66449356,0.65493417,0.64565134,0.64185995,0.5799945,0.5797311,0.6123432,0.6235217,0.5411717,0.5404646,0.64315337,0.6484972,0.6478696,0.6187891,0.6217651
704,0.732784,0.75481606,0.69367445,0.72615534,0.73813474,0.7500432,0.74950904,0.57371193,0.60103256,0.77481174,0.7666939,0.7143966,0.7727667,0.68378174,0.6993382,0.77942467,0.77627766,0.6722252,0.81524605,0.8232088,0.7513905,0.73194987,0.7378569,0.6194821,0.683679,0.622868,0.67779034,0.6668389,0.76087534,0.6318703,0.62650615,0.6332564,0.5646995,0.68526363,0.63180053,0.6067803,0.66720545,0.70971817,0.595038,0.59144604,0.6350891,0.6061723,0.70476097,0.7225984,0.6941154,0.76016355,0.6326571,0.7931057,0.72049356,0.7863699,0.5722328,0.58899534,0.59598434,0.61854774,0.60075235,0.6557473,0.65248364,0.6878533,0.7030122,0.7192723,0.56851315,0.64082605,0.74528944,0.58979833,0.5808932,0.6361123,0.6791709,0.66803545,0.591581,0.6191514,0.64717144,0.6242447,0.67982775,0.78825545,0.6716578,0.6280535,0.6537821,0.7503635,0.69849527,0.7538509,0.7560352,0.76698184,0.76886207,0.735914,0.7565615,0.68503433,0.60254574,0.5522261,0.69400305,0.564949,0.6312905,0.64986885,0.5604598,0.6105959,0.81818175,0.71080065,0.77257186,0.67782164,0.6256981,0.5973499,0.55586046,0.5952411,0.5894933,0.5651489,0.55416864,0.67857563,0.5957654,0.69520634,0.7105837,0.61361355,0.68390095,0.59963757,0.63395077,0.69988984,0.6763934,0.6912084,0.73870105,0.61249834,0.5929249,0.62353307,0.7039991,0.6313395,0.6451945,0.5441664,0.6189729,0.61245173,0.67884606,0.6372826,0.65695,0.65135264,0.5705752,0.5763398,0.6532515,0.5769117,0.5522052,0.64150274,0.74210775,0.75023526,0.69288665,0.7204755,0.7244464,0.70736,0.74654603,0.7953783,0.7682177,0.80693734,0.6031816,0.70994765,0.7247905,0.66981286,0.70183355,0.71244586,0.7056893,0.7249734,0.6563988,0.7324435,0.76379406,0.8095021,0.79477143,0.7155102,0.667201,0.74034613,0.6654951,0.57196647,0.6542149,0.508923,0.6749464,0.60928965,0.6883774,0.73496073,0.7206293,0.59729135,0.5827327,0.6082596,0.55740535,0.5786102,0.6044099,0.6086303,0.682253,0.6384447,0.7468273,0.75167245,0.66302574,0.72093916,0.73168254,0.75691456,0.768969,0.57797223,0.5569395,0.75107044,0.7724534,0.7134826,0.7748738,0.7120046,0.71447253,0.74522364,0.7683182,0.6741013,0.8124348,0.80578494,0.7246085,0.78119606,0.7322764,0.6198903,0.71432656,0.66312796,0.70385075,0.69328076,0.7585041,0.6059637,0.66608,0.639845,0.49726346,0.70145875,0.6209491,0.520952,0.6558835,0.70739484,0.5546361,0.54299843,0.6347885,0.6255936,0.66533434,0.7193533,0.720406,0.7809854,0.5986472,0.77837837,0.7255991,0.78998935,0.5601266,0.58842754,0.5819616,0.5486552,0.602752,0.63905823,0.6739473,0.6676095,0.6624812,0.71492773,0.5535179,0.6800943,0.69765496,0.6367072,0.6050324,0.650711,0.66675293,0.6359226,0.5472577,0.6273923,0.57054144,0.6407622,0.6787805,0.7245713,0.63703173,0.65212095,0.64478064,0.75081825,0.65896577,0.7724382,0.7204869,0.7574499,0.7435384,0.74307257,0.701034,0.70750695,0.695713,0.5448455,0.6575038,0.55458456,0.67807746,0.6486926,0.5578949,0.5872695,0.8198389,0.71846724,0.75840855,0.66629183,0.6218412,0.58449554,0.5435831,0.63095695,0.6155893,0.5713033,0.51817536,0.6684233,0.5862458,0.7075148,0.7100011,0.58656037,0.69566524,0.6082316,0.63239306,0.6781604,0.66882926,0.63316065,0.70975745,0.54782146,0.63325316,0.6139776,0.698623,0.594801,0.6327231,0.57494205,0.56908673,0.64381284,0.7148364,0.5801239,0.64542377,0.60192454,0.53580415,0.5200919,0.7019225,0.5828792,0.5735859,0.7471139,0.73861545,0.7579463,0.6680867,0.72461444,0.77292883,0.7483905,0.7806386,0.7554006,0.7682255,0.8148005,0.5614214,0.7171046,0.6922757,0.653021,0.6804226,0.73463696,0.70036423,0.72861683,0.64678293,0.7407031,0.7310498,0.79646087,0.7883236,0.744157,0.7027074,0.73806787,0.7165631,0.4774897,0.55990493,0.4560972,0.6416189,0.62859744,0.73302335,0.70857954,0.7117496,0.52588594,0.62082154,0.597359,0.56186676,0.4966801,0.6090605,0.5696663,0.67995244,0.6229337,0.5158176,0.5658554,0.5072924,0.49136427,0.66076297,0.6503573,0.63770515,0.63688445,0.5760024,0.5754546,0.5939058,0.6014168,0.54325986,0.53963083,0.6335011,0.63817245,0.6362231,0.6076683,0.60955375
705,0.7225707,0.69872606,0.6463992,0.6991232,0.70752436,0.71305186,0.705956,0.5399902,0.56123376,0.7311473,0.72481966,0.6988248,0.71634203,0.65852046,0.6702131,0.7139471,0.7164937,0.6419768,0.75557005,0.7595532,0.6981789,0.68522257,0.69013256,0.5795966,0.6615377,0.6246791,0.6581971,0.63254565,0.7386526,0.6191985,0.61310303,0.6162929,0.552496,0.65953934,0.60906583,0.57102376,0.6408933,0.69010055,0.5729864,0.55891824,0.6083216,0.58813417,0.66803586,0.71164495,0.6827836,0.7432424,0.5999604,0.72914654,0.6735299,0.7555796,0.5319667,0.54866755,0.55420166,0.5811523,0.5790562,0.6121164,0.64108396,0.67825425,0.6782413,0.6903681,0.5680385,0.6324439,0.72592705,0.58648807,0.57273483,0.6224803,0.66812664,0.65316474,0.58976763,0.61778235,0.6391067,0.6204069,0.6651432,0.7681483,0.6620172,0.62980026,0.64209765,0.73059165,0.68873346,0.73029405,0.73018974,0.7512562,0.75138825,0.7215816,0.7380926,0.6701989,0.60809106,0.55457264,0.67465156,0.56495625,0.6213259,0.63575196,0.5580361,0.60185546,0.78206587,0.6906071,0.7486875,0.67422074,0.5776127,0.5421043,0.52082044,0.5547186,0.5500073,0.5148218,0.52845985,0.6351508,0.5539708,0.67057085,0.67542857,0.58753884,0.6554867,0.57536113,0.607115,0.649332,0.6356485,0.6563197,0.70205426,0.59582305,0.58237755,0.60182416,0.66895044,0.6164372,0.6145092,0.49764013,0.57477456,0.59282005,0.6528303,0.60133725,0.63008505,0.6392552,0.5603245,0.56171554,0.64559233,0.56930345,0.55535203,0.63030165,0.73074,0.7184248,0.6469194,0.69121003,0.6948472,0.6637909,0.72167903,0.7714041,0.7474656,0.766053,0.5741785,0.7010312,0.709045,0.65462077,0.685548,0.6536956,0.6638121,0.6792512,0.64486545,0.68167526,0.71232015,0.7425118,0.73402524,0.67182535,0.643658,0.7163493,0.6300077,0.5633625,0.6359156,0.5155885,0.64863646,0.5517375,0.664803,0.71167,0.71359426,0.57592016,0.53873795,0.55535024,0.51336336,0.5640202,0.5906537,0.5764744,0.66644603,0.61922264,0.7313984,0.69690746,0.6160713,0.6945013,0.70196754,0.7184105,0.72583884,0.54593813,0.5275725,0.7060724,0.72401285,0.6945577,0.72042733,0.6734878,0.6730891,0.68407875,0.69262964,0.6382589,0.7484606,0.7470785,0.67204744,0.7277974,0.6801069,0.57751083,0.6813738,0.66377795,0.6774841,0.65980834,0.72388786,0.5887184,0.6385933,0.6159478,0.4946878,0.6752974,0.5918754,0.49986246,0.62683076,0.67909324,0.533518,0.52052367,0.60380363,0.60405225,0.6365973,0.6969119,0.7013003,0.74229217,0.56877524,0.71325076,0.66969866,0.73401946,0.5218739,0.5482119,0.5438524,0.53098464,0.57966757,0.5926916,0.65321887,0.65103364,0.6376584,0.6811359,0.546009,0.65719706,0.67503935,0.6197719,0.58255297,0.62731314,0.64942497,0.60877967,0.54738116,0.60971236,0.5653344,0.6225508,0.65872794,0.69965196,0.63837975,0.6324522,0.6207917,0.71347713,0.6339745,0.73179317,0.6987081,0.7301393,0.7111673,0.7157028,0.6698202,0.68634766,0.67890465,0.5385333,0.6392481,0.54961306,0.65221685,0.6301244,0.54795724,0.57666713,0.78058195,0.6850436,0.7258939,0.646001,0.58320975,0.5352238,0.51672465,0.59206593,0.57348144,0.5273962,0.4963403,0.61996895,0.54820246,0.6732843,0.66734105,0.5712571,0.6619216,0.58286625,0.600696,0.62401557,0.6146572,0.58408606,0.6578453,0.54924387,0.6099186,0.58989143,0.65718657,0.5775709,0.61266655,0.5257643,0.5393998,0.6121652,0.6644204,0.5590838,0.6262015,0.5875174,0.53109866,0.51296526,0.6767143,0.5726578,0.56386447,0.7153909,0.71204734,0.6964423,0.640957,0.69125384,0.73066473,0.6979923,0.7444388,0.71988124,0.73465544,0.76031274,0.51923203,0.6899879,0.6698074,0.62846166,0.6506879,0.67686605,0.6583739,0.67309445,0.6193254,0.6909917,0.67498446,0.72901464,0.7289766,0.6899946,0.66081494,0.7084917,0.6652517,0.48484793,0.5530624,0.47699633,0.60599124,0.5779383,0.69664013,0.68533576,0.68496823,0.529598,0.5711918,0.54575515,0.52022755,0.49110454,0.5957134,0.5486347,0.66314214,0.60689926,0.5264624,0.5612913,0.5118084,0.50077116,0.65308326,0.6430013,0.6286278,0.63090366,0.5697543,0.5710239,0.5772727,0.58089936,0.5462507,0.53921306,0.620545,0.62435853,0.6236049,0.5965985,0.5960236
706,0.69871384,0.63658077,0.595519,0.6631735,0.6666223,0.6639041,0.6463783,0.5172969,0.5335217,0.6739942,0.6702279,0.67795175,0.64827377,0.6287769,0.63741297,0.63558805,0.6444897,0.60695374,0.6752105,0.67222273,0.6290267,0.6290503,0.6353837,0.5459735,0.6394672,0.6260707,0.6388141,0.6039545,0.7141944,0.6091652,0.5927314,0.6059448,0.53499436,0.63424885,0.58920276,0.5543194,0.61963946,0.66967726,0.56950146,0.5378642,0.590198,0.58724254,0.6258884,0.69668347,0.6713354,0.7243471,0.57816213,0.64674026,0.6168844,0.7206904,0.5073911,0.5222078,0.52490115,0.5528403,0.5663801,0.5707283,0.6339644,0.66729385,0.6493173,0.6547666,0.5653957,0.6212388,0.7045263,0.57917416,0.55792654,0.60323745,0.659471,0.6375027,0.59002507,0.6225675,0.6342777,0.61584914,0.64684063,0.74255973,0.64908427,0.63263613,0.6358037,0.70657176,0.6750322,0.6983893,0.696402,0.73074657,0.7319247,0.7019011,0.71422446,0.64928263,0.6152901,0.55692345,0.6567307,0.5722743,0.6106228,0.62170136,0.5563187,0.59363014,0.738131,0.6690339,0.7216825,0.66802746,0.53757524,0.5006683,0.501816,0.5274242,0.52467656,0.4823454,0.5204382,0.598098,0.5241015,0.63815194,0.6364999,0.5665847,0.62146586,0.5492992,0.5801296,0.60081863,0.6000823,0.6277604,0.66529644,0.5772368,0.56881976,0.5815884,0.6278393,0.6013801,0.5850661,0.47189274,0.54264945,0.56557584,0.6210592,0.5697843,0.6068625,0.63091934,0.55310637,0.55451876,0.6390395,0.56303614,0.5567064,0.61591923,0.7184834,0.68026656,0.603737,0.66239995,0.6626705,0.614183,0.68956476,0.74368143,0.7257292,0.7130308,0.5595565,0.69038546,0.69492894,0.64060867,0.6688067,0.59222376,0.6137702,0.62131107,0.6271034,0.62199885,0.6540353,0.6517629,0.6552829,0.6151886,0.623091,0.689955,0.587953,0.55391395,0.6195175,0.52213025,0.6248086,0.5097466,0.6333985,0.6832452,0.70926374,0.55721664,0.5073799,0.5176844,0.48793364,0.54955685,0.5841801,0.55215025,0.64441276,0.5968581,0.7026115,0.6341205,0.5681557,0.6579915,0.6608798,0.6659878,0.6646314,0.5255747,0.5119736,0.6502501,0.66214,0.66982853,0.65090585,0.6309794,0.6297711,0.61268824,0.60391605,0.59686416,0.66251105,0.6636788,0.60777575,0.656892,0.6212681,0.5397864,0.6443616,0.661716,0.649232,0.62500226,0.68994635,0.5794496,0.60592073,0.59959805,0.4944321,0.6490223,0.5673412,0.5021612,0.6049497,0.65135187,0.5376819,0.5111666,0.5806924,0.5969608,0.60450953,0.6699602,0.682133,0.6977647,0.55476296,0.6334156,0.60986537,0.6690852,0.5008303,0.5231261,0.51910514,0.5246732,0.56704515,0.5521672,0.63536584,0.6337414,0.6086531,0.63964325,0.5366144,0.63321614,0.65215,0.59942985,0.5583477,0.6014791,0.6366061,0.588115,0.5505131,0.60026795,0.56798905,0.6104974,0.6383486,0.6736913,0.6343815,0.6153095,0.6067784,0.67177784,0.6100891,0.67982,0.67057365,0.6991687,0.68073565,0.68297225,0.6455019,0.6590263,0.6631353,0.5349043,0.62006766,0.5518971,0.6272752,0.6125997,0.54121906,0.5677367,0.7330374,0.6505546,0.6938686,0.63430357,0.5519424,0.5000932,0.5050521,0.5664662,0.5424412,0.5005069,0.49362338,0.57756865,0.5235126,0.6318177,0.62059814,0.55808914,0.6233656,0.5588769,0.5690767,0.5721161,0.56453836,0.54592234,0.6094754,0.55150414,0.58823514,0.5695252,0.611845,0.5603757,0.59344494,0.49401838,0.5227423,0.5737734,0.60577065,0.5405298,0.60947067,0.5805006,0.5265271,0.50956595,0.65377665,0.56493205,0.5542341,0.67692065,0.6847287,0.62386894,0.6128695,0.65560585,0.67984265,0.63878804,0.69944954,0.68572205,0.70224094,0.6896703,0.49514717,0.6626871,0.6532492,0.60864955,0.6282883,0.61372685,0.60643625,0.6030949,0.5874641,0.63240963,0.6144471,0.63888884,0.65212846,0.61924416,0.6213978,0.6761523,0.6040571,0.4931222,0.5510279,0.49577335,0.5748831,0.5410417,0.65322727,0.66402406,0.6645387,0.5340157,0.53206164,0.5055238,0.4978672,0.49037322,0.5856526,0.5332038,0.64123625,0.58483374,0.5342079,0.55543566,0.5195715,0.5127369,0.6389858,0.6301149,0.61704147,0.622063,0.5614732,0.56536585,0.5641705,0.5641799,0.5491836,0.53875256,0.60370964,0.60687625,0.609666,0.58546686,0.5818878
707,0.65752465,0.5803892,0.5491191,0.6200558,0.6181383,0.6073625,0.57973415,0.5085892,0.520102,0.61068314,0.6105269,0.65211093,0.58091736,0.5929802,0.600774,0.561381,0.57466847,0.57245815,0.58818287,0.57857513,0.5564522,0.5716772,0.5830947,0.5217669,0.61867285,0.62287486,0.61591226,0.5843656,0.68421876,0.59803057,0.5618033,0.5969345,0.5094584,0.608224,0.56923646,0.5560699,0.60143286,0.64511955,0.5807034,0.52935386,0.5788353,0.5972659,0.58233345,0.6725,0.65397614,0.69953674,0.5677473,0.56202376,0.55972266,0.6820847,0.50162923,0.51252174,0.51138985,0.5360417,0.561412,0.5378974,0.6266937,0.6525117,0.6137132,0.61168146,0.5552596,0.60091764,0.6799529,0.56065536,0.5326533,0.5775641,0.65137655,0.61832786,0.5850042,0.6298124,0.6284914,0.6070249,0.6236191,0.71169776,0.63321173,0.6321452,0.6348852,0.67792696,0.6589828,0.66097903,0.65727806,0.7061137,0.7100972,0.67347085,0.6853399,0.6190053,0.61915106,0.5564663,0.6391594,0.5830294,0.5980073,0.60819846,0.55471957,0.58268523,0.68994904,0.6438537,0.6917563,0.6554744,0.5115449,0.48054606,0.50022125,0.5149128,0.5154733,0.47311696,0.52884597,0.57176584,0.51294804,0.598659,0.5960226,0.55169404,0.5830466,0.5211765,0.5545272,0.56103766,0.57373637,0.6064356,0.6309498,0.557197,0.5519049,0.56395197,0.58320093,0.586565,0.5625908,0.47211877,0.53108627,0.5321798,0.5846469,0.5476174,0.59073246,0.6244496,0.5490686,0.55372775,0.6329006,0.55867916,0.55495244,0.5988026,0.7029419,0.6383166,0.57173395,0.63534313,0.62806463,0.56386685,0.6492057,0.7124755,0.70301354,0.6525329,0.5582133,0.6733588,0.68052405,0.6258255,0.64955086,0.5406457,0.5636672,0.5603054,0.5999392,0.5652271,0.59894687,0.55695903,0.57345974,0.55437225,0.60296875,0.6585735,0.5460331,0.542775,0.6028732,0.5262369,0.60387456,0.4895689,0.59557474,0.64988554,0.7061276,0.54526746,0.49367678,0.5011591,0.4881065,0.5342631,0.5835923,0.53905785,0.6128441,0.56760985,0.6573247,0.5765141,0.52860254,0.61336565,0.61119586,0.6049038,0.59334356,0.51965743,0.5110282,0.5905997,0.59624827,0.63867825,0.57803667,0.5860784,0.58694136,0.5461324,0.5250379,0.5564365,0.5714192,0.57085377,0.54448783,0.5790367,0.5674774,0.51100993,0.6060308,0.6501436,0.61727136,0.5914602,0.6572556,0.5738979,0.56641424,0.58719724,0.49111578,0.62131864,0.54520816,0.52546823,0.58923346,0.62294656,0.5619256,0.51530623,0.5661845,0.60104233,0.57191986,0.6363062,0.6586568,0.6492923,0.5556203,0.55565625,0.5575745,0.6065001,0.5001046,0.516022,0.51053447,0.52883935,0.56408966,0.52411497,0.61724156,0.6138113,0.57503515,0.59201103,0.52001494,0.60579,0.6287195,0.57099146,0.5306204,0.57273847,0.62541753,0.57230026,0.54908615,0.59655434,0.5713719,0.6022549,0.61577046,0.64657134,0.6194486,0.6001216,0.6031873,0.62974787,0.58905077,0.6228769,0.6357838,0.66499716,0.6545476,0.6442304,0.62935984,0.6229914,0.6458632,0.53162163,0.5977354,0.55845565,0.60413677,0.5973635,0.53855056,0.5571823,0.68107975,0.6161143,0.664157,0.6292528,0.5316934,0.4854696,0.5082748,0.5545798,0.5253977,0.49430773,0.5096273,0.54688245,0.5170887,0.58605886,0.5747408,0.547906,0.5819976,0.53449035,0.54004973,0.53128904,0.52779627,0.5244626,0.5723943,0.55164444,0.5679407,0.55373657,0.5675375,0.54511434,0.57615197,0.48625484,0.5232522,0.5329853,0.54781246,0.5258586,0.5943621,0.5771804,0.52158016,0.50859505,0.6340266,0.5596182,0.5447225,0.6341928,0.6564445,0.5551838,0.58670217,0.62042934,0.62492764,0.5781474,0.6487552,0.6557001,0.67300105,0.6139032,0.49250945,0.6350343,0.64101714,0.59143925,0.6130893,0.55723876,0.5529779,0.5326443,0.5530262,0.57575107,0.56136066,0.54643244,0.57299256,0.5450985,0.5852444,0.6405998,0.544237,0.49993002,0.55006117,0.50951105,0.55147743,0.52303916,0.60632956,0.6420452,0.6514591,0.53735834,0.5099127,0.48349035,0.50019985,0.4918942,0.5781396,0.52598405,0.61022,0.5532269,0.5351424,0.54688233,0.52980345,0.5253599,0.61632127,0.6091886,0.6008549,0.6081206,0.5510296,0.5572832,0.5548298,0.5518266,0.5507972,0.53757894,0.5826939,0.5854739,0.5925934,0.5725057,0.5668952
708,0.59953916,0.538663,0.51367,0.57360655,0.5671403,0.5507715,0.5182537,0.5128936,0.51930416,0.5506322,0.5543465,0.6222638,0.52557373,0.55056494,0.56039697,0.5050702,0.5199431,0.54389715,0.5118528,0.49953765,0.49436074,0.5213587,0.54179657,0.5065898,0.599248,0.61167973,0.58774227,0.5749844,0.64604944,0.5831942,0.5213583,0.5825705,0.4765046,0.5801784,0.54546356,0.5694715,0.5826892,0.61327547,0.59743583,0.53018606,0.5693015,0.60887074,0.5405426,0.63556135,0.6266077,0.6669931,0.5657646,0.49190873,0.5111949,0.64089704,0.5132186,0.517971,0.5125953,0.5297916,0.5603309,0.51760846,0.6145912,0.6324214,0.5691293,0.5608726,0.534442,0.56722975,0.6502577,0.5272276,0.4969636,0.5454353,0.641464,0.593836,0.5700196,0.63516504,0.61786246,0.59174603,0.59526026,0.6760881,0.6149778,0.6247035,0.6372794,0.6447109,0.6421562,0.6222716,0.6165925,0.67791456,0.6852434,0.6336371,0.65147686,0.57649267,0.61607945,0.55212146,0.61965424,0.5925956,0.5809965,0.59421986,0.5525079,0.5656747,0.6420146,0.6138944,0.6586911,0.63338155,0.50028795,0.4825554,0.5124694,0.51451105,0.5185923,0.48533794,0.5479913,0.55591804,0.5213402,0.5535091,0.5539886,0.54160845,0.5397819,0.48937306,0.5305842,0.5315602,0.55720174,0.5911264,0.60096073,0.53625226,0.53202677,0.54870015,0.53890914,0.5726454,0.5504445,0.49642807,0.5416472,0.4969511,0.547109,0.5376865,0.58276796,0.61737156,0.5475523,0.55689126,0.62614816,0.5559663,0.5502656,0.57977796,0.6825635,0.5962573,0.55509794,0.6110489,0.5930946,0.51847667,0.6030634,0.6777469,0.6790264,0.5926921,0.5649235,0.64658564,0.66271466,0.6092152,0.62641764,0.50583273,0.52180743,0.50655043,0.56418455,0.52169865,0.5551149,0.48009226,0.5047722,0.5003154,0.57996935,0.61989623,0.5109571,0.5296635,0.5842853,0.5259702,0.58352953,0.49080813,0.55256397,0.61216587,0.70166427,0.540989,0.49674663,0.504549,0.5137196,0.5193859,0.58525336,0.53637433,0.56864333,0.5278017,0.5964673,0.53397405,0.50363976,0.56506044,0.55805284,0.5431424,0.52354944,0.5267623,0.5222278,0.5344038,0.53705424,0.6016576,0.51467323,0.5403861,0.5459488,0.49558097,0.4719354,0.5229428,0.49391112,0.48915425,0.49382377,0.50741845,0.52825546,0.4921381,0.5684403,0.62443376,0.5815956,0.5622603,0.6257817,0.568788,0.52246493,0.57330805,0.48330817,0.59132564,0.5229966,0.56121206,0.5759473,0.5914815,0.59428877,0.52912587,0.5575189,0.60926855,0.54057896,0.59451663,0.6276695,0.59950835,0.56614584,0.49461564,0.51931787,0.5558126,0.5174962,0.5244014,0.5166965,0.5405373,0.5665801,0.51120704,0.59531164,0.58958954,0.5363893,0.5404515,0.49314618,0.57217467,0.6033882,0.53179723,0.49959543,0.5416627,0.6121481,0.55897576,0.53930575,0.59505147,0.5695987,0.59464574,0.590357,0.617301,0.5916205,0.5854933,0.60697955,0.59022695,0.5715428,0.5687672,0.59684247,0.6275807,0.63185126,0.5990467,0.61859185,0.57557386,0.6247504,0.52808833,0.5687978,0.56589067,0.58103865,0.58380026,0.5395536,0.5420989,0.6293732,0.582461,0.6366721,0.62649804,0.522101,0.4916406,0.5220314,0.55239016,0.5202637,0.50646883,0.5384354,0.5287623,0.52810377,0.5383216,0.532023,0.5406327,0.53788877,0.50698674,0.514016,0.5046695,0.5080843,0.51975435,0.5494491,0.5485047,0.54844517,0.54171836,0.5287074,0.53316253,0.5613039,0.5018998,0.54065007,0.4955202,0.49879485,0.51660246,0.5797477,0.5734446,0.51693964,0.50836146,0.6169569,0.5557702,0.5354969,0.5908139,0.6267494,0.50245744,0.5648145,0.5884908,0.5725155,0.52390164,0.59783,0.62988925,0.6469695,0.5469059,0.5079465,0.60583156,0.6290853,0.5750142,0.6025282,0.51476234,0.50671303,0.47481564,0.51997757,0.52975935,0.5231655,0.47274315,0.5080001,0.48233005,0.55195254,0.60234994,0.49558777,0.50393444,0.5473174,0.5174188,0.53510046,0.5227886,0.5587543,0.61594534,0.64330953,0.5386522,0.50494945,0.48045924,0.52603835,0.49374622,0.5716999,0.52687037,0.5663919,0.5100216,0.52816033,0.53504926,0.54165965,0.5374063,0.5847689,0.57971853,0.57929915,0.5881568,0.5388214,0.5465194,0.54823536,0.5430418,0.55023605,0.5353408,0.5580684,0.5604848,0.57094395,0.5561718,0.55084485
709,0.5317357,0.515481,0.49122438,0.52927786,0.52038056,0.50278026,0.47317156,0.5256921,0.5265459,0.50270766,0.50948846,0.5901392,0.4891062,0.5038711,0.5167625,0.47315443,0.48904857,0.5256524,0.4592159,0.44962293,0.4547386,0.48534736,0.5171339,0.49702725,0.5803166,0.5916881,0.5548885,0.57402104,0.59905547,0.5629305,0.47577175,0.5592699,0.43921217,0.5500867,0.5161725,0.5841167,0.5599416,0.57362264,0.60825485,0.53446424,0.5552465,0.6133859,0.5034096,0.58710515,0.58939266,0.6283441,0.5690214,0.4483304,0.48064065,0.6013941,0.5367348,0.53381276,0.52370524,0.53122693,0.55785185,0.51194555,0.59551644,0.60844976,0.51754445,0.50575644,0.5051421,0.52270645,0.6150857,0.48229173,0.45655608,0.51029855,0.62748283,0.5648389,0.54617965,0.6359177,0.6010479,0.5710152,0.56192833,0.63754106,0.5949339,0.60978675,0.63981146,0.60934395,0.6251808,0.58651507,0.5782556,0.6470225,0.6570593,0.5841389,0.6135312,0.523973,0.60472006,0.54426944,0.59648055,0.59644276,0.5588558,0.57941514,0.54932636,0.54234946,0.59936607,0.5809742,0.622552,0.6010647,0.49972144,0.5015886,0.53108335,0.52053094,0.5265524,0.5110715,0.56882244,0.547754,0.54372936,0.50706595,0.5118439,0.53470796,0.49382272,0.45543292,0.50799763,0.51040643,0.5493393,0.58118653,0.5793097,0.516174,0.51030886,0.53538626,0.49942917,0.56020063,0.54700106,0.53624606,0.5677555,0.46558154,0.51345235,0.53833824,0.5807918,0.60693544,0.5466624,0.5607261,0.61777705,0.55376565,0.54381377,0.5606312,0.6576682,0.5600221,0.55390614,0.5908249,0.5612996,0.4821517,0.55655223,0.6397927,0.65246385,0.5431214,0.57325464,0.60999095,0.6389313,0.5899774,0.5985062,0.48830947,0.49405226,0.46855256,0.52416116,0.498715,0.5288742,0.43531322,0.46006158,0.46229544,0.551527,0.5736954,0.48795557,0.5158848,0.5645878,0.5212102,0.5605704,0.5077158,0.50796664,0.571596,0.69361836,0.54156125,0.51066697,0.52082753,0.556856,0.5060611,0.58561355,0.5403023,0.5144636,0.47951904,0.5274482,0.5119422,0.49371007,0.5193851,0.50874144,0.49068618,0.46680295,0.5417259,0.53956777,0.48827037,0.49330145,0.5610671,0.46985042,0.49678963,0.5073286,0.46591046,0.4514823,0.5011932,0.44264525,0.43562564,0.46504024,0.45492235,0.5091284,0.4811157,0.53425646,0.584597,0.5442713,0.5396095,0.5953607,0.5613369,0.47845817,0.5543798,0.47101852,0.5595457,0.49869597,0.59643775,0.5608376,0.5560627,0.62008446,0.5454677,0.54971486,0.6138347,0.511771,0.54679143,0.5896409,0.5543968,0.5802518,0.45924336,0.4985482,0.52413595,0.5458352,0.5418463,0.5322197,0.55533606,0.5680097,0.51264244,0.5683999,0.56231284,0.49485174,0.4896864,0.45873505,0.5335425,0.57583797,0.48545462,0.46825057,0.5115615,0.5945527,0.5460737,0.5222246,0.5926845,0.560004,0.58575594,0.5621133,0.5858945,0.5528536,0.57078874,0.6135668,0.5559129,0.5565881,0.5243667,0.55813605,0.5887415,0.6102753,0.54983974,0.609409,0.51857495,0.5997274,0.5246138,0.5331378,0.57100606,0.557411,0.57175875,0.54292667,0.5226707,0.582576,0.5518607,0.6099261,0.62135255,0.51911116,0.51312196,0.53883016,0.553098,0.5213564,0.5290334,0.56949836,0.52100116,0.5501893,0.49238136,0.49481812,0.535726,0.49325973,0.47649252,0.49013847,0.4908033,0.50385565,0.52865136,0.5414622,0.5427914,0.5298378,0.5321182,0.4985521,0.52536327,0.5471678,0.5334437,0.5688645,0.46696776,0.4645958,0.5118875,0.56418896,0.5653774,0.5133093,0.50754935,0.6013786,0.5522089,0.5273661,0.55217344,0.5968497,0.47362387,0.5481406,0.5626061,0.5298736,0.48170394,0.55363375,0.60675853,0.6221703,0.50052106,0.5338457,0.57525337,0.61325693,0.5578515,0.59260166,0.4880239,0.47376028,0.4377721,0.492796,0.50098044,0.50382704,0.4311992,0.4675414,0.44126657,0.5202387,0.5622546,0.46483645,0.50542164,0.54188937,0.52062505,0.5223015,0.53421843,0.5141262,0.5847884,0.6365977,0.53797424,0.51174945,0.49106959,0.566916,0.49316493,0.56534183,0.53355575,0.51188713,0.4599081,0.51593107,0.5210172,0.5537403,0.5478169,0.5476353,0.5448634,0.55403656,0.5635073,0.52628905,0.53399533,0.54306155,0.5366502,0.5472355,0.53219503,0.5321521,0.53385055,0.5453064,0.53672934,0.53424907
710,0.4646571,0.51198375,0.4805866,0.4921452,0.48387182,0.46994665,0.4502971,0.5424807,0.53774667,0.47241846,0.4810716,0.5598674,0.47384185,0.45703405,0.47058928,0.46712217,0.48475116,0.5197299,0.4352996,0.43370435,0.44439265,0.46807536,0.5113154,0.48979366,0.56261116,0.5665787,0.51829356,0.5778185,0.5440302,0.5360839,0.43061945,0.5262419,0.40105334,0.5182067,0.48162505,0.59162605,0.53081626,0.5274112,0.6050267,0.5374464,0.5328815,0.6048358,0.4744616,0.5321176,0.5440722,0.5852117,0.5744779,0.43563345,0.47295424,0.56709594,0.56604,0.5548322,0.5397875,0.53760517,0.5503318,0.52080923,0.5703644,0.58400697,0.4646023,0.452993,0.47291854,0.47478992,0.57716364,0.43367642,0.41919765,0.47819567,0.6075316,0.5337908,0.51796496,0.63132143,0.5785917,0.5476781,0.52452123,0.60009456,0.57492125,0.59000826,0.6400783,0.5755101,0.6088339,0.5569481,0.54644203,0.61523664,0.6260056,0.53001475,0.5741862,0.46925202,0.5855303,0.53387266,0.5691891,0.591308,0.5331478,0.5644744,0.5451795,0.5155255,0.5659386,0.5477037,0.5844296,0.5600124,0.50467193,0.5303674,0.54955727,0.52846736,0.5332724,0.54191804,0.58331376,0.5439858,0.5726225,0.46589535,0.47399136,0.5301013,0.4515149,0.42414847,0.48674816,0.49490872,0.547735,0.5750398,0.56874764,0.49932352,0.4883071,0.5243717,0.4688413,0.54928696,0.5484507,0.5811936,0.60017097,0.44270048,0.48727903,0.54547024,0.5821753,0.59084696,0.54442066,0.56176335,0.6067893,0.5502177,0.53685564,0.5434929,0.62892985,0.53430724,0.5656562,0.57461876,0.5344493,0.45644706,0.5132872,0.5998278,0.62184554,0.50954604,0.57806,0.56491333,0.6080595,0.5669356,0.5653466,0.48625574,0.48247913,0.45057663,0.4850178,0.49981117,0.52257043,0.42638162,0.44301257,0.44438484,0.5165912,0.52092105,0.4793741,0.5033477,0.5451133,0.5135691,0.53344816,0.5333374,0.46871954,0.5310919,0.6811625,0.543643,0.5289199,0.54240555,0.6065184,0.49431962,0.5820637,0.54692346,0.45936677,0.43060425,0.4609268,0.51202476,0.49567023,0.48201892,0.46991622,0.4552525,0.43008983,0.55949914,0.5572187,0.4565549,0.46902743,0.52102655,0.4470675,0.45825535,0.47117153,0.45836905,0.46436507,0.4936516,0.42183375,0.4175772,0.46311206,0.42909622,0.51136214,0.47550455,0.5059397,0.5360937,0.5071355,0.52337813,0.5654535,0.5486315,0.43829736,0.5288183,0.45367277,0.52615184,0.47062293,0.6212529,0.5407383,0.51690346,0.6293532,0.55834,0.53880715,0.60863394,0.48753375,0.49788356,0.5461854,0.519482,0.59239596,0.45243528,0.495292,0.51422226,0.57707256,0.561437,0.5514804,0.56921154,0.56337327,0.5254648,0.5374167,0.535237,0.4546128,0.44576874,0.42244864,0.49439433,0.54786766,0.43898085,0.4405458,0.48747623,0.57197165,0.53167784,0.50061697,0.5869195,0.5415747,0.57462084,0.53078514,0.5545133,0.50850224,0.55662626,0.6192945,0.5291528,0.54336125,0.4930449,0.52367043,0.5513377,0.5885394,0.50049037,0.5996681,0.45854622,0.5718172,0.5210966,0.49361837,0.57083684,0.5346329,0.5620769,0.5470197,0.5013909,0.5437336,0.52617,0.58264154,0.6103108,0.5183295,0.54270446,0.55285376,0.55158377,0.5232568,0.5534238,0.59325325,0.52034295,0.5752389,0.45360953,0.46658793,0.53250587,0.4533984,0.4461141,0.46798152,0.4866757,0.51081574,0.5464557,0.547636,0.5358106,0.5129601,0.52440673,0.47921315,0.5220942,0.53106934,0.5713641,0.59992456,0.45062676,0.44762465,0.5096339,0.5474132,0.549975,0.5106266,0.50519913,0.5858999,0.5478642,0.5213855,0.52277863,0.5683579,0.47176424,0.5368558,0.54338676,0.50045925,0.4533237,0.51936823,0.58523166,0.5962117,0.4794173,0.5617537,0.5437387,0.590815,0.5381537,0.5795209,0.47563645,0.4566999,0.42413142,0.47431275,0.4933513,0.50379574,0.42574874,0.4539407,0.42541644,0.4881545,0.52035964,0.4548085,0.50555253,0.533344,0.5210187,0.50952667,0.5509195,0.4774383,0.55046725,0.62871355,0.535848,0.5236754,0.5083487,0.6116356,0.48768494,0.55834854,0.5430012,0.4550391,0.41200766,0.5029315,0.50707597,0.5645436,0.55601895,0.51054716,0.5099524,0.5277983,0.5367352,0.51514566,0.52115726,0.5387803,0.53230095,0.541825,0.5285501,0.5083517,0.5086671,0.5181425,0.5161169,0.51816016
711,0.4078287,0.5262626,0.4790837,0.46490365,0.46025047,0.45399877,0.4482342,0.5605264,0.55032784,0.46195447,0.47173953,0.5385757,0.47709474,0.41587868,0.42627424,0.484163,0.50241643,0.5252236,0.43774298,0.4487967,0.46208572,0.4690865,0.5227347,0.48582888,0.5504081,0.5431371,0.48083836,0.5844612,0.48537573,0.5050411,0.39285216,0.48569885,0.36758664,0.4861605,0.44578162,0.5905559,0.4972655,0.4787886,0.5878158,0.5376423,0.50475305,0.5824846,0.45729533,0.47811195,0.49392635,0.5384714,0.5785302,0.45142478,0.48526865,0.537845,0.5948558,0.5755248,0.5573382,0.5461229,0.53847295,0.5397545,0.5426157,0.56171805,0.41794395,0.410528,0.44370702,0.4308599,0.54137033,0.39014554,0.39165735,0.45605242,0.5819055,0.50395566,0.49029934,0.6213572,0.55218667,0.52539164,0.48733312,0.5694504,0.5592235,0.56926316,0.63653755,0.54612494,0.59583026,0.5365745,0.5265462,0.58634466,0.5946455,0.47814706,0.5377118,0.42227447,0.5613211,0.52302957,0.538978,0.5760804,0.50657266,0.550637,0.5401092,0.48912755,0.54397714,0.5161925,0.5476507,0.5143288,0.51235366,0.56191033,0.56468636,0.5372648,0.53821987,0.5732775,0.58915377,0.54214394,0.60308695,0.43657032,0.44675872,0.5277837,0.4203635,0.40049455,0.46895915,0.48484692,0.5486461,0.56870455,0.566055,0.48766282,0.46823585,0.5163031,0.44945478,0.5400086,0.55416477,0.6236538,0.63260293,0.43094963,0.46981323,0.5571192,0.5869608,0.56963927,0.54089093,0.5586305,0.5929302,0.54411954,0.5306637,0.5304034,0.5979306,0.5194457,0.58678967,0.56168383,0.51361656,0.4416074,0.47515425,0.5612512,0.58843756,0.4918087,0.5765233,0.51529837,0.57161075,0.54114234,0.52919054,0.4972373,0.48512098,0.45115232,0.451414,0.52258873,0.53289014,0.44879645,0.45127192,0.4442614,0.4787615,0.46588615,0.48353195,0.49340504,0.52633905,0.5054121,0.5054913,0.56144375,0.4432954,0.4962799,0.6647097,0.5466516,0.5487924,0.5655277,0.6536254,0.48611042,0.57317054,0.5552038,0.41389847,0.39017004,0.40602785,0.53195184,0.5051012,0.4558698,0.44510892,0.43914315,0.41451332,0.57692146,0.5718076,0.44235072,0.46468887,0.48867565,0.44481745,0.42790174,0.43949184,0.4710244,0.50456023,0.4996356,0.4289224,0.4323555,0.4864898,0.42995548,0.53169006,0.4760009,0.48674482,0.48919344,0.4731697,0.51386863,0.53570044,0.5297333,0.40611967,0.49713132,0.43365496,0.49163622,0.4401388,0.6332923,0.51653636,0.47665307,0.62145835,0.56545377,0.5248336,0.5919697,0.47108305,0.45408252,0.5003214,0.49588916,0.597562,0.4711566,0.50557345,0.5222299,0.60450065,0.5774438,0.5703303,0.5783434,0.5525222,0.5447625,0.50556755,0.51092005,0.42127162,0.4142291,0.39005178,0.45882472,0.52225244,0.399082,0.4206889,0.47441834,0.5450589,0.51524997,0.4773671,0.57640964,0.5153352,0.56014824,0.4978361,0.52744776,0.46830997,0.5442458,0.6211372,0.51154053,0.5351246,0.4759767,0.49747792,0.51862997,0.5673748,0.4557476,0.5878306,0.40524223,0.5431174,0.5173631,0.45381895,0.5629661,0.51397324,0.55517167,0.5501722,0.48115337,0.5151568,0.5056731,0.555335,0.5917444,0.51853013,0.57371426,0.5619555,0.5472952,0.5254254,0.57535017,0.6057937,0.52384233,0.5983423,0.42783493,0.45053914,0.5305369,0.4237317,0.42057276,0.45020518,0.49064124,0.52353156,0.56634647,0.5627092,0.5280603,0.49889743,0.5185788,0.4709285,0.5232129,0.5149293,0.60887444,0.62877834,0.44668344,0.44650438,0.5111733,0.53303397,0.5281971,0.50896496,0.50102514,0.5699986,0.5422361,0.51816624,0.5051237,0.54334086,0.4934298,0.5330949,0.53063685,0.48489943,0.43838346,0.49409637,0.5652112,0.56866866,0.48045567,0.584457,0.5126895,0.5617049,0.51585954,0.5614234,0.476,0.45458135,0.43189195,0.46495757,0.5066725,0.51966965,0.4523572,0.46355867,0.4323841,0.45675614,0.4786095,0.46366292,0.5052949,0.5215737,0.5200941,0.4972913,0.56856924,0.45434016,0.51657087,0.6172891,0.53272945,0.5378955,0.5289421,0.65198123,0.4785654,0.5494237,0.55375326,0.4056676,0.37449697,0.49282992,0.49551305,0.57301646,0.56220585,0.47931945,0.4800737,0.5035612,0.51124084,0.50681293,0.5096439,0.5355344,0.53003526,0.5344305,0.5250637,0.49041882,0.48870924,0.4931219,0.4970658,0.5041115
712,0.36850676,0.5521256,0.48385748,0.4484337,0.44931948,0.45285505,0.46097708,0.577301,0.5618014,0.47162324,0.48218417,0.533176,0.49215785,0.38799408,0.3927092,0.5165287,0.53260595,0.5388268,0.45934108,0.4859776,0.4986396,0.483633,0.54572517,0.49069273,0.54967946,0.5282018,0.4488015,0.5941975,0.43227702,0.47597477,0.36971378,0.4449392,0.34677634,0.45837355,0.41694838,0.58402324,0.4667075,0.43699563,0.56270665,0.5356779,0.4781384,0.5511323,0.454382,0.43493366,0.44679698,0.49205795,0.5779462,0.48828077,0.51021475,0.5134396,0.6164632,0.59021795,0.5730515,0.5537271,0.525915,0.5610925,0.5185864,0.5435418,0.38682157,0.38611564,0.42423573,0.39804572,0.5131368,0.36100873,0.38003367,0.45155656,0.554184,0.47907528,0.4686591,0.6064572,0.52519107,0.50862837,0.45869175,0.5509715,0.553119,0.55176044,0.62764883,0.5243102,0.5897136,0.5287587,0.5238515,0.566512,0.56738675,0.43785837,0.5090114,0.39271194,0.5376771,0.51527756,0.5092574,0.5522962,0.4836531,0.54027075,0.53445566,0.4683634,0.5343039,0.48968965,0.51678616,0.47176138,0.5219675,0.58987147,0.5751085,0.5474032,0.54538566,0.6029125,0.58888537,0.54160744,0.6323755,0.42488188,0.4372938,0.5284499,0.40716702,0.38991767,0.4590454,0.4828301,0.54913294,0.55914676,0.56492525,0.48282275,0.45342106,0.51166534,0.44157565,0.5333832,0.5662516,0.6589869,0.6609202,0.43118918,0.46158564,0.57307124,0.5962939,0.54721004,0.538007,0.55249804,0.5771396,0.5362273,0.5267461,0.52371,0.56931853,0.51360023,0.612706,0.5522571,0.50083345,0.43830046,0.44576505,0.5296276,0.55663055,0.48698372,0.5687872,0.47104618,0.5342066,0.5167723,0.4953097,0.5171787,0.49750966,0.465092,0.42750406,0.55752236,0.5529315,0.49210575,0.47798783,0.4561643,0.44666824,0.418091,0.4962865,0.48701593,0.5099542,0.49914202,0.4855283,0.5859316,0.43947753,0.4743682,0.644951,0.5521867,0.5712182,0.5898569,0.6916822,0.48555437,0.55874807,0.56658083,0.3872752,0.3670801,0.3694162,0.56491935,0.5175158,0.44202495,0.4353202,0.44083822,0.41822436,0.59119636,0.58127934,0.44833222,0.4791306,0.47300065,0.45830822,0.40934762,0.41678566,0.4980874,0.5589439,0.5158665,0.45733985,0.4703536,0.5268933,0.45229936,0.562445,0.48691642,0.4816932,0.45611957,0.44780746,0.5133396,0.5061475,0.5063995,0.38614255,0.46344405,0.41728202,0.45923457,0.412946,0.63381946,0.4936235,0.4421984,0.60139054,0.5667333,0.5109164,0.5667212,0.46580997,0.42323545,0.45890465,0.48224702,0.5920941,0.5074018,0.5239159,0.54007006,0.62256396,0.585613,0.58496064,0.579288,0.5387661,0.56437695,0.47912103,0.49165258,0.40195432,0.39986485,0.36857226,0.43060035,0.5018787,0.37260103,0.4132372,0.47648776,0.5163104,0.49791405,0.45653382,0.56157476,0.4861827,0.54154986,0.46830705,0.50959563,0.44472456,0.53537226,0.61533535,0.5043971,0.53850305,0.47482485,0.48417842,0.49561372,0.54783565,0.42226103,0.5712951,0.3700268,0.5180486,0.5139181,0.41939676,0.5467649,0.49677488,0.5511197,0.55113107,0.46562982,0.4990251,0.49058712,0.5293863,0.56562,0.52091867,0.59968096,0.5660657,0.54265946,0.53230655,0.59412,0.60758114,0.52947617,0.6183057,0.42064223,0.4494888,0.5300059,0.40924224,0.40608692,0.4424369,0.5025283,0.53702414,0.58101696,0.57792336,0.51917696,0.48887464,0.5147062,0.4720382,0.52798426,0.5060673,0.6421608,0.6531094,0.4526943,0.45739955,0.52061653,0.5274954,0.50582206,0.5089622,0.49565905,0.5543267,0.5355412,0.5176699,0.50057536,0.5252781,0.529395,0.54062396,0.5256121,0.48343217,0.43673196,0.47669235,0.5467227,0.5409136,0.4963467,0.59704536,0.486822,0.52891976,0.4933722,0.5380091,0.48778242,0.46440032,0.4565333,0.46317282,0.5355184,0.54525054,0.5006181,0.4891903,0.45623934,0.43138227,0.44259796,0.4860936,0.5054455,0.50852543,0.51849216,0.4910718,0.5838451,0.45040068,0.4872638,0.5998748,0.5291929,0.5559102,0.55383587,0.6833908,0.47013482,0.5374149,0.56619465,0.3728261,0.35440218,0.488294,0.4884173,0.578027,0.5665799,0.45961592,0.45965147,0.4845625,0.49122822,0.5023891,0.5010945,0.533425,0.5293454,0.5259825,0.5225167,0.48245928,0.4783703,0.47491136,0.4827996,0.4938797
713,0.3510768,0.57995415,0.49317113,0.44332752,0.45031676,0.46320525,0.48182943,0.5904013,0.5708571,0.49892002,0.5092605,0.5447852,0.51201934,0.37850526,0.37679675,0.55320245,0.5650689,0.55553424,0.4907552,0.53144044,0.5399723,0.5054016,0.5717857,0.51048154,0.5635144,0.5244374,0.42925575,0.6073777,0.39376763,0.45415324,0.3650441,0.4129867,0.34396845,0.43922734,0.40153307,0.5752217,0.4486524,0.41285113,0.53725207,0.5337794,0.46105683,0.5193964,0.4660491,0.41064048,0.41350478,0.4537208,0.57152855,0.53445345,0.5393719,0.4960169,0.62720114,0.59610254,0.5849161,0.5584968,0.516635,0.5784553,0.50520927,0.53122574,0.37864304,0.3846584,0.4193041,0.3810537,0.49562922,0.3524313,0.3874547,0.4689557,0.52851546,0.46134594,0.4566728,0.5871759,0.50092286,0.49983758,0.44568622,0.5463077,0.5585794,0.5397777,0.6123449,0.5133139,0.59097296,0.53486633,0.5390499,0.5606183,0.5473798,0.41724604,0.49074748,0.38555354,0.51992047,0.5134063,0.4837126,0.5240225,0.46912128,0.5359676,0.52925,0.4577797,0.53592277,0.4723311,0.49448454,0.43957958,0.53481185,0.6111369,0.5816379,0.56017596,0.5597321,0.62971526,0.58740103,0.54447806,0.65889627,0.43395048,0.45005733,0.53273886,0.41499448,0.39651462,0.46166793,0.49247834,0.5492727,0.5474207,0.56109434,0.48510554,0.44709435,0.51069695,0.4444594,0.5310731,0.58513796,0.68592453,0.68207836,0.44217047,0.4635159,0.59162295,0.6088622,0.52756125,0.53743726,0.54465926,0.5608895,0.5288983,0.52619016,0.5249032,0.54903364,0.5148323,0.6379418,0.54752517,0.49772757,0.44719228,0.43029526,0.5092673,0.53075594,0.49251002,0.5586433,0.44425023,0.5009571,0.49760187,0.46823207,0.540714,0.515104,0.48713946,0.41607925,0.59069747,0.57418174,0.5417755,0.5137509,0.47483048,0.4273501,0.38691792,0.5139451,0.48476046,0.4990695,0.49600822,0.48295859,0.6035369,0.46032444,0.46863177,0.6222605,0.5614961,0.5982175,0.61676544,0.7176873,0.49436402,0.5396274,0.5826298,0.3839523,0.36707982,0.3549813,0.59998614,0.5301764,0.4410155,0.4400056,0.45675033,0.43817142,0.6000709,0.5855797,0.47403532,0.50829405,0.47862053,0.48161063,0.40467122,0.40680757,0.5311453,0.6103973,0.53712535,0.497699,0.5167886,0.5712056,0.48742914,0.5937316,0.5128749,0.49422184,0.4441995,0.43666515,0.5235413,0.4785265,0.48211533,0.38100812,0.43422028,0.41049725,0.43457824,0.39538515,0.62455344,0.47919118,0.4219532,0.5756602,0.5639148,0.50136423,0.5393488,0.47332007,0.41159293,0.4307925,0.47727412,0.5758774,0.5495619,0.5446787,0.5592455,0.62911963,0.585116,0.5932893,0.57153076,0.52611184,0.5795329,0.46508068,0.48030376,0.40306664,0.4059199,0.3637588,0.4132476,0.48907256,0.3642082,0.42107344,0.49477428,0.489712,0.48155072,0.44236714,0.5444345,0.46066377,0.5197455,0.44905692,0.5033294,0.4456399,0.5319884,0.5993753,0.5077788,0.55740446,0.4901381,0.48663476,0.48713642,0.5300721,0.4060943,0.5478508,0.36000937,0.50169486,0.5120499,0.39640534,0.52454627,0.48492527,0.55036855,0.5496946,0.4582222,0.4956707,0.48175284,0.5062952,0.5339862,0.52761996,0.6171397,0.56753695,0.5418039,0.54974276,0.6110873,0.602052,0.5370917,0.6358782,0.4346592,0.46474436,0.5317334,0.4128666,0.40726277,0.44982225,0.5228712,0.5493795,0.58632,0.585615,0.50914353,0.4842032,0.5132848,0.48054728,0.535242,0.5108658,0.67024744,0.671699,0.4648615,0.4760783,0.5401397,0.534578,0.48964888,0.5112814,0.49035347,0.5401993,0.5286036,0.5194295,0.5083807,0.5171372,0.56732506,0.5604474,0.5294267,0.49480826,0.44842952,0.4676793,0.5299197,0.5151387,0.51946974,0.59869075,0.47242782,0.49743834,0.47408587,0.51064986,0.50860834,0.48274875,0.49201697,0.46697053,0.56928843,0.5724082,0.5550863,0.52204716,0.4896378,0.41780606,0.41910115,0.51532066,0.5066211,0.49800858,0.5161425,0.49736235,0.59537655,0.4681946,0.4650703,0.57603526,0.52603334,0.5806653,0.58630943,0.70464,0.46652943,0.5228233,0.58088106,0.3617939,0.35608137,0.4907978,0.48748496,0.578483,0.5689075,0.45491624,0.4513863,0.4731868,0.47983962,0.50225234,0.49658617,0.53229666,0.52956164,0.5177722,0.5213167,0.48711306,0.4805712,0.4670433,0.47592136,0.48885575
714,0.35710964,0.600666,0.5068847,0.45016688,0.46271697,0.48181328,0.50551146,0.59859675,0.57852155,0.5377599,0.5458693,0.5690097,0.5318694,0.38748705,0.37962243,0.5838545,0.5904285,0.57036644,0.5224819,0.5700959,0.5724152,0.52898043,0.59301174,0.5474567,0.59059817,0.5299038,0.42701322,0.62433475,0.37471625,0.44134152,0.37809202,0.39524227,0.35864368,0.43043804,0.3996847,0.56656903,0.45046046,0.4131663,0.51875204,0.5355165,0.46015546,0.49680248,0.49041232,0.4082996,0.40199712,0.43084097,0.56057423,0.57627904,0.56377965,0.4877207,0.62815773,0.59448844,0.5934746,0.5604026,0.5138248,0.5893713,0.5071058,0.5263626,0.39629218,0.40719536,0.4283319,0.379904,0.48939043,0.36458588,0.41150272,0.50444907,0.5074636,0.45087564,0.4539655,0.56432295,0.48131406,0.49769726,0.45078546,0.5535339,0.5734772,0.5331341,0.591411,0.5150268,0.5973218,0.55312544,0.5674011,0.5694538,0.5357334,0.4192013,0.48315513,0.3992959,0.5105729,0.5177096,0.46467528,0.49678746,0.46503407,0.5384037,0.52590793,0.45885324,0.5468718,0.46710533,0.4819149,0.4205579,0.55368114,0.62709564,0.58795244,0.57815224,0.5845044,0.65396607,0.5904118,0.554515,0.68246126,0.46272188,0.4843004,0.5405294,0.44173753,0.4204206,0.47947878,0.51632124,0.5514434,0.53729093,0.5536285,0.4926182,0.45079744,0.5135321,0.45740643,0.5342985,0.608971,0.7062668,0.6956343,0.46072996,0.4758873,0.61027825,0.622093,0.51313287,0.5398634,0.53555304,0.54593766,0.52451557,0.5290964,0.53354645,0.5407435,0.52093655,0.65843904,0.54908365,0.5043831,0.46731308,0.43201926,0.5019998,0.5141765,0.5061765,0.55230325,0.4424643,0.4757706,0.4851667,0.44991493,0.5632175,0.5349883,0.5135777,0.4178536,0.61013234,0.5880267,0.58264285,0.54918754,0.4967012,0.42211634,0.37678903,0.5341167,0.48663554,0.4957899,0.49561214,0.5024019,0.615801,0.5021103,0.4767571,0.5982214,0.57447326,0.6308332,0.6476122,0.7326503,0.5102044,0.5178085,0.60381746,0.4022274,0.39078587,0.3638684,0.6259008,0.5429852,0.45261016,0.4571863,0.48162207,0.46980065,0.6030657,0.5874388,0.5137046,0.54443514,0.50317097,0.50882465,0.41327322,0.410946,0.561485,0.64352053,0.5576598,0.5383494,0.5549734,0.6062411,0.52470267,0.61733615,0.5551143,0.5228476,0.45345816,0.44307736,0.5440036,0.45786646,0.46179226,0.391424,0.4153887,0.41578946,0.4230681,0.39119175,0.60844845,0.47898543,0.42150292,0.55190367,0.5606709,0.5008765,0.5180778,0.4925711,0.42104405,0.42188033,0.47948286,0.55282444,0.5849896,0.5613449,0.5727845,0.6264186,0.57903534,0.5965467,0.5583718,0.5183577,0.5885419,0.46815357,0.4796729,0.42756474,0.43293056,0.3763812,0.40935636,0.48581654,0.37401083,0.44289833,0.52580655,0.4699217,0.46891993,0.43761432,0.52845144,0.44394815,0.4982431,0.44608507,0.5085909,0.47131184,0.53568107,0.57544595,0.52008265,0.59008956,0.5192275,0.50482327,0.49490285,0.5155803,0.40997282,0.51990324,0.3755384,0.49750152,0.5133191,0.3879298,0.5015815,0.48034552,0.5533252,0.54678804,0.46039674,0.5037988,0.4799217,0.48951358,0.50257826,0.54095703,0.6275787,0.57148945,0.5501179,0.5813971,0.62892616,0.5950745,0.54872084,0.65247,0.4677766,0.49505067,0.5367453,0.43412215,0.42455047,0.47411448,0.5520555,0.5620317,0.5824099,0.58229387,0.49922967,0.4863225,0.51552397,0.49547502,0.5437058,0.53095865,0.6944452,0.6846024,0.479418,0.4982689,0.56851083,0.55376893,0.48453784,0.51641214,0.4866202,0.52974147,0.5229238,0.52276015,0.52505213,0.5193783,0.5954633,0.5894215,0.5410645,0.51495945,0.47227314,0.4672619,0.5173426,0.49562606,0.54290444,0.59247196,0.47347155,0.47353274,0.46159977,0.48389152,0.53462106,0.506597,0.5306929,0.47475138,0.595912,0.5924368,0.598708,0.5536195,0.5251821,0.41933328,0.413158,0.5444361,0.5089296,0.4930022,0.5129523,0.5195071,0.60535103,0.5053003,0.4512108,0.55020314,0.5241097,0.6137402,0.6283673,0.7175382,0.4704606,0.5082859,0.59750926,0.37301442,0.37924644,0.4996481,0.49349037,0.57414496,0.5689125,0.46497834,0.45569298,0.4703418,0.47785202,0.50587696,0.4965833,0.53217,0.530768,0.51126516,0.52149767,0.5038334,0.4949571,0.4698561,0.477016,0.48982182
715,0.38645646,0.609708,0.5252977,0.46867707,0.4854277,0.50553995,0.52801603,0.602285,0.58724004,0.58004576,0.5841317,0.599322,0.5491843,0.4116404,0.39767724,0.6023703,0.60172224,0.58006036,0.54686445,0.5914377,0.588291,0.5510068,0.60535675,0.5987902,0.62631786,0.5408531,0.44302338,0.6447778,0.37494552,0.4361212,0.4047605,0.39363775,0.3854037,0.43129408,0.40787315,0.5610563,0.47561055,0.43956226,0.51380825,0.54470426,0.47988507,0.4909736,0.5239969,0.42704973,0.4148896,0.42604864,0.54813725,0.60361403,0.5759833,0.4879207,0.622831,0.5887124,0.6008034,0.5608102,0.5200031,0.59428376,0.5259233,0.5303061,0.43916267,0.45191592,0.44739586,0.39263186,0.4934517,0.3943904,0.44626218,0.5485359,0.49186558,0.44674167,0.45871624,0.5394622,0.46758407,0.4995798,0.472245,0.56840324,0.5929517,0.5307633,0.56683546,0.52894145,0.605582,0.57903206,0.6008958,0.5899117,0.53190213,0.44233778,0.48536405,0.42923814,0.5090333,0.5264727,0.45333594,0.47532544,0.4709136,0.54629654,0.52532214,0.47072127,0.56390035,0.474661,0.47910762,0.4135989,0.57990545,0.6408693,0.5986139,0.6037735,0.620187,0.67687386,0.6027496,0.57438886,0.70317423,0.5066435,0.53521746,0.5511544,0.48246703,0.45945176,0.5123097,0.5541702,0.55795026,0.5321603,0.54313534,0.50269705,0.4639632,0.52045214,0.4798698,0.54284036,0.6343981,0.72268164,0.7028662,0.4827074,0.49692765,0.6270045,0.6336744,0.50470495,0.5450967,0.5254861,0.53368974,0.52417433,0.5347413,0.5480477,0.5444446,0.52909803,0.6726781,0.55834085,0.51918626,0.4954636,0.44961634,0.5068578,0.50778574,0.5240351,0.5552336,0.4671845,0.46085703,0.47875822,0.43957755,0.582221,0.5557129,0.54109436,0.43090823,0.61056477,0.5886957,0.6039648,0.5775527,0.5188071,0.42793056,0.3875477,0.5545295,0.49243277,0.4999236,0.49736795,0.5427699,0.6262931,0.55626565,0.4928454,0.57571787,0.5895115,0.66815645,0.6822406,0.7392146,0.5286926,0.49602652,0.6292934,0.43748423,0.4363655,0.39557725,0.6361656,0.5570806,0.47537878,0.48407218,0.5099101,0.50708485,0.6016048,0.59088737,0.55840343,0.57893795,0.53959644,0.53479964,0.43256202,0.42791572,0.5829019,0.64939505,0.573028,0.5688067,0.5729326,0.6246189,0.55564237,0.6294271,0.61024344,0.5623404,0.4797636,0.46645415,0.5722848,0.44822553,0.4492044,0.4154896,0.41109118,0.43185034,0.42729798,0.40107208,0.5907673,0.4959589,0.44232082,0.53884125,0.56140625,0.5135244,0.5102053,0.52049214,0.44975504,0.43280944,0.4858266,0.52882254,0.6045155,0.5682607,0.5756678,0.618688,0.5718876,0.5981003,0.54463077,0.51924825,0.59174114,0.49021006,0.49150556,0.47394562,0.47847617,0.4042694,0.42125902,0.49348637,0.39967844,0.47380972,0.5633342,0.46076712,0.46267334,0.4437584,0.5175764,0.43919256,0.48188096,0.46187016,0.52437496,0.5161107,0.54664683,0.54962426,0.5386827,0.6301554,0.5562425,0.53569174,0.51730853,0.5070391,0.43313748,0.4944793,0.41336754,0.50668,0.5184458,0.39485055,0.4839287,0.48456165,0.55984503,0.5436629,0.4724695,0.5201988,0.48477206,0.48249334,0.47867703,0.5620684,0.63464594,0.5831935,0.5721343,0.626924,0.6500498,0.59294903,0.5667978,0.66895974,0.5143688,0.53735924,0.5456518,0.47065985,0.45660692,0.5134141,0.5889986,0.57703847,0.5719256,0.5680016,0.4914186,0.49635166,0.5229629,0.51638633,0.55195475,0.5633317,0.71637845,0.69243777,0.49323177,0.51935047,0.60184246,0.58158684,0.4925666,0.52434105,0.48582533,0.5248333,0.5200839,0.5269124,0.5459103,0.53001857,0.60640186,0.62227565,0.5577124,0.537892,0.50454116,0.47274435,0.51259273,0.48608798,0.55978626,0.5830353,0.49032354,0.4627446,0.45797765,0.46292436,0.5618011,0.5331362,0.5644662,0.4841783,0.60799205,0.5991711,0.6193139,0.57742506,0.556286,0.4353742,0.42566058,0.5676773,0.51242626,0.49412164,0.50971264,0.5566775,0.6175281,0.55508155,0.44702566,0.5298389,0.52390444,0.65426177,0.67786765,0.7248017,0.4826547,0.49703178,0.61496603,0.40492037,0.4212359,0.51288223,0.5062141,0.56579167,0.56667817,0.48693147,0.47147477,0.4758879,0.48433414,0.512433,0.501264,0.53352386,0.53384894,0.5077103,0.52300954,0.5297449,0.51872015,0.48158368,0.4851648,0.49703872
716,0.43661508,0.608261,0.54791737,0.49694368,0.5157513,0.53102356,0.5457832,0.60449725,0.6004442,0.617786,0.61757666,0.628085,0.5636173,0.44625548,0.42484647,0.6083684,0.5966886,0.58341587,0.5605726,0.59283346,0.5878183,0.5694501,0.6091553,0.6568252,0.6631897,0.55366766,0.47438315,0.6656664,0.39042476,0.43552893,0.43939593,0.4095154,0.41726157,0.43953192,0.4230372,0.56409574,0.522994,0.48880252,0.5284075,0.5646156,0.52143973,0.50665355,0.5622743,0.46345675,0.45066366,0.43672717,0.5385877,0.6138116,0.5738752,0.49304578,0.61590564,0.58299774,0.60984844,0.5625822,0.53763855,0.5949465,0.55977106,0.5424568,0.5029796,0.5137604,0.473236,0.41854167,0.5047216,0.43945587,0.48623422,0.59079653,0.48070237,0.44818696,0.4712432,0.5145903,0.46093142,0.5036182,0.50439125,0.5826457,0.6090127,0.53082126,0.539375,0.5503028,0.61113954,0.6047277,0.6291373,0.6137951,0.5323957,0.48219997,0.4945889,0.47085407,0.51215374,0.5367348,0.45003596,0.46207574,0.4848321,0.5568263,0.5269694,0.49100775,0.580581,0.49313527,0.48308662,0.4164856,0.6114655,0.65448576,0.6163487,0.6369896,0.6633829,0.69946194,0.6261273,0.6027689,0.7192029,0.55830234,0.59432364,0.5637436,0.53122157,0.5106687,0.55638146,0.60148025,0.5687618,0.5331295,0.5297564,0.5136186,0.48433384,0.53168714,0.51081693,0.5542128,0.6558319,0.73652035,0.7041964,0.5046768,0.5227341,0.63973224,0.64063454,0.500989,0.5517304,0.5152808,0.52381486,0.527123,0.5415803,0.56552225,0.55590016,0.53606504,0.6806741,0.5754527,0.53945875,0.52756816,0.47802573,0.5178346,0.507056,0.5402571,0.56904525,0.5134791,0.45577523,0.476007,0.43404478,0.5978461,0.575923,0.56566316,0.451207,0.59402597,0.5758001,0.60270363,0.5962205,0.5384744,0.43994486,0.416267,0.57224435,0.5020841,0.50958467,0.5017049,0.5969785,0.6374638,0.61154443,0.5085421,0.55553097,0.6032946,0.7064688,0.71796423,0.73893005,0.54557824,0.4771461,0.6561261,0.48510823,0.5012454,0.44741592,0.63070154,0.5731318,0.5064645,0.51759404,0.53744596,0.54294556,0.59932154,0.6001515,0.59987557,0.6051728,0.5787504,0.5562942,0.45911306,0.45334896,0.5940571,0.6268747,0.5809857,0.5842469,0.56780237,0.6262885,0.57716084,0.6306101,0.67010266,0.60617715,0.5174852,0.5018865,0.60443145,0.44819632,0.4450512,0.44867393,0.4235136,0.4549881,0.44569284,0.4237067,0.5799613,0.53042644,0.48186308,0.5455876,0.5703584,0.5415939,0.52003485,0.55269015,0.49290678,0.46015394,0.4925292,0.51006615,0.6060033,0.5644613,0.5652205,0.61070096,0.5679621,0.6022618,0.53481406,0.5326853,0.59026533,0.5301201,0.5148668,0.5350721,0.5365681,0.4463626,0.45097187,0.5110673,0.43985194,0.5081419,0.6002139,0.46387917,0.4644916,0.4623992,0.5145911,0.4485572,0.47425032,0.49322742,0.54744697,0.5693328,0.5619536,0.5274398,0.55911666,0.6686393,0.5927553,0.57179695,0.54892194,0.5045894,0.47151783,0.47823122,0.46863523,0.52753985,0.52648586,0.41879496,0.47624916,0.49790123,0.567969,0.5410083,0.49420676,0.53809977,0.49486038,0.48455122,0.4669436,0.5895824,0.64073324,0.60456204,0.6084036,0.6804893,0.67504287,0.5999319,0.5913241,0.6841115,0.5665482,0.5862568,0.55788153,0.51878333,0.5021944,0.5622695,0.62953436,0.59365124,0.55791134,0.54454374,0.48766536,0.51442474,0.5368153,0.54227436,0.5581312,0.6005365,0.73609006,0.6944728,0.5047168,0.5358495,0.6341308,0.61210656,0.51280767,0.5341437,0.4891709,0.5247546,0.52055126,0.53125143,0.56625956,0.54479927,0.5987608,0.65275896,0.5758903,0.5581347,0.5394006,0.47968334,0.5149951,0.48467782,0.5646261,0.57463825,0.5195479,0.4669781,0.4627947,0.44985664,0.58762133,0.55901384,0.5867622,0.49241728,0.6054605,0.59131646,0.6137939,0.59021795,0.57793367,0.46108127,0.45237008,0.58171165,0.51755387,0.5008674,0.5083795,0.6035946,0.6339235,0.60721,0.45404398,0.5196605,0.5251355,0.69810814,0.72778624,0.72769356,0.5019145,0.4907275,0.631184,0.45531416,0.47918946,0.52898765,0.52439445,0.5550585,0.5628497,0.51618564,0.4963596,0.48887002,0.49751037,0.5213127,0.5105368,0.5372127,0.54010624,0.50780743,0.5257507,0.56062376,0.5476485,0.50031966,0.4993644,0.51024336
717,0.49958265,0.60011494,0.5717348,0.52987754,0.54774946,0.5535259,0.55473995,0.6090387,0.61984134,0.64438105,0.64079815,0.6478151,0.57477456,0.48714507,0.45656106,0.6045894,0.577377,0.57975316,0.56388044,0.5773382,0.5754981,0.5815372,0.60541487,0.71061367,0.69221,0.56605864,0.51578444,0.6809703,0.41613355,0.43849632,0.47638407,0.44397062,0.44995895,0.45318007,0.44546753,0.58146554,0.5854973,0.5512587,0.56581956,0.5955427,0.58046246,0.54458976,0.59955096,0.51087797,0.50361824,0.45705295,0.5357561,0.609831,0.5610399,0.49845257,0.6112546,0.58095574,0.622287,0.56813794,0.5672988,0.5916981,0.6015479,0.5576168,0.57730556,0.5827559,0.50383294,0.457119,0.51812345,0.4970935,0.52726203,0.6225337,0.47206163,0.45479456,0.49344322,0.49198744,0.46214703,0.50774634,0.5388604,0.58549637,0.6131965,0.5311598,0.5085065,0.56920904,0.6083559,0.61971897,0.6419631,0.62815547,0.530683,0.5304187,0.5056493,0.51978886,0.5169435,0.5455049,0.45406547,0.45838976,0.5039073,0.5653403,0.5290532,0.5160036,0.58879554,0.51791036,0.48876214,0.42741093,0.6431223,0.6664514,0.6396612,0.67313665,0.7065205,0.7204752,0.65734243,0.63285327,0.7261293,0.60803914,0.6496931,0.5766927,0.5808225,0.5683546,0.603704,0.6493487,0.57950896,0.53751427,0.51258844,0.52427673,0.50860125,0.54589653,0.54640424,0.56328654,0.66633606,0.7460259,0.6974382,0.52438575,0.54744685,0.6454411,0.6395016,0.5001474,0.55732584,0.50652367,0.5141049,0.5311037,0.54727083,0.5804779,0.5668701,0.5383699,0.6816722,0.5972641,0.5617766,0.5593739,0.5105428,0.52587247,0.5044923,0.5492769,0.58949953,0.56887865,0.45815533,0.47527307,0.43035427,0.6106068,0.59221417,0.5821493,0.4734996,0.56614494,0.5532271,0.582405,0.60495216,0.5530232,0.4558587,0.45803285,0.5831855,0.5145798,0.5219122,0.5093823,0.65222424,0.6483751,0.6565689,0.5165717,0.5345267,0.61151814,0.7393188,0.7491426,0.730521,0.55772203,0.4641591,0.67880934,0.5399509,0.578583,0.5112682,0.613147,0.5889211,0.54018223,0.5528236,0.56066924,0.569711,0.5999279,0.61702406,0.6324569,0.6183888,0.6114293,0.571274,0.49080148,0.4828891,0.5965156,0.5817586,0.58055776,0.58527756,0.54415154,0.61470634,0.5897395,0.62274814,0.7235862,0.646898,0.55990094,0.5416393,0.6345723,0.45306534,0.4488637,0.48518702,0.45246077,0.4817244,0.47322288,0.45773205,0.5846402,0.57919014,0.533225,0.5779246,0.5893737,0.58346474,0.54751694,0.583856,0.54231024,0.4984026,0.4976792,0.50159025,0.5931158,0.5541854,0.54222363,0.60597694,0.5697985,0.6116348,0.53129137,0.56049395,0.58458674,0.58164775,0.54420525,0.5989185,0.59731233,0.501552,0.49677134,0.53396654,0.49319407,0.5411928,0.62867296,0.4779255,0.47457206,0.49380085,0.51922244,0.47303212,0.47532275,0.53121364,0.5709436,0.6175813,0.5750439,0.5106961,0.57436395,0.69661945,0.6188943,0.60172325,0.57925045,0.504853,0.5171881,0.47371715,0.5336308,0.55417144,0.53488743,0.460691,0.48082083,0.5185159,0.5728461,0.5387119,0.5229642,0.5494971,0.5081234,0.491045,0.46757975,0.61900544,0.6447051,0.6324355,0.65303564,0.73172015,0.70142746,0.6163806,0.61768395,0.69360757,0.6148572,0.6326007,0.57066244,0.57158893,0.55731905,0.6121967,0.66637427,0.6066136,0.5420541,0.51475286,0.4892648,0.5386613,0.55600405,0.56955934,0.5598061,0.6323501,0.7507924,0.6873109,0.5136655,0.5461676,0.6581149,0.63788724,0.5414553,0.5438214,0.4974746,0.52563053,0.5231131,0.5349662,0.5810045,0.5576665,0.57594633,0.6739059,0.59149736,0.5720778,0.5704886,0.48504338,0.5186515,0.48549107,0.5553988,0.5688701,0.5536818,0.48351344,0.47426492,0.44417688,0.61007816,0.5791122,0.59365535,0.49742666,0.5924038,0.57209444,0.58669585,0.59131455,0.5865528,0.49084225,0.48537636,0.5852557,0.5243368,0.5122515,0.5109286,0.6504122,0.6523397,0.64932835,0.472431,0.5176855,0.5269548,0.737723,0.7688099,0.72439563,0.52585495,0.48897526,0.64282775,0.51879907,0.54775435,0.5468078,0.5451442,0.54381216,0.55818105,0.546532,0.52601,0.5070751,0.5147957,0.531807,0.52345204,0.5432552,0.54972047,0.511544,0.52938056,0.59077525,0.5762318,0.52380764,0.5183175,0.5279982
718,0.5610976,0.58687776,0.5903863,0.55883956,0.5726488,0.56721836,0.5514805,0.6152702,0.64044785,0.6551927,0.64924264,0.65334225,0.57938755,0.5300221,0.49095958,0.5929426,0.5470018,0.5677325,0.55733263,0.5494417,0.55519795,0.58347714,0.5923127,0.7494172,0.70547545,0.5758605,0.55894405,0.6839957,0.4461305,0.44589525,0.5107772,0.49239364,0.4831387,0.47093305,0.47612584,0.61097413,0.6486597,0.6106096,0.6189961,0.63094556,0.64382595,0.5966927,0.6291559,0.558271,0.5611943,0.47807163,0.5387845,0.59496886,0.5423255,0.49861848,0.6078756,0.5821038,0.6345354,0.57561266,0.6032055,0.5817479,0.63904274,0.5667271,0.6456263,0.64449364,0.5355422,0.5023282,0.52751863,0.5584819,0.5646162,0.6391258,0.4637344,0.46458253,0.5224221,0.47277886,0.46905532,0.50880873,0.56662124,0.56991774,0.60192454,0.5293699,0.4745381,0.57475054,0.59318066,0.6151667,0.6336531,0.62148446,0.5200697,0.57460666,0.51219994,0.56819004,0.5214941,0.551087,0.46174672,0.46372345,0.52364695,0.56692576,0.5297581,0.54004604,0.5820474,0.54143244,0.4914163,0.44361806,0.66759926,0.6709831,0.661841,0.70274717,0.73986286,0.73455566,0.68782955,0.6541477,0.71950126,0.64622015,0.68965477,0.586555,0.6222172,0.62181896,0.64417374,0.6871148,0.58230305,0.5387306,0.48979345,0.53272617,0.5327177,0.5588825,0.57815456,0.56438226,0.66119725,0.7460985,0.6785493,0.53973544,0.56387174,0.6401518,0.6274504,0.5002127,0.55925155,0.49994063,0.50190246,0.533408,0.5496158,0.58617824,0.5678316,0.53220165,0.6724759,0.6156593,0.5803593,0.5851245,0.5384239,0.5241861,0.4950404,0.5466506,0.60746,0.6163839,0.46384263,0.47559384,0.42733276,0.61804223,0.5987937,0.58554256,0.4918039,0.5317823,0.52491915,0.5496748,0.60259247,0.5588358,0.4760948,0.50427306,0.58292633,0.5269325,0.53269315,0.5197774,0.69439435,0.6533121,0.683752,0.5147777,0.5079749,0.6107391,0.75965774,0.76836866,0.7104646,0.56273305,0.45847875,0.69112825,0.5930873,0.6527698,0.57262415,0.58700573,0.5984281,0.5679309,0.58200204,0.5752555,0.58133435,0.6025145,0.6365823,0.65235865,0.61523044,0.6303907,0.57724327,0.52572083,0.51385254,0.59091806,0.52440566,0.5709097,0.5741564,0.50947356,0.5928031,0.59276396,0.6055436,0.76068944,0.67601264,0.59810233,0.57659614,0.65484184,0.4578012,0.45948187,0.51909405,0.49288958,0.5103968,0.50311714,0.500647,0.6048253,0.6321014,0.5845136,0.6293787,0.6143248,0.6301345,0.58566105,0.60850495,0.5871078,0.5390395,0.49933714,0.5037795,0.5704144,0.54195696,0.5095962,0.6033439,0.57550025,0.622773,0.53246796,0.59728307,0.5735011,0.63155395,0.5697933,0.6526027,0.648539,0.5625373,0.5484302,0.5543798,0.55231774,0.5692657,0.6426786,0.49731624,0.489962,0.53208154,0.5268971,0.5083155,0.4809279,0.5636528,0.5860722,0.6506783,0.57870626,0.49690858,0.5770667,0.7076446,0.626208,0.61515,0.59555805,0.5029987,0.5586656,0.47770572,0.59579307,0.57678455,0.54070014,0.5130191,0.49529397,0.54069304,0.56914157,0.53614557,0.5515846,0.54878163,0.5207327,0.4960697,0.47616428,0.6431988,0.64180696,0.65926915,0.693689,0.76980335,0.72272724,0.6371591,0.6369282,0.691905,0.6500393,0.6655504,0.57922953,0.6180251,0.61117476,0.65389645,0.69150233,0.60877275,0.5236743,0.48141763,0.49561787,0.56363,0.5752009,0.59097093,0.55494595,0.65032816,0.755019,0.6666549,0.5194655,0.54860103,0.6680897,0.6519704,0.5712826,0.5508394,0.50981146,0.522483,0.5254238,0.53657985,0.5846232,0.5619818,0.5427417,0.67985064,0.5991428,0.57667375,0.59157354,0.48639056,0.51644284,0.48340294,0.5327157,0.5629771,0.58221245,0.5049334,0.489255,0.4441201,0.6252061,0.5872471,0.58465606,0.49782547,0.57245743,0.5464968,0.5461626,0.5807932,0.5799779,0.52066183,0.51571965,0.5775031,0.5317756,0.5254528,0.5176079,0.6855832,0.6656909,0.6720771,0.49708873,0.5157624,0.52837265,0.76418734,0.79347664,0.7104565,0.5511597,0.48994884,0.646215,0.5829751,0.61485463,0.564158,0.56391823,0.5332977,0.55295354,0.57102793,0.5537122,0.5259897,0.53194356,0.5421421,0.537332,0.5493941,0.5598649,0.5179694,0.5330583,0.6136688,0.5983581,0.54746866,0.5386283,0.54645133
719,0.6057057,0.5675956,0.5965979,0.57480514,0.58271956,0.5678116,0.5358621,0.6169791,0.6516267,0.64736176,0.63989913,0.6420675,0.5729211,0.56808287,0.5242882,0.5738609,0.5092491,0.5467026,0.540901,0.51449037,0.5298139,0.57285666,0.5677907,0.7660807,0.69800144,0.5792978,0.59199256,0.66978985,0.47164404,0.45685345,0.5372391,0.541603,0.51579607,0.49014297,0.5108926,0.6395582,0.69486094,0.65005815,0.66881377,0.65859777,0.6932805,0.64498603,0.64457905,0.5921027,0.6057698,0.48856494,0.5410805,0.57072467,0.5202555,0.48798525,0.59991354,0.58096945,0.6382745,0.57868755,0.63332295,0.5619046,0.65987915,0.56213313,0.69203943,0.6854075,0.5618917,0.54164505,0.527431,0.60832614,0.5922209,0.6401538,0.45406523,0.47304046,0.54832673,0.45659426,0.47640166,0.5046642,0.5801769,0.53635013,0.5775157,0.5230562,0.44064558,0.5612139,0.56583285,0.5879644,0.60428965,0.5901688,0.4977286,0.60242605,0.50941414,0.6047029,0.5238383,0.55290705,0.4671023,0.47456595,0.5386622,0.55935144,0.52828693,0.55661505,0.557382,0.55458087,0.48737404,0.4594929,0.678082,0.6615516,0.6737723,0.7155531,0.75512147,0.7342923,0.70701593,0.65746546,0.69729686,0.6656778,0.70693076,0.5884909,0.64657086,0.6594574,0.6693424,0.7060733,0.5705479,0.52966285,0.46037304,0.5363893,0.5519529,0.56523544,0.5955564,0.55469424,0.6399349,0.7310218,0.6451315,0.54792106,0.56554663,0.6208141,0.6035297,0.4986896,0.555791,0.49461827,0.48629928,0.5323498,0.54764843,0.57867324,0.5527194,0.51474804,0.649181,0.6206506,0.58676314,0.59735453,0.5513707,0.5104972,0.47798315,0.52949136,0.6137683,0.6421456,0.46738076,0.47474912,0.4245106,0.61518633,0.59069926,0.57356626,0.5004524,0.49545422,0.4933673,0.51206964,0.5872279,0.55246544,0.49857345,0.5424629,0.5691557,0.53531426,0.53672624,0.5309229,0.71401197,0.64458257,0.6903073,0.50495297,0.47436425,0.6000755,0.76218486,0.7691111,0.6762084,0.55868876,0.45863137,0.68892765,0.63218945,0.7057903,0.6158787,0.5550311,0.5951642,0.58151305,0.59731746,0.5773603,0.5758457,0.6010166,0.64841247,0.65606797,0.5944928,0.63099045,0.57181436,0.5582655,0.54199797,0.5767219,0.4670881,0.5520038,0.5531122,0.47241357,0.5635622,0.5840329,0.5779593,0.7752329,0.6861218,0.62188786,0.59715366,0.6574859,0.45733246,0.47323543,0.54381543,0.5342769,0.53885597,0.52825284,0.54511315,0.6286709,0.6731652,0.6213919,0.6798273,0.63531524,0.66685927,0.6205719,0.6216339,0.6161984,0.5694947,0.49285558,0.51044184,0.5407658,0.52850163,0.470903,0.59704,0.57870674,0.6267655,0.53356755,0.6300009,0.5551313,0.66433,0.58205724,0.6861832,0.6795161,0.6154461,0.5902381,0.56442314,0.6027059,0.58856106,0.63985074,0.5136523,0.50462866,0.5653368,0.53081924,0.54329616,0.4857037,0.58031195,0.58590186,0.6638538,0.56929827,0.4827348,0.56312996,0.6979385,0.6108359,0.6071686,0.5896575,0.49540484,0.5844873,0.48339608,0.6408748,0.5860956,0.54193985,0.5598756,0.5130397,0.55649626,0.5550822,0.53265595,0.57146853,0.5334867,0.52649826,0.49438488,0.48540133,0.65476537,0.62675583,0.67598224,0.7170792,0.7872857,0.7305306,0.65312135,0.64008045,0.67541736,0.66540205,0.6774748,0.57922614,0.647072,0.6503083,0.6797588,0.69883496,0.5954742,0.501103,0.44693992,0.5040285,0.58120257,0.5866858,0.59799314,0.543268,0.6506243,0.7428812,0.6310865,0.52035964,0.5406764,0.6617024,0.64954317,0.5930718,0.5532543,0.52303123,0.51241773,0.5254331,0.534436,0.57279724,0.552704,0.5039185,0.66744846,0.59327155,0.5679298,0.5967927,0.47979328,0.5042363,0.47586036,0.4987876,0.55230296,0.5952586,0.5217337,0.5025457,0.44675538,0.62754387,0.57948154,0.5629375,0.49213162,0.5482922,0.51866007,0.50175244,0.5594049,0.5586788,0.54587144,0.5347601,0.55839354,0.538416,0.53549206,0.5269873,0.70063466,0.6651562,0.6719077,0.5177243,0.50643635,0.5283713,0.7704118,0.7973963,0.681814,0.5730329,0.49167126,0.6391381,0.6317855,0.66525495,0.57732344,0.57573664,0.5241704,0.54698294,0.5837674,0.5719823,0.5395682,0.54354286,0.5494039,0.5480215,0.55184627,0.5654699,0.5252602,0.5355607,0.6236732,0.6087785,0.56449133,0.5545719,0.55990547
720,0.624054,0.54170805,0.5864222,0.5729518,0.5748839,0.55439544,0.5116483,0.60728,0.64410603,0.6200439,0.61135226,0.6142883,0.55394363,0.5934918,0.54957557,0.547931,0.47006443,0.51854926,0.5157849,0.47993663,0.5034457,0.55009353,0.53409153,0.75636363,0.66871744,0.5741648,0.6052214,0.6363159,0.4849439,0.46834463,0.5511037,0.5775604,0.5439801,0.5061026,0.5412035,0.6520323,0.71202093,0.66048706,0.69609433,0.6670019,0.71507204,0.6714628,0.6407443,0.6028831,0.6245221,0.48157936,0.5349598,0.53894585,0.49650484,0.46525928,0.58172536,0.5709172,0.6258707,0.57060623,0.6456719,0.5316399,0.6572489,0.54189384,0.70829767,0.6983865,0.5770181,0.56488085,0.51543957,0.63495886,0.6054108,0.626878,0.4439738,0.47623742,0.5626352,0.44411343,0.48064798,0.4961489,0.5765162,0.49098706,0.545777,0.5124693,0.4122371,0.5295839,0.5315013,0.54184633,0.55908847,0.5395422,0.4660204,0.607531,0.49616307,0.6217688,0.52367526,0.5510529,0.4663752,0.48726386,0.54557776,0.54328746,0.52467585,0.562118,0.5165587,0.5506161,0.47452632,0.4696483,0.66967475,0.63436794,0.6674889,0.70419216,0.74631417,0.71297437,0.7061908,0.6379521,0.65867436,0.66300285,0.69854593,0.5786756,0.6490642,0.674835,0.6736909,0.7007601,0.5419575,0.5069561,0.42669287,0.5338963,0.56202215,0.5611637,0.59200156,0.5351907,0.60528857,0.6962482,0.5985853,0.5470061,0.54970074,0.5877557,0.5703532,0.49447277,0.5470342,0.49018222,0.46911466,0.52797496,0.5416665,0.55865437,0.52216667,0.4868997,0.61039203,0.60613245,0.574643,0.5907178,0.5433133,0.48579428,0.45542136,0.4987646,0.6028175,0.64020216,0.46510074,0.471363,0.4217552,0.59840024,0.5674216,0.5481711,0.4969458,0.4632609,0.46144038,0.47728464,0.55945873,0.5339304,0.51787716,0.5621255,0.5434226,0.5373711,0.5306317,0.5407138,0.7068826,0.6170174,0.67609775,0.48975077,0.43722838,0.5813429,0.74248385,0.7459712,0.6280085,0.54581535,0.4619068,0.66964924,0.6485374,0.72857356,0.631797,0.5205161,0.5766199,0.5771064,0.5945614,0.56578964,0.55538845,0.5888791,0.64327514,0.64051175,0.55756384,0.6122954,0.5549918,0.5798419,0.56013113,0.5542856,0.4208843,0.5260998,0.5251681,0.44213435,0.5315151,0.56318486,0.5419039,0.76321316,0.67324865,0.6254483,0.59698987,0.6384979,0.44814503,0.48492253,0.5536656,0.56482714,0.5628443,0.54208815,0.57990444,0.64076626,0.6892595,0.6335065,0.7088582,0.64177394,0.6807292,0.63761914,0.6193979,0.6220043,0.57909626,0.4751929,0.5122042,0.50702673,0.51217955,0.43133888,0.58103585,0.5720853,0.6151837,0.5291469,0.6450522,0.5283497,0.6701986,0.5759375,0.6944236,0.68439645,0.6487184,0.610366,0.5593461,0.63177156,0.5950912,0.61979353,0.52013016,0.51243347,0.58395916,0.52573043,0.56737125,0.48575112,0.57744175,0.5673056,0.6567179,0.54735845,0.46687177,0.5326029,0.6662313,0.57442063,0.57820576,0.561139,0.4802574,0.58838063,0.4842496,0.6607821,0.577787,0.53798187,0.5888634,0.52747893,0.56048703,0.53240746,0.5276807,0.5779039,0.5040181,0.51997143,0.48203278,0.4882332,0.6480917,0.59664416,0.674352,0.7142401,0.7791891,0.71725833,0.65482795,0.6218358,0.64247084,0.65816015,0.6653796,0.5688012,0.6524892,0.6666562,0.6846608,0.6844234,0.565238,0.4734271,0.41388026,0.51128805,0.58442426,0.5847099,0.5855096,0.52635306,0.6333319,0.7092423,0.58338475,0.515185,0.5217402,0.6394488,0.6296448,0.6001802,0.55061,0.5335668,0.4954171,0.5222532,0.5280058,0.54485047,0.5287866,0.46525413,0.6367713,0.57149446,0.54332894,0.58270466,0.46300545,0.48120025,0.46163866,0.45865268,0.5335851,0.5874809,0.52680486,0.5086912,0.4480342,0.6129544,0.556927,0.5340758,0.48015338,0.5231265,0.4911756,0.46342665,0.52983797,0.5268366,0.5601463,0.536291,0.5302368,0.54296494,0.53789794,0.53737867,0.6911384,0.64393806,0.6486612,0.5252307,0.48767734,0.5264444,0.7508962,0.7764673,0.63669074,0.5862297,0.4925506,0.6207926,0.65507406,0.6897457,0.58282185,0.5768301,0.5168674,0.54011077,0.58167696,0.5757408,0.5435415,0.54606193,0.5511008,0.5519316,0.54749864,0.5620828,0.5314396,0.5356833,0.6174084,0.60415953,0.5692192,0.5608554,0.5637807
721,0.615328,0.5101628,0.5606682,0.55413216,0.5509602,0.5289841,0.48436725,0.5827202,0.6138593,0.5755925,0.5643635,0.5743779,0.52511656,0.60044134,0.5599205,0.51659054,0.43579412,0.4870259,0.48476285,0.45247155,0.48025277,0.51774734,0.49697605,0.7165248,0.62114316,0.5628043,0.59613264,0.5852719,0.48411453,0.4766664,0.5505278,0.5928391,0.5626233,0.5130372,0.55895764,0.6392401,0.6964064,0.6416074,0.691352,0.64969903,0.7030473,0.6674289,0.61524504,0.5895759,0.6154376,0.4590281,0.5164119,0.50307006,0.4740797,0.43457967,0.5510153,0.54787076,0.5939348,0.54722863,0.63358253,0.49266732,0.6311019,0.50981784,0.69326895,0.68263364,0.5785716,0.5693581,0.49258238,0.6359959,0.60273254,0.6010193,0.43605137,0.47312155,0.5635284,0.4373135,0.48182634,0.48532328,0.55742985,0.4419902,0.5138262,0.5009723,0.39320755,0.4853394,0.4980281,0.4860264,0.50686526,0.4809407,0.43019393,0.59131837,0.4746782,0.61925465,0.52304095,0.54589516,0.45943195,0.49948353,0.54394233,0.5208642,0.519236,0.5570493,0.46572614,0.5286145,0.45322028,0.47292843,0.6394849,0.5888548,0.63768363,0.6643594,0.7082717,0.66551685,0.6799505,0.5948821,0.60273886,0.6391077,0.66429555,0.55615824,0.6298266,0.66658103,0.6548617,0.6684896,0.49810663,0.47222447,0.39308122,0.5257224,0.5605007,0.5452211,0.567745,0.50897765,0.5615671,0.63890415,0.54294795,0.53773135,0.5185966,0.544677,0.53347456,0.48814517,0.53433156,0.48707837,0.45352328,0.5214773,0.5326381,0.53013664,0.48286316,0.45321682,0.55848724,0.57241327,0.5443013,0.56530887,0.516512,0.45251647,0.42966837,0.45959857,0.57292354,0.6119494,0.456507,0.4664965,0.41876447,0.56779706,0.53320295,0.51427644,0.48318726,0.44037512,0.43237427,0.4508607,0.5233831,0.50728726,0.52828735,0.55984867,0.5099898,0.5330063,0.51463515,0.5474101,0.6716006,0.5696559,0.64291734,0.47126502,0.40222356,0.55771047,0.69560635,0.69384015,0.56841254,0.52670366,0.46582508,0.63132143,0.6408617,0.7205783,0.6196541,0.48711175,0.54522055,0.5562311,0.57412297,0.5422664,0.5245164,0.56288606,0.61710036,0.60532767,0.50865173,0.5786378,0.5293684,0.58298385,0.5605969,0.5253458,0.39107415,0.4971143,0.4938945,0.42462343,0.50103045,0.5325963,0.5023148,0.72033906,0.6379509,0.61069775,0.57605636,0.599718,0.42971766,0.48934942,0.5461926,0.57579553,0.577262,0.539217,0.59443367,0.6314424,0.67551255,0.61823505,0.70634675,0.6274945,0.66532344,0.62851554,0.6006225,0.6033846,0.5660506,0.44892833,0.5021528,0.4728937,0.49215975,0.39623967,0.5520794,0.55070156,0.5843242,0.5151707,0.6348678,0.49350268,0.6471471,0.55182683,0.6766995,0.6626827,0.65796006,0.6041908,0.53778964,0.634843,0.5856751,0.58275926,0.5134782,0.50892735,0.5851872,0.5092901,0.5760868,0.47835922,0.5570925,0.531099,0.6331483,0.51558805,0.44861612,0.48884025,0.6154981,0.5232282,0.53272414,0.5158768,0.45633036,0.57112056,0.4753723,0.6556822,0.55290806,0.52845275,0.596249,0.5342813,0.5512412,0.5039908,0.5205736,0.5704813,0.46331483,0.49998766,0.45684847,0.48011446,0.6203058,0.55185646,0.64839023,0.68013287,0.74009997,0.6771603,0.63597274,0.5813263,0.5925574,0.62982064,0.629551,0.54872286,0.6329311,0.65827525,0.6664225,0.64658314,0.519118,0.4408091,0.3841253,0.5149682,0.57014066,0.56731665,0.55412567,0.5065439,0.6011748,0.6501835,0.5289518,0.5046851,0.49417263,0.60412824,0.5958986,0.590522,0.54357564,0.53861463,0.47266585,0.5160303,0.518245,0.5049881,0.49402234,0.43198696,0.5918724,0.5368506,0.5054468,0.55014586,0.4390119,0.4475653,0.43914133,0.4189854,0.5059101,0.55951303,0.51703244,0.5039259,0.4431514,0.58063614,0.5250827,0.5034136,0.46418005,0.50012,0.4655978,0.43790966,0.49644294,0.49083203,0.556962,0.518954,0.49702352,0.5442271,0.531014,0.5475667,0.6555205,0.59886307,0.6040089,0.5157496,0.4603613,0.523094,0.700046,0.72490025,0.57607174,0.5870142,0.49088028,0.5913968,0.6511955,0.6866597,0.5795804,0.5660259,0.51158464,0.53257674,0.56545997,0.5641952,0.537455,0.53977543,0.5467528,0.5479774,0.5348835,0.5475889,0.5354857,0.5328056,0.5946954,0.58408165,0.5598441,0.55527365,0.55682033
722,0.58472437,0.4734771,0.5218142,0.5221116,0.5149971,0.494513,0.45739102,0.5435872,0.5616435,0.5194435,0.50329417,0.5291442,0.48956865,0.5858533,0.55068165,0.48063228,0.40865004,0.45499676,0.45037895,0.43320498,0.46077794,0.4787168,0.45995995,0.6454187,0.5625079,0.5493377,0.5672096,0.52173424,0.4702588,0.47805038,0.53589535,0.5854853,0.5672568,0.505947,0.5589402,0.5990614,0.6502753,0.59849083,0.6536344,0.60573614,0.65635055,0.6333273,0.5692755,0.55702615,0.58431816,0.42800426,0.48534432,0.46636024,0.4557761,0.401256,0.50736564,0.5102109,0.5434628,0.50696373,0.596847,0.446944,0.58625036,0.47190136,0.64948237,0.6410302,0.56725603,0.5558956,0.46107432,0.6143015,0.5853684,0.5658602,0.4312518,0.46344697,0.552836,0.43698505,0.4799578,0.47320473,0.5262923,0.396398,0.48755217,0.49180287,0.38386178,0.43565118,0.4716239,0.43082133,0.45649204,0.4260367,0.3949366,0.55955166,0.4474725,0.6001782,0.5236732,0.53819174,0.44667336,0.50890744,0.5342263,0.49525902,0.51263905,0.5438357,0.4124505,0.49266788,0.42499202,0.4698397,0.5882495,0.5276263,0.58303356,0.59596807,0.6385351,0.59120536,0.62777585,0.5319151,0.531023,0.598325,0.60721195,0.5229282,0.59175897,0.6354598,0.6151541,0.610728,0.4435916,0.42951137,0.36161909,0.51331306,0.54727095,0.5175815,0.5274507,0.47967026,0.5133065,0.56059664,0.48256367,0.52193916,0.47774267,0.49595016,0.49756095,0.48003528,0.51909137,0.48495644,0.4418973,0.51427406,0.5219785,0.49852878,0.44324937,0.41858044,0.4983096,0.5245059,0.50119007,0.5249501,0.47870356,0.4132323,0.4014877,0.4179204,0.5264274,0.5643207,0.44206417,0.4611009,0.4137649,0.5260991,0.49346998,0.47626653,0.46288708,0.42625648,0.4071138,0.4334154,0.48342672,0.47681922,0.5252966,0.5374423,0.47268158,0.5233234,0.4912231,0.54975706,0.6102561,0.5055892,0.5950763,0.45019332,0.3736703,0.53206015,0.6195405,0.6112224,0.5016086,0.504091,0.46771485,0.5747247,0.61203855,0.6834821,0.58463943,0.45664495,0.50500983,0.52313405,0.53948146,0.5097828,0.4877338,0.5235251,0.5709245,0.55433667,0.45411322,0.5371218,0.49747214,0.56339854,0.5380444,0.49127245,0.37546983,0.46768138,0.46176445,0.4191876,0.47373,0.49524358,0.46269935,0.6450939,0.5853597,0.5838125,0.5383953,0.5470674,0.40246364,0.48181692,0.52147555,0.56247395,0.5781935,0.51653606,0.58201414,0.5989536,0.6341657,0.5792189,0.6711044,0.5922594,0.62066483,0.59330803,0.5674768,0.5645283,0.5366156,0.419392,0.47814617,0.44080865,0.4690632,0.36739957,0.5093469,0.5126426,0.5354778,0.48934412,0.59910893,0.45199555,0.5987931,0.5135122,0.63648546,0.61792225,0.6432893,0.57110095,0.50060785,0.6122955,0.55947596,0.5316138,0.49275795,0.4910288,0.57019234,0.48177344,0.56858206,0.46164578,0.52280843,0.48187432,0.5999348,0.47801012,0.42686725,0.43743524,0.5530161,0.46556532,0.47806215,0.46276012,0.42240956,0.53722346,0.4532176,0.62914926,0.51606166,0.51325923,0.5816445,0.5307051,0.5293928,0.4732674,0.5108877,0.55102533,0.41548595,0.46933445,0.41890693,0.45891678,0.5728384,0.49567774,0.59630954,0.61383194,0.66619366,0.6088656,0.5960864,0.52255195,0.52852356,0.58516186,0.5732719,0.52164924,0.58993816,0.62612325,0.6271403,0.58814424,0.4615185,0.4038704,0.35747394,0.5138173,0.5389407,0.53520906,0.5083271,0.48596627,0.5583045,0.5667413,0.47322705,0.4901659,0.46112728,0.5604178,0.5538583,0.56512916,0.53306675,0.53649354,0.44560108,0.50755286,0.5066224,0.46033004,0.4548146,0.40581867,0.5395568,0.4954698,0.46041173,0.5031875,0.41350776,0.4038816,0.40651208,0.38394704,0.47059828,0.51693237,0.49163046,0.48605153,0.4276454,0.53352606,0.4897072,0.47356156,0.44693038,0.4797247,0.4423427,0.425652,0.46259576,0.45550478,0.531415,0.4852153,0.46164355,0.541681,0.5160313,0.5568775,0.59647596,0.53171474,0.5427632,0.4887573,0.42543525,0.5191785,0.61601233,0.6396933,0.5045334,0.5741384,0.48497126,0.55335605,0.6219337,0.6577688,0.5690759,0.5449568,0.5083925,0.5251332,0.53900653,0.5402694,0.52360356,0.52746516,0.53806597,0.5375842,0.5138867,0.5221243,0.53786176,0.5275213,0.55944526,0.5521262,0.5384341,0.53906333,0.5408952
723,0.5411208,0.43051806,0.47225377,0.48134023,0.47156745,0.45387173,0.43045044,0.49363917,0.49349687,0.45936134,0.43702167,0.48538038,0.44848865,0.5499141,0.5207055,0.43979242,0.38647667,0.4234809,0.41402596,0.4169908,0.44093668,0.4353117,0.4214706,0.55213934,0.502016,0.536415,0.5234764,0.45354968,0.44443437,0.46942943,0.509614,0.5552901,0.55602974,0.48249355,0.5391661,0.53597033,0.5818103,0.5398654,0.5886165,0.54050654,0.58057386,0.5761285,0.5084883,0.51217633,0.54057354,0.3961257,0.44448927,0.43094704,0.44301063,0.36942375,0.45228463,0.45915267,0.48007473,0.4519051,0.54130334,0.3967664,0.5309947,0.43366593,0.5839769,0.5801597,0.5462571,0.5257277,0.4230605,0.57534933,0.5574025,0.5279194,0.42726567,0.44609877,0.5326715,0.44060883,0.4724181,0.45966145,0.4865528,0.35893652,0.47008762,0.48573586,0.38131332,0.3878422,0.4545243,0.38432923,0.41448992,0.38258117,0.362949,0.5187331,0.4155555,0.56715745,0.52500004,0.52949935,0.4269335,0.51209205,0.5165528,0.47041133,0.5060657,0.5252186,0.3634868,0.44981775,0.39164522,0.45937166,0.522044,0.45736757,0.50906146,0.5077752,0.54498196,0.49908188,0.5562967,0.4586124,0.4517051,0.5471957,0.5356908,0.48384228,0.5400478,0.5848279,0.5617184,0.53571165,0.38566527,0.3836987,0.33215857,0.4983233,0.5248779,0.48033956,0.47758138,0.4509598,0.4653217,0.47139722,0.42211846,0.50151247,0.43403903,0.44577014,0.46466705,0.4692949,0.50222737,0.48154035,0.4345116,0.50717026,0.511687,0.46967176,0.40972957,0.38648945,0.4361553,0.46960485,0.45226628,0.4753205,0.4386271,0.37106332,0.37126467,0.37871766,0.46981084,0.5082602,0.42131248,0.45386094,0.40371948,0.47692886,0.45209917,0.4365616,0.43978247,0.41381902,0.38351446,0.42055565,0.44152766,0.4449348,0.50628704,0.4993124,0.43392837,0.5101202,0.46352968,0.54735506,0.53256303,0.4323285,0.5403169,0.42647508,0.35313943,0.5063417,0.5236253,0.5082542,0.43401036,0.4801338,0.46418694,0.50718856,0.5668526,0.6211957,0.5358586,0.42769885,0.45936412,0.482681,0.4958532,0.47139457,0.4481547,0.47438452,0.510717,0.4953897,0.40108654,0.49415177,0.46047726,0.52106225,0.49201575,0.45253712,0.3671761,0.43820792,0.42934403,0.41849673,0.44759342,0.45313564,0.42241552,0.5480746,0.5241506,0.5513128,0.49023506,0.4881366,0.36712828,0.45937356,0.48234552,0.52341574,0.5647144,0.47489038,0.5414901,0.54797435,0.57324255,0.5242453,0.60832125,0.5414918,0.5532945,0.5387266,0.5246702,0.5125022,0.5002891,0.39139706,0.44217592,0.4111435,0.44438192,0.34335503,0.45481196,0.45943487,0.47448424,0.451649,0.5434043,0.40603328,0.5337269,0.46671,0.58198214,0.5573962,0.6079661,0.5135129,0.45107815,0.5676972,0.5201785,0.47510183,0.4583462,0.45739326,0.5415881,0.4455609,0.544531,0.43474418,0.47775862,0.42744726,0.5650258,0.4396696,0.40084037,0.38525873,0.48886383,0.40954253,0.42362675,0.4107279,0.37871066,0.49161497,0.41596738,0.58515126,0.47373787,0.4939574,0.54476035,0.5151925,0.4963052,0.44442588,0.4989011,0.52312934,0.36539367,0.4326279,0.3712318,0.42397937,0.512153,0.43378446,0.5237322,0.52360624,0.5651825,0.52072704,0.5410285,0.4547506,0.45904928,0.53107345,0.50415087,0.4918071,0.5284846,0.5740818,0.57353526,0.5178207,0.40006784,0.36418343,0.3325766,0.5080296,0.49523327,0.49159104,0.45477402,0.46667042,0.51036733,0.4705355,0.42089027,0.47251427,0.42505533,0.5150523,0.5090104,0.52724135,0.52013004,0.5270133,0.4158675,0.49775362,0.4944687,0.41799968,0.41704962,0.38483858,0.48731318,0.45275527,0.41397128,0.44819942,0.390787,0.35276294,0.36414814,0.35414547,0.43052936,0.46768773,0.45096523,0.4544411,0.39887342,0.47787723,0.4541195,0.44444406,0.43003437,0.4582858,0.4202465,0.42133605,0.42857823,0.42255452,0.48300508,0.43985155,0.42515922,0.53663814,0.495981,0.5654763,0.5239087,0.45120776,0.4746249,0.445633,0.3838094,0.5155321,0.51067597,0.5318212,0.43070504,0.5497606,0.47366306,0.5123464,0.57058066,0.6079386,0.55470157,0.51760715,0.507286,0.5192324,0.50822467,0.50943035,0.50508636,0.51230884,0.5278992,0.523533,0.48601967,0.4882415,0.5397496,0.5214601,0.5193079,0.51549107,0.51001567,0.5160603,0.5196842
724,0.4954344,0.382528,0.41759083,0.43818063,0.42713133,0.41173354,0.40358517,0.44017237,0.4215681,0.405242,0.37809175,0.4505254,0.40403724,0.4974115,0.47404116,0.39574394,0.3675101,0.39451742,0.37768012,0.39761513,0.41662768,0.39146346,0.3801075,0.45815113,0.45002133,0.5265405,0.47349885,0.39106688,0.4114441,0.44959307,0.4768153,0.50463754,0.53038245,0.44370267,0.50168836,0.46067455,0.5051722,0.47841364,0.50833285,0.46654147,0.4904721,0.5078531,0.44364086,0.46504778,0.49572748,0.37181386,0.40106753,0.39936656,0.43738347,0.34462875,0.39303946,0.40225962,0.41409847,0.3917273,0.47752988,0.3482829,0.4769371,0.40155062,0.5112633,0.5119796,0.5217272,0.48450297,0.38407317,0.5289698,0.52565885,0.49604264,0.42144337,0.42205712,0.50661325,0.44445267,0.45747578,0.4449303,0.4447726,0.33373737,0.46317527,0.48330945,0.38194746,0.3503474,0.4472681,0.35322922,0.38595518,0.3555058,0.3372901,0.47679558,0.38243535,0.52536035,0.5257022,0.5214719,0.4009124,0.5059013,0.49322158,0.45046395,0.5009653,0.5050782,0.3253407,0.410037,0.35791472,0.4433211,0.45119002,0.3890516,0.4300711,0.41828188,0.44921255,0.40805203,0.47886956,0.38984048,0.3792392,0.49524218,0.4646011,0.44633627,0.48558438,0.5239766,0.50418043,0.45794404,0.33456618,0.34311223,0.30765,0.4826569,0.49835345,0.43896356,0.4266728,0.4268466,0.42362797,0.38815388,0.36852384,0.47997734,0.3960423,0.40005413,0.43693522,0.45569447,0.4846147,0.47351205,0.4304661,0.50034344,0.5040289,0.44934475,0.38742542,0.36135066,0.380437,0.4171433,0.4055182,0.42507187,0.40495852,0.3319071,0.3419753,0.34733412,0.41374746,0.45740703,0.39572963,0.44304317,0.38726845,0.42544946,0.41328993,0.39896834,0.4189266,0.39590153,0.36092758,0.40672117,0.39904928,0.41536078,0.47221848,0.45317504,0.39766213,0.49620607,0.4362066,0.54086286,0.4566027,0.36158833,0.49031138,0.40208843,0.34149274,0.48263636,0.43003252,0.4078922,0.37441644,0.45731273,0.4534572,0.4424562,0.5150509,0.5459662,0.4850021,0.398884,0.41330513,0.44143453,0.45056003,0.4316816,0.409731,0.42224216,0.44701317,0.43924335,0.35708493,0.4565275,0.42059308,0.4617113,0.42938396,0.41143107,0.3596715,0.41020167,0.39701065,0.41349533,0.42019212,0.4091736,0.3813314,0.4536204,0.46537966,0.52031845,0.44085035,0.43222588,0.32870698,0.42246684,0.43588695,0.46189722,0.5378325,0.41929358,0.47797787,0.48722503,0.5048977,0.4648546,0.52896637,0.48491997,0.4762211,0.47564697,0.4790273,0.45776266,0.46699172,0.37046546,0.40120465,0.384723,0.42148083,0.3240421,0.39608178,0.3990348,0.4113546,0.40769705,0.4779935,0.3609869,0.46568203,0.4200016,0.5255716,0.4925343,0.5599827,0.44172493,0.39753896,0.51095897,0.4751821,0.42589524,0.41428638,0.41102824,0.50439453,0.40524587,0.50621074,0.398952,0.42773572,0.37805712,0.5366709,0.40580696,0.3715674,0.34082144,0.43508163,0.36340985,0.37935397,0.36821216,0.33042485,0.44184604,0.3672912,0.5313094,0.4335776,0.47304285,0.49059078,0.48882976,0.45629188,0.42201203,0.48600423,0.49263996,0.319889,0.39673004,0.32136354,0.37900293,0.44815806,0.37454888,0.4453363,0.4290091,0.46159562,0.43130404,0.48099336,0.3908463,0.39692283,0.4774208,0.4353404,0.4646095,0.46090522,0.5118168,0.5150493,0.4477618,0.34450626,0.32744452,0.31109583,0.49914673,0.4477633,0.44361824,0.40291932,0.45103943,0.46526155,0.38167775,0.37731117,0.45351544,0.39004025,0.47577587,0.46840766,0.4829864,0.50607604,0.5112684,0.38585258,0.48762268,0.4834239,0.38459164,0.385965,0.367251,0.44300628,0.4138115,0.37143064,0.39458933,0.37413743,0.30147883,0.31734553,0.3300968,0.390989,0.42097884,0.39979106,0.41170225,0.35839605,0.42240426,0.42141035,0.41658786,0.41555625,0.43207437,0.39893162,0.4176433,0.39381626,0.39346808,0.4180486,0.39064595,0.39009356,0.5315559,0.474529,0.5739582,0.45380297,0.37255627,0.41344562,0.39347413,0.33914167,0.51350033,0.41036025,0.42774498,0.36565962,0.51908827,0.45723885,0.47641286,0.5070532,0.5481848,0.5408838,0.48990202,0.50758004,0.5163673,0.480653,0.4794338,0.48527813,0.49734566,0.5188722,0.509071,0.45533052,0.45157433,0.5418292,0.5164547,0.48352972,0.4828108,0.48163778,0.491774,0.4975026
725,0.45652518,0.33542383,0.36621827,0.39970687,0.38876185,0.37440902,0.37974438,0.3914262,0.35907063,0.3650657,0.33719686,0.43056127,0.3605766,0.43631563,0.41893303,0.35249338,0.35289645,0.3722265,0.34468877,0.37290674,0.38788274,0.35353762,0.33881375,0.38511348,0.41450712,0.5219257,0.42736766,0.34401834,0.38094622,0.42048103,0.4439926,0.4407157,0.4934379,0.39386842,0.45184094,0.38643217,0.43480954,0.42683506,0.42713472,0.39820853,0.4047166,0.44140798,0.38629246,0.4267812,0.4602189,0.3633117,0.36475375,0.37417153,0.43979216,0.33327478,0.3408688,0.35120386,0.35660756,0.33964318,0.41681704,0.31032175,0.43454325,0.38204578,0.44738555,0.44955224,0.4999529,0.44277707,0.35330123,0.4861384,0.49614763,0.4763456,0.41449034,0.39643452,0.47969782,0.44745076,0.4379816,0.4308159,0.41003263,0.3248224,0.46722406,0.48581424,0.38479733,0.3309421,0.45044097,0.3426551,0.37386075,0.34818748,0.32297915,0.44208607,0.35560542,0.4826639,0.5252397,0.5147874,0.37387735,0.49058816,0.4693897,0.43901476,0.49848047,0.4877176,0.30322883,0.38312697,0.3314723,0.42853168,0.38666746,0.33410457,0.36277553,0.34591135,0.37353525,0.33658013,0.41021115,0.3387931,0.32666847,0.4523588,0.40833575,0.41696143,0.44179177,0.46510744,0.45105428,0.39135587,0.3000771,0.3174021,0.29437056,0.46816826,0.47340438,0.40057087,0.38339773,0.41123077,0.39352414,0.3258803,0.32927132,0.462118,0.37257513,0.36487147,0.4170628,0.44092274,0.4675207,0.4594568,0.4296034,0.49412256,0.500684,0.4414819,0.3809483,0.34879586,0.33912635,0.37683493,0.36886922,0.38343573,0.3855112,0.3030087,0.31907082,0.32911974,0.36939594,0.42341024,0.3709568,0.42900708,0.36759582,0.37760043,0.38204604,0.36964664,0.4069311,0.3711949,0.3429518,0.3892508,0.3590214,0.3939228,0.42758512,0.40884918,0.36984417,0.4842909,0.41523406,0.5314064,0.39913997,0.30495647,0.4555174,0.38082075,0.34132868,0.4634943,0.35984915,0.3320852,0.33134893,0.43800193,0.43763852,0.39349374,0.4691864,0.47521514,0.4417858,0.3711908,0.37318268,0.40613094,0.41074204,0.39626154,0.37806296,0.37506953,0.39094114,0.39451125,0.328106,0.4303476,0.38161385,0.39535466,0.36230978,0.37209874,0.3503892,0.38733932,0.36634243,0.39927444,0.39174572,0.36777133,0.34277374,0.38377115,0.41855532,0.49695033,0.3998082,0.38820943,0.29634488,0.37618887,0.39169094,0.38801917,0.49902,0.3580521,0.4021791,0.42605627,0.44064674,0.41295174,0.44644317,0.4323046,0.40402558,0.41531727,0.43720657,0.41137275,0.44425035,0.36214477,0.36480874,0.36328,0.40439212,0.31214577,0.34440517,0.34385404,0.3566245,0.3672855,0.41425818,0.32429197,0.40795526,0.38264847,0.4778575,0.4343967,0.5091953,0.37274897,0.35182238,0.4556732,0.4314233,0.39315528,0.36919272,0.36077353,0.46529612,0.36748108,0.4601397,0.3593392,0.38221517,0.34285903,0.519826,0.3811414,0.3433915,0.31170887,0.40093043,0.3343239,0.35219923,0.34187847,0.28731433,0.39776447,0.3171916,0.47797427,0.40246767,0.45273417,0.43055046,0.45606342,0.41665637,0.40993428,0.47444108,0.46554908,0.2863001,0.3693336,0.2793965,0.33399832,0.39074445,0.32687828,0.37833878,0.3505093,0.38094214,0.35914743,0.42684713,0.3416377,0.35306528,0.43386397,0.37986103,0.44455543,0.40304178,0.45166433,0.4600964,0.3884069,0.3034185,0.30176038,0.29779017,0.48927772,0.406349,0.39988697,0.361991,0.4412777,0.43016693,0.31697664,0.3478857,0.43644068,0.362797,0.4474792,0.43850982,0.43998206,0.49213684,0.4912613,0.3593043,0.47843394,0.47549152,0.36484072,0.36606365,0.3536007,0.4125671,0.38368183,0.33824247,0.3519404,0.3673691,0.25946096,0.27483967,0.31429517,0.3588536,0.38522425,0.3485725,0.36477342,0.31373075,0.37474197,0.39524668,0.39271995,0.40735826,0.40108648,0.38023654,0.40966296,0.35976776,0.37135804,0.34841233,0.34733647,0.36165208,0.5276783,0.45509994,0.58188605,0.3997826,0.31037137,0.3708841,0.34409693,0.29934648,0.51425886,0.33769056,0.3510351,0.3188444,0.48757222,0.4381902,0.4525613,0.44643554,0.49160337,0.53045994,0.4670764,0.5079665,0.51667607,0.4628224,0.45737976,0.46721074,0.48488605,0.51225245,0.49684095,0.4270046,0.41859698,0.54379076,0.51387894,0.45893547,0.46043217,0.45963153,0.47125328,0.47774497
726,0.42694753,0.29649892,0.32487574,0.36971915,0.36015657,0.34631065,0.3618742,0.35429785,0.31511635,0.34147215,0.3188592,0.42392862,0.3222626,0.3765626,0.36541346,0.31426382,0.3450775,0.359834,0.31811827,0.34449553,0.35779798,0.3272464,0.30292088,0.34566784,0.39689502,0.5194748,0.3921087,0.31869444,0.36061633,0.3868194,0.41652977,0.37536985,0.45007375,0.341292,0.39731047,0.325552,0.38079992,0.3927104,0.35817912,0.34630817,0.33803993,0.3873663,0.3436088,0.40264216,0.43929455,0.37427106,0.34215197,0.35689116,0.44857743,0.3387311,0.30502886,0.315262,0.31599694,0.30399796,0.3679599,0.2890723,0.40776065,0.37795797,0.40142465,0.40078002,0.48380116,0.40902275,0.33686522,0.45337945,0.47163767,0.46931082,0.4077432,0.37475774,0.4546504,0.4488497,0.4180194,0.4195185,0.38753167,0.3325831,0.476866,0.49077764,0.3900976,0.33295697,0.46046543,0.35399082,0.37557498,0.36044106,0.32367763,0.41898838,0.34069762,0.44416577,0.52069306,0.50805,0.35171416,0.46917784,0.44964898,0.43850693,0.49871868,0.47507983,0.2990637,0.37368473,0.3177614,0.42019457,0.33820546,0.30122858,0.31865126,0.30109882,0.33023724,0.29583964,0.3624035,0.31258166,0.30140483,0.42372262,0.37365976,0.39928898,0.4163247,0.41840097,0.408901,0.34473228,0.28805482,0.31234995,0.2970538,0.45639473,0.45468712,0.3710051,0.35261792,0.40679446,0.3763036,0.2940221,0.3093157,0.45106912,0.36909813,0.34279507,0.40436682,0.425786,0.45176357,0.43995816,0.4319076,0.48922282,0.50200516,0.4469415,0.39140743,0.35215703,0.31656125,0.35458732,0.34674892,0.35614726,0.3840052,0.28877264,0.30696896,0.32715574,0.34422344,0.4114801,0.35257238,0.41182482,0.3498631,0.33839902,0.36170757,0.35327923,0.40824568,0.34306055,0.33394948,0.36871374,0.32551852,0.38454768,0.37855414,0.37417218,0.35526332,0.47588572,0.40494558,0.5208149,0.368258,0.27048486,0.43947273,0.36465347,0.35435802,0.45005107,0.3243119,0.29229245,0.31144178,0.4222921,0.42074287,0.36831853,0.43667424,0.42125833,0.4093274,0.3471472,0.3433943,0.3797485,0.37971783,0.36845243,0.35712683,0.33981857,0.35085624,0.3645233,0.31658748,0.4154169,0.34679925,0.33402613,0.3038927,0.33799332,0.34086287,0.3722467,0.33960542,0.3759107,0.3644137,0.3327873,0.3111178,0.34876794,0.3884688,0.48107034,0.372259,0.3613231,0.2772026,0.32939985,0.35782525,0.31768134,0.45218417,0.30281988,0.3295026,0.3736157,0.38908055,0.37663984,0.37455788,0.39106643,0.34797838,0.36707488,0.4033111,0.3793947,0.43418887,0.36825427,0.33996376,0.3481044,0.39521602,0.3102816,0.30910486,0.3042137,0.31829944,0.33810967,0.36178532,0.30105597,0.3677583,0.3606578,0.44381914,0.38944,0.4639253,0.32092765,0.32281315,0.411971,0.39445153,0.37971857,0.3321544,0.31779283,0.42944777,0.33895376,0.41417232,0.32376602,0.3493696,0.3259512,0.51108265,0.3688312,0.32252908,0.30133483,0.38837665,0.32594213,0.34377536,0.33519047,0.25801665,0.36632484,0.27669042,0.43224093,0.38410035,0.43501994,0.37640998,0.42317414,0.38429233,0.4107987,0.46647668,0.44525516,0.26928222,0.35504407,0.25301215,0.29980856,0.34799924,0.29773813,0.3346412,0.29982612,0.33629552,0.3157178,0.3883828,0.31315133,0.33401158,0.40508273,0.34496167,0.43403256,0.365235,0.40371016,0.4152611,0.34712613,0.28215256,0.29262704,0.29641342,0.48042282,0.37770268,0.36696073,0.33639967,0.43879604,0.40744147,0.28521794,0.33606118,0.42436215,0.3492488,0.43022704,0.419761,0.40379405,0.47917205,0.46994907,0.34061143,0.47155592,0.47198254,0.35994762,0.35933924,0.34544134,0.39730924,0.36518452,0.31799987,0.32590318,0.37250614,0.23352325,0.2444827,0.3094071,0.3400821,0.3653615,0.3081017,0.32233948,0.27534187,0.33909434,0.3776111,0.37584785,0.40910134,0.36794335,0.36650848,0.39584345,0.32957146,0.35892254,0.287598,0.31762403,0.34475213,0.5249065,0.44042793,0.5877918,0.368573,0.2731786,0.35162815,0.306712,0.272793,0.517422,0.3020424,0.3126954,0.29683998,0.45904678,0.42046958,0.44501,0.3998394,0.44737625,0.5237476,0.45163885,0.5076162,0.5188374,0.45601174,0.44531107,0.4521136,0.47491986,0.50792754,0.4878187,0.40528733,0.39411172,0.5444777,0.51410985,0.44720033,0.44984886,0.4466491,0.45698616,0.46196368
727,0.4056449,0.27174953,0.2979168,0.34965104,0.34244215,0.32969865,0.35192195,0.33336082,0.29382384,0.33320224,0.3219821,0.42130387,0.29355696,0.32988483,0.3236836,0.2860878,0.34685352,0.3581297,0.30105984,0.31800404,0.3322218,0.31603208,0.27849773,0.34225577,0.39172423,0.5110048,0.37139094,0.31631556,0.35393903,0.35554403,0.39890894,0.32339904,0.4096697,0.29764855,0.3492218,0.28666547,0.34850717,0.3789715,0.3108496,0.31660149,0.29746827,0.3525356,0.31810445,0.3919197,0.43346298,0.4022669,0.3351683,0.34942237,0.46137288,0.36038443,0.29005793,0.29873383,0.29671234,0.28730002,0.3362438,0.2861302,0.39500788,0.38774619,0.37633136,0.3690457,0.47437283,0.38833883,0.33476102,0.43475318,0.45458534,0.47174695,0.4007379,0.3612926,0.43279856,0.4456206,0.40089464,0.4133125,0.37701264,0.3509419,0.48023388,0.49114308,0.39578673,0.35410786,0.4670902,0.38283664,0.38229787,0.386263,0.33856687,0.40852594,0.3387479,0.41320863,0.5069002,0.49857867,0.33839557,0.44544435,0.43707162,0.44904953,0.50058776,0.46685803,0.31079134,0.38073128,0.31757808,0.41943577,0.31171182,0.29417506,0.3012504,0.28581226,0.321343,0.2883768,0.3408319,0.31281707,0.304575,0.4096833,0.3605655,0.39448568,0.4097065,0.3918017,0.3820993,0.3216558,0.30023137,0.32880357,0.31651822,0.4491279,0.4452286,0.3543832,0.3357334,0.41376594,0.36866742,0.2954331,0.30888253,0.44799182,0.3861314,0.33260822,0.39368132,0.40936804,0.4375883,0.4171385,0.43656847,0.48643616,0.5067917,0.46335334,0.41423538,0.37106076,0.31261244,0.3511287,0.3395088,0.3455012,0.39914572,0.28929856,0.30655426,0.34131727,0.34002164,0.4205225,0.34300694,0.39086884,0.33828375,0.3120662,0.3536408,0.35125244,0.42324442,0.31822816,0.33672085,0.34935212,0.30324724,0.3878034,0.33324838,0.35442868,0.35578057,0.4722604,0.40699065,0.5122924,0.36421487,0.26148376,0.43900076,0.35347238,0.3772415,0.44088632,0.32515764,0.2897545,0.3167788,0.40886596,0.40678817,0.36939424,0.41919357,0.39003408,0.38707387,0.33079877,0.3261729,0.36290428,0.35878706,0.35012493,0.34847313,0.32119542,0.33141175,0.34971476,0.3217465,0.4059512,0.31984228,0.28958985,0.26428673,0.31295168,0.33588108,0.36557555,0.32065248,0.34950715,0.3427159,0.30853733,0.29106125,0.348926,0.37596604,0.46752778,0.3595579,0.35282716,0.27409136,0.2921213,0.33952245,0.2668145,0.40649113,0.26548654,0.27588975,0.33774376,0.35611033,0.3599869,0.3245614,0.36609173,0.31417868,0.3370618,0.37936786,0.36329633,0.43479627,0.38615707,0.32963505,0.3410885,0.39477682,0.31946403,0.2948953,0.28540564,0.30081683,0.32391265,0.3270399,0.29262167,0.34746498,0.3565445,0.42498684,0.3610545,0.43288195,0.29386732,0.3134222,0.38683724,0.37050414,0.38386703,0.30993393,0.2913745,0.4014886,0.3243541,0.37639388,0.30023968,0.33300743,0.32613283,0.5010231,0.3689028,0.31333247,0.30875897,0.39211065,0.33792716,0.35089806,0.34849486,0.24631356,0.35127363,0.25312775,0.39922804,0.37921908,0.4221535,0.33864304,0.39711982,0.36439958,0.42462775,0.46338943,0.4333691,0.26981562,0.35470632,0.24532886,0.28300437,0.3246298,0.29013243,0.31781536,0.27897003,0.3287666,0.30398622,0.37084645,0.3076482,0.34100148,0.39144462,0.33274218,0.4336586,0.35065144,0.37575766,0.38533673,0.32768613,0.2824368,0.30129558,0.30781525,0.47450995,0.3648435,0.34905747,0.32621,0.4435764,0.39523304,0.28798208,0.3414395,0.4197526,0.35223234,0.4211234,0.4075045,0.3775405,0.46832713,0.4518837,0.33338112,0.46814412,0.47314268,0.3686634,0.3648554,0.34500661,0.39432344,0.35871974,0.3120502,0.31802732,0.38840988,0.22615275,0.23027751,0.316827,0.33721322,0.3624711,0.28511804,0.29221347,0.25166556,0.31790236,0.36897397,0.3679802,0.4221897,0.33839044,0.3600532,0.37901172,0.30795392,0.357254,0.24612233,0.30545118,0.3421188,0.5233477,0.43303454,0.5905668,0.36123228,0.2630266,0.35392013,0.28640974,0.26381704,0.5211138,0.30299997,0.31356916,0.3019411,0.43715438,0.40831354,0.4540305,0.3730024,0.42194766,0.5205969,0.44453016,0.50676763,0.52116245,0.45665509,0.4409688,0.44059968,0.46638697,0.5053813,0.48191556,0.39322215,0.38125044,0.5427555,0.5162966,0.44549054,0.44835714,0.44208348,0.4493665,0.4510042
728,0.39389417,0.2650675,0.2884607,0.3416364,0.3373178,0.32700348,0.35279557,0.32998067,0.29495606,0.33793882,0.34176195,0.41458178,0.27996325,0.30606627,0.30181333,0.27371818,0.35977748,0.36676213,0.2977436,0.30256137,0.31928727,0.32159325,0.27113292,0.36851647,0.39157948,0.49184343,0.3663516,0.3324923,0.36192837,0.33524063,0.39558628,0.29643628,0.38444668,0.27372822,0.31918153,0.2725581,0.33865944,0.38482237,0.28833959,0.3098224,0.28350076,0.33822387,0.310354,0.3925598,0.4396171,0.43898773,0.34175262,0.35404643,0.47580987,0.39300087,0.29561126,0.30121255,0.29886633,0.2888096,0.32374087,0.29963732,0.39297923,0.40696964,0.37184983,0.35607344,0.47295755,0.38439643,0.34421158,0.43334574,0.44895282,0.47972295,0.39452067,0.3600876,0.41754884,0.43665788,0.39073062,0.4153648,0.37660608,0.3714439,0.4689568,0.4822706,0.3999564,0.38705903,0.46116126,0.41944382,0.38591626,0.4155598,0.36335146,0.4105508,0.3485732,0.39444423,0.48340288,0.4863965,0.33706847,0.4243255,0.43366134,0.46728674,0.50279707,0.46283415,0.33319628,0.3994648,0.32929468,0.426384,0.30818012,0.31062183,0.3074977,0.29630202,0.34093004,0.30924398,0.34275395,0.33559656,0.33067527,0.40851265,0.36558673,0.401246,0.4180198,0.38899833,0.37256792,0.32149214,0.3332238,0.36153704,0.34847873,0.44855124,0.44654298,0.3532901,0.33370993,0.42970553,0.3666739,0.3254178,0.3235268,0.45343482,0.4190134,0.33231053,0.38124347,0.3932465,0.42665777,0.39640412,0.44311303,0.48639876,0.513118,0.4852313,0.4406606,0.4014922,0.32363755,0.3627508,0.34530365,0.3513386,0.42554605,0.30229715,0.31659004,0.3681936,0.35256818,0.4436634,0.34331784,0.3696659,0.33704144,0.30206582,0.35837668,0.36293566,0.44913083,0.30540377,0.35169935,0.3386601,0.2968166,0.4021975,0.30126345,0.3527881,0.37057093,0.47472495,0.4207444,0.5087916,0.3812588,0.2764753,0.44762152,0.3485275,0.4028986,0.43435514,0.35585818,0.31822208,0.34232908,0.39921024,0.39947453,0.39211723,0.41611397,0.38289088,0.37642762,0.32665408,0.3229469,0.35723957,0.35041696,0.34436378,0.35332814,0.32054844,0.33301568,0.349836,0.34085035,0.39800006,0.30621293,0.26987976,0.2487215,0.30225232,0.34084383,0.367857,0.31493402,0.33162484,0.3333548,0.30056491,0.28697222,0.3769781,0.37917718,0.45340577,0.36120403,0.3605761,0.2870352,0.27290663,0.34002954,0.24448577,0.37452418,0.25335926,0.25107718,0.32184276,0.34389615,0.3631338,0.3005521,0.35880426,0.303722,0.32683375,0.36717513,0.3627643,0.4419432,0.40982556,0.33314282,0.34475905,0.40249184,0.33859637,0.30161214,0.28786108,0.30447644,0.32557514,0.31288266,0.2981232,0.34655288,0.3697718,0.4209822,0.35125658,0.4232065,0.29377484,0.32233742,0.38456982,0.36569828,0.40116236,0.30679974,0.2871594,0.38699582,0.3261325,0.35437524,0.29502088,0.33379814,0.33972362,0.4840985,0.37897655,0.31746194,0.33008033,0.40277997,0.3659006,0.36847872,0.37810612,0.25255105,0.3543094,0.2496239,0.38360026,0.3870771,0.4172468,0.32455328,0.3836951,0.36002707,0.44727686,0.46516722,0.43100885,0.28626108,0.3665636,0.2565287,0.28590494,0.32148516,0.3023083,0.32462534,0.2840849,0.35086694,0.31958488,0.37251318,0.32333013,0.3685592,0.39142838,0.3416511,0.441983,0.35745677,0.37178916,0.37279192,0.3296291,0.3022717,0.32459474,0.3296993,0.4735519,0.36810055,0.34825942,0.33020198,0.45402816,0.3912686,0.3198995,0.359205,0.4248304,0.37118235,0.41788572,0.3980983,0.36377975,0.4619709,0.44262603,0.33981213,0.46891615,0.4786352,0.38823563,0.3796606,0.35470912,0.39917043,0.36333746,0.3206155,0.3272535,0.41151798,0.23718432,0.2335447,0.33622652,0.3481343,0.3741883,0.28236088,0.28063124,0.24777061,0.31313503,0.37016663,0.37082213,0.44495532,0.32087582,0.36274165,0.3667922,0.30075514,0.36667228,0.22926645,0.3118755,0.35419396,0.52352226,0.43516257,0.5896916,0.3738655,0.27708602,0.37187633,0.28591067,0.2728377,0.52333146,0.33359605,0.3465677,0.3298868,0.426235,0.40544152,0.47422287,0.36825025,0.41877276,0.5211197,0.4461186,0.50637686,0.52257234,0.46080264,0.44198638,0.43462795,0.45997903,0.5046745,0.47940776,0.3926975,0.38163725,0.5386371,0.51901543,0.4498194,0.45228472,0.44438145,0.4483002,0.44625664
729,0.3943974,0.27762055,0.2977412,0.3471559,0.3460175,0.3398997,0.36731777,0.34215823,0.31472427,0.35277954,0.37090766,0.40314975,0.28498572,0.3093803,0.30376217,0.28061047,0.3816203,0.38467085,0.31111872,0.30543527,0.32508686,0.34311205,0.28342032,0.41110623,0.39186937,0.4654363,0.37484366,0.35851407,0.38219813,0.33274138,0.40912512,0.29857704,0.38366577,0.2753261,0.3140295,0.28037655,0.34696946,0.40456706,0.28775683,0.32261136,0.29265636,0.33989674,0.31978622,0.4021666,0.4506984,0.47137275,0.3571749,0.37083563,0.48851946,0.4263922,0.31745988,0.31900632,0.31875437,0.30615845,0.3292647,0.32599992,0.39807472,0.42954534,0.3846504,0.36120284,0.48054066,0.3984809,0.3619425,0.4491598,0.4577204,0.48994964,0.39235526,0.37355974,0.41345465,0.42513594,0.39103296,0.4273711,0.38495874,0.38834175,0.44550064,0.4665082,0.40333197,0.4212076,0.44202694,0.45187572,0.38448706,0.43814963,0.39152932,0.422419,0.36754766,0.3914481,0.45674142,0.47546482,0.3495131,0.41123748,0.43962428,0.48690185,0.5046864,0.46358624,0.35863915,0.4224806,0.35010445,0.44074148,0.32450575,0.34321645,0.33046675,0.32498756,0.37719148,0.3475982,0.35979205,0.3711856,0.3684735,0.41718975,0.38340577,0.41589084,0.43535852,0.40785936,0.37897938,0.33964986,0.37727746,0.39935133,0.3842222,0.4557943,0.4584215,0.36807793,0.34676424,0.4498875,0.3687637,0.37143275,0.34616902,0.46703324,0.45788205,0.340757,0.36855307,0.38229412,0.42192435,0.3847079,0.45104322,0.48899692,0.51910186,0.5053504,0.4606749,0.43552813,0.34399912,0.3824994,0.36054665,0.37045747,0.45382106,0.32427025,0.33465478,0.40024853,0.3737041,0.46931723,0.35380298,0.35562038,0.34933248,0.30917948,0.3748369,0.3862265,0.48008475,0.3106792,0.37575054,0.3426835,0.30814755,0.4246869,0.28994438,0.3686354,0.3963563,0.48342428,0.4429746,0.5108373,0.40900597,0.3095326,0.45879844,0.3528893,0.4237447,0.43027183,0.40240413,0.36465213,0.3769585,0.3976772,0.40127197,0.42551014,0.42550516,0.3973222,0.37949535,0.33661637,0.3338313,0.36410463,0.3564782,0.3536133,0.37200165,0.33545178,0.35154474,0.36324316,0.36952174,0.39277422,0.31001243,0.2773961,0.25882348,0.30948797,0.357933,0.37964958,0.32560918,0.331843,0.34102896,0.31229866,0.3003531,0.4196068,0.39381346,0.440656,0.37442032,0.3797135,0.31359768,0.27717346,0.36023766,0.25320804,0.36646116,0.2684786,0.25844932,0.32351822,0.34915918,0.3813945,0.2988267,0.36655444,0.31338286,0.33252335,0.36782533,0.3758389,0.4491055,0.4309959,0.34667018,0.35954475,0.4149392,0.36379087,0.32481304,0.30807436,0.32551673,0.34162474,0.31816012,0.31618243,0.36111072,0.3961946,0.4286916,0.3594535,0.43678772,0.31966206,0.34645414,0.40513512,0.38299024,0.42611602,0.32442045,0.30720347,0.39073274,0.34458333,0.3533194,0.31134912,0.35083947,0.36291498,0.4639495,0.3963723,0.3348373,0.35978946,0.41232914,0.40167922,0.39185715,0.41524288,0.27578336,0.37386778,0.26665387,0.38691613,0.40522256,0.423455,0.3360739,0.3856515,0.37151322,0.47141865,0.47101676,0.43873563,0.31470314,0.3865544,0.28504735,0.30818933,0.33600676,0.32872787,0.3479207,0.30812958,0.38862213,0.35277534,0.38631266,0.35371804,0.40532658,0.40239924,0.36707926,0.45538798,0.38099462,0.39054316,0.3768999,0.34850416,0.335934,0.35611922,0.35751536,0.4789768,0.38547668,0.36423934,0.3466709,0.46749017,0.39477015,0.36790812,0.38202125,0.4399431,0.40126696,0.42042425,0.3919344,0.36484817,0.46290746,0.44628546,0.3595588,0.4736444,0.48756883,0.41372228,0.3991837,0.37458053,0.4082484,0.3767743,0.3418841,0.34994113,0.43562737,0.2654436,0.25452098,0.36399522,0.3676422,0.39482185,0.3000073,0.2915971,0.26624203,0.3245581,0.38181016,0.385334,0.47207642,0.32116535,0.37435725,0.3664614,0.31134275,0.386342,0.23899359,0.3350796,0.37869945,0.5260211,0.44746828,0.5850115,0.3983663,0.30865818,0.3981859,0.30563483,0.29795074,0.52333397,0.3805905,0.39662164,0.36975604,0.4300066,0.41388166,0.49595648,0.3849026,0.4364919,0.5249411,0.45570508,0.50700754,0.5227179,0.46663707,0.44771287,0.43618396,0.45741627,0.50620854,0.48092425,0.4037505,0.39482334,0.53325254,0.5210741,0.4576799,0.45937252,0.45172417,0.45335093,0.44867888
730,0.40703171,0.30760804,0.32418767,0.36479118,0.36688185,0.366878,0.3950252,0.36542422,0.34683323,0.373641,0.4013322,0.39121336,0.30824164,0.3389739,0.32949755,0.30658966,0.40744677,0.40905657,0.34032217,0.32849288,0.35033524,0.37624925,0.313498,0.4538912,0.39128664,0.43954125,0.39267856,0.38504016,0.4102577,0.3505739,0.4382375,0.32866204,0.410061,0.3034037,0.33515498,0.30408645,0.3656611,0.42949432,0.30287138,0.3488337,0.3186387,0.35011837,0.34317684,0.417277,0.45875928,0.4885619,0.3762363,0.39661685,0.49667123,0.45043522,0.34931663,0.34691256,0.3500195,0.3358405,0.34828138,0.36054862,0.4067137,0.45003685,0.40879503,0.37995133,0.49686643,0.42879972,0.38479796,0.47884414,0.48002952,0.4995166,0.39698744,0.40129998,0.42277607,0.4156847,0.40258557,0.44739547,0.40091118,0.39939857,0.41871175,0.45030686,0.40771416,0.44708702,0.41587815,0.47104537,0.3801747,0.44766146,0.4165669,0.4390012,0.39185998,0.40417656,0.43508926,0.46978807,0.3754958,0.40977144,0.453398,0.5019383,0.50612783,0.46967006,0.37945902,0.44265243,0.37679985,0.4618544,0.35381415,0.38193172,0.36142305,0.36152312,0.41577244,0.38950753,0.38121885,0.40713754,0.40507087,0.43124524,0.4074395,0.4338329,0.45647117,0.44218776,0.39575475,0.36781812,0.41924754,0.43056402,0.41502503,0.46955708,0.47863692,0.3961991,0.3726676,0.46869513,0.37446415,0.41693106,0.36999637,0.4867472,0.49139327,0.35651034,0.35940433,0.3808929,0.4248181,0.38595164,0.45914236,0.49318424,0.5230842,0.51761365,0.46736026,0.46425742,0.3677699,0.40288085,0.38036445,0.39728743,0.47440267,0.3511432,0.35732538,0.42839128,0.3948069,0.48628506,0.37372488,0.3546032,0.37556466,0.33083096,0.39938852,0.4169751,0.5091767,0.33466488,0.40332136,0.36263457,0.33512086,0.45091617,0.30243686,0.39826387,0.42763492,0.49697813,0.4688281,0.51684576,0.4359389,0.35118514,0.4680201,0.3686984,0.43492684,0.42888772,0.44759735,0.4120186,0.40877533,0.40685996,0.4130951,0.4573618,0.44443282,0.42809072,0.39526445,0.3584456,0.356658,0.38209414,0.37543502,0.37663063,0.40155932,0.36073253,0.37969872,0.3856769,0.401675,0.3932241,0.33119816,0.31101313,0.29424086,0.33416903,0.38516837,0.399753,0.35101187,0.35250783,0.36492696,0.34233633,0.32828614,0.4612149,0.41369843,0.4329421,0.39498642,0.4043404,0.34959158,0.30718535,0.39780372,0.293291,0.3858998,0.30954742,0.29903468,0.3371085,0.36460415,0.40690997,0.31181824,0.38381955,0.33662415,0.34659585,0.37947577,0.39812416,0.44987503,0.44300163,0.36513415,0.3826308,0.42755714,0.3895648,0.3575122,0.34000608,0.35729653,0.36844188,0.33796802,0.34455743,0.3844171,0.429316,0.44241372,0.38092947,0.470451,0.36827955,0.38213688,0.44479632,0.4201906,0.4528637,0.3618617,0.35054675,0.41413197,0.3775456,0.37495258,0.34893975,0.38203582,0.3921311,0.44823855,0.41867498,0.363968,0.3916789,0.41743416,0.43596554,0.41696927,0.44918534,0.31424212,0.40504867,0.30337876,0.40679392,0.42961115,0.44146717,0.3714723,0.40287986,0.3969165,0.49042106,0.4797642,0.4559462,0.34935665,0.40928918,0.3277189,0.34807444,0.36222726,0.36175472,0.3786365,0.3416792,0.4255616,0.39102063,0.403107,0.38930193,0.43901595,0.420408,0.40204203,0.4695376,0.41586697,0.42675662,0.39264384,0.37629333,0.37443045,0.38880774,0.38629198,0.49083915,0.41299316,0.39409867,0.37279654,0.48093596,0.40542623,0.41466784,0.40331584,0.46264806,0.43455878,0.42883846,0.39127743,0.38148576,0.47197765,0.46337274,0.38920817,0.48118237,0.4983381,0.43870893,0.41811767,0.4010291,0.41905347,0.39539143,0.37098634,0.38030207,0.45418206,0.30845892,0.29221776,0.3937321,0.38959542,0.41677943,0.33675066,0.32631505,0.30772635,0.34890708,0.402392,0.40977788,0.49690905,0.33905298,0.39197344,0.38014942,0.33823496,0.4130731,0.27632368,0.37086156,0.4104511,0.5311217,0.4683627,0.5771006,0.42494154,0.34810916,0.4264132,0.34409538,0.33589154,0.52172476,0.4272852,0.44443643,0.4084038,0.4494128,0.43317693,0.51052886,0.4197006,0.46954757,0.53086543,0.470998,0.508202,0.5214624,0.4736864,0.45806217,0.44530824,0.4593684,0.5098036,0.48640355,0.4242109,0.41817337,0.5279932,0.5218687,0.4673912,0.46811733,0.4619504,0.4631787,0.45748243
731,0.42822292,0.35022864,0.3634442,0.39072543,0.39551973,0.40300825,0.43132302,0.39425182,0.3839184,0.39598814,0.42654577,0.38274735,0.34583202,0.3903729,0.3761548,0.34804818,0.433172,0.4355948,0.38070667,0.3686542,0.39041474,0.41407794,0.35534066,0.48407912,0.38970828,0.42089286,0.4155131,0.40550667,0.44202477,0.38730615,0.47839847,0.38226745,0.4598919,0.3555976,0.38053846,0.3369556,0.38653725,0.45186973,0.32683393,0.38122764,0.35324088,0.3625116,0.37434834,0.43372247,0.45911783,0.4879981,0.39547363,0.426505,0.5002303,0.46136263,0.38477656,0.37975156,0.38530123,0.37351343,0.3741753,0.39816657,0.41600212,0.46585405,0.43748116,0.40511584,0.5203036,0.47094712,0.4101153,0.51712745,0.51130855,0.5060123,0.4086344,0.44010085,0.44408235,0.41140655,0.42330247,0.47109947,0.4227119,0.4048814,0.39645237,0.43940464,0.4138849,0.46035314,0.3903323,0.47403282,0.37550825,0.44303685,0.43450925,0.4548238,0.41757953,0.42907462,0.4233502,0.47041202,0.41281918,0.42059743,0.47230455,0.50982004,0.50720805,0.4811389,0.3916047,0.45613024,0.40653569,0.4885807,0.38675624,0.4174815,0.39192194,0.39535907,0.4446647,0.42271972,0.39757833,0.43386394,0.43065,0.44555423,0.4307694,0.45129988,0.4782138,0.48432243,0.4148621,0.39616913,0.44944298,0.4495678,0.4370099,0.48678488,0.5035961,0.4326886,0.40680367,0.48192555,0.3824376,0.44836703,0.38997272,0.5093475,0.512094,0.3766786,0.35614628,0.3905343,0.43401957,0.39941895,0.46599996,0.49757293,0.523838,0.51932657,0.45954227,0.4824029,0.38983846,0.41860664,0.3999703,0.4262622,0.4824163,0.37962496,0.3813871,0.44713125,0.41025415,0.48864853,0.40114653,0.36819577,0.41302383,0.36197016,0.42673534,0.4495648,0.53141844,0.37311938,0.42951864,0.3954785,0.3722006,0.4763706,0.3388808,0.43667686,0.4582208,0.51316255,0.49350256,0.52506447,0.45361903,0.39132884,0.473506,0.39586756,0.43588552,0.42977685,0.47802705,0.44593498,0.4298046,0.42515612,0.4344028,0.47923356,0.46925202,0.46820578,0.4194343,0.38687208,0.38727483,0.4073774,0.4026476,0.408463,0.43586856,0.39038506,0.40959388,0.41106838,0.4309113,0.40035224,0.36586976,0.3667859,0.35248014,0.37184772,0.41862744,0.4247127,0.38561717,0.3897544,0.39899766,0.38456878,0.36408126,0.48924446,0.43194675,0.4325007,0.41895756,0.42891377,0.39073637,0.361981,0.44740286,0.36255518,0.4301808,0.37217623,0.37146458,0.35712388,0.38246304,0.4319811,0.33206522,0.40455976,0.36561614,0.3616185,0.3974365,0.4233996,0.4417299,0.44432673,0.38475484,0.4096015,0.43782437,0.41214272,0.3925394,0.37699875,0.3923316,0.40119806,0.3653127,0.3794977,0.40923977,0.4627456,0.4559683,0.40787977,0.51752084,0.43296418,0.42516616,0.49712354,0.4702632,0.47589767,0.4148771,0.41226575,0.45417377,0.42018843,0.41703552,0.40339744,0.4234898,0.42378032,0.44181794,0.44349816,0.40158167,0.42034635,0.41857198,0.46204957,0.4403991,0.4725501,0.36459684,0.44093332,0.35709324,0.4380917,0.4557648,0.46862862,0.4265884,0.43337667,0.43233892,0.5012801,0.4900552,0.4807406,0.3844506,0.43027884,0.37989447,0.4016647,0.39202768,0.39399207,0.40801606,0.37478933,0.44873908,0.4227478,0.41525707,0.42134923,0.4610705,0.44046965,0.43871638,0.4811511,0.4569814,0.47290295,0.4122812,0.40341926,0.4084611,0.41793302,0.41296715,0.50773,0.44559702,0.4326162,0.4046774,0.49199978,0.42195845,0.4459442,0.41890487,0.48880926,0.46379802,0.44148216,0.39731842,0.41162646,0.4871878,0.49068344,0.42351794,0.49011812,0.50883806,0.4578584,0.43254703,0.42887098,0.42920372,0.41491163,0.40114287,0.4123197,0.4638312,0.36194786,0.34369344,0.41970748,0.40907785,0.43344998,0.38907766,0.38208666,0.36949128,0.38085258,0.4280998,0.43946427,0.51497716,0.36954013,0.41155794,0.40511414,0.3755872,0.44191006,0.34069332,0.41372967,0.44280678,0.53852385,0.49443686,0.567502,0.4454068,0.38565493,0.45210737,0.39790025,0.38218224,0.5196046,0.45966008,0.47454673,0.4358368,0.4816301,0.46068683,0.5134774,0.4667895,0.5101323,0.53731245,0.4886861,0.5089033,0.5186541,0.4815639,0.47225213,0.46006772,0.46508607,0.5145748,0.4947356,0.4503795,0.44755283,0.5239047,0.5213644,0.47670606,0.47652838,0.4731166,0.47577998,0.47040197
732,0.4530511,0.39874706,0.40915984,0.42049527,0.42677554,0.44188273,0.4695585,0.42330772,0.4190967,0.4163356,0.4429933,0.38053817,0.39136645,0.45541432,0.43779704,0.39844206,0.45668542,0.46010438,0.42528588,0.41985127,0.43771204,0.44962332,0.4012528,0.49538365,0.387968,0.41388255,0.44004488,0.41753837,0.47409433,0.43844748,0.52343404,0.45092916,0.5241349,0.4253533,0.4449192,0.3730763,0.40361795,0.46722177,0.3538269,0.41315696,0.38831538,0.3737781,0.40630433,0.44803768,0.451294,0.4735175,0.41360882,0.4557331,0.50104934,0.46117774,0.4184437,0.41314164,0.41786098,0.41447026,0.4004984,0.43407533,0.42466408,0.4768622,0.46498126,0.43009168,0.5479315,0.51874816,0.4357838,0.55790174,0.54557514,0.50865144,0.4257256,0.4845644,0.4739235,0.41371724,0.44999313,0.49414143,0.44842094,0.4066189,0.3838384,0.43731838,0.42159465,0.4614266,0.3721686,0.463119,0.37282285,0.4274748,0.44430378,0.46602958,0.44148964,0.46120954,0.4237478,0.4766287,0.45721093,0.44258428,0.4933397,0.5108985,0.5080603,0.49754494,0.39529726,0.46223462,0.43644953,0.5183391,0.41490674,0.44378805,0.4158804,0.41905534,0.4574242,0.44004995,0.40384543,0.447169,0.4404884,0.45628637,0.44796094,0.4660222,0.49889204,0.526823,0.42987013,0.4171764,0.46444073,0.45691875,0.450643,0.5041655,0.52910244,0.47133133,0.44343963,0.48782128,0.39136016,0.45891136,0.40333003,0.5313859,0.51763266,0.39817047,0.3600204,0.41065904,0.4472205,0.4223491,0.47069955,0.50115377,0.5208715,0.5110655,0.44084257,0.4891052,0.40686202,0.42767477,0.4163913,0.45314002,0.4780282,0.4072336,0.40437737,0.45542076,0.4186578,0.47637358,0.43286765,0.39519328,0.45643795,0.39652905,0.45189568,0.4786636,0.5443322,0.4195617,0.451815,0.43592682,0.4125431,0.4973842,0.39704108,0.47804663,0.48314518,0.5293474,0.5132036,0.5345033,0.45867103,0.42253026,0.47589788,0.43248585,0.42918333,0.4325614,0.487363,0.45894802,0.43688276,0.4490431,0.46313298,0.48783177,0.49593568,0.5100775,0.44669548,0.4163161,0.42071164,0.43554702,0.43271083,0.44294128,0.46824065,0.41913325,0.4349782,0.43396968,0.45249796,0.41385853,0.4078714,0.43665805,0.4266026,0.4155178,0.45421165,0.450474,0.42256793,0.4365925,0.4356128,0.4305351,0.40025216,0.49716073,0.44348708,0.44045833,0.44360518,0.44979662,0.43283588,0.43612075,0.5016209,0.45155293,0.49221838,0.44705585,0.46672413,0.3797043,0.397275,0.45116594,0.3541975,0.4239853,0.39370152,0.37320203,0.4167265,0.4458564,0.42645177,0.43723765,0.4038026,0.43628034,0.44569162,0.43015987,0.42416444,0.41337407,0.42408687,0.43504214,0.39340514,0.4162249,0.43032622,0.4912158,0.46514854,0.4327089,0.5690337,0.50280386,0.47030097,0.5535675,0.5234607,0.49143267,0.47559062,0.4828575,0.50450224,0.46593308,0.47412735,0.46588543,0.46997425,0.45462266,0.44659033,0.46870252,0.44266686,0.4421069,0.41843045,0.47700357,0.46004814,0.48280582,0.42095384,0.47451654,0.42133626,0.4750829,0.48025998,0.5005421,0.49387902,0.47379565,0.4723324,0.5041657,0.5005435,0.51040584,0.41547248,0.44682717,0.43516698,0.46194673,0.4182049,0.42016694,0.42988715,0.40000123,0.45218307,0.44044793,0.41901165,0.44444615,0.46769252,0.4582211,0.47040218,0.488695,0.4992611,0.5205882,0.42926732,0.4225336,0.43161964,0.44153848,0.43624386,0.5269975,0.4781232,0.47304899,0.43791702,0.49949065,0.44272995,0.4546942,0.42734373,0.51392287,0.48457557,0.45641875,0.41053984,0.4512794,0.5053226,0.52294815,0.4571224,0.49933583,0.51701915,0.4684726,0.44111797,0.45376784,0.4372677,0.43199906,0.42656252,0.4411271,0.46456513,0.41905832,0.40280247,0.43868783,0.42360756,0.4413116,0.45010796,0.45148367,0.4431123,0.41431546,0.45438683,0.46880013,0.5244687,0.40634614,0.43002835,0.43656468,0.4156405,0.4681009,0.42630547,0.4572888,0.46988633,0.5470951,0.5212533,0.5583215,0.45548633,0.41444305,0.47289315,0.46089014,0.43099892,0.51793313,0.47015715,0.47966358,0.44728965,0.52131927,0.49246722,0.50459766,0.51805013,0.55010134,0.5428816,0.50554186,0.50832456,0.51450133,0.49001774,0.48883432,0.47791344,0.4734913,0.51949316,0.50435835,0.478005,0.4781334,0.52165055,0.5200104,0.4833914,0.4826785,0.48403823,0.48925844,0.48486653
733,0.47746992,0.44634414,0.45464385,0.45042098,0.45655727,0.47777843,0.5037608,0.4485809,0.44783342,0.43309793,0.4501642,0.38687676,0.43758872,0.5223821,0.50480783,0.44947135,0.47636762,0.47975695,0.46655726,0.4742106,0.4840645,0.4781845,0.44488597,0.48879477,0.3887576,0.42097774,0.46486846,0.42289954,0.5039827,0.4966377,0.5662698,0.52245325,0.58988714,0.5003872,0.5182104,0.40816617,0.41496283,0.47504118,0.38034242,0.44028777,0.4189104,0.38410053,0.4345108,0.45938876,0.43861246,0.4517512,0.43068913,0.48025686,0.50010395,0.45381033,0.44679728,0.44393188,0.443476,0.45420605,0.42349133,0.46465895,0.4333503,0.48350316,0.48803845,0.4521014,0.5750628,0.5652587,0.46047017,0.5945409,0.57658154,0.5075761,0.44674587,0.52818936,0.5084626,0.42327145,0.4800591,0.51295435,0.47670856,0.40718678,0.3838988,0.4455815,0.43072227,0.45353916,0.3666072,0.44322774,0.37452394,0.40644643,0.44693723,0.471915,0.46215475,0.49658102,0.43741825,0.48749992,0.50304353,0.47424757,0.51407903,0.5061612,0.5088801,0.51765573,0.3934601,0.4624416,0.46347672,0.54717875,0.43474624,0.45907146,0.43133295,0.43077537,0.4544598,0.4410307,0.40130407,0.4479735,0.43558648,0.462972,0.4571385,0.47709718,0.51730543,0.5635251,0.43912095,0.4288392,0.46567288,0.4559982,0.45759022,0.51894903,0.55091596,0.50596035,0.4772827,0.48678115,0.40139443,0.44960073,0.41027647,0.5497329,0.5096112,0.41944826,0.3724381,0.43981597,0.46297213,0.45209324,0.4730527,0.50371486,0.514693,0.49532628,0.41737744,0.48616973,0.41821977,0.43135077,0.42924452,0.4752048,0.46490726,0.43168518,0.42456388,0.45456293,0.4223064,0.45440668,0.46542522,0.4331271,0.4993732,0.4292627,0.4719811,0.500775,0.54746056,0.46735018,0.4695145,0.47720993,0.4502549,0.511816,0.47044277,0.51635593,0.49976397,0.5425814,0.5257231,0.54419464,0.45300877,0.44225258,0.4771501,0.47476545,0.41880587,0.437873,0.4769425,0.451996,0.4315901,0.4754727,0.4957455,0.48462233,0.52083683,0.5472095,0.47297302,0.44279706,0.4524714,0.46309415,0.46138668,0.47498918,0.49412546,0.44346416,0.45299757,0.45144892,0.46431354,0.43365523,0.45048273,0.50825584,0.5041771,0.45758393,0.48713133,0.4739745,0.45583075,0.48468164,0.4689474,0.47243783,0.43166187,0.48573565,0.4477261,0.45796305,0.46762958,0.4664519,0.47201213,0.518729,0.55219656,0.54257524,0.56078786,0.52005154,0.5655787,0.40259817,0.40745136,0.46265823,0.37586325,0.43959585,0.4175328,0.3813586,0.43475345,0.4630499,0.4089169,0.42530498,0.42198935,0.4593282,0.45183745,0.44291326,0.44925442,0.4455155,0.4486785,0.46621343,0.41811806,0.4501813,0.44607157,0.5110331,0.4693147,0.45169994,0.6153334,0.56574494,0.51221013,0.6049616,0.56969345,0.49757895,0.534733,0.55076724,0.5573839,0.5086114,0.5386978,0.525408,0.51663005,0.48271212,0.4632435,0.49245635,0.4820106,0.45537487,0.42068133,0.48107702,0.47514087,0.48098558,0.47568887,0.50144744,0.48653924,0.51354426,0.501422,0.5325061,0.56267154,0.5198953,0.5114652,0.5004704,0.51015866,0.5414443,0.43978408,0.45806956,0.48621,0.5205104,0.4376882,0.43832392,0.4425915,0.4151527,0.4380733,0.44283876,0.41560987,0.45707008,0.4599313,0.4720746,0.49324995,0.49215126,0.53770286,0.56220263,0.44143212,0.43177688,0.44210416,0.45906767,0.4549425,0.5452547,0.50632846,0.50875425,0.4684618,0.50309587,0.466465,0.44245076,0.43004972,0.5340925,0.49554327,0.47301245,0.4317386,0.49622518,0.5235927,0.5547614,0.48583654,0.50818926,0.52163994,0.47056153,0.44472852,0.47280103,0.44408733,0.4456682,0.44484496,0.46359926,0.45838526,0.4711872,0.46068949,0.44946855,0.43338674,0.44100434,0.51111263,0.5237041,0.51579404,0.4438456,0.47763914,0.49330273,0.52549285,0.4444598,0.44582602,0.46900958,0.45162278,0.48851353,0.51962626,0.49529737,0.48822144,0.55451876,0.54416937,0.5511932,0.45572355,0.43249714,0.48818865,0.52459794,0.47646645,0.51728624,0.45929933,0.4617499,0.44379604,0.56235725,0.5242082,0.4874087,0.56546754,0.5826,0.54640037,0.51910794,0.5065025,0.50979304,0.4990571,0.50606894,0.4967412,0.48394048,0.52370805,0.5139014,0.503015,0.50525266,0.5215651,0.5185725,0.48669598,0.4860219,0.49417838,0.5022269,0.4988429
734,0.49967387,0.48710147,0.49486506,0.4783703,0.48259944,0.5067289,0.5299733,0.46912086,0.4700717,0.44647518,0.4499238,0.4035551,0.47840655,0.5792783,0.56589395,0.4932586,0.49074587,0.49336806,0.4984922,0.5225048,0.5220936,0.4979617,0.481771,0.47222763,0.3961228,0.44321677,0.49017638,0.42598295,0.5306051,0.552383,0.60028034,0.5847896,0.64401734,0.56575584,0.5865954,0.44065434,0.4233346,0.47847924,0.4063962,0.4620992,0.44497958,0.39671752,0.4582209,0.470136,0.4275771,0.43137136,0.44758043,0.496908,0.49706087,0.44403228,0.46969768,0.47102454,0.46255904,0.4894785,0.4436401,0.4882856,0.4444744,0.48668432,0.5059624,0.47220108,0.5961125,0.6042665,0.48379815,0.62110126,0.5984911,0.5026332,0.47090197,0.564753,0.5439065,0.4406995,0.5114665,0.5249929,0.506488,0.4095266,0.3978485,0.46405956,0.4418723,0.44167542,0.37653413,0.42078686,0.3829438,0.38637796,0.444966,0.47480738,0.4799634,0.5323051,0.4641743,0.50186497,0.5447669,0.51325834,0.5326741,0.49641845,0.51004374,0.5391972,0.39073598,0.46038932,0.48522717,0.57128686,0.44834766,0.46585888,0.44124818,0.43496788,0.44256917,0.4322613,0.39670056,0.44137272,0.4222646,0.46826214,0.4603142,0.48477212,0.53244233,0.5900652,0.44509956,0.43430176,0.45795634,0.45129737,0.45996657,0.5292808,0.5658149,0.532078,0.5052031,0.48118612,0.413986,0.42930317,0.4140395,0.5622579,0.49351373,0.44064897,0.3948111,0.47557315,0.48075145,0.48587593,0.4737955,0.5056968,0.5069691,0.4759217,0.3964116,0.47749677,0.42589083,0.43321496,0.44027624,0.49201837,0.4497814,0.45151126,0.44153872,0.44801185,0.42552158,0.43107593,0.4962514,0.4781664,0.5361336,0.45733365,0.48667723,0.5147608,0.5430149,0.5097876,0.48255447,0.5116618,0.48115504,0.51968354,0.54694283,0.5469948,0.5081536,0.5503376,0.53081185,0.5522799,0.44255796,0.45353517,0.4790035,0.5167408,0.4093678,0.44713077,0.4553643,0.43418038,0.42006475,0.50213677,0.5276095,0.47432122,0.5417168,0.5755765,0.49660766,0.46368116,0.4798535,0.4879744,0.48606494,0.5011263,0.5116138,0.4630348,0.46570966,0.4630832,0.46688423,0.45944092,0.48784292,0.5687999,0.57120705,0.49209583,0.51193744,0.49333423,0.48127568,0.5252912,0.4949849,0.50470114,0.45610914,0.46314263,0.44814175,0.48580644,0.4908425,0.48032483,0.5058048,0.5951893,0.59226155,0.61734676,0.6221496,0.57732344,0.6467277,0.4260225,0.41577727,0.4686571,0.3984953,0.45234057,0.43791267,0.39016303,0.4518711,0.4764481,0.39620498,0.41391394,0.44032738,0.4765302,0.45699742,0.45055038,0.4686035,0.4726395,0.46679184,0.49331567,0.4397002,0.4783456,0.45854864,0.52123964,0.47100836,0.46580285,0.6484659,0.61309946,0.5466861,0.64360595,0.60094464,0.49430898,0.5842314,0.6059265,0.60528404,0.5439404,0.60147053,0.572757,0.5592842,0.50722086,0.49078655,0.51280046,0.51549166,0.46090332,0.42846498,0.4770021,0.4858406,0.47063947,0.52140504,0.5207294,0.543022,0.55017936,0.5184564,0.5600434,0.6215742,0.5662872,0.54519045,0.49177733,0.51827586,0.56945276,0.45717087,0.46535385,0.52666354,0.56997144,0.4519342,0.4502704,0.4496807,0.42437178,0.41605413,0.43567678,0.41067708,0.46120963,0.44356707,0.48312992,0.5063991,0.4926728,0.56783146,0.5922826,0.45048234,0.43429655,0.44283605,0.47083896,0.46821535,0.55947566,0.528005,0.53531045,0.49394163,0.50324595,0.49153206,0.41932154,0.43076578,0.547031,0.49871293,0.49110156,0.4611027,0.54211843,0.5398614,0.5813971,0.50718087,0.51620036,0.5228219,0.46655944,0.4459169,0.4845874,0.45199922,0.4570268,0.45706135,0.4792965,0.449371,0.5110449,0.5089936,0.4530442,0.44080254,0.43669295,0.5639682,0.58738244,0.5754421,0.46620357,0.49588624,0.51021194,0.52053237,0.47963467,0.45837107,0.49654722,0.4792578,0.50182647,0.60287935,0.524018,0.49739853,0.55798244,0.559652,0.546427,0.4504428,0.4431177,0.49836168,0.5798916,0.51398826,0.5178354,0.43606615,0.43181342,0.43193448,0.59860605,0.5516737,0.46787193,0.6033781,0.6031761,0.54703265,0.5280014,0.50437117,0.5058816,0.5084138,0.5220467,0.51482445,0.49602264,0.5266656,0.5224936,0.52243304,0.5256826,0.52349806,0.51776093,0.48780155,0.48774537,0.5035776,0.51396006,0.5110839
735,0.51946014,0.5172169,0.52746314,0.50337124,0.5040906,0.5267529,0.54613096,0.4876274,0.49005783,0.45793685,0.4458294,0.43126252,0.51041675,0.61857337,0.61212885,0.5250538,0.4995159,0.5015247,0.51814246,0.55653036,0.5468822,0.50928205,0.5091436,0.45700908,0.41362724,0.47963545,0.51621324,0.43170393,0.55304295,0.5965928,0.6212088,0.6306111,0.6782613,0.6110282,0.6384281,0.47220594,0.4344972,0.4824929,0.43534026,0.48189497,0.46974313,0.41641036,0.47916454,0.48387557,0.42540154,0.42107496,0.4662836,0.5043191,0.49232885,0.43742725,0.49068296,0.4959343,0.4797527,0.51968783,0.46455175,0.50600564,0.46142364,0.48877028,0.5199084,0.49250454,0.60747707,0.63185424,0.50558156,0.63455826,0.60795766,0.49463746,0.49697888,0.5897656,0.5768371,0.4659642,0.5417917,0.529487,0.5358818,0.41612354,0.4248744,0.49095464,0.45546848,0.43160495,0.4020212,0.40275118,0.3998582,0.37346703,0.44168904,0.47802126,0.49534196,0.56542563,0.50131685,0.51803756,0.5777166,0.55468786,0.54738635,0.48349527,0.5119213,0.5592832,0.39215007,0.4610569,0.50074613,0.5881204,0.46030656,0.469678,0.45209596,0.43985298,0.43191615,0.4245583,0.39858904,0.43479604,0.4097129,0.47551847,0.46194434,0.49049005,0.54374725,0.60458803,0.4515905,0.43868747,0.44830438,0.44831163,0.4612641,0.5345232,0.57254463,0.5483515,0.5267269,0.4748177,0.4307861,0.41109934,0.41965,0.5683718,0.47727248,0.4627959,0.4274698,0.51385605,0.49997574,0.5200058,0.47431362,0.50755847,0.5000641,0.45771557,0.38489705,0.46846774,0.43362045,0.4377379,0.45233056,0.505401,0.44039106,0.46663615,0.45610616,0.4409102,0.43313685,0.41507182,0.52328545,0.52463883,0.56265485,0.48056152,0.49727684,0.5214233,0.53518695,0.54111624,0.4913448,0.53323096,0.50286466,0.52270955,0.6125071,0.5677223,0.5106754,0.5517201,0.529963,0.5565949,0.43477365,0.4629026,0.48249438,0.5516977,0.40499234,0.46146187,0.43503755,0.41867194,0.41102913,0.52705324,0.5541009,0.4629744,0.558145,0.59440935,0.51754135,0.47781968,0.5024976,0.50926614,0.50548947,0.51935375,0.5204544,0.48101345,0.47896546,0.47046283,0.463265,0.48978972,0.51616824,0.610511,0.6184163,0.51659447,0.52487564,0.5078576,0.4971647,0.55150884,0.5112137,0.52451646,0.4738606,0.4416169,0.44963616,0.522709,0.5133648,0.49307284,0.5331119,0.6529654,0.61815417,0.666169,0.66574824,0.61157584,0.69873023,0.45323002,0.42778486,0.4736629,0.42666015,0.46648243,0.4584915,0.4054972,0.46984738,0.48921713,0.39541593,0.40989485,0.46134275,0.48745176,0.4627646,0.4552085,0.4866648,0.4967478,0.48324442,0.5177036,0.4619371,0.5003955,0.47190872,0.52410007,0.4739545,0.47829863,0.66473156,0.64153767,0.5712554,0.66540223,0.61378574,0.48463106,0.6187947,0.64225453,0.6426221,0.5697783,0.6534734,0.60295814,0.59412664,0.52745765,0.5258148,0.52794755,0.5403329,0.46171713,0.443786,0.46922073,0.49326172,0.45707402,0.55293256,0.53313375,0.58373785,0.58144397,0.53086346,0.57965124,0.6624387,0.6065947,0.5700437,0.48032957,0.52466357,0.59048027,0.46932834,0.47188607,0.55277413,0.6052901,0.46448663,0.46055037,0.45792344,0.43552107,0.398977,0.42923045,0.41162476,0.4615071,0.42726043,0.49333262,0.5113896,0.4923507,0.5868397,0.6086235,0.45942038,0.43524233,0.43989328,0.47893992,0.47718897,0.5680782,0.54338986,0.5520084,0.5143136,0.50127655,0.51565075,0.39963517,0.43425557,0.55238616,0.4982989,0.5099848,0.49690294,0.58413017,0.55246824,0.5991699,0.52027357,0.52273846,0.5218166,0.46066093,0.4481026,0.48971263,0.46332353,0.4681249,0.4661139,0.49039972,0.44281054,0.535406,0.5427902,0.45250034,0.44968918,0.4338961,0.60284895,0.63398784,0.614905,0.48143578,0.5086389,0.51851964,0.51369303,0.50799537,0.46810886,0.51443684,0.4969717,0.5080684,0.6627042,0.543048,0.49964595,0.5559918,0.5664298,0.54326946,0.445688,0.4529534,0.50431323,0.6196464,0.54061,0.51950103,0.41428778,0.40519238,0.42132416,0.6250441,0.57121754,0.45210716,0.62909406,0.6107404,0.5448699,0.5323131,0.5032844,0.50437593,0.51737744,0.53509766,0.53047466,0.5089938,0.5282362,0.5297867,0.53539926,0.53880394,0.5267529,0.517899,0.48913908,0.49005738,0.51282454,0.52446014,0.52109265
736,0.5367553,0.53642744,0.5525275,0.5248701,0.5210483,0.5378968,0.5520147,0.50810754,0.5128721,0.46950898,0.44242784,0.46857774,0.53328073,0.63879687,0.639693,0.54456705,0.5039543,0.50612736,0.52621716,0.5727353,0.5575888,0.51383257,0.5267917,0.4530122,0.44274202,0.5259367,0.54246485,0.44405577,0.5696852,0.6240829,0.62797,0.65865767,0.69094884,0.6338027,0.6693751,0.50598884,0.45401764,0.49137473,0.47142935,0.50432235,0.49682853,0.4472657,0.49939033,0.5026835,0.43669772,0.42556933,0.4892573,0.50395584,0.48816195,0.4383488,0.5142434,0.5214733,0.50029916,0.5464282,0.48989654,0.5204662,0.48670343,0.49268174,0.5322055,0.5141334,0.60929054,0.6472687,0.5251815,0.6359632,0.60569924,0.48692548,0.5228188,0.60182154,0.6050605,0.497338,0.56861246,0.52787447,0.5625134,0.42785385,0.46185538,0.5230028,0.4710003,0.4278713,0.4402,0.39425233,0.42562902,0.37180507,0.4399179,0.48401928,0.50772035,0.5931497,0.5436366,0.53431094,0.599011,0.59197325,0.5571261,0.47078335,0.5145746,0.57568175,0.400872,0.46842745,0.51050043,0.596925,0.47469044,0.47654292,0.4703845,0.4531164,0.43197957,0.42812353,0.4137808,0.43514696,0.4066338,0.4868811,0.46690148,0.49653864,0.5517402,0.6086081,0.46166056,0.4468064,0.44347528,0.45221758,0.4653195,0.53539556,0.5718691,0.5564891,0.5429814,0.47129977,0.45290634,0.4066394,0.4320065,0.5688966,0.46748552,0.48704422,0.46866152,0.5498616,0.5196084,0.5509402,0.47597834,0.5095796,0.49601877,0.44520372,0.3870876,0.4636769,0.44564286,0.44873342,0.46815106,0.5179351,0.441868,0.47773793,0.46907106,0.4377233,0.44893572,0.41233104,0.54467577,0.56646097,0.5770018,0.5005817,0.5056958,0.5228248,0.5275396,0.5588485,0.49721813,0.54042995,0.515506,0.52319443,0.6584999,0.5786925,0.5106506,0.547873,0.52593535,0.5559852,0.4361424,0.47648874,0.48854485,0.57504934,0.40787637,0.48089218,0.4271093,0.41695598,0.41261724,0.5488683,0.57235736,0.45659292,0.57112074,0.60605013,0.5358557,0.4866125,0.52168435,0.52670926,0.51978296,0.5297243,0.52187675,0.50156695,0.49842143,0.47668505,0.45802015,0.5219335,0.5346253,0.63217825,0.6435454,0.53227454,0.5261172,0.51816815,0.5045842,0.5608628,0.51808685,0.53262264,0.48732948,0.4322726,0.45649266,0.56411624,0.5349565,0.5062741,0.55300665,0.68698084,0.629386,0.6891004,0.6883174,0.6231044,0.7217741,0.48811775,0.44870326,0.4819499,0.46517372,0.48684263,0.48322946,0.4320988,0.48983988,0.5037397,0.41060752,0.41801858,0.4877683,0.493731,0.4717322,0.45993462,0.508426,0.5209309,0.5032941,0.5415846,0.48895314,0.5182051,0.49011624,0.52353394,0.48131454,0.49227995,0.6654093,0.65236527,0.58530194,0.67066914,0.61006796,0.47431767,0.6369167,0.6587192,0.6672278,0.5860587,0.6897525,0.6154304,0.6185837,0.542541,0.56310314,0.53724986,0.55547035,0.46166906,0.46725985,0.46222606,0.49892953,0.44546688,0.568631,0.54006195,0.6057797,0.6046736,0.5388917,0.58994204,0.68306476,0.6357341,0.5844655,0.46909058,0.5294404,0.60280097,0.4781095,0.48094168,0.5638393,0.6246711,0.47861394,0.47390357,0.47365126,0.45576024,0.3977309,0.43360773,0.42460945,0.46349317,0.41954696,0.50419503,0.51156706,0.4935784,0.59482396,0.6128375,0.47094262,0.439511,0.4395912,0.48690552,0.48458353,0.5710052,0.5543327,0.56127423,0.53094494,0.4990524,0.53698826,0.39558047,0.44465563,0.55133015,0.49828702,0.5288103,0.5355203,0.6182786,0.56062406,0.6064457,0.52561545,0.52723503,0.52015746,0.45710075,0.45406413,0.49069828,0.47949797,0.4809069,0.47512326,0.5000287,0.44262865,0.5448596,0.56080043,0.45142555,0.46379417,0.43719262,0.62540776,0.6604463,0.6328109,0.49252594,0.5166806,0.5194725,0.5082945,0.5277529,0.47688112,0.52140623,0.50594324,0.5085465,0.6952946,0.5537713,0.49869278,0.5494073,0.5657627,0.5405935,0.4473384,0.46842733,0.5076017,0.64103955,0.5552489,0.5220704,0.40660006,0.39482886,0.42090946,0.6395169,0.58085096,0.44475964,0.6427121,0.60788924,0.541125,0.5334757,0.5041925,0.50636876,0.5253863,0.544405,0.5423562,0.52179956,0.52876157,0.53578544,0.54313326,0.546367,0.5304083,0.51895064,0.49324512,0.49504215,0.5226131,0.53409123,0.52902883
737,0.5509896,0.54755485,0.5716158,0.5423952,0.53388375,0.5419131,0.5494714,0.5327793,0.54084474,0.48295918,0.444207,0.5111212,0.54876924,0.6424287,0.6490521,0.55473244,0.50646186,0.50945526,0.5263369,0.5730082,0.5571629,0.51445794,0.53707504,0.46620077,0.4819206,0.57448876,0.5674443,0.46521527,0.5786076,0.63446325,0.62209874,0.67164916,0.68471694,0.637375,0.6814751,0.54362035,0.48465177,0.50709033,0.51636696,0.53225285,0.528335,0.4903431,0.519855,0.5256311,0.46155506,0.4434599,0.51740754,0.49969465,0.48752558,0.44763526,0.54232556,0.5492276,0.5266277,0.57121605,0.52097315,0.5338243,0.520107,0.50005704,0.5454181,0.5369026,0.60462403,0.6526349,0.5418046,0.62956125,0.5958927,0.48461527,0.5461528,0.60267836,0.62795365,0.5316008,0.5904667,0.5236573,0.5844294,0.44378176,0.5035231,0.556189,0.48747945,0.4322711,0.4854102,0.39707604,0.4584261,0.38240296,0.44132796,0.49378365,0.5161822,0.6137642,0.58480984,0.549688,0.6082514,0.6198423,0.5621291,0.46231073,0.51780045,0.5877834,0.41682482,0.48359972,0.5156821,0.59865016,0.4941341,0.49078465,0.49960583,0.4790027,0.44895917,0.44941655,0.44583383,0.44662413,0.41916263,0.5028531,0.47885364,0.5050127,0.5581797,0.6067121,0.47721764,0.46251026,0.44776535,0.46566612,0.47401643,0.5336858,0.56590426,0.55973405,0.5555212,0.4728962,0.48040503,0.42311436,0.45407605,0.56555825,0.46702355,0.5137436,0.5140785,0.57977015,0.538478,0.5768996,0.47975817,0.51217026,0.49590307,0.44109133,0.40317735,0.46508068,0.46504614,0.46789166,0.489033,0.53138006,0.45476067,0.4852803,0.4802013,0.44045112,0.47421044,0.42465046,0.55928475,0.5992185,0.57959735,0.5195934,0.5141212,0.5217641,0.5213881,0.5643026,0.5022198,0.53672177,0.5217717,0.52338976,0.68369246,0.5816489,0.51118,0.5413521,0.52219975,0.5508623,0.45053735,0.4974272,0.49829268,0.5855331,0.41808918,0.5041664,0.43874472,0.43591523,0.43026242,0.56715715,0.5820666,0.45999435,0.5822453,0.6144739,0.5511564,0.49366057,0.5391678,0.54043055,0.53027576,0.53449,0.5189589,0.52674645,0.5262471,0.48513573,0.45545813,0.5518971,0.5449073,0.6365685,0.64866084,0.54232955,0.51974756,0.525797,0.5070906,0.5558214,0.519666,0.5332814,0.5000304,0.44213912,0.47127235,0.60290855,0.55434436,0.52111953,0.5638254,0.6985155,0.6274162,0.6911629,0.69216055,0.6167122,0.72128373,0.531563,0.48094103,0.49577487,0.5155177,0.515721,0.51427174,0.47129214,0.51141894,0.52027935,0.44086403,0.43804115,0.52014333,0.49830276,0.48626703,0.4666707,0.5359898,0.5470536,0.5291975,0.5656631,0.5223451,0.5340538,0.5149718,0.52296144,0.4948611,0.5093989,0.65534526,0.6496347,0.5895735,0.6628976,0.5955531,0.4694499,0.6402887,0.6581037,0.67993283,0.59434927,0.7098644,0.6128818,0.63166153,0.5516601,0.5966657,0.5415581,0.5616687,0.46351677,0.49720746,0.45885244,0.50370085,0.43902928,0.5697993,0.5430257,0.6098382,0.6190739,0.5435787,0.5920181,0.6858835,0.65168005,0.58906215,0.46090218,0.53304124,0.60713804,0.48380685,0.4940199,0.5612662,0.6291664,0.49655387,0.4931173,0.50020254,0.48854625,0.4188921,0.4554427,0.4528102,0.47154805,0.426694,0.51640344,0.5111441,0.49818563,0.59463084,0.6095054,0.4871242,0.45097986,0.44636437,0.49785572,0.49267942,0.5690108,0.56282943,0.5666612,0.5452778,0.49822593,0.55486804,0.41425118,0.46422088,0.54603094,0.5011889,0.54696053,0.57217723,0.6424964,0.5646978,0.6042452,0.52479464,0.5295612,0.51900166,0.45839614,0.4644713,0.49128252,0.5003237,0.4961795,0.48618832,0.5104487,0.44951028,0.5416955,0.5637035,0.45232075,0.48508546,0.4488123,0.6322621,0.6682611,0.6315666,0.50366735,0.52188694,0.5167045,0.5055197,0.5401603,0.48739895,0.5201908,0.50965863,0.5059885,0.70321935,0.55738527,0.4985623,0.54102653,0.56094563,0.537268,0.45963696,0.49298933,0.5100849,0.6448751,0.5587269,0.5251447,0.42102912,0.40852317,0.43656096,0.6429033,0.5807167,0.44855854,0.6461784,0.5998202,0.537563,0.533388,0.5071986,0.511829,0.53239805,0.55007684,0.54978687,0.53338736,0.5288934,0.54058164,0.5478528,0.55106044,0.5336549,0.52075267,0.5017483,0.5037484,0.53303933,0.54282683,0.5353779
738,0.5610004,0.5549691,0.58673316,0.5554248,0.5430911,0.5416069,0.5422825,0.56051356,0.57215726,0.49887517,0.45404115,0.55149126,0.55945307,0.6341881,0.6435304,0.5595553,0.5095196,0.5134511,0.5235175,0.5631116,0.55100304,0.5148922,0.54389435,0.49756715,0.525804,0.61625177,0.5886781,0.49454203,0.5785875,0.6311649,0.6073646,0.6741014,0.6650275,0.6281844,0.6802295,0.5831018,0.5247342,0.52843505,0.5668156,0.5649976,0.5638341,0.541826,0.5401743,0.54894567,0.4950279,0.4677512,0.5487782,0.49609387,0.49195048,0.46221915,0.5729691,0.5782115,0.55712026,0.594069,0.5558614,0.54701525,0.55763775,0.5102604,0.5610358,0.5596269,0.5977709,0.6521136,0.5549794,0.62099236,0.5844225,0.491877,0.5654571,0.5965751,0.6458386,0.56486243,0.6071965,0.521669,0.60037935,0.46151644,0.5428766,0.5862894,0.50415546,0.44365704,0.52959895,0.40934312,0.49356565,0.40288728,0.4463354,0.5066867,0.52041835,0.6268791,0.61890286,0.56379837,0.6076918,0.63605726,0.5638764,0.46117023,0.52135843,0.59634674,0.43672875,0.5042614,0.5176847,0.59554476,0.519955,0.5139729,0.53884095,0.5170037,0.4843147,0.48953483,0.49404073,0.4697786,0.44963363,0.52230144,0.49902552,0.51674074,0.5651516,0.60488594,0.4991257,0.48804554,0.4624092,0.48778224,0.48654297,0.5317267,0.55739087,0.561526,0.5657014,0.48005468,0.51139355,0.4622983,0.485554,0.5604969,0.47501558,0.5414729,0.5571845,0.60155255,0.5554398,0.5981706,0.48607418,0.5159139,0.4996256,0.44568422,0.4290098,0.47175056,0.4921645,0.49376202,0.51374084,0.5459167,0.47496867,0.4893926,0.48846558,0.4483236,0.507454,0.44937447,0.56728595,0.62100506,0.5733657,0.5390432,0.52463144,0.5212639,0.5161277,0.5616814,0.5083124,0.5286206,0.525763,0.52528393,0.69157475,0.579115,0.51449347,0.5351143,0.52203816,0.5430659,0.4779808,0.52525884,0.5121682,0.5849255,0.43403426,0.5286479,0.47201887,0.4766378,0.46536666,0.58207643,0.5851142,0.47540733,0.59272766,0.62319857,0.5623898,0.5030624,0.5562244,0.55058575,0.53867126,0.5371062,0.5160222,0.55510646,0.5600775,0.4978292,0.45796844,0.57475626,0.54999524,0.6284099,0.6379915,0.550037,0.51202977,0.5323802,0.50925773,0.5427036,0.52223533,0.5327334,0.5151206,0.47291788,0.49366626,0.631193,0.56892514,0.537236,0.5638081,0.69204724,0.6150941,0.67933553,0.682404,0.5995659,0.70435977,0.5794128,0.52246594,0.51460034,0.5733683,0.5513941,0.5507282,0.5195785,0.5328386,0.5369171,0.47960845,0.46432865,0.5557266,0.5039358,0.5067644,0.47546306,0.5673471,0.5746809,0.5591146,0.58869463,0.5600679,0.5495448,0.54484916,0.52404916,0.51435894,0.52947897,0.6412052,0.6388324,0.58550954,0.64730567,0.5780139,0.47356355,0.6326823,0.64556617,0.6829909,0.59702194,0.71574366,0.6005407,0.6332611,0.5541472,0.62025315,0.5424618,0.5612079,0.46803614,0.5285852,0.45914215,0.5068389,0.43819144,0.55973786,0.5432369,0.5993708,0.62523293,0.54595923,0.5887927,0.6758658,0.65527475,0.5860659,0.45741257,0.5360799,0.60559374,0.4848818,0.5101821,0.5479199,0.62182647,0.5194998,0.51826125,0.536905,0.53229815,0.4635428,0.49603894,0.49554643,0.48753017,0.45146188,0.52959716,0.5138598,0.5066618,0.5904704,0.60439,0.5091866,0.472087,0.46223125,0.51329976,0.5023874,0.5632945,0.57010806,0.57126075,0.5580389,0.49969178,0.5689841,0.45692024,0.49242386,0.5393007,0.50792515,0.5633633,0.6015323,0.65623105,0.56583965,0.59598297,0.5201465,0.5300944,0.51886845,0.46435067,0.47734863,0.49512467,0.5230669,0.512799,0.4994055,0.522191,0.46063882,0.5290678,0.5535004,0.45589685,0.5133073,0.46803686,0.62593514,0.6615118,0.6160553,0.5180632,0.5267111,0.5151201,0.50476974,0.5486887,0.5019872,0.5160458,0.51267433,0.5040512,0.6915252,0.5543361,0.50247884,0.53440285,0.55614775,0.532422,0.48369893,0.5259738,0.5127806,0.63433987,0.5535456,0.52801514,0.4597472,0.44849312,0.4697916,0.6379747,0.5730051,0.46390614,0.64220643,0.59237957,0.5356704,0.5335545,0.5115582,0.51942277,0.5385,0.5526998,0.55266166,0.54272634,0.5292744,0.54413545,0.5517848,0.55529594,0.5358991,0.5230988,0.5146223,0.5156854,0.54319346,0.54985344,0.5405141
739,0.56575304,0.5632221,0.59946007,0.56376475,0.54951614,0.5403995,0.53533065,0.58737016,0.60186726,0.516004,0.47160506,0.5816001,0.5677721,0.6205527,0.6288986,0.5624496,0.51419413,0.51969343,0.5222336,0.55051416,0.5454253,0.51889306,0.5518067,0.5416098,0.56602633,0.6439784,0.6034929,0.5281764,0.57038367,0.6211119,0.59026086,0.6710695,0.64078885,0.6151468,0.6729361,0.6191085,0.56769013,0.55124485,0.6146761,0.5983939,0.60002047,0.5930137,0.55914617,0.5678358,0.5282215,0.4887671,0.5791495,0.49612075,0.49967667,0.4768392,0.6016875,0.6054883,0.58699816,0.6140055,0.5900575,0.56043583,0.5926186,0.52145976,0.5784882,0.5805225,0.5929087,0.651044,0.5651565,0.6156276,0.5776196,0.5101498,0.58082265,0.59000605,0.65956527,0.59397477,0.62039787,0.52747744,0.610059,0.47850576,0.5729453,0.6096457,0.521428,0.45912275,0.5648185,0.42658985,0.5248341,0.4285434,0.45503527,0.52068824,0.52147037,0.6332056,0.6421049,0.57692915,0.6020256,0.64161325,0.56443536,0.46860516,0.525202,0.6024975,0.45587298,0.52568746,0.5185496,0.591174,0.55160636,0.5444035,0.5828273,0.561612,0.5331479,0.5425321,0.5518616,0.50138605,0.49504852,0.54234254,0.52533937,0.5310196,0.5733334,0.6077046,0.5266622,0.5224303,0.48596162,0.51485527,0.5006816,0.5318908,0.54917824,0.5649695,0.5746662,0.4918267,0.5417446,0.5187194,0.52255225,0.5560274,0.48822194,0.5672923,0.59127825,0.61519545,0.5694891,0.6166477,0.4952248,0.52114356,0.5062448,0.4572818,0.45760426,0.48106498,0.5238988,0.52187985,0.5389212,0.5600444,0.4953292,0.49089718,0.49397975,0.4585703,0.54508346,0.4798438,0.57065433,0.632771,0.5643689,0.55845547,0.5382941,0.52373016,0.51119757,0.5570985,0.5166158,0.522469,0.5311926,0.52998364,0.6881096,0.5742508,0.5216103,0.53178394,0.52787155,0.5352756,0.51391524,0.5565496,0.5285744,0.578026,0.45368636,0.5504082,0.52191186,0.5325245,0.51381004,0.5945201,0.58487076,0.50110626,0.60276824,0.6334316,0.56844616,0.51752305,0.5730116,0.5573802,0.5463056,0.54074955,0.51691324,0.5824951,0.5940458,0.5139681,0.46512198,0.58624786,0.5529505,0.6139259,0.61762387,0.5574788,0.50828594,0.5391556,0.51439625,0.529523,0.53144014,0.53636634,0.53421086,0.5192597,0.5196045,0.6428597,0.5757757,0.5522018,0.55282396,0.67462397,0.5973663,0.6619403,0.66651815,0.58052933,0.68003005,0.62354857,0.56634676,0.53509325,0.629052,0.5885094,0.58837354,0.5687163,0.55191827,0.5505399,0.5159253,0.48767337,0.58951974,0.5116349,0.5300785,0.4846096,0.5976552,0.60147804,0.5881671,0.60888135,0.59702224,0.5655813,0.57503223,0.52681273,0.5370539,0.5504128,0.62947613,0.6258145,0.57499397,0.62964875,0.56562656,0.48704553,0.6192053,0.62826264,0.6790572,0.5967365,0.7104156,0.58571196,0.6240049,0.5497633,0.6286704,0.5414051,0.5575613,0.47441292,0.5540987,0.46035048,0.5067293,0.44124594,0.5435317,0.54118717,0.58029056,0.62406033,0.54668456,0.584452,0.65898174,0.6491697,0.5782915,0.4589686,0.5392098,0.6006411,0.47951868,0.5264468,0.5283191,0.60734695,0.5471928,0.5469398,0.5790137,0.5805507,0.5247044,0.5496107,0.5472311,0.5101443,0.49165812,0.5421018,0.52142715,0.5180114,0.5856668,0.6020149,0.53655416,0.5026589,0.48667136,0.5329848,0.51348054,0.5558005,0.57677764,0.5772756,0.56930465,0.5036014,0.57852507,0.5171591,0.52586865,0.5341278,0.5177808,0.5762424,0.6189887,0.65991133,0.5654578,0.5864712,0.5146922,0.5295466,0.5198713,0.47252277,0.48907018,0.50407,0.5430388,0.52796763,0.5129787,0.5338897,0.47078696,0.5113305,0.5345294,0.46093622,0.5463548,0.49113986,0.6103763,0.64630646,0.59383845,0.5360071,0.5331559,0.5185321,0.5050126,0.5575005,0.5211068,0.5139569,0.5186928,0.5056834,0.6673794,0.5453566,0.511787,0.5326034,0.55510426,0.5259349,0.51614577,0.56272167,0.515063,0.6148772,0.5435969,0.52981853,0.516844,0.5088827,0.51646936,0.6285177,0.56161773,0.4881558,0.6334659,0.58982146,0.5362159,0.5348065,0.5161956,0.52720004,0.5437815,0.553214,0.55150795,0.54903483,0.5303462,0.546382,0.5569192,0.5608642,0.5368693,0.5257717,0.53025734,0.52920586,0.5518368,0.5542693,0.54457223
740,0.56550056,0.5754047,0.61044407,0.56808245,0.55461454,0.54163426,0.53280485,0.60900193,0.62487555,0.53168327,0.49329582,0.5965985,0.57528806,0.6083782,0.6122899,0.565358,0.5194321,0.5295409,0.52464586,0.5414696,0.5453943,0.5287249,0.56467384,0.58724403,0.594812,0.6544719,0.6102955,0.56062514,0.5571354,0.613359,0.5791915,0.666745,0.6232881,0.6079638,0.6667205,0.6457599,0.60421926,0.570268,0.6509058,0.6269629,0.63164574,0.63377327,0.5753665,0.5789091,0.5517955,0.49894473,0.60414904,0.49976748,0.5061056,0.4870009,0.62444496,0.6279579,0.6110892,0.6303598,0.6184081,0.5746561,0.619181,0.5329219,0.5952647,0.59745574,0.5932045,0.65418357,0.5738553,0.6171628,0.5811952,0.5385312,0.593975,0.59024763,0.6703588,0.6175279,0.632914,0.54605675,0.61441886,0.49387446,0.5896691,0.62416124,0.5408325,0.47607446,0.58683354,0.44471523,0.54805195,0.45528263,0.46839732,0.53295165,0.52149063,0.6337757,0.6538751,0.5902648,0.59685165,0.6395944,0.5653585,0.48416835,0.52950925,0.60682577,0.47097677,0.5431569,0.5212837,0.589758,0.5857709,0.5777255,0.6240981,0.60453445,0.5848597,0.5966134,0.6078552,0.5357587,0.54705906,0.55880654,0.55293715,0.5463413,0.5810131,0.61604404,0.556504,0.5603074,0.51514506,0.5422722,0.514731,0.53586805,0.543747,0.5724863,0.58339095,0.5070043,0.5667985,0.5797347,0.5593127,0.55436915,0.50322706,0.58860743,0.6124319,0.6223362,0.5800742,0.6346049,0.5077653,0.5274591,0.5147189,0.47350436,0.48296553,0.49062636,0.555181,0.54675,0.56112695,0.57126963,0.50908476,0.4922497,0.49960798,0.46810153,0.58254045,0.50791764,0.57264733,0.63790834,0.5608447,0.5753726,0.5542222,0.5300418,0.5080446,0.5565542,0.52695537,0.5212168,0.53967994,0.53684896,0.6800006,0.5705423,0.53233254,0.5332687,0.5409722,0.52992654,0.5506705,0.58676076,0.5439974,0.57174945,0.47600853,0.5652996,0.5764205,0.5902859,0.56643736,0.6065611,0.5849338,0.53164065,0.6115077,0.6436562,0.5693029,0.5368404,0.5885938,0.56137913,0.553758,0.5468858,0.5231477,0.60455513,0.6218007,0.5299891,0.4744762,0.5853602,0.55584204,0.5997688,0.5947927,0.56504244,0.51005524,0.5468971,0.522581,0.52228695,0.54904974,0.5458271,0.55655867,0.5692677,0.54251,0.63609827,0.5736755,0.56309533,0.5336934,0.6556502,0.58142155,0.64713615,0.65386665,0.56861687,0.658463,0.6558869,0.603103,0.55231977,0.6720287,0.62052757,0.62098485,0.60885036,0.5667832,0.5583658,0.53903157,0.4992442,0.6165946,0.5199898,0.5500246,0.49147543,0.62219393,0.6244795,0.61121154,0.62535244,0.62722844,0.58262336,0.60004896,0.5307714,0.55820847,0.5685333,0.62429917,0.615279,0.5606649,0.61478055,0.56538796,0.509066,0.6052115,0.6143204,0.67116743,0.59637725,0.69793713,0.57605827,0.60606843,0.5397946,0.62035555,0.5396363,0.5546754,0.48163944,0.5683885,0.4592061,0.5034937,0.44648403,0.527415,0.5365035,0.5596325,0.6159921,0.54653186,0.5840295,0.6401803,0.63667864,0.5678769,0.4656021,0.54300326,0.59482086,0.4680442,0.5390903,0.50845826,0.59133774,0.57729197,0.5756224,0.6193552,0.62475866,0.587593,0.60441005,0.59805894,0.53561676,0.53977334,0.5512238,0.5328383,0.5305642,0.5810208,0.603904,0.5658669,0.53865623,0.5167229,0.55526906,0.5250969,0.54922485,0.5833622,0.58619225,0.5790421,0.5098357,0.58279824,0.5811402,0.5598454,0.53268194,0.52864045,0.5845341,0.6228082,0.65511084,0.5650126,0.58016133,0.5119229,0.52870655,0.52229387,0.4803893,0.49672487,0.5170042,0.5564792,0.5389741,0.52469397,0.5430876,0.474791,0.49396083,0.5140141,0.4649554,0.5807709,0.51261955,0.590448,0.6302934,0.5741555,0.5546954,0.5416772,0.52744573,0.5060587,0.569244,0.54238653,0.5158182,0.5286466,0.5113155,0.64025646,0.53289145,0.52540946,0.53730345,0.5602439,0.5187615,0.5498497,0.5967567,0.51557565,0.59342724,0.5335138,0.53006685,0.5784093,0.57483864,0.5674611,0.61894,0.5509083,0.5159425,0.62206954,0.5933213,0.5393494,0.53754044,0.5205569,0.53395116,0.5486262,0.5529552,0.54751694,0.55215526,0.53230506,0.54754436,0.56494725,0.5689783,0.53665334,0.5285902,0.54640466,0.54255843,0.5585238,0.5561428,0.5475719
741,0.56188935,0.59155244,0.6199882,0.5697909,0.5597519,0.5472003,0.5364449,0.62314767,0.63860655,0.54337716,0.5142525,0.5970718,0.58235157,0.60267776,0.6003753,0.5690917,0.5233259,0.5434362,0.53059787,0.53886867,0.5522815,0.54383415,0.5834941,0.62349683,0.6086572,0.6489317,0.6094453,0.5875572,0.5435654,0.615482,0.58134216,0.6631556,0.62174076,0.6134525,0.66622084,0.65992635,0.6267007,0.5814579,0.6701108,0.6466455,0.65378374,0.6572972,0.58740824,0.5810671,0.5598001,0.49616712,0.62097627,0.50517654,0.5072002,0.49078563,0.6397007,0.6437648,0.62662005,0.64306,0.6372932,0.5896453,0.6345591,0.5452142,0.60784876,0.6079706,0.5999411,0.6633132,0.5828733,0.62646973,0.59804446,0.5742273,0.6068903,0.60188144,0.6791158,0.6353163,0.6467592,0.57875293,0.6154946,0.508819,0.59367526,0.6297289,0.5632429,0.49288934,0.596391,0.4623202,0.5633332,0.48150873,0.48773983,0.5404988,0.52246755,0.62912166,0.65643996,0.60512686,0.5962303,0.63340205,0.56669044,0.5058683,0.5343207,0.60926366,0.48179695,0.5539575,0.52899426,0.59420645,0.6169533,0.60883933,0.65638393,0.6387793,0.6281922,0.64047253,0.6510938,0.5668681,0.595599,0.56771356,0.5760381,0.5611308,0.58535945,0.6272894,0.5828368,0.59367585,0.54523486,0.5657892,0.5277393,0.5438764,0.5428069,0.58487195,0.59260064,0.5246374,0.584161,0.6316982,0.5911824,0.55730367,0.518067,0.6049861,0.6210833,0.6254162,0.58737385,0.653075,0.52386826,0.5337286,0.5242808,0.4920845,0.5025495,0.49919385,0.58168596,0.5642423,0.5785539,0.577935,0.51335984,0.49696434,0.5100282,0.47542626,0.6147673,0.5270864,0.57621473,0.6408324,0.56975234,0.5873702,0.56994534,0.5394286,0.50984526,0.5630045,0.53781146,0.5241661,0.5504833,0.5439247,0.6729018,0.5708503,0.54536736,0.54027724,0.56091654,0.52808285,0.5807924,0.6123983,0.554923,0.57259136,0.5006172,0.5710641,0.62253064,0.6370133,0.61346334,0.6208554,0.58752584,0.5602131,0.61742395,0.6508353,0.5662228,0.55772203,0.6020309,0.56345576,0.560608,0.5547174,0.5334823,0.619008,0.639585,0.54160094,0.48356986,0.5752807,0.55935484,0.59119046,0.5764046,0.5720731,0.5155375,0.5556814,0.5311687,0.52256346,0.571704,0.55850196,0.5790396,0.6103284,0.55638075,0.61420614,0.5642651,0.5684555,0.5120999,0.64418036,0.57481533,0.640089,0.65278435,0.5700157,0.64767784,0.672408,0.6253015,0.5618745,0.69615144,0.64278203,0.6431249,0.6329908,0.57603467,0.5586922,0.5430355,0.49491596,0.6337865,0.52662694,0.56089145,0.49412245,0.63869303,0.6413607,0.6254759,0.63800853,0.64640677,0.60028553,0.61590856,0.5354974,0.57274157,0.57967323,0.6263053,0.60926616,0.5457538,0.60536593,0.580967,0.5384322,0.5945183,0.610055,0.66250265,0.59834796,0.68289745,0.5763979,0.58352524,0.5274572,0.5988993,0.53832054,0.5554422,0.48922026,0.571288,0.45480168,0.50013536,0.45331174,0.5169599,0.52841026,0.542977,0.6009673,0.5463116,0.59161514,0.62188417,0.6209245,0.5555719,0.47706234,0.5476759,0.59028894,0.4539752,0.54525614,0.49428985,0.57853436,0.6056686,0.6011904,0.65146446,0.65830135,0.6371729,0.64896214,0.6381793,0.5593114,0.585972,0.55436003,0.5449532,0.5427705,0.57537144,0.6087548,0.59150136,0.5728853,0.54749143,0.577393,0.53600407,0.5460603,0.5903036,0.59843177,0.58749604,0.51823825,0.5826313,0.6345314,0.59054685,0.5356537,0.538274,0.58932596,0.6152985,0.64457387,0.56585747,0.5794134,0.5145474,0.5281523,0.52662295,0.48687524,0.499615,0.5306453,0.5628953,0.54461807,0.5333489,0.54828113,0.4704833,0.48218462,0.5002305,0.46603057,0.61203355,0.52729714,0.5707376,0.62045264,0.564733,0.5706159,0.55123174,0.53932977,0.5089655,0.583222,0.56131023,0.5202531,0.5406945,0.5191044,0.6197898,0.5213555,0.5405108,0.5482416,0.57221985,0.51232034,0.5772558,0.6230298,0.5138504,0.5759927,0.52713996,0.52896833,0.629588,0.62986165,0.6129047,0.61359847,0.54373455,0.54125845,0.60930115,0.60088956,0.54454106,0.54167813,0.5248674,0.5397208,0.5534398,0.5530594,0.54201305,0.5524633,0.5350084,0.5481055,0.5765525,0.5799196,0.53551334,0.5313231,0.5608243,0.55425316,0.563646,0.55639,0.5494742
742,0.55721766,0.60851365,0.6286212,0.57036,0.5652931,0.55667156,0.54514843,0.63010406,0.6432382,0.5498479,0.5306292,0.5883387,0.5881219,0.60558724,0.5981082,0.57378256,0.52469695,0.5602199,0.5389065,0.5421132,0.5633749,0.5609259,0.6053306,0.6444106,0.6087884,0.6323336,0.60332865,0.60713726,0.53488135,0.6310378,0.60029763,0.66031367,0.6397421,0.63344383,0.6730837,0.6622987,0.6319418,0.5830082,0.67201406,0.6558801,0.66382205,0.66183305,0.5939185,0.57505786,0.55103713,0.48387796,0.62881845,0.5104911,0.50216395,0.48886958,0.64800733,0.6524775,0.63367736,0.6520381,0.64567876,0.603733,0.638666,0.5586862,0.6128848,0.6096855,0.6122122,0.67679256,0.59375405,0.6416039,0.6263982,0.61272436,0.6209497,0.62493396,0.68607426,0.64782137,0.6620658,0.6217468,0.61602247,0.5257721,0.58988404,0.62825406,0.58800304,0.5082684,0.5979684,0.48038837,0.5742131,0.5072875,0.5135996,0.54094166,0.5256321,0.6192553,0.65360254,0.6219741,0.60167605,0.62593555,0.5669416,0.530396,0.5392491,0.609835,0.49062523,0.5578549,0.5440223,0.6049814,0.6396454,0.6333941,0.6763915,0.66081524,0.65588427,0.66827583,0.67579037,0.58968645,0.6332175,0.5666742,0.5896677,0.573957,0.5844542,0.6371921,0.5995627,0.61545223,0.57063216,0.5819508,0.53876245,0.5547478,0.54729843,0.60078454,0.60289645,0.5437884,0.594786,0.6663434,0.6159734,0.5660846,0.5324748,0.61814773,0.6213139,0.6274102,0.5923325,0.67172986,0.54289293,0.53870445,0.53430414,0.5107016,0.5167037,0.506508,0.6009988,0.5724515,0.59130555,0.5805189,0.51016116,0.50835276,0.52972156,0.48152065,0.63684607,0.53381926,0.5832403,0.6459928,0.5943419,0.59370035,0.5827835,0.5500306,0.52000475,0.5750203,0.54678017,0.5290177,0.56135815,0.5494548,0.6708809,0.57693225,0.55851847,0.5520575,0.58534676,0.5291746,0.5993313,0.6314938,0.5595981,0.58455944,0.52696615,0.56852686,0.65224946,0.66593504,0.64867693,0.63958246,0.59312725,0.5811078,0.61900914,0.6517724,0.5610795,0.5750835,0.6129979,0.56432545,0.56552213,0.5619206,0.54503614,0.62599796,0.64681315,0.54593265,0.4912174,0.56195176,0.56291735,0.5910025,0.5678236,0.57761675,0.52207136,0.56459355,0.53696364,0.52823955,0.592681,0.5694937,0.59708863,0.63479364,0.5577075,0.5845632,0.55141824,0.5683741,0.49528134,0.6459329,0.58327514,0.6417349,0.66751534,0.5863949,0.6511902,0.6739519,0.63025826,0.56147736,0.7008812,0.65373677,0.6522298,0.6388506,0.5787972,0.55079854,0.5284103,0.4769371,0.6401255,0.5300165,0.5604699,0.49263707,0.6472618,0.65100896,0.63098335,0.6467516,0.6532554,0.61701894,0.6207348,0.54039186,0.57680494,0.58043224,0.63310766,0.6069555,0.5334041,0.60156333,0.6114661,0.5729079,0.58860034,0.61797905,0.6557799,0.6038187,0.6692666,0.5871459,0.56165624,0.51693135,0.5722257,0.5386662,0.5608948,0.4968509,0.56683934,0.4490952,0.501037,0.4614753,0.5157219,0.5164326,0.53296626,0.5789575,0.5463668,0.60846776,0.6039241,0.6045934,0.5410303,0.49208584,0.55286616,0.5882702,0.44294998,0.5441612,0.49026743,0.57155937,0.6279409,0.6213048,0.6717304,0.67818564,0.66515344,0.67720866,0.6617707,0.5769724,0.6223111,0.5499602,0.55368674,0.5533874,0.5672428,0.6137082,0.6078246,0.597838,0.57333297,0.5961463,0.54503375,0.54775727,0.59781057,0.6128623,0.59531844,0.5285414,0.58073443,0.6690796,0.6158979,0.54277706,0.5458298,0.59347945,0.60199535,0.631775,0.5689843,0.5841023,0.5235098,0.52820945,0.5329771,0.4920388,0.49903104,0.5415077,0.5643901,0.5450872,0.5391434,0.5502722,0.46007732,0.4795359,0.4998433,0.46432275,0.6353256,0.53183633,0.5546441,0.62107164,0.5695969,0.58166367,0.5601681,0.5507043,0.5158694,0.5957197,0.5732767,0.52446723,0.5518315,0.5266828,0.6129244,0.51614386,0.5537924,0.5634683,0.5900431,0.50736576,0.5932448,0.63927066,0.51077896,0.5656263,0.52645636,0.5272525,0.6616828,0.66425997,0.6462175,0.6158267,0.5408661,0.559413,0.5955125,0.6083712,0.5503304,0.54635453,0.5296313,0.54517657,0.5583237,0.55402225,0.53607535,0.5507474,0.53800035,0.54853964,0.59087104,0.5927473,0.53381723,0.53366596,0.5715439,0.5630009,0.567829,0.55595005,0.55027914
743,0.5537667,0.62197185,0.6371037,0.5709754,0.5708874,0.56805116,0.5562277,0.63206124,0.6410776,0.5516901,0.5411101,0.5780869,0.5912749,0.61630905,0.60734063,0.57879806,0.5235994,0.5780168,0.54831314,0.5481321,0.5736678,0.5759898,0.62513536,0.6499257,0.5998505,0.61185026,0.5958828,0.6200957,0.53553164,0.6588002,0.63541305,0.65700984,0.67433584,0.6646258,0.6862056,0.6564968,0.62163854,0.5759207,0.6605097,0.65564305,0.66239876,0.64993674,0.59466237,0.5634975,0.52921474,0.4696745,0.6290136,0.51464564,0.493127,0.48434907,0.65119654,0.6551603,0.634589,0.6575622,0.64521736,0.6150136,0.6334012,0.5731729,0.60887545,0.6018656,0.62742233,0.6911171,0.6075156,0.6592014,0.6604528,0.64903194,0.63660437,0.65566885,0.6910287,0.65586466,0.6775102,0.66768867,0.61887515,0.5473309,0.58514607,0.6228653,0.61353654,0.52180153,0.5972685,0.50106806,0.5853033,0.53313607,0.54551744,0.5338274,0.5317949,0.6043346,0.6491545,0.639957,0.6123648,0.61913234,0.5639619,0.5542087,0.54364437,0.6089304,0.50113225,0.55712783,0.56734246,0.6204485,0.6511142,0.6493559,0.68417597,0.67087793,0.66615057,0.6800672,0.6818811,0.60185915,0.65739894,0.5560696,0.5915266,0.58396584,0.578404,0.6417803,0.6036888,0.6226528,0.58772546,0.58973265,0.5476739,0.56680954,0.55745304,0.6177468,0.615213,0.56369615,0.602089,0.68223804,0.6339028,0.5815556,0.5480577,0.6308528,0.6188015,0.6312353,0.5963204,0.6895498,0.56369853,0.5417266,0.5442934,0.52749056,0.52763575,0.5135128,0.6126901,0.57206035,0.6012665,0.58173263,0.5054871,0.52844685,0.56094986,0.4895041,0.64636564,0.52851903,0.59445375,0.6566497,0.6332201,0.59524167,0.5914572,0.5601328,0.5413277,0.58816993,0.5517542,0.5332344,0.5699218,0.55350804,0.67586553,0.5894188,0.56994367,0.56679624,0.6108755,0.5315546,0.60501426,0.6439312,0.55867136,0.607893,0.55444586,0.5610501,0.6640779,0.6768195,0.6706592,0.6636218,0.60097796,0.59156954,0.61551815,0.64426196,0.5558581,0.58438486,0.6218519,0.56451714,0.5671548,0.56613505,0.5550733,0.62759864,0.645461,0.54288256,0.49802023,0.55180836,0.5653986,0.5992324,0.5715726,0.58076984,0.5274807,0.5724171,0.53787583,0.5353245,0.60539365,0.5743584,0.606915,0.6414948,0.5463825,0.55605453,0.5401978,0.56422955,0.49013937,0.661822,0.6093925,0.6493776,0.69679934,0.61488324,0.6675536,0.6648323,0.6200907,0.5519816,0.6897429,0.65480363,0.6493185,0.62839204,0.5755088,0.5357596,0.50151634,0.4530046,0.637056,0.5300342,0.55036825,0.48930708,0.6496837,0.65399265,0.6300854,0.6518846,0.6495845,0.6314197,0.61516726,0.54507375,0.56941146,0.57003117,0.6408367,0.60586697,0.5260509,0.60176194,0.65205824,0.60961163,0.587153,0.63685054,0.65268016,0.6126614,0.659233,0.60511684,0.5458439,0.5121115,0.5496746,0.54213226,0.5704601,0.5048504,0.5607326,0.4457617,0.51019615,0.47088906,0.5249405,0.5014427,0.52937853,0.55091965,0.54694754,0.6327278,0.58431673,0.58954066,0.52372587,0.508828,0.55780506,0.5888022,0.44083783,0.5379605,0.49879643,0.57098126,0.6418027,0.6350453,0.68002486,0.68503886,0.6707437,0.68906814,0.66820365,0.58641106,0.64540267,0.53854835,0.5560576,0.5618293,0.556131,0.6158051,0.61212456,0.6093945,0.59067494,0.60986185,0.552216,0.55449617,0.606144,0.6274568,0.603984,0.5405846,0.58088654,0.6836659,0.6356604,0.55395097,0.552721,0.60036623,0.5896379,0.6203165,0.5748122,0.59233534,0.53822285,0.529096,0.54093325,0.4969504,0.49776992,0.547567,0.5640735,0.5417192,0.5438834,0.5521319,0.4495599,0.48752037,0.51595825,0.46237862,0.64787,0.5260525,0.54415447,0.6331195,0.58871144,0.5875711,0.56748164,0.55906075,0.5297746,0.60233164,0.57574767,0.52557623,0.5596415,0.53294617,0.62203526,0.5221786,0.5630607,0.5803209,0.611657,0.50347686,0.5966618,0.6462221,0.5083607,0.5623647,0.5315482,0.52584267,0.67344135,0.67678535,0.66558444,0.62699467,0.54176325,0.5682301,0.58043253,0.61128736,0.55473024,0.5502604,0.5351266,0.55094624,0.5632878,0.55601525,0.5307083,0.54819584,0.54076415,0.5492188,0.6061253,0.60594,0.53202,0.5354505,0.57762337,0.56829286,0.57166964,0.5554564,0.55028915
744,0.553442,0.6289099,0.6461818,0.5727244,0.5764833,0.5793825,0.5672173,0.632386,0.6364036,0.55143416,0.5473527,0.57364994,0.5911486,0.631907,0.6262191,0.58286434,0.52125716,0.5955414,0.5578045,0.5530105,0.57868725,0.586844,0.6387714,0.6449615,0.58861256,0.59440166,0.5917274,0.6293248,0.5481994,0.6929645,0.68177474,0.6515959,0.7169743,0.6996458,0.7018275,0.64769506,0.6019666,0.5644707,0.64221936,0.64920455,0.6532896,0.62730837,0.5914836,0.5509953,0.5025557,0.46324554,0.6245226,0.5176104,0.48330218,0.48249355,0.65212953,0.6541727,0.6335533,0.6607466,0.6395489,0.62337226,0.622625,0.5888655,0.5976818,0.5870735,0.6421692,0.70255303,0.62414694,0.6760479,0.69307005,0.6790763,0.65268236,0.68818074,0.69321287,0.65966636,0.69069123,0.7085349,0.6261916,0.5752281,0.58512187,0.6163094,0.63742644,0.5349871,0.5985177,0.526895,0.6002488,0.55970114,0.58209467,0.52165264,0.5415422,0.5854592,0.64517266,0.65679806,0.6256728,0.6132171,0.5561349,0.5747074,0.54700303,0.60674334,0.51751083,0.55614895,0.59787846,0.6377447,0.65277636,0.65814745,0.68280095,0.6728352,0.6623494,0.6803138,0.6732893,0.60538274,0.670278,0.53962547,0.58351344,0.5913724,0.5694726,0.6387624,0.59672207,0.617488,0.5974874,0.591706,0.5562303,0.5785369,0.5726906,0.6336117,0.6307846,0.5841527,0.6102523,0.6832505,0.64706624,0.6038351,0.56827456,0.64560163,0.6186747,0.6382327,0.6004484,0.7045822,0.58466464,0.5429111,0.5540359,0.54213417,0.5387761,0.5227577,0.61831,0.5664472,0.61166817,0.5858777,0.5074708,0.55743146,0.6021695,0.5036772,0.644901,0.5161096,0.6091352,0.67299944,0.6799752,0.59375274,0.5968416,0.5694664,0.57534283,0.59756523,0.5520871,0.5345695,0.57500106,0.5585227,0.68662846,0.60787934,0.57970446,0.58231556,0.63432765,0.53341794,0.6007711,0.65234953,0.5549636,0.6388305,0.5823359,0.55316037,0.6619572,0.6744458,0.6817354,0.6916509,0.6091685,0.59286165,0.6075654,0.6283413,0.5526208,0.58356035,0.62964016,0.56487095,0.56536573,0.56627697,0.5623866,0.6272818,0.63979995,0.5353399,0.50629956,0.5499865,0.56627214,0.6137206,0.5869518,0.5810511,0.53020835,0.5786921,0.5337067,0.53954625,0.6060369,0.5712134,0.60743797,0.635093,0.5262603,0.5360724,0.5362548,0.5590619,0.5017824,0.6877909,0.65163743,0.6582452,0.7340273,0.64923567,0.691373,0.65110207,0.60077566,0.537809,0.66892046,0.6496051,0.6385507,0.6068982,0.5684367,0.51749766,0.47307053,0.43389553,0.62789196,0.5276956,0.5345589,0.4880217,0.6490966,0.6525462,0.6272253,0.6544474,0.63960487,0.6433365,0.6028757,0.5503028,0.55378735,0.5517974,0.6458208,0.60368407,0.52516514,0.6040133,0.6956216,0.64584786,0.5890009,0.6625338,0.65328836,0.623628,0.6527588,0.6251347,0.54060227,0.5158926,0.53863484,0.55016017,0.58234394,0.51477385,0.55862516,0.44916704,0.5302906,0.48260754,0.54367816,0.48653236,0.53007644,0.51994866,0.5489943,0.660191,0.56101054,0.5762198,0.5040542,0.5259459,0.5617246,0.5908754,0.45243588,0.53140956,0.5202702,0.5759443,0.6481399,0.6438088,0.6792688,0.6829291,0.65895385,0.68888646,0.66074365,0.5892375,0.6565668,0.52339625,0.5522684,0.56857574,0.5432966,0.6134506,0.6057882,0.6086022,0.6001122,0.6193042,0.5590706,0.56526005,0.61592686,0.6405832,0.61576235,0.55455995,0.58662355,0.6826483,0.6511757,0.5696811,0.5625021,0.6127168,0.5840861,0.6132784,0.58305264,0.6013377,0.55725616,0.5309974,0.54993325,0.5040846,0.49967393,0.5488956,0.56530493,0.5370927,0.55088365,0.55854535,0.44672912,0.50616866,0.5474782,0.46465427,0.65020955,0.51349586,0.5400658,0.6543084,0.6183325,0.5896572,0.5736967,0.5637861,0.55376965,0.6002465,0.5690563,0.5214225,0.56342334,0.5390207,0.64483243,0.5428208,0.56841564,0.59617645,0.6341845,0.49966204,0.590727,0.64778197,0.5094963,0.5647841,0.5411168,0.52563864,0.66948557,0.6726182,0.6734635,0.6458353,0.5453615,0.56857866,0.56425166,0.6070755,0.556266,0.5525624,0.54121834,0.5572441,0.5684813,0.5593067,0.5270252,0.5461079,0.5430329,0.55049896,0.62065387,0.61835337,0.5304529,0.5368557,0.5797967,0.57090396,0.5757814,0.5554846,0.5503
745,0.5577412,0.6285344,0.65607494,0.5768285,0.58279866,0.58972293,0.5767623,0.63468415,0.63479495,0.55271804,0.55294997,0.57962924,0.5884271,0.6487972,0.6503254,0.58472633,0.5199622,0.61206615,0.5667372,0.55357814,0.57621306,0.5939052,0.6443676,0.6374357,0.58196074,0.5846305,0.5947715,0.6384242,0.57317007,0.72505915,0.7308637,0.64285624,0.7566566,0.7299924,0.7145736,0.6412973,0.5820008,0.5553098,0.62482977,0.64135444,0.6422514,0.6016046,0.5878251,0.54315156,0.48165128,0.47379848,0.6185848,0.52025664,0.47576043,0.48970526,0.6542171,0.6523247,0.6357192,0.6632026,0.6330764,0.63041496,0.6116808,0.606533,0.58432895,0.5709567,0.6530898,0.7079752,0.6421268,0.6896522,0.71815777,0.69988245,0.6661176,0.71593523,0.69107074,0.658264,0.69832504,0.7377687,0.6382702,0.6091451,0.59204155,0.60976166,0.65618545,0.5506598,0.60295135,0.55967635,0.62039036,0.5873173,0.6205304,0.5092669,0.55489033,0.5650497,0.64134175,0.66909015,0.6379924,0.6065298,0.54323614,0.590477,0.5492033,0.6028182,0.54331195,0.55997413,0.6321749,0.6535632,0.64896166,0.6636659,0.67720187,0.67291963,0.65141803,0.67582804,0.6560215,0.6059581,0.6762237,0.5233182,0.5711923,0.5971572,0.5611998,0.6279929,0.5831992,0.60585064,0.6046942,0.592879,0.5674663,0.5885316,0.59138024,0.6469875,0.64999664,0.60516244,0.62206686,0.67616326,0.6579441,0.63125837,0.5966426,0.6631079,0.6237259,0.64706415,0.6048147,0.71346265,0.60349613,0.54274267,0.5634582,0.5558736,0.553782,0.5377552,0.62064135,0.56074965,0.6256127,0.5972989,0.52350426,0.593485,0.6480282,0.52808654,0.63692814,0.50458455,0.6249383,0.69139355,0.7247965,0.5911068,0.6010041,0.57914543,0.6206369,0.59960115,0.5489444,0.5316579,0.5768653,0.56783146,0.69898593,0.6307299,0.5896699,0.59650797,0.6531515,0.53366786,0.5926505,0.66150784,0.5523143,0.6708713,0.609102,0.5489128,0.6532379,0.66671574,0.6857137,0.7195451,0.61467683,0.5893673,0.5972409,0.6070297,0.5536175,0.57341444,0.6375555,0.5668314,0.56171227,0.56293505,0.56738645,0.62897974,0.6356789,0.5279559,0.51899993,0.5591072,0.5662709,0.631472,0.6110006,0.57873946,0.5294663,0.58373326,0.5262159,0.53763986,0.59385616,0.56114507,0.6003762,0.62415284,0.5043874,0.528951,0.5447484,0.5571066,0.5324254,0.71609485,0.7034671,0.66344196,0.7695875,0.68221134,0.7155923,0.6390141,0.58051693,0.52587634,0.64618134,0.64281404,0.62583274,0.5819785,0.56102157,0.50217795,0.45500046,0.4303664,0.61658764,0.52466077,0.51779234,0.49333933,0.6493811,0.6497483,0.6279704,0.65576816,0.62860787,0.6532042,0.58987457,0.5580135,0.5368206,0.5325268,0.6456335,0.5994888,0.5311166,0.6070239,0.73453784,0.6788225,0.5925551,0.68897444,0.65584475,0.6344975,0.64807415,0.6417607,0.5484162,0.5295993,0.54254293,0.5631948,0.5937363,0.5287356,0.5647035,0.46331945,0.561705,0.49898568,0.56891155,0.47644052,0.5324315,0.49139777,0.5538442,0.6853824,0.5340143,0.5639936,0.4839029,0.5426645,0.5641032,0.5928761,0.48060402,0.53004354,0.5529337,0.58461493,0.64987355,0.6506841,0.67416894,0.67839855,0.6389344,0.6833137,0.64461714,0.5903463,0.65977997,0.50962675,0.5457647,0.57476974,0.5315688,0.607105,0.593082,0.60020775,0.60544866,0.62626344,0.56756324,0.57803476,0.6277222,0.65142345,0.63236034,0.57058233,0.5995971,0.67369235,0.66403186,0.5901044,0.5792251,0.6312061,0.58858585,0.61232287,0.59248173,0.6079571,0.57868534,0.5339246,0.55950314,0.51671547,0.5086088,0.5472148,0.57092935,0.5345888,0.5637213,0.5741999,0.45863238,0.53437614,0.5896119,0.47632357,0.64508164,0.50032926,0.54213995,0.67948544,0.6518132,0.59018505,0.5802597,0.5658353,0.5890308,0.5890459,0.5558488,0.511402,0.56404763,0.5473616,0.6756292,0.57877743,0.5719671,0.608566,0.6540163,0.49539414,0.5815947,0.6498283,0.51724833,0.5713172,0.5530502,0.5272613,0.65819985,0.66094244,0.67453367,0.66820025,0.550215,0.56363094,0.54866034,0.596293,0.5547044,0.5534193,0.54731613,0.56368315,0.5738915,0.56409484,0.52608746,0.5454604,0.5448543,0.55272084,0.6331918,0.62939304,0.52917063,0.5382918,0.579903,0.5723632,0.5807685,0.55680406,0.5513694
746,0.5678301,0.62198645,0.66661686,0.5846736,0.59109086,0.59919214,0.58468187,0.6417395,0.6412634,0.55898607,0.56146425,0.5967197,0.58528525,0.66408426,0.67473656,0.58430684,0.52272046,0.6268804,0.57538664,0.54866296,0.5665855,0.59911394,0.64229107,0.6349385,0.58435166,0.5843106,0.6065116,0.64971703,0.60781586,0.7476006,0.77399963,0.6301892,0.7848667,0.74946004,0.7195907,0.6415003,0.57011217,0.55445594,0.6146372,0.63679516,0.63476056,0.58012193,0.58736503,0.54428345,0.47522268,0.5068581,0.6133501,0.52415484,0.4733893,0.51104575,0.66041386,0.65190893,0.6453384,0.6662387,0.6295945,0.6380153,0.6055206,0.6266346,0.5746361,0.5598223,0.65772265,0.7053174,0.65864444,0.6984047,0.73202574,0.7095425,0.67280084,0.7335613,0.6827348,0.6499559,0.6968583,0.7516905,0.65313727,0.6460847,0.60451955,0.6027211,0.66595405,0.57099974,0.6092132,0.59927607,0.6445688,0.6152949,0.65663564,0.50154084,0.57083076,0.54638904,0.6356634,0.6734484,0.64573085,0.59627086,0.52633077,0.60084265,0.55034447,0.59631264,0.57974905,0.5721451,0.6653434,0.66477305,0.6443849,0.66995436,0.6723736,0.6770862,0.64080304,0.6730833,0.6362823,0.60971004,0.6790036,0.5129332,0.5610742,0.6021926,0.55692846,0.61119664,0.56819886,0.5942464,0.6145148,0.59793043,0.5837288,0.5955612,0.6110746,0.6569265,0.67178804,0.62624,0.6375807,0.6678211,0.66779846,0.6603501,0.63392216,0.6817848,0.6337784,0.6541666,0.60836405,0.7121326,0.61759746,0.5414352,0.5722539,0.5702499,0.57478786,0.5610828,0.62237823,0.55978906,0.644321,0.6186157,0.55700636,0.6329886,0.69164306,0.56483024,0.62733215,0.5011657,0.6382534,0.70611215,0.75891894,0.5892221,0.60585606,0.590634,0.67182887,0.59290504,0.5447274,0.5248855,0.57686526,0.5835601,0.70769256,0.65506846,0.60199744,0.6076179,0.6652682,0.53220004,0.58681875,0.6757709,0.5542139,0.6973983,0.6319501,0.5504998,0.64553493,0.66176087,0.68580943,0.74193144,0.61389583,0.5858021,0.58760744,0.58556837,0.56105775,0.5570042,0.6465671,0.57225645,0.55891836,0.55794334,0.57144505,0.6357808,0.63857335,0.525355,0.5382085,0.5788556,0.5673531,0.649751,0.6397129,0.5752512,0.52591676,0.58803016,0.5186955,0.5285608,0.5703139,0.54721135,0.58922553,0.6174321,0.48830658,0.5360299,0.5681621,0.5620073,0.5798898,0.7384012,0.7553049,0.66109186,0.7953781,0.70818406,0.73413444,0.6335727,0.56688106,0.52246135,0.6287483,0.63860595,0.6166702,0.5612513,0.5567354,0.49565572,0.45622793,0.4500359,0.60631,0.5230381,0.5043801,0.50917345,0.6538963,0.6483169,0.636902,0.65679324,0.6212363,0.6611201,0.5819001,0.5699276,0.5259858,0.51966983,0.63940984,0.59353894,0.54280967,0.6100323,0.76309824,0.7056181,0.59554845,0.70987594,0.6574103,0.64242786,0.6425487,0.6507008,0.56830674,0.5522355,0.5605999,0.5798408,0.60105234,0.5480397,0.58045274,0.4906496,0.6017818,0.5221962,0.59594005,0.4753052,0.5342027,0.47085413,0.5616959,0.7033019,0.50584227,0.55194575,0.4657039,0.5579066,0.56461656,0.59312344,0.52506226,0.5378102,0.59259605,0.5940347,0.65005356,0.65872395,0.66935056,0.67795455,0.62078696,0.678652,0.6251823,0.59496397,0.6589229,0.5021951,0.5412069,0.5812095,0.5239544,0.59876555,0.579076,0.5897521,0.61101055,0.63188833,0.5790111,0.5902593,0.64125115,0.6596075,0.6537364,0.58806545,0.61860675,0.66479814,0.67470604,0.6139755,0.6051125,0.6538171,0.60297287,0.6166499,0.6011024,0.60917526,0.6001037,0.53740555,0.56915206,0.53723854,0.52689964,0.5450428,0.58235824,0.5371993,0.5844624,0.60159266,0.4890082,0.56958413,0.63536036,0.5014194,0.63560444,0.4925723,0.5485742,0.702089,0.6814397,0.59168315,0.5884687,0.5669582,0.6331093,0.5704698,0.5399021,0.49708325,0.5632451,0.56001544,0.70734346,0.6267861,0.5764309,0.6153006,0.66769165,0.49098226,0.57524,0.6574853,0.5335853,0.58004296,0.56457776,0.53068745,0.6484198,0.65148973,0.67307234,0.68826634,0.55415404,0.5570053,0.53652704,0.58195806,0.5510082,0.5536898,0.55245566,0.5694555,0.57895964,0.5700252,0.5283756,0.54657984,0.5464214,0.5560481,0.64268285,0.63863826,0.5279862,0.53999454,0.579613,0.57388747,0.58701414,0.56016237,0.5542497
747,0.5842953,0.6117408,0.6778018,0.59726155,0.6024573,0.60863155,0.59182835,0.6543304,0.6576636,0.5721695,0.5746511,0.62156683,0.5846579,0.67634284,0.695837,0.5832893,0.5321815,0.6393284,0.5854323,0.5398204,0.5524816,0.60458976,0.6347606,0.6414076,0.5957878,0.59221977,0.6249579,0.66292596,0.6469317,0.75687695,0.8065873,0.6134804,0.7985561,0.75595605,0.71443546,0.64971757,0.57025987,0.56417376,0.6140168,0.6381345,0.63365597,0.5668828,0.59251624,0.55527455,0.4863864,0.56077564,0.6091721,0.53141516,0.47884205,0.5471527,0.6716906,0.65380824,0.6635465,0.6700865,0.63097477,0.6470167,0.6061891,0.64838773,0.57229745,0.55760396,0.65547806,0.6942444,0.67089653,0.7020129,0.7340835,0.7078228,0.66928005,0.7384927,0.66708183,0.63325405,0.68369615,0.74988633,0.6673991,0.6814296,0.61870027,0.59353083,0.66400355,0.5958952,0.61443645,0.64309347,0.66962844,0.64184517,0.68647534,0.5009887,0.58748394,0.5322503,0.62556976,0.66793674,0.646577,0.5798145,0.50713044,0.60586464,0.5504893,0.5867945,0.6242924,0.59288174,0.6932295,0.66923034,0.64204293,0.6791363,0.67129034,0.68807554,0.6350208,0.67554456,0.61846614,0.6196983,0.6800421,0.5116484,0.5574729,0.6066712,0.5586012,0.59148693,0.5554981,0.58702815,0.6292963,0.6087085,0.60494477,0.5992025,0.6295987,0.6629174,0.6944825,0.646276,0.65420663,0.6623025,0.6759545,0.6875436,0.6768858,0.6985682,0.6459833,0.65542394,0.6094608,0.6974443,0.62507826,0.5387821,0.5798065,0.5859367,0.60083383,0.5924999,0.6248752,0.56576014,0.6664158,0.64942616,0.60524106,0.6714822,0.72782916,0.6124994,0.61910444,0.5086692,0.6455291,0.7122577,0.7784331,0.590113,0.6126027,0.604919,0.7215436,0.5788715,0.5419899,0.51693213,0.577166,0.6057132,0.7086018,0.67751026,0.61762345,0.61474526,0.669499,0.5296667,0.58653057,0.6963752,0.5626172,0.7143745,0.6478457,0.5574452,0.64333403,0.6644143,0.6834654,0.7548969,0.6039257,0.5845274,0.5816203,0.5691571,0.57628554,0.5385557,0.65731436,0.582619,0.5596666,0.5537012,0.5764006,0.6484838,0.65084356,0.5305351,0.564131,0.60592085,0.5719248,0.6667146,0.6690794,0.5729787,0.52206004,0.59187806,0.51513225,0.5144835,0.5388005,0.53323305,0.57784396,0.61985976,0.48264325,0.5555051,0.6040374,0.5746878,0.63676614,0.7491421,0.7994922,0.64917064,0.80786777,0.7249365,0.7438288,0.63685954,0.56382763,0.5300253,0.62039816,0.639074,0.6140852,0.5491447,0.5578147,0.5006126,0.4792822,0.4943659,0.5982319,0.5251869,0.4972103,0.5369862,0.6637326,0.649431,0.6551666,0.6575222,0.6198108,0.6667056,0.58150846,0.58613724,0.5256102,0.5179999,0.62812984,0.5866518,0.55772996,0.6125875,0.7794693,0.72433215,0.5953411,0.7210332,0.6552655,0.6450079,0.63353133,0.64999855,0.5954046,0.58032143,0.5880319,0.5973016,0.6010729,0.57227737,0.6037122,0.5306952,0.645318,0.55248517,0.6199791,0.48441893,0.53384614,0.46123534,0.57096463,0.71123886,0.48008516,0.5393122,0.4509633,0.5702261,0.5631028,0.59053564,0.5811794,0.5553611,0.6335884,0.60053104,0.650602,0.66925186,0.66742307,0.6848884,0.6110335,0.6782951,0.60631037,0.6056229,0.6559517,0.5038488,0.54208004,0.5877776,0.5222417,0.5909037,0.56782424,0.5812935,0.61943954,0.63626033,0.59351796,0.5997649,0.6552916,0.6650044,0.6782214,0.6057014,0.63993925,0.66076255,0.6821296,0.6390589,0.63910884,0.67657465,0.6236266,0.62282103,0.6069535,0.60320574,0.6190815,0.54055023,0.5783587,0.5655601,0.5539067,0.5448854,0.59869856,0.5460199,0.61245966,0.639388,0.53628755,0.6077479,0.678077,0.5407663,0.6239985,0.49336174,0.5559625,0.71676195,0.7014879,0.59631306,0.59904695,0.56916046,0.6804081,0.5478081,0.5247838,0.48210457,0.5631842,0.5777161,0.7340429,0.67979115,0.58379245,0.6152131,0.6734414,0.48709455,0.57461405,0.67238665,0.5582485,0.5884916,0.57287544,0.5350654,0.6454888,0.65027595,0.6709651,0.70107746,0.5547831,0.5510246,0.5303244,0.56800437,0.5467775,0.5543161,0.55559456,0.5736729,0.5828862,0.5762411,0.5333745,0.5490641,0.548018,0.56033957,0.6483816,0.64569944,0.5266977,0.5418268,0.57974094,0.5758847,0.5945391,0.5658418,0.5590317
748,0.60641754,0.60111356,0.6890593,0.61410666,0.6169399,0.61911345,0.5996265,0.670138,0.6807995,0.5912614,0.59185696,0.64699143,0.58859444,0.6852212,0.7113282,0.5841911,0.549428,0.6489638,0.59916615,0.5311623,0.53843254,0.6118635,0.6251393,0.6556747,0.6111473,0.603512,0.6453548,0.6751284,0.68431854,0.7528311,0.82811713,0.5940617,0.7988916,0.75091124,0.6996316,0.6636761,0.58126354,0.5827763,0.62083125,0.6447414,0.6381781,0.5620155,0.6030139,0.57353455,0.5124586,0.62559843,0.6054703,0.5440321,0.49389592,0.59324235,0.6858007,0.6571318,0.6868327,0.6737089,0.6364774,0.65672296,0.611981,0.6696761,0.57782125,0.5643681,0.6481527,0.6771217,0.6773145,0.7018421,0.7267607,0.6967848,0.65463334,0.73164105,0.64508057,0.6081019,0.6591366,0.735261,0.67753106,0.71035767,0.62904227,0.5802244,0.6501191,0.62298226,0.61475813,0.68602335,0.6905868,0.66450816,0.7080085,0.5077628,0.60270715,0.52393454,0.6090097,0.65285325,0.64065504,0.55643463,0.48817688,0.6069363,0.54960644,0.5749343,0.6704568,0.6191748,0.71366817,0.6668955,0.64215744,0.6902223,0.6735945,0.70375395,0.63437635,0.68228585,0.6042857,0.63484406,0.67841095,0.5189507,0.5609388,0.61023885,0.56586576,0.57283,0.54703283,0.58544683,0.64792085,0.62420493,0.6288317,0.60027397,0.645655,0.66507107,0.71611106,0.663799,0.66736335,0.6596634,0.6798722,0.7102633,0.71950334,0.70975643,0.655073,0.6479714,0.6065719,0.669015,0.6258779,0.5348711,0.5854113,0.6025529,0.6283226,0.6287823,0.6274528,0.5776454,0.6885398,0.6853317,0.6597393,0.7044979,0.75404865,0.66542655,0.6128358,0.5255926,0.645099,0.7073312,0.7840058,0.59484154,0.6214063,0.62182325,0.76356536,0.561505,0.5430771,0.5122845,0.5801239,0.63216126,0.69956166,0.69584435,0.6354862,0.6183366,0.66682935,0.52712196,0.5915735,0.7199412,0.57644427,0.720755,0.655262,0.56641346,0.6465084,0.6741067,0.678088,0.7568998,0.5847294,0.5852169,0.58087134,0.5609347,0.59872675,0.5225995,0.6691476,0.5978495,0.5655386,0.55279064,0.5841306,0.66458267,0.6698224,0.54377633,0.5947061,0.634014,0.5812305,0.68119276,0.6952089,0.57411635,0.5216138,0.59528804,0.5190145,0.50071794,0.5051789,0.5233341,0.5693324,0.6308798,0.48779628,0.5816049,0.64484215,0.59262574,0.6921722,0.7466545,0.8325023,0.6289732,0.8072203,0.7335545,0.7445471,0.64674944,0.5709121,0.54690695,0.620236,0.64333785,0.61782193,0.5459861,0.56396705,0.515781,0.5194617,0.556264,0.5919986,0.5330246,0.49775115,0.57433975,0.6765943,0.65235317,0.67902744,0.65710443,0.6236754,0.66926664,0.5877099,0.60503256,0.53514516,0.5278255,0.61509216,0.58059764,0.57292277,0.6151745,0.785324,0.734918,0.59092355,0.7218773,0.6485368,0.6419111,0.61977786,0.6411477,0.6227962,0.60882527,0.6166112,0.6127749,0.5930065,0.5992409,0.62832326,0.5791068,0.6860187,0.5878057,0.63781583,0.5022384,0.53110284,0.46220028,0.5800018,0.7093996,0.46058536,0.52620864,0.44061768,0.57910365,0.55974776,0.5854226,0.64009815,0.5801237,0.67053354,0.60168564,0.65165305,0.68063766,0.6679513,0.69748825,0.6104654,0.68165505,0.5897679,0.621156,0.6509645,0.5139582,0.54931,0.59373814,0.5265851,0.5857686,0.56120676,0.5765264,0.6308481,0.6392392,0.6100574,0.6056246,0.6681454,0.66768754,0.70279497,0.62170595,0.65852535,0.6614066,0.68403405,0.6628716,0.6767721,0.69454,0.6438891,0.626471,0.6088451,0.5908157,0.6342011,0.542742,0.58664155,0.59886634,0.58594406,0.54889977,0.6161858,0.55975807,0.64431596,0.6817911,0.5933118,0.6438312,0.7130511,0.5904576,0.61136353,0.50271666,0.5612089,0.72138536,0.7102152,0.604871,0.6116487,0.57400763,0.7241294,0.5253621,0.5134664,0.4712791,0.56606025,0.59943014,0.75227344,0.72924614,0.5946714,0.60902816,0.67228293,0.48425198,0.57920164,0.6915556,0.58798766,0.59478456,0.5766996,0.538957,0.64954615,0.6572849,0.6674697,0.70433545,0.5512151,0.54636264,0.5310229,0.5582822,0.54357076,0.5559599,0.5560682,0.5755677,0.58537865,0.58201027,0.540027,0.5522515,0.5500217,0.56515485,0.6500923,0.650246,0.52539355,0.54343957,0.5804459,0.57825756,0.6030149,0.5734794,0.5652235
749,0.63151383,0.59335107,0.69796836,0.63241076,0.6328125,0.6311016,0.6089931,0.6837709,0.7029443,0.6119521,0.6105165,0.66396374,0.5968298,0.6909797,0.7199047,0.58881366,0.5732464,0.6550934,0.6175923,0.5281664,0.52959234,0.62118465,0.6164671,0.6724553,0.62205404,0.61070836,0.66250604,0.68197393,0.7145755,0.73831016,0.8394479,0.57651067,0.7893172,0.73850703,0.679191,0.6779905,0.59833604,0.6062799,0.62992984,0.6530901,0.64477915,0.56320715,0.61535174,0.5944386,0.5466608,0.68670326,0.60221726,0.56270355,0.5183215,0.6409119,0.697506,0.65954024,0.70766556,0.6753331,0.64293,0.66487086,0.61891973,0.687469,0.58938247,0.57682604,0.63963866,0.65963286,0.67822844,0.70051885,0.7149257,0.6809458,0.63211364,0.7174014,0.6211953,0.5775672,0.6284297,0.7139348,0.6812165,0.72887444,0.629847,0.56249934,0.6276668,0.6485345,0.60666376,0.7212547,0.7018292,0.6805304,0.72090864,0.520811,0.6146287,0.52162814,0.5864297,0.631265,0.6311413,0.5294424,0.4736727,0.6068276,0.54776686,0.5632824,0.70977986,0.6460318,0.7261317,0.6603666,0.6421192,0.69897527,0.6757156,0.7178835,0.6362213,0.6886248,0.59307736,0.65100336,0.6719849,0.5310336,0.5687039,0.61247337,0.57608306,0.5596802,0.54284096,0.5880789,0.66675246,0.64168864,0.6521593,0.60038584,0.65847486,0.66412765,0.7337299,0.6769518,0.67167157,0.65668,0.67596644,0.72642374,0.7549864,0.71173084,0.6546575,0.6321253,0.5990103,0.6314622,0.62214077,0.5307715,0.5883861,0.61857724,0.6526942,0.66474366,0.6275276,0.5920452,0.7063219,0.7183746,0.70939493,0.7282507,0.7693373,0.71471125,0.6074047,0.54825306,0.6386236,0.69203854,0.77888405,0.60215515,0.6307498,0.6393408,0.79400826,0.5460324,0.54994994,0.51563764,0.5871246,0.6587129,0.68165874,0.709926,0.65244275,0.6200407,0.66100824,0.5258146,0.5997176,0.7393175,0.59112465,0.7177582,0.65499413,0.5722039,0.65140265,0.68544316,0.6675368,0.7483082,0.561146,0.58641493,0.58502966,0.5617066,0.62535363,0.5129866,0.67903686,0.61554754,0.57632875,0.55747813,0.5956324,0.67857164,0.6882751,0.56239104,0.6257386,0.65530676,0.5940679,0.6925722,0.7148641,0.57936287,0.52824205,0.5978185,0.5320149,0.49403676,0.47747427,0.521632,0.5650925,0.6457636,0.50080156,0.60573936,0.6810214,0.61088365,0.73614603,0.7333067,0.8534661,0.6069231,0.7956848,0.73721343,0.7388648,0.6571288,0.5842987,0.5690851,0.62370306,0.647756,0.6248391,0.54931045,0.57188946,0.5369329,0.5661729,0.62097156,0.58728445,0.5471107,0.50668615,0.61504,0.6872932,0.65488356,0.7007173,0.65443,0.6296111,0.6677078,0.5977088,0.6240328,0.55006576,0.54512113,0.6056936,0.5789046,0.58679175,0.619926,0.7842053,0.7389223,0.585136,0.71565926,0.63950247,0.63599575,0.6034732,0.6294394,0.6448948,0.6331812,0.63736296,0.62487286,0.5802657,0.6253506,0.64594835,0.62791663,0.71821475,0.6242125,0.64859796,0.52575403,0.5280464,0.47203937,0.58910865,0.70065904,0.45190686,0.5150451,0.43687534,0.5858955,0.5553427,0.5803566,0.6915972,0.60743743,0.69960546,0.5986006,0.65126497,0.68817616,0.6679295,0.70999885,0.6154821,0.6850055,0.57538414,0.63754016,0.6433978,0.52874947,0.5612685,0.59823936,0.53630227,0.58537084,0.5584706,0.5748236,0.64267147,0.6410782,0.62677497,0.6083552,0.678176,0.6678225,0.7231988,0.63388735,0.66960853,0.6626471,0.67781,0.68266034,0.71134156,0.702944,0.656101,0.6253561,0.60667235,0.5760021,0.6456612,0.54424495,0.5933611,0.63229936,0.6174205,0.55862427,0.62889767,0.5753091,0.6745521,0.7200203,0.649273,0.67306626,0.7376516,0.6418629,0.5978949,0.51881,0.56434995,0.7178019,0.7098768,0.6159702,0.6241398,0.58182144,0.75797373,0.5076785,0.50846547,0.4693211,0.57317847,0.6219824,0.76137507,0.7679341,0.6081147,0.5995118,0.6676761,0.48283014,0.5864667,0.7085112,0.6172313,0.59918696,0.57804286,0.5409538,0.6568775,0.6674363,0.66039044,0.69889766,0.5456515,0.5427419,0.53854233,0.55627877,0.542256,0.5588044,0.55386955,0.5745841,0.5871194,0.58730084,0.54765695,0.5558952,0.55273354,0.5698209,0.6481803,0.65196186,0.52447724,0.5444309,0.5815842,0.5808085,0.6118192,0.58220243,0.5719851
750,0.65511197,0.58985156,0.70106965,0.64760566,0.6465947,0.6433963,0.6191723,0.68916583,0.71579903,0.6284251,0.62654793,0.6656703,0.60686356,0.6950253,0.7224567,0.5972752,0.5997738,0.6562713,0.63890237,0.53502357,0.52953273,0.6308814,0.6094785,0.6850089,0.62097275,0.6079316,0.6728161,0.67929214,0.7340133,0.719101,0.84149563,0.5680723,0.77528244,0.725374,0.660999,0.6865868,0.61479765,0.62892234,0.6355794,0.6586152,0.6492849,0.56688374,0.62439275,0.6124115,0.5794755,0.73140126,0.59998286,0.5856811,0.54856116,0.68097866,0.7010087,0.65828323,0.71826327,0.6734792,0.64600533,0.6684674,0.6228494,0.6982587,0.6037077,0.5900061,0.6343962,0.64869165,0.6755612,0.70011044,0.7041455,0.6656216,0.6086246,0.70209163,0.60256296,0.5481567,0.6005955,0.6929686,0.67833817,0.7347385,0.6185677,0.5436678,0.6030001,0.66780424,0.58944136,0.74218947,0.699804,0.68668073,0.7248165,0.53698874,0.6215556,0.52462286,0.56240433,0.60879034,0.6230816,0.5065656,0.4680667,0.60769033,0.5453823,0.5562661,0.7352114,0.6675152,0.7307715,0.653085,0.6381364,0.69986945,0.67277414,0.7234516,0.636673,0.6885209,0.58209676,0.66270643,0.65848505,0.5422345,0.5763555,0.61295664,0.58581567,0.55593276,0.5410539,0.59164345,0.68068844,0.6568383,0.6713396,0.60089,0.6675748,0.6612246,0.74384433,0.6834009,0.6632026,0.64856684,0.66111845,0.7341792,0.77765167,0.70216286,0.6405101,0.61249447,0.58774376,0.59458137,0.61647546,0.52786386,0.5879794,0.63061845,0.66869617,0.694048,0.621591,0.6036323,0.71514755,0.7404967,0.7445136,0.7405062,0.7733772,0.7513655,0.60070825,0.5707929,0.6304201,0.67094326,0.76747614,0.6088229,0.6374365,0.6539101,0.8108492,0.53645515,0.5624684,0.5292819,0.59733635,0.6800295,0.6613595,0.72053033,0.6642275,0.6214483,0.6562039,0.526874,0.60747284,0.7473303,0.6008467,0.70883596,0.6487585,0.5704682,0.6530593,0.69090754,0.6490736,0.73124367,0.5417416,0.5863946,0.5920235,0.57035184,0.6511324,0.5109069,0.68270147,0.63138026,0.5895331,0.56815535,0.6097379,0.68446434,0.6980255,0.5814718,0.6516834,0.6637176,0.6074154,0.70161813,0.7276191,0.58768356,0.5437574,0.5984882,0.55281943,0.4994521,0.46265414,0.5304091,0.563745,0.6582408,0.51615417,0.62085766,0.7052993,0.6236917,0.7637913,0.7160431,0.8628447,0.593715,0.77793306,0.7398665,0.7323904,0.6608053,0.59805197,0.5913511,0.6249778,0.6477668,0.63070446,0.5550656,0.5768893,0.5581375,0.60654944,0.6730341,0.58441585,0.565958,0.5234832,0.6514258,0.6902831,0.65445876,0.71234405,0.64880764,0.6332599,0.66099006,0.60802764,0.63999134,0.56453705,0.56326354,0.60502946,0.58564323,0.60016996,0.62947696,0.7799845,0.7382017,0.58389944,0.70819706,0.6331712,0.63212466,0.5906942,0.62182415,0.65987164,0.65128076,0.64524007,0.634166,0.56973165,0.6464222,0.6498589,0.66776824,0.73828125,0.65575206,0.6539552,0.55065835,0.52897114,0.4887615,0.59964305,0.68975824,0.4582351,0.5105877,0.44312772,0.59240973,0.55123776,0.57991856,0.7284068,0.63175344,0.7191661,0.59590834,0.64641726,0.68643403,0.6638083,0.71603054,0.6202749,0.6834797,0.5614385,0.64990836,0.63239604,0.54287064,0.57484496,0.60035366,0.5508157,0.59116226,0.55692977,0.57389766,0.650539,0.6419854,0.641413,0.6095486,0.68436444,0.6655935,0.7352753,0.6400764,0.6704602,0.6587969,0.661531,0.69567496,0.736275,0.6990266,0.65526354,0.62141347,0.60157937,0.5648775,0.65437245,0.5458811,0.5974273,0.659588,0.64220554,0.57368535,0.63119626,0.588319,0.69681525,0.7464031,0.69339305,0.69296575,0.75156826,0.68452525,0.5834807,0.5378397,0.569031,0.7113697,0.7057528,0.62654656,0.6330546,0.5915338,0.7776078,0.49787262,0.5108195,0.47901028,0.5837252,0.6409769,0.7641599,0.7919018,0.62158215,0.5903209,0.6631946,0.48311535,0.59304667,0.7165988,0.64053905,0.6042148,0.5813756,0.5404483,0.66208595,0.6733676,0.64711815,0.6886994,0.542927,0.53904045,0.5523278,0.5639581,0.5424408,0.5621959,0.5494419,0.57039356,0.58902705,0.5924402,0.5559423,0.5598116,0.5560621,0.5735474,0.6434033,0.6506388,0.52429235,0.5444348,0.5825106,0.58304584,0.6198734,0.5908057,0.5782584
751,0.6720463,0.5899469,0.6962907,0.655325,0.6543796,0.6532268,0.62781936,0.68268764,0.71446234,0.63558525,0.63488066,0.64991707,0.61566556,0.6992895,0.7219804,0.6081725,0.62309074,0.65112835,0.65887284,0.5522868,0.53896564,0.6379984,0.6029902,0.68709356,0.6042003,0.5939375,0.67464757,0.6643968,0.740619,0.70285815,0.8353454,0.5744298,0.76354384,0.71861285,0.6539482,0.6855131,0.62398195,0.6437343,0.6337738,0.6578637,0.6487945,0.5692554,0.626048,0.6220202,0.6009874,0.75252056,0.5988538,0.60857046,0.57765675,0.7056566,0.69286627,0.65168244,0.7142472,0.66781515,0.64230675,0.66545415,0.6206835,0.6988386,0.6163791,0.5988933,0.6350622,0.64791906,0.67096806,0.70040596,0.6980183,0.65398467,0.59129864,0.69098336,0.5950756,0.5270757,0.5835262,0.6767846,0.67041117,0.7272688,0.5974456,0.5292392,0.58269435,0.6756015,0.56586677,0.7437311,0.6842095,0.67923117,0.71843743,0.55038816,0.62174,0.5308964,0.5438024,0.59154975,0.6204355,0.49647662,0.47293827,0.6089252,0.5431089,0.5575639,0.74243104,0.6779865,0.72761464,0.64674574,0.6279095,0.6891745,0.66117847,0.71565884,0.63132906,0.67694855,0.5676887,0.6648342,0.6361699,0.54707944,0.57942337,0.6110247,0.59179443,0.5624562,0.5389313,0.59222937,0.6846827,0.6644719,0.682632,0.60210705,0.67250973,0.6574196,0.7439744,0.680936,0.6414389,0.6307759,0.6343874,0.7324802,0.7837336,0.6811711,0.6132142,0.5960478,0.57543164,0.5692722,0.609837,0.52672654,0.5835128,0.6338522,0.67060465,0.7103555,0.6071378,0.60658985,0.71141404,0.7467984,0.7590388,0.74040926,0.76599365,0.76908326,0.59091675,0.5851169,0.6244697,0.6512942,0.7542109,0.6116475,0.6380774,0.66172695,0.81313497,0.5347609,0.5773821,0.5513686,0.6078275,0.69128186,0.64894587,0.72740895,0.66716564,0.6227645,0.6537259,0.5306518,0.61006665,0.7399948,0.6012138,0.69881403,0.63707805,0.56012744,0.64663976,0.68361986,0.620834,0.70954645,0.53434634,0.5829341,0.59832,0.58347404,0.6703246,0.51455873,0.67734975,0.6408582,0.60107195,0.582301,0.6229654,0.6788033,0.6938674,0.5955234,0.66721004,0.6572706,0.61847305,0.70997196,0.73583436,0.5971553,0.5664981,0.5965419,0.57712036,0.5177534,0.4636583,0.5481423,0.5622367,0.6619691,0.5272289,0.62439686,0.71450937,0.6265001,0.77509475,0.7050282,0.8617799,0.59890205,0.76148254,0.74457735,0.732286,0.65344465,0.6058971,0.607909,0.61983514,0.6403242,0.6314025,0.5589683,0.57557625,0.57353735,0.63020265,0.7028584,0.5838732,0.5860074,0.54507625,0.6767639,0.68250704,0.6495625,0.70950365,0.6405142,0.63117445,0.6495184,0.6147316,0.64949673,0.5737075,0.5756515,0.6146305,0.60210526,0.61456907,0.644309,0.77568185,0.7336044,0.59241986,0.7055121,0.6346805,0.6343649,0.58884746,0.62349004,0.6691624,0.6630758,0.641011,0.64211136,0.56817836,0.6586365,0.6373225,0.6909273,0.74478143,0.6754908,0.65699345,0.5715124,0.5380496,0.5093513,0.61158484,0.681778,0.48028424,0.5173557,0.4611799,0.59868264,0.5488406,0.58801013,0.7475402,0.6479687,0.7293887,0.59916216,0.6352611,0.67264056,0.6533838,0.7112843,0.618111,0.67280805,0.54588217,0.6544641,0.6165164,0.5513175,0.5864213,0.5990392,0.56866616,0.6026598,0.5538484,0.5711023,0.6504906,0.6416701,0.65184987,0.6109478,0.68627274,0.6612506,0.7366134,0.6389774,0.6611467,0.64434075,0.6350453,0.70007336,0.74732417,0.6834549,0.6411587,0.6194638,0.59579533,0.5629369,0.660664,0.5483147,0.5976831,0.674703,0.6552068,0.5907643,0.62046,0.5946415,0.70616275,0.7569243,0.71829295,0.7036308,0.7563399,0.71029115,0.5690564,0.55398,0.57958716,0.7089074,0.7042192,0.6334144,0.63536763,0.60113066,0.7811643,0.49712884,0.51928097,0.49959192,0.594938,0.6525803,0.76606655,0.8003159,0.6314515,0.5842392,0.6603568,0.48500946,0.59522724,0.7118201,0.6541825,0.61276543,0.5902703,0.53797156,0.65907586,0.6677012,0.62549466,0.6795145,0.547858,0.5330971,0.57044715,0.5795937,0.5426732,0.56467575,0.5435483,0.5630766,0.59084415,0.59704494,0.5641971,0.5630805,0.5593345,0.5755917,0.6368017,0.6464535,0.5248967,0.54329157,0.5817985,0.5837941,0.6253307,0.5977634,0.5828714
752,0.67799807,0.59279156,0.68392456,0.6531618,0.6535806,0.6577486,0.63243467,0.66393954,0.69778645,0.63018644,0.6313044,0.6186508,0.621197,0.7043576,0.7211375,0.6192149,0.6374209,0.63977295,0.6729999,0.5771496,0.5560586,0.6400194,0.59661067,0.6738707,0.57255346,0.5710757,0.6678977,0.63745534,0.7338376,0.69615024,0.8221611,0.5961757,0.75915575,0.7224226,0.66271466,0.6739294,0.62168115,0.645192,0.6235794,0.64938986,0.6424356,0.56813717,0.6186354,0.6197526,0.6044793,0.7468821,0.59805197,0.62571925,0.59756476,0.7098007,0.6728062,0.6398886,0.6949176,0.6589876,0.63088053,0.65555,0.610979,0.6873981,0.62284476,0.59975976,0.64098585,0.6555657,0.66467845,0.69930774,0.6967286,0.6460007,0.5847266,0.68665105,0.60030216,0.5192606,0.5809074,0.6665581,0.65925175,0.70682496,0.57177913,0.5234558,0.5716134,0.6680721,0.5408123,0.72227234,0.6572412,0.6555699,0.70107234,0.55538213,0.61438036,0.537633,0.5359361,0.58365756,0.6245573,0.5047426,0.4865674,0.60807717,0.5415933,0.56730163,0.7290027,0.67375356,0.716724,0.6411997,0.6121645,0.6664616,0.6401443,0.6925546,0.6163286,0.6512407,0.5483537,0.6540673,0.6051083,0.5422647,0.57450813,0.60600793,0.5909042,0.5757757,0.53493494,0.5871895,0.6755433,0.660736,0.68290156,0.6034273,0.67242914,0.6531813,0.7333546,0.6685716,0.60982466,0.6010461,0.59837013,0.7211644,0.77074784,0.65170497,0.57809716,0.5885962,0.56543154,0.5629029,0.60223806,0.527435,0.5749217,0.62444806,0.65454346,0.7091364,0.5846214,0.5977542,0.6940948,0.7353754,0.7499298,0.72791845,0.74741626,0.7643832,0.5780185,0.5844289,0.62263155,0.6399796,0.7427086,0.6089693,0.6309558,0.6600633,0.80012447,0.5419296,0.5904391,0.5770745,0.61549944,0.68926555,0.6523685,0.7291512,0.6593662,0.6228437,0.65207225,0.53647166,0.60305274,0.7166007,0.5900711,0.69164467,0.6199798,0.54346496,0.6284513,0.6591957,0.583783,0.6879104,0.54283535,0.574081,0.59974164,0.5956963,0.6781746,0.5215289,0.6628573,0.641118,0.60729647,0.59583855,0.6312659,0.6613637,0.67438257,0.60043013,0.6688408,0.6377386,0.62570405,0.71819055,0.7417231,0.60559106,0.5917128,0.5923151,0.5994611,0.5458155,0.4797574,0.5701337,0.5589079,0.65139586,0.5293322,0.61715585,0.7084887,0.618022,0.7718172,0.7088312,0.85127604,0.62551033,0.7539616,0.7523016,0.74303865,0.634958,0.6037358,0.614065,0.6073995,0.6248519,0.62484217,0.55872583,0.5671889,0.5794674,0.63188004,0.70640105,0.5856926,0.60263497,0.5661143,0.68637604,0.66402256,0.64035726,0.69138765,0.630706,0.62222856,0.6356093,0.6144835,0.64983493,0.5745162,0.5779571,0.6315426,0.6252979,0.6297879,0.66163474,0.77267843,0.72488886,0.6123055,0.71149397,0.6464215,0.64441305,0.602913,0.636491,0.6753181,0.6688261,0.6288517,0.64972454,0.5794442,0.659531,0.60958886,0.6929707,0.73777145,0.6783723,0.6607276,0.5839923,0.55722725,0.52974445,0.6232984,0.6803147,0.51377213,0.53702486,0.48959595,0.60311896,0.549128,0.60493845,0.74857086,0.65283287,0.73144466,0.6121496,0.6187284,0.6479457,0.6363695,0.6939996,0.60336345,0.6505362,0.5284711,0.6491754,0.5948419,0.5508542,0.59254384,0.59356725,0.586237,0.61676925,0.54824364,0.5650445,0.64085525,0.6395002,0.65641016,0.61336964,0.6834811,0.6550567,0.7266254,0.63059807,0.64423144,0.6157126,0.60105264,0.69521606,0.7424096,0.6600356,0.617494,0.6237273,0.59177446,0.5726714,0.6645798,0.5520095,0.59372497,0.6740265,0.6540421,0.60499984,0.59814084,0.5926695,0.70100147,0.75015,0.72075295,0.70629716,0.7541873,0.71511126,0.5571103,0.56208086,0.5981567,0.7155383,0.7101856,0.6344076,0.6298926,0.60827744,0.76815224,0.5058654,0.53143513,0.5271084,0.6041096,0.65456486,0.7718262,0.7937841,0.6342489,0.58213866,0.65886265,0.48779064,0.59005976,0.69311297,0.65606695,0.62606776,0.6055897,0.5347174,0.64223796,0.6448469,0.5954457,0.6761986,0.56284404,0.5229087,0.58887184,0.5975475,0.54141647,0.5647935,0.5374627,0.553381,0.59114367,0.5998272,0.5715389,0.5646196,0.5615319,0.57545274,0.6295131,0.63998574,0.526282,0.54113615,0.5778865,0.5816417,0.62591624,0.60138357,0.5848909
753,0.67124146,0.5983998,0.6657894,0.64154357,0.64414483,0.6558277,0.6322296,0.63516474,0.6675094,0.611374,0.61461866,0.5769527,0.6226333,0.70853794,0.7201766,0.62766224,0.6397528,0.624364,0.6787219,0.6054217,0.5770469,0.63642853,0.5922449,0.64357215,0.5311441,0.5431192,0.65402627,0.60270244,0.71514064,0.70167947,0.8031886,0.6284898,0.76258403,0.73592603,0.6847856,0.653733,0.6080369,0.6322005,0.6072779,0.6337236,0.63149536,0.56421804,0.6029196,0.6058096,0.5891281,0.713686,0.5964489,0.6325389,0.6024868,0.69161546,0.643226,0.62452763,0.6625378,0.64782035,0.6136979,0.6398851,0.59439147,0.6645694,0.62012583,0.59150016,0.64860374,0.66658956,0.65622634,0.69461733,0.69786775,0.63965607,0.5907861,0.6894936,0.6159356,0.52650154,0.59289485,0.66234475,0.64655185,0.6752919,0.54701495,0.5272182,0.57273096,0.6445622,0.5195805,0.6767955,0.6227676,0.61682194,0.67508286,0.5504959,0.60100585,0.542561,0.54063624,0.58619255,0.63495207,0.5320047,0.50560176,0.60322005,0.5412321,0.58186054,0.69459116,0.6546715,0.69919056,0.6362814,0.59460294,0.6346156,0.6120637,0.65544057,0.5905009,0.6124917,0.52717936,0.6302019,0.56876713,0.52768874,0.56009257,0.5977471,0.58021337,0.5892748,0.5301496,0.57690513,0.65344876,0.64496166,0.6706997,0.60397667,0.6663342,0.64823735,0.7130335,0.6477479,0.57518363,0.56166583,0.5593986,0.70105153,0.7378029,0.619325,0.5429584,0.59271413,0.56068534,0.5778027,0.5949746,0.53043956,0.5632906,0.6021587,0.6215911,0.689511,0.55778,0.5788101,0.6662077,0.7065632,0.7168935,0.70399684,0.71948713,0.7362222,0.56402904,0.56736374,0.62528676,0.6410251,0.7356134,0.6007677,0.616987,0.64831394,0.7718331,0.5579813,0.5992349,0.60145736,0.61894715,0.673315,0.67211515,0.7246648,0.6415754,0.6204182,0.6496342,0.54302305,0.584935,0.6794364,0.5671299,0.6886532,0.59950936,0.52471614,0.5979085,0.61778563,0.5430258,0.67087924,0.56636626,0.5597767,0.59281844,0.60131484,0.67270356,0.5306062,0.6411877,0.63190967,0.60679245,0.6057034,0.63255465,0.63446003,0.6415672,0.594703,0.65599704,0.6094453,0.62841463,0.7246811,0.7450976,0.6106207,0.6139672,0.5871966,0.61573046,0.57843417,0.5077273,0.5912179,0.5549135,0.62378955,0.52209395,0.6015516,0.6891326,0.6010262,0.75583977,0.72934663,0.8321641,0.66805,0.7586538,0.76180464,0.76306605,0.60848224,0.5916431,0.60836387,0.5901698,0.602943,0.6117434,0.55541563,0.5533336,0.5756572,0.6120276,0.6826758,0.58916783,0.6119144,0.5811863,0.6783307,0.6372217,0.62827104,0.6599187,0.62093616,0.60801333,0.6221064,0.6063902,0.6400874,0.56596375,0.5693478,0.649873,0.64947134,0.6434011,0.6767942,0.77066815,0.71181273,0.6411687,0.72679347,0.6671052,0.66200674,0.6331856,0.6599673,0.68070376,0.66857445,0.6132817,0.6573108,0.60374236,0.6486505,0.5711924,0.6733418,0.7188193,0.66358703,0.6665601,0.5872388,0.585306,0.54617935,0.63317597,0.6865803,0.5508004,0.5677101,0.52404886,0.60430795,0.55239785,0.62695843,0.73250616,0.64610153,0.7270088,0.6353639,0.6006169,0.6166469,0.6144065,0.66518193,0.57465976,0.6174485,0.51183254,0.63390356,0.5690588,0.54066133,0.5906249,0.58421665,0.59803474,0.628794,0.5415184,0.55669934,0.6229578,0.6348337,0.65398306,0.6163428,0.67559254,0.64708674,0.70617807,0.6163722,0.62429523,0.57389134,0.5655014,0.68184495,0.72168666,0.634431,0.58992285,0.6355122,0.5913278,0.5928753,0.66703176,0.55752057,0.58649707,0.6576807,0.6402311,0.6129898,0.5690962,0.58450097,0.6839341,0.7261634,0.7013248,0.7018952,0.7471901,0.69894594,0.55027515,0.5607484,0.6235996,0.7324471,0.72502506,0.6285102,0.61757356,0.6113235,0.7394366,0.52387774,0.54523665,0.55637956,0.61025405,0.64685893,0.7823854,0.77368927,0.6284461,0.5830431,0.65830517,0.4903366,0.57696205,0.66208327,0.64542264,0.64278305,0.62613946,0.5317677,0.6092641,0.6036965,0.56074244,0.6805606,0.5867024,0.5084892,0.6023143,0.61063135,0.5377406,0.56181437,0.5330019,0.5429227,0.58857447,0.5994378,0.5778011,0.56458133,0.56187755,0.5731375,0.62242347,0.63186574,0.5286444,0.5383372,0.57025385,0.5760642,0.6201223,0.60047257,0.5841289
754,0.6536089,0.60659605,0.64417934,0.62363577,0.62863755,0.6485859,0.62855405,0.60115135,0.628707,0.5811452,0.5874345,0.5321238,0.61976624,0.7084425,0.7169441,0.63078254,0.6306366,0.60843456,0.67588603,0.63241374,0.5966191,0.6288557,0.59253156,0.6003315,0.48840818,0.51414084,0.63633543,0.5681084,0.6890146,0.71743935,0.7802992,0.6627978,0.7700808,0.7535112,0.7119086,0.6291704,0.58788764,0.6090958,0.5896118,0.61342025,0.61915195,0.560815,0.5819043,0.58469886,0.5610421,0.65753716,0.59357613,0.62704015,0.5908056,0.65377605,0.6090258,0.60817033,0.6228888,0.6351176,0.5953878,0.6207884,0.573774,0.6337032,0.60791886,0.57635677,0.65303093,0.67543346,0.64515764,0.6851624,0.69815826,0.6324287,0.60881966,0.69834507,0.6376898,0.54719293,0.61691064,0.66391325,0.6340289,0.63664526,0.52661955,0.53783697,0.5864855,0.60867554,0.50605524,0.6123193,0.5856012,0.56903833,0.6464515,0.5390397,0.5849684,0.5444807,0.5564799,0.5974441,0.6497772,0.57347095,0.5257575,0.59382874,0.5419299,0.59544414,0.64336884,0.6253156,0.67763317,0.63242996,0.5809646,0.5997367,0.58232915,0.61040246,0.5576013,0.5673519,0.51115584,0.5973374,0.5343758,0.50625026,0.5371021,0.5868732,0.557293,0.5955665,0.5280477,0.5652292,0.6230183,0.62050664,0.6473653,0.6030416,0.6539992,0.6418393,0.68599623,0.62283146,0.5458275,0.52067417,0.52592313,0.6746091,0.68851775,0.59120893,0.51496553,0.6073162,0.56295675,0.61133957,0.5907538,0.53636986,0.55081093,0.57117987,0.5793008,0.6555898,0.5320623,0.55575377,0.6350908,0.6640388,0.6652379,0.6711198,0.6864566,0.6879161,0.55218476,0.53921545,0.6319008,0.65460366,0.73433095,0.58816296,0.59929156,0.62838304,0.7315914,0.5803915,0.60365856,0.62069374,0.61827433,0.6461547,0.7011544,0.7141919,0.6175754,0.615167,0.6463902,0.5485421,0.5586063,0.63501835,0.533618,0.6884406,0.57990175,0.5085408,0.55995804,0.56659305,0.50710267,0.6622888,0.5995746,0.54281515,0.57564914,0.59596795,0.6556156,0.5411392,0.6156262,0.6155914,0.6006015,0.6108537,0.62757003,0.6027344,0.60134315,0.57962424,0.63137615,0.5784258,0.62605184,0.72635657,0.7436325,0.6099595,0.6290418,0.58280516,0.6239697,0.6092599,0.54167604,0.6075364,0.55265576,0.58224094,0.50939536,0.5812013,0.660914,0.58143854,0.730068,0.7607944,0.8063057,0.7142918,0.7729878,0.7701374,0.78564554,0.5792416,0.57414097,0.59346825,0.5730786,0.5780887,0.5956949,0.55286574,0.53730357,0.56512296,0.5774017,0.6349692,0.59343046,0.61192,0.5870023,0.6541505,0.60653895,0.6154662,0.6203619,0.61295176,0.5925357,0.6110598,0.59296906,0.6213287,0.5495609,0.5526583,0.66302603,0.668222,0.65165097,0.68522155,0.7683347,0.6951906,0.6736222,0.7490396,0.6927049,0.6855046,0.6748713,0.6899392,0.68702954,0.6626638,0.5977936,0.6644645,0.6374963,0.6279321,0.5291389,0.63615334,0.6916225,0.63520074,0.67332995,0.58384377,0.6174492,0.5561935,0.6405089,0.69963145,0.5827952,0.6044211,0.55812687,0.60199314,0.5581308,0.6479323,0.70249915,0.6311499,0.71788925,0.6653892,0.58656436,0.5851558,0.59105355,0.6296574,0.5372661,0.57906765,0.50059646,0.6109438,0.5443142,0.52241766,0.5796108,0.5726408,0.5979832,0.63405037,0.53691757,0.54943335,0.6011737,0.6277658,0.6446408,0.6186103,0.6629101,0.63718945,0.6779351,0.5991866,0.60716885,0.5267031,0.53646475,0.66252583,0.689011,0.6127561,0.56441396,0.65330106,0.59525925,0.61946106,0.66967255,0.56518984,0.5782218,0.62998104,0.61929333,0.6143085,0.5399874,0.5749024,0.6613829,0.68765706,0.6652333,0.69061047,0.73687315,0.66591656,0.5500979,0.55293983,0.65165526,0.7567473,0.7460252,0.6156172,0.60080165,0.6098522,0.69949913,0.5485874,0.55923927,0.5822059,0.6135988,0.63151705,0.79488534,0.74330837,0.6154516,0.5849471,0.65919423,0.4915173,0.55857605,0.62386006,0.62275916,0.65940183,0.6490697,0.5297305,0.56460845,0.5509979,0.52923393,0.69161034,0.6145234,0.4926686,0.60565186,0.6126454,0.53138006,0.555762,0.5320903,0.5342014,0.58252805,0.595104,0.58365613,0.5644856,0.5602012,0.5692574,0.6159429,0.6225086,0.532296,0.5354205,0.55998856,0.56812906,0.60818774,0.59501034,0.5812372
755,0.6294979,0.61565953,0.62184864,0.60382974,0.61085486,0.6380601,0.6229025,0.56923515,0.59041876,0.5452255,0.5557658,0.49234098,0.6129367,0.70072865,0.70857227,0.6269975,0.61302483,0.59510094,0.665672,0.65259314,0.6091087,0.61953086,0.5974852,0.5556679,0.4540729,0.488313,0.61925995,0.542581,0.6617206,0.7370355,0.75538963,0.6897048,0.7757553,0.7674517,0.73427063,0.6065092,0.5694644,0.58373314,0.5768004,0.59356195,0.60997474,0.5628018,0.5608621,0.56350255,0.5317868,0.59291214,0.5909003,0.6104512,0.56565696,0.60508066,0.57767147,0.5944528,0.5855558,0.6226959,0.5819871,0.6024795,0.55366063,0.59989494,0.58896625,0.559334,0.64984316,0.6766984,0.63127214,0.66981393,0.69383615,0.6220012,0.6341702,0.70911896,0.6596322,0.57551485,0.6462062,0.6682779,0.6228297,0.5967833,0.5120464,0.550387,0.60918623,0.56833804,0.50121266,0.5419539,0.550961,0.52144307,0.621652,0.5261936,0.5689576,0.5425011,0.57904565,0.61310357,0.6649841,0.6193943,0.5419571,0.58054626,0.5432147,0.60252714,0.586112,0.5943202,0.6553933,0.6285071,0.5772379,0.5707128,0.55874157,0.5687048,0.5271015,0.52789915,0.5079706,0.56412196,0.510851,0.483087,0.5099341,0.57507634,0.5224661,0.58953196,0.53275067,0.55802584,0.5926896,0.5944881,0.618136,0.59992826,0.63670737,0.63344926,0.65663594,0.59957826,0.52831376,0.4900577,0.50565106,0.6456403,0.63315177,0.5735871,0.49858922,0.62780064,0.57195836,0.6548543,0.5909847,0.5448939,0.53991747,0.53856224,0.5390324,0.6157137,0.51278317,0.53615814,0.6092311,0.6160369,0.6078853,0.6338115,0.6539462,0.6297169,0.54689157,0.5099208,0.6403663,0.6761316,0.73723257,0.57362,0.58170754,0.6041423,0.68708247,0.6030141,0.604037,0.6313149,0.61366194,0.6136296,0.72910416,0.6987565,0.5928848,0.60740733,0.6426325,0.55097735,0.53118837,0.5944721,0.49352244,0.6878859,0.5649657,0.49893355,0.52552253,0.5199128,0.48507378,0.6630708,0.63399094,0.52861166,0.54863596,0.5783373,0.6313374,0.55152965,0.59050626,0.5959234,0.5907776,0.6110103,0.61805755,0.5731436,0.56343764,0.5592269,0.6007197,0.55092466,0.61849755,0.72055894,0.7352878,0.6025588,0.63422537,0.5798805,0.6235384,0.6309483,0.5731706,0.61626893,0.55329126,0.53753227,0.49755475,0.5604642,0.63099015,0.5657752,0.7002279,0.7931187,0.77717674,0.75143164,0.7902139,0.77357703,0.8031136,0.554318,0.5586372,0.5753864,0.5624856,0.5557542,0.5823492,0.55598193,0.52364594,0.5530932,0.5405232,0.5752687,0.5989096,0.6032093,0.5837336,0.61963713,0.5786782,0.6049405,0.5820579,0.6086313,0.58131665,0.6041383,0.5791962,0.59642184,0.52978015,0.53390855,0.66550493,0.6763705,0.6518332,0.68342716,0.7635699,0.67694044,0.70304245,0.7729983,0.7173409,0.7112136,0.71837705,0.7193427,0.6944366,0.6526139,0.5847692,0.67017835,0.67394054,0.60234046,0.4918821,0.59067374,0.6618173,0.6009333,0.67849755,0.5776288,0.64662844,0.5587235,0.6451427,0.7160512,0.6034941,0.6402245,0.5853027,0.59690064,0.5651066,0.66187084,0.66530424,0.61433905,0.70610034,0.69573975,0.58191264,0.5611822,0.5718573,0.5965223,0.5027553,0.54564154,0.5000059,0.585924,0.5275766,0.50043553,0.56134033,0.56143326,0.58276564,0.62961584,0.53807276,0.5479132,0.58204937,0.6202569,0.63092333,0.6188633,0.6470349,0.6255948,0.6467269,0.58274895,0.5975015,0.48763907,0.52107984,0.64091367,0.65197885,0.5996428,0.5459937,0.67380637,0.60276794,0.64655936,0.6732214,0.5743007,0.57120055,0.59831583,0.59865606,0.6101336,0.51726824,0.5684786,0.6404519,0.64180773,0.6228159,0.67374897,0.72461313,0.6242658,0.5576012,0.5443713,0.67677635,0.78247476,0.7676423,0.5973077,0.58246005,0.6041103,0.6570328,0.5737538,0.5717576,0.59935915,0.613948,0.61182815,0.80504924,0.7086533,0.59866774,0.5855855,0.6615654,0.49056205,0.54048944,0.587919,0.59122646,0.67184705,0.67044824,0.5288383,0.5206685,0.50163627,0.5102771,0.70630515,0.63953996,0.48022297,0.59583825,0.6003235,0.5225707,0.54739684,0.53566045,0.52961344,0.5728842,0.5867137,0.58931875,0.5654082,0.5567662,0.56468993,0.61011964,0.61245984,0.5371041,0.53294,0.5493797,0.5600147,0.5919982,0.5861554,0.5772403
756,0.6034802,0.6234606,0.60227287,0.5859199,0.59434015,0.625949,0.61550176,0.54728085,0.5629597,0.51268315,0.5281287,0.46447033,0.6041953,0.683485,0.6927812,0.6177519,0.5915444,0.5859037,0.6503737,0.6617564,0.6116626,0.6101235,0.604321,0.5241593,0.43613014,0.4688215,0.60643464,0.53258973,0.63722664,0.75140154,0.7278725,0.70250505,0.77282333,0.77101356,0.74388355,0.5926402,0.56127775,0.5639062,0.57496536,0.58082205,0.60825485,0.57466817,0.5458691,0.5483731,0.5132819,0.53935146,0.59180546,0.58805573,0.53511,0.5592889,0.5574741,0.58766323,0.5606393,0.6137427,0.57831454,0.59021443,0.53907734,0.5685053,0.56844366,0.5458929,0.63640094,0.66532123,0.6148732,0.6464787,0.6808496,0.60747355,0.65837705,0.7146436,0.6746683,0.6026427,0.67073184,0.66890675,0.61251396,0.5621401,0.50387126,0.56000865,0.63353133,0.53365386,0.50362694,0.4822487,0.5240178,0.48349386,0.6040133,0.5161711,0.55340964,0.5355921,0.60165566,0.6271686,0.6744453,0.6581671,0.55015796,0.56565934,0.54467535,0.60000664,0.5373136,0.5706574,0.6349262,0.620522,0.58663696,0.5561959,0.5491513,0.5425395,0.5109356,0.5070057,0.52243644,0.54100955,0.5054699,0.46433318,0.48637146,0.565095,0.481222,0.57073206,0.54641074,0.56041324,0.57121676,0.5753654,0.5913322,0.59396565,0.6166959,0.62328404,0.62909216,0.58241045,0.52508426,0.48096815,0.50335914,0.6172369,0.5846449,0.56906277,0.49518055,0.647286,0.5848784,0.69525576,0.59425014,0.5543887,0.5322944,0.5116219,0.5108111,0.57916474,0.5046618,0.526692,0.5940002,0.5731605,0.5602559,0.5981887,0.6265156,0.57639253,0.552626,0.49014378,0.6469084,0.69688094,0.738561,0.5616235,0.5677136,0.5805159,0.6461338,0.6191607,0.6009011,0.63148755,0.6060257,0.5828466,0.7466236,0.6791498,0.5724422,0.5972742,0.6376069,0.5487699,0.5120379,0.56912434,0.45445162,0.683167,0.5564094,0.49832737,0.5073497,0.49334586,0.4834663,0.66898334,0.6611493,0.5237595,0.51515603,0.5514578,0.6048501,0.5605483,0.57078,0.5767375,0.5795326,0.6062889,0.6054982,0.5531553,0.5380042,0.54021615,0.5719799,0.53120905,0.60764986,0.7063743,0.7198487,0.5905092,0.6293037,0.5782419,0.6157494,0.6380609,0.5953972,0.61641884,0.5572155,0.5047145,0.493453,0.54266995,0.6069171,0.5589808,0.6735362,0.8167561,0.7473982,0.7719523,0.80204123,0.76878697,0.80973506,0.5413629,0.55261177,0.56130075,0.56443554,0.54221964,0.57733035,0.5688029,0.5166894,0.54505545,0.51493925,0.52273524,0.6075298,0.58950984,0.5758007,0.58439225,0.56124204,0.6002439,0.5555211,0.609192,0.5792271,0.6028052,0.5703076,0.56985587,0.5130144,0.5203432,0.65425235,0.67134666,0.64420676,0.6694135,0.75343806,0.6596088,0.72359085,0.7915852,0.7343292,0.7334935,0.7523532,0.74042946,0.7007753,0.64101344,0.5752836,0.67340606,0.7056039,0.5790912,0.46762142,0.5491646,0.6352935,0.5696316,0.6801196,0.57179785,0.666769,0.5543013,0.647487,0.7300315,0.61030346,0.6680731,0.6018389,0.5907463,0.5719237,0.66497374,0.63052255,0.60228884,0.69353193,0.7194972,0.5887788,0.55128706,0.56306535,0.57616514,0.48468056,0.5286486,0.5142505,0.56677884,0.5248514,0.4809659,0.54122686,0.5531869,0.5550611,0.6155687,0.5469583,0.5560923,0.5716336,0.61557466,0.6175919,0.6159259,0.6303785,0.6134432,0.61827034,0.5702027,0.59608674,0.47020185,0.52269965,0.61969674,0.6185765,0.5963806,0.53732806,0.69266737,0.611062,0.66768914,0.67657477,0.5829599,0.566396,0.5707803,0.58436424,0.6021839,0.5057791,0.56793356,0.6256978,0.5993254,0.58624524,0.6550357,0.7116832,0.58453727,0.5732914,0.54123837,0.69451386,0.8024812,0.7836534,0.5784368,0.56565905,0.5951053,0.62036914,0.5928903,0.58159214,0.6048953,0.6114408,0.5917027,0.8088053,0.67634094,0.5821679,0.58287764,0.6632425,0.48732087,0.52973247,0.5652116,0.55793613,0.67693615,0.6868675,0.5290511,0.4931076,0.47224814,0.5110032,0.7195495,0.65623,0.47622585,0.5735282,0.5748446,0.5120773,0.53824,0.54295814,0.5299875,0.55999404,0.5747558,0.59363705,0.5666839,0.55206174,0.5600791,0.60480267,0.60276073,0.54209375,0.53119737,0.5410451,0.5538456,0.5743023,0.5756859,0.57308894
757,0.57887316,0.629354,0.5886711,0.5723526,0.58163834,0.61359465,0.60641557,0.54023075,0.552931,0.4926809,0.51328796,0.4525089,0.59724706,0.65618145,0.66795313,0.60753804,0.57269776,0.58110785,0.63383436,0.6597336,0.60608363,0.60212666,0.6104782,0.51608616,0.43865296,0.4571593,0.59934616,0.5403764,0.61598897,0.7521289,0.694203,0.6984074,0.75435406,0.75937766,0.7355425,0.59198135,0.56819284,0.55475193,0.5868586,0.5797814,0.6151656,0.597467,0.5409673,0.5425135,0.51284754,0.51052964,0.59904236,0.5684264,0.51053673,0.52952445,0.55358124,0.59026843,0.5539075,0.61053723,0.5853558,0.5874238,0.5338022,0.5440089,0.55194676,0.5396061,0.61262274,0.6385359,0.5968275,0.6139875,0.6563854,0.5901056,0.67320216,0.7081206,0.67722106,0.62099373,0.68213695,0.65937334,0.60160655,0.53767526,0.5021797,0.56386214,0.65175325,0.5130839,0.5110086,0.4453492,0.5087968,0.46234202,0.59357566,0.51212543,0.5380264,0.52409,0.6176988,0.63400865,0.6725505,0.68086076,0.54950917,0.55264074,0.54609406,0.58774257,0.508327,0.55998343,0.61713207,0.6047142,0.6074568,0.5602279,0.5573027,0.538918,0.5172585,0.51236916,0.55405134,0.5354518,0.5212984,0.4556678,0.47455913,0.5594426,0.44307244,0.54344726,0.567661,0.57441145,0.56401104,0.56943357,0.57490736,0.5849511,0.59573,0.6118838,0.6058854,0.57302415,0.5347162,0.49934247,0.5198436,0.5908055,0.5521528,0.57600236,0.50347227,0.65910447,0.5973117,0.721269,0.59770304,0.56285536,0.5285073,0.49588907,0.5004377,0.55345243,0.51141006,0.5317225,0.5906631,0.54391354,0.532919,0.56978375,0.60571575,0.54059297,0.57066095,0.487688,0.6475509,0.70788836,0.7310455,0.5573544,0.5602146,0.5624291,0.6124055,0.62591106,0.59679645,0.62330323,0.59836996,0.5600769,0.7472878,0.6559762,0.5594148,0.58480006,0.63046473,0.54130423,0.5086276,0.56464106,0.42538822,0.67073655,0.55406886,0.50700736,0.5139815,0.49658042,0.50463223,0.67257327,0.6751687,0.5330908,0.48147434,0.5220164,0.58030766,0.56976146,0.56053126,0.56136614,0.5694597,0.59837645,0.5920447,0.54753375,0.53114986,0.5302363,0.553477,0.52103037,0.59757894,0.68406904,0.6977522,0.5790164,0.6181126,0.57784146,0.6051752,0.63071454,0.6074763,0.61057603,0.5659644,0.49574205,0.50282454,0.52935755,0.5934576,0.56369483,0.6547111,0.8252568,0.7162125,0.7732245,0.80080473,0.7530134,0.8013183,0.5450316,0.5604651,0.5568419,0.581316,0.5414987,0.583333,0.59225947,0.5185787,0.54500437,0.5096815,0.49410066,0.6205487,0.57750934,0.5706336,0.5589991,0.55915034,0.60346735,0.54730034,0.6137931,0.587764,0.6072154,0.56972694,0.54682255,0.5049493,0.51743543,0.6294398,0.65353864,0.6311007,0.64345706,0.7346428,0.6451178,0.73145664,0.7985114,0.738262,0.7468799,0.76892614,0.7477136,0.70260346,0.6300616,0.5689388,0.6732047,0.72659147,0.56477785,0.4619359,0.522748,0.6159442,0.54875296,0.67700994,0.56906176,0.67448646,0.54561573,0.6482523,0.7353121,0.60389227,0.682724,0.60766846,0.5855114,0.57730484,0.65601355,0.6065705,0.59920144,0.6808545,0.731795,0.60482645,0.55773324,0.5680924,0.57487184,0.49253112,0.53534585,0.54378957,0.56012666,0.5391103,0.47032365,0.52623713,0.54949623,0.5229194,0.59486616,0.56278276,0.57505435,0.57294005,0.61609936,0.60950685,0.60865176,0.61482036,0.60205185,0.59676147,0.56297207,0.600174,0.48249078,0.5403313,0.6000034,0.5942963,0.60069966,0.5380613,0.7050891,0.6163213,0.6773963,0.6775567,0.5889847,0.56340176,0.5542583,0.5795907,0.5937921,0.5081181,0.5746665,0.61939377,0.56995064,0.5650195,0.6383604,0.6979522,0.55693036,0.5957239,0.5482319,0.70216733,0.8107625,0.788799,0.566183,0.5535978,0.5854866,0.59349805,0.603976,0.5899475,0.60107505,0.6084298,0.57557046,0.802165,0.6504143,0.57016164,0.575383,0.66077256,0.48213616,0.5318979,0.5625518,0.53181684,0.67281175,0.69593906,0.5299661,0.49323666,0.47371155,0.5339731,0.72506255,0.66161567,0.48431763,0.543444,0.5417525,0.501391,0.53012025,0.5519275,0.53416985,0.5452018,0.56038356,0.5949959,0.56688607,0.5468173,0.55564624,0.5994865,0.5943624,0.5458778,0.5301719,0.5371091,0.5509097,0.55788916,0.56531113,0.56941026
758,0.55807155,0.6337774,0.58307815,0.5643971,0.57398826,0.6019826,0.5964964,0.54858786,0.56140345,0.49137115,0.5170428,0.45771328,0.595441,0.6200302,0.6339208,0.6012853,0.56339735,0.58010113,0.6204746,0.6493516,0.5965725,0.59699726,0.61484563,0.5345601,0.4617667,0.45413208,0.5978549,0.5638823,0.5980522,0.73330617,0.65138966,0.6773327,0.7142167,0.7290128,0.70656604,0.6042946,0.58991826,0.5582482,0.60978884,0.5904228,0.62821406,0.62744945,0.5471535,0.5465861,0.53218395,0.5109969,0.61204386,0.55967236,0.502225,0.5230594,0.5657553,0.60106903,0.56560344,0.61240584,0.60017204,0.59392595,0.53910476,0.5292222,0.5437519,0.54193515,0.5810123,0.59796464,0.57857114,0.5748403,0.62021005,0.57196075,0.673448,0.6857671,0.6647951,0.62651014,0.6761756,0.636274,0.58931965,0.5260851,0.5064439,0.5615486,0.65798926,0.51094496,0.5206951,0.43622434,0.5073126,0.4612916,0.5887808,0.51681525,0.52424055,0.51118505,0.6224042,0.6296322,0.6566606,0.6829023,0.5422079,0.54414976,0.5471816,0.5681321,0.50396174,0.5638544,0.6020109,0.58077407,0.63432026,0.5808956,0.58095455,0.5578806,0.54697144,0.54429364,0.5969373,0.54935026,0.5558882,0.46147227,0.4798777,0.5591219,0.41812265,0.5150324,0.5926989,0.5985466,0.5720526,0.578687,0.5730523,0.57343674,0.5748446,0.59950906,0.5884801,0.5707674,0.5533746,0.5439434,0.5512892,0.5674189,0.53922534,0.58978945,0.5203264,0.65860206,0.60493237,0.72649884,0.59853977,0.5686591,0.52818537,0.49403498,0.509119,0.54320425,0.5340196,0.55222285,0.59753966,0.532903,0.5299178,0.5520222,0.5904535,0.52910864,0.59757465,0.5057849,0.6396291,0.7030759,0.7091591,0.56422085,0.5613758,0.55362886,0.5863082,0.62400204,0.59560996,0.6117279,0.59471554,0.54971343,0.72739017,0.6305993,0.5552006,0.5703851,0.6208902,0.5291886,0.52357334,0.5800424,0.4139899,0.64843404,0.5562362,0.52338195,0.5467755,0.53108037,0.54550874,0.6670682,0.6726883,0.5568833,0.45539573,0.4980291,0.56097037,0.58224666,0.5617828,0.55238783,0.56311905,0.59025794,0.5808299,0.55669934,0.54375947,0.53515524,0.5511809,0.52058214,0.5924292,0.6546916,0.6694196,0.5736298,0.6071035,0.5789873,0.59813774,0.6139111,0.612654,0.6037592,0.5811841,0.51552266,0.5283496,0.52154803,0.59173393,0.57981986,0.64475185,0.81415296,0.681284,0.753904,0.779655,0.7239615,0.7740291,0.56464124,0.58207566,0.56460416,0.60989136,0.55349696,0.5991111,0.6231733,0.5292237,0.5549037,0.52783895,0.49761945,0.63648486,0.5740353,0.57488745,0.55122167,0.57240254,0.6136729,0.5581909,0.61936074,0.60442233,0.6155173,0.5781333,0.5317298,0.50903624,0.52771324,0.5945366,0.62604254,0.6152325,0.6088821,0.704356,0.6332855,0.7246754,0.7891574,0.7258976,0.74729997,0.76430136,0.73816955,0.69691116,0.6208018,0.56464875,0.668495,0.73277336,0.56305283,0.4764536,0.5184506,0.6048503,0.54273444,0.6682301,0.5719682,0.6688435,0.53731,0.64732206,0.72667783,0.5870801,0.6813194,0.6049009,0.5819472,0.57989246,0.6357306,0.59762377,0.60615957,0.66752267,0.729901,0.6250658,0.5779754,0.5855659,0.59248614,0.52859116,0.56581074,0.58390343,0.5684772,0.5689237,0.47348928,0.522084,0.5504501,0.49648455,0.5724295,0.5829782,0.6025083,0.58575445,0.62186533,0.60951626,0.5962608,0.6011508,0.59200674,0.5841832,0.5607057,0.60585195,0.5250905,0.56900775,0.5828237,0.5822347,0.60828805,0.545705,0.7066313,0.6152062,0.67216223,0.6737795,0.5906335,0.56131744,0.5530476,0.5849336,0.5893634,0.52412623,0.58898336,0.62256587,0.5592505,0.56395113,0.6256722,0.68173283,0.54894286,0.620996,0.56714165,0.6982443,0.8028498,0.7789943,0.56660134,0.54912853,0.57897294,0.57730633,0.60891086,0.59958935,0.59380776,0.608715,0.5677179,0.7812005,0.6321668,0.56601816,0.56272024,0.65101516,0.47583178,0.5487777,0.5801193,0.52002645,0.6589319,0.6955237,0.53087056,0.5241937,0.5090818,0.5757683,0.71703774,0.654435,0.50519454,0.513487,0.50904584,0.4926616,0.5246163,0.55996066,0.5397184,0.5308184,0.54539263,0.5924549,0.5651377,0.5418892,0.5513389,0.59322935,0.5874442,0.5472769,0.52964884,0.5384902,0.55136883,0.5449908,0.5562176,0.56645596
759,0.54296666,0.6375338,0.58657837,0.5627021,0.5718905,0.5920599,0.5874106,0.5690242,0.5850196,0.5104687,0.53993744,0.4785732,0.60045815,0.57928216,0.59375507,0.6018867,0.56678706,0.5818269,0.6134157,0.634234,0.58669186,0.5958206,0.61799604,0.5761819,0.5020153,0.45977986,0.60112566,0.5980934,0.5855103,0.6926269,0.60155475,0.64127403,0.6501123,0.6788643,0.657807,0.62518656,0.6223463,0.57375157,0.6374715,0.6090777,0.64400274,0.6581491,0.5634559,0.5594279,0.56758416,0.5374666,0.6266576,0.565131,0.5134888,0.5388222,0.5894802,0.61618847,0.59181935,0.6164285,0.61833495,0.6062342,0.5532888,0.52470636,0.54632163,0.5534089,0.5457748,0.5501582,0.5624329,0.53562427,0.57568115,0.5547851,0.6575813,0.6483286,0.63751346,0.61814505,0.6525933,0.6009215,0.5765511,0.5279693,0.51514655,0.5538208,0.64992076,0.5267409,0.5296893,0.45409974,0.5190464,0.47983414,0.58853996,0.53233564,0.5161674,0.5021917,0.6132562,0.6123348,0.62862223,0.6634536,0.53224236,0.54135305,0.5474635,0.5450878,0.5230669,0.57989186,0.5901006,0.5528165,0.66239065,0.61268836,0.6140148,0.59428805,0.594525,0.59651893,0.64324844,0.5795698,0.602526,0.48421317,0.5039299,0.5638506,0.41378996,0.4934358,0.6185661,0.62995464,0.592476,0.6000661,0.5840314,0.5609704,0.5552348,0.58659434,0.57877535,0.5738142,0.5765628,0.60665536,0.59086907,0.5492088,0.54496473,0.6054638,0.5418417,0.6440675,0.6051625,0.70837086,0.5953519,0.57100993,0.53049755,0.50561506,0.5334884,0.54875255,0.56964904,0.5850496,0.61112714,0.54117996,0.5495385,0.5464608,0.57979774,0.54227626,0.6276378,0.542397,0.623225,0.6800622,0.67173994,0.5827259,0.5724169,0.5558597,0.56779885,0.61588126,0.5992054,0.6014089,0.598219,0.5536476,0.68616265,0.6061171,0.55956864,0.55514365,0.60920906,0.51468706,0.55489254,0.61013556,0.42503968,0.61734575,0.56102747,0.54484236,0.59993064,0.59065,0.5980843,0.64910465,0.65262,0.5908429,0.44364455,0.485928,0.5490203,0.59967834,0.574526,0.5514085,0.56238914,0.5848633,0.57513595,0.5770509,0.57239634,0.5568449,0.56581706,0.5286156,0.59458125,0.62086135,0.636418,0.5774896,0.6006515,0.5817245,0.5991815,0.5942166,0.61441886,0.6003212,0.6026988,0.5615273,0.56797767,0.5192935,0.5997611,0.6042743,0.6419756,0.7790701,0.6427074,0.71294034,0.73241454,0.6811363,0.72523534,0.5947122,0.6135952,0.5839782,0.6432323,0.5748516,0.6211752,0.65559334,0.54760873,0.5743686,0.5658814,0.5311741,0.6510176,0.5819452,0.5897581,0.56198764,0.5966221,0.6276404,0.58423316,0.6221836,0.6246,0.6247551,0.5936895,0.52685106,0.5265097,0.5514082,0.55541354,0.59398055,0.59850645,0.57155186,0.6621381,0.6221258,0.70288134,0.76009864,0.6953575,0.7319121,0.7358456,0.71062523,0.6817034,0.61288327,0.56043077,0.65786415,0.7217375,0.5736226,0.5082576,0.5369067,0.60042334,0.5519105,0.6537859,0.5821415,0.6512129,0.53421545,0.6434916,0.7004665,0.5641643,0.66285956,0.59618556,0.57936245,0.57847506,0.6058955,0.6029343,0.62085646,0.65316284,0.71263057,0.6457185,0.60693026,0.61107814,0.6239711,0.58764875,0.61364144,0.6272602,0.59002423,0.60906863,0.49314305,0.53171825,0.5549378,0.48382404,0.5536505,0.6057384,0.6351936,0.6079458,0.6304729,0.6165495,0.57898134,0.5897672,0.58366495,0.58129406,0.562016,0.60998416,0.590738,0.60156506,0.57020366,0.58322537,0.614941,0.5568707,0.693791,0.6060074,0.6508378,0.66356957,0.587053,0.5594113,0.5670348,0.5982785,0.5911538,0.5505708,0.6090579,0.63421047,0.56798065,0.5816529,0.61715835,0.66178614,0.56228226,0.6445181,0.5959833,0.68249655,0.77508104,0.7515762,0.5817972,0.554392,0.57853544,0.57177025,0.6106688,0.6117365,0.5881088,0.6151791,0.5707862,0.7431435,0.6214232,0.5708501,0.5459102,0.63213944,0.46965176,0.5781937,0.612655,0.52521515,0.636768,0.6839716,0.5309819,0.58063257,0.57368433,0.6277164,0.69173867,0.6347033,0.53646064,0.49181008,0.48432148,0.48800784,0.5227538,0.56486684,0.5441128,0.5194288,0.53189474,0.58598363,0.5614991,0.537993,0.5470164,0.5854672,0.58192515,0.5456969,0.52930325,0.54476374,0.5544745,0.5368676,0.54884773,0.5643861
760,0.5349561,0.64092034,0.597535,0.56685525,0.57528126,0.5853494,0.58110607,0.5942884,0.61581486,0.54569256,0.57605165,0.5095454,0.6109793,0.54248464,0.5555135,0.6085972,0.57964486,0.58512473,0.61306846,0.61789566,0.57824564,0.5989473,0.62119853,0.62962997,0.5506316,0.47164848,0.60700566,0.6352888,0.58210725,0.6349096,0.55382615,0.5961214,0.57010955,0.61555433,0.5968866,0.6470535,0.65763193,0.59774536,0.66203445,0.62936914,0.65917164,0.6821975,0.58653307,0.57780117,0.60920304,0.5797988,0.6367834,0.5817448,0.5379413,0.5689655,0.6166691,0.63002616,0.62415004,0.6187278,0.63490963,0.6188592,0.571608,0.5296826,0.55953985,0.57287115,0.5124263,0.5056511,0.55252284,0.5045247,0.5303837,0.5403974,0.628538,0.6030276,0.5978645,0.5973514,0.6157325,0.56109154,0.56547105,0.5427953,0.5250887,0.5414984,0.6302558,0.5560774,0.5352185,0.493824,0.5402606,0.5146648,0.5942482,0.558315,0.5198749,0.5016743,0.5899418,0.58349395,0.5961752,0.6258005,0.5245881,0.54525334,0.5466448,0.5232796,0.5599723,0.6019718,0.5842062,0.5287457,0.68774533,0.64773214,0.64754844,0.63774264,0.6481882,0.6552381,0.6844497,0.6185421,0.65099216,0.52167755,0.5430435,0.57256365,0.43282896,0.48457333,0.6428476,0.66417015,0.61947286,0.62603754,0.601273,0.550246,0.5393607,0.5746633,0.57818925,0.5802627,0.5989921,0.6721974,0.6301833,0.53851444,0.5646287,0.6187313,0.56326467,0.6176113,0.5976417,0.6676266,0.5896555,0.5703085,0.53467697,0.52740103,0.5666119,0.5661966,0.6106351,0.62228775,0.62627774,0.56487715,0.5838357,0.5546047,0.5764075,0.5741936,0.6546154,0.58940876,0.6028914,0.6408956,0.62520975,0.6085271,0.59152967,0.56792724,0.5578792,0.604343,0.60590076,0.5945747,0.6088895,0.5695465,0.62873703,0.5877718,0.5702575,0.54139537,0.59715927,0.5020226,0.59614307,0.6462551,0.45829782,0.58443046,0.5692265,0.5674165,0.65965414,0.6596828,0.65007836,0.619337,0.6182936,0.6272957,0.4494939,0.4883578,0.5451422,0.6198877,0.59484094,0.5580718,0.56751645,0.58378994,0.5768513,0.601191,0.60831344,0.5905962,0.5918321,0.5417673,0.60289353,0.58840716,0.6039498,0.5890979,0.59847856,0.58502644,0.60805017,0.5771696,0.6141555,0.6016306,0.62667257,0.62157315,0.61334974,0.52033746,0.6126913,0.6306213,0.64386547,0.7181999,0.60531735,0.65422326,0.65758276,0.63034785,0.65868086,0.6255629,0.6472518,0.6106429,0.6724588,0.5990633,0.64416474,0.68199563,0.5709194,0.59945923,0.61205703,0.58149356,0.65816665,0.5977828,0.60890555,0.5849682,0.6235358,0.64040077,0.6166677,0.61912894,0.6425284,0.6317132,0.6122271,0.53259754,0.5549933,0.58493906,0.519065,0.56463194,0.58310735,0.5388598,0.6129709,0.60984594,0.6691023,0.71116996,0.6466017,0.70025784,0.6824758,0.66808575,0.6567884,0.60621387,0.553018,0.64071554,0.69444275,0.5930407,0.5487527,0.57133067,0.5999838,0.5734118,0.63696736,0.59888375,0.6269991,0.53897154,0.6362901,0.65617675,0.5413814,0.62913924,0.5850352,0.577689,0.57285714,0.57005537,0.61870044,0.63760555,0.64035136,0.68205845,0.6645265,0.63777715,0.6378575,0.65998036,0.65508294,0.6659438,0.6654423,0.6191789,0.6511116,0.5271799,0.5545456,0.56127596,0.48855737,0.54280066,0.6289919,0.66887015,0.6353434,0.63782775,0.6259169,0.55903083,0.58166546,0.57783836,0.58722615,0.56526554,0.610467,0.6627491,0.630346,0.56434715,0.5944833,0.6170721,0.567679,0.6652377,0.58911777,0.6158056,0.6482117,0.57901824,0.5574875,0.59102166,0.6154179,0.59745395,0.58072287,0.6300956,0.6498636,0.59138584,0.6100122,0.6140689,0.6412111,0.59113646,0.6616949,0.6286745,0.6579088,0.7263545,0.7082674,0.6074339,0.56874794,0.5841417,0.57560635,0.61090076,0.62380594,0.5851318,0.6270102,0.5834774,0.69016993,0.61756,0.5824581,0.5276058,0.6050539,0.46524513,0.6137833,0.6504269,0.5447856,0.61180806,0.663125,0.5299124,0.6473105,0.6510667,0.67742294,0.6492624,0.6057648,0.5725685,0.4841521,0.473203,0.48870787,0.52506095,0.5655592,0.54563123,0.51375693,0.5225951,0.57673544,0.55695635,0.5356726,0.54277056,0.5769604,0.5781374,0.5414779,0.52891874,0.5543512,0.5590888,0.5340189,0.5434042,0.5634283
761,0.53485197,0.6427568,0.60887724,0.5746864,0.5829041,0.58313274,0.57843435,0.61436373,0.64206326,0.58785856,0.61600894,0.541706,0.6226848,0.5174328,0.5267652,0.6177631,0.5959174,0.58806175,0.6171246,0.6038006,0.5722214,0.60515547,0.6240678,0.67782855,0.5951523,0.48378822,0.61095923,0.6655532,0.58765674,0.56916356,0.51540726,0.54987866,0.48981133,0.5509615,0.53437626,0.6606403,0.6860625,0.62433386,0.67547417,0.64360684,0.6687976,0.69330305,0.6105944,0.5969767,0.6459233,0.6249317,0.6374911,0.60392714,0.56635606,0.60440147,0.63686466,0.63602495,0.65050185,0.61518794,0.64430285,0.62637526,0.5878658,0.54182786,0.5802372,0.59657353,0.48530036,0.47165444,0.5502104,0.4852099,0.49166724,0.5300831,0.590294,0.5577815,0.5493942,0.5652627,0.5709088,0.52505416,0.5562373,0.5659636,0.5311454,0.5241156,0.60274714,0.59216166,0.53511137,0.5460027,0.5635146,0.5591038,0.60569316,0.59099865,0.5377382,0.5103778,0.5536635,0.5461381,0.5669059,0.57575876,0.5228669,0.5558533,0.5444903,0.5054855,0.60524774,0.6226179,0.58490896,0.51292604,0.7047013,0.6758069,0.67072326,0.67377263,0.69314265,0.70226705,0.7116119,0.65592545,0.6890924,0.5663123,0.5885018,0.58261853,0.4713145,0.4893763,0.6619046,0.69415414,0.64556086,0.6478213,0.6174777,0.543065,0.5288197,0.564471,0.5830353,0.58739024,0.61416006,0.72251034,0.65988016,0.53383994,0.5897826,0.62456095,0.57809275,0.5823095,0.58265424,0.6071377,0.5831854,0.5673433,0.5396248,0.55448216,0.6006339,0.5895225,0.64621675,0.65461034,0.6366321,0.5940437,0.62063986,0.5747068,0.58159816,0.61409503,0.67198867,0.6362804,0.58303225,0.5892101,0.5774052,0.63282454,0.6118817,0.5850259,0.5551399,0.59164816,0.6128693,0.5918521,0.6230111,0.5901558,0.5638071,0.57814246,0.58276755,0.53110194,0.58544827,0.495799,0.63783103,0.67625654,0.50702995,0.55706155,0.5807396,0.5858627,0.7083968,0.71732205,0.6876757,0.57920617,0.5760828,0.6581302,0.47077173,0.50374836,0.5489635,0.6382004,0.61354125,0.5696255,0.5771488,0.58698857,0.58506864,0.61949354,0.6382212,0.6272574,0.6214502,0.55571544,0.61321676,0.5634678,0.5780533,0.60322654,0.5983077,0.586859,0.62086606,0.5663119,0.6116281,0.6066263,0.64678174,0.6767661,0.6546923,0.52163815,0.62455267,0.65191936,0.64661556,0.6349995,0.5728066,0.5881109,0.5624609,0.58171874,0.58472764,0.64531887,0.6735868,0.6377703,0.68821865,0.61720085,0.6609464,0.69580597,0.594132,0.62442124,0.65253186,0.6315062,0.6527419,0.6154245,0.62461734,0.61145025,0.642477,0.6455011,0.6432108,0.6075224,0.6519076,0.63231176,0.62863994,0.54720825,0.5882937,0.62120265,0.49098986,0.5441375,0.5714973,0.51648146,0.5642556,0.5962853,0.62865824,0.6464473,0.5829364,0.6544753,0.607861,0.6174326,0.62452394,0.6013229,0.54095,0.6178109,0.65470624,0.6165024,0.5867306,0.6120494,0.6013664,0.6034849,0.6216355,0.61946326,0.6032041,0.5517935,0.62683225,0.59721005,0.52531797,0.5852318,0.5758891,0.57857275,0.56366915,0.5335313,0.6403317,0.6499878,0.6317474,0.64260817,0.6773594,0.66132903,0.6565171,0.6880165,0.71189994,0.7064012,0.68961495,0.64763075,0.6842921,0.56888026,0.5865425,0.5676091,0.5091752,0.5409576,0.6485508,0.697274,0.66098446,0.6388357,0.6317998,0.539142,0.576402,0.5736527,0.5967729,0.56841284,0.6058826,0.7203355,0.6478617,0.5638238,0.6092017,0.6114248,0.57419354,0.6226741,0.56623816,0.5721783,0.6308314,0.5684617,0.55537784,0.61792624,0.63233787,0.6047507,0.6070377,0.6469338,0.66307044,0.61948186,0.63861394,0.617294,0.6244937,0.62531126,0.667135,0.658139,0.62952137,0.65940595,0.65423036,0.6339624,0.5867156,0.59241205,0.5833839,0.60957885,0.6316666,0.58444464,0.6395891,0.6001848,0.6293404,0.61798966,0.59610224,0.51032037,0.5720545,0.4650024,0.64683384,0.6809132,0.5734561,0.5904687,0.6378469,0.5279583,0.7039615,0.7170089,0.71208864,0.5933125,0.57336897,0.60618794,0.4919212,0.4782439,0.49493945,0.5313955,0.56209546,0.54384923,0.51544935,0.5198206,0.56693286,0.5528049,0.5352037,0.53881556,0.5679873,0.5750571,0.5359675,0.52837104,0.56511754,0.5644084,0.535963,0.5403235,0.5632842
762,0.54264724,0.6412651,0.6123383,0.5834492,0.59271765,0.5854848,0.5788396,0.6219753,0.6545891,0.62781066,0.651964,0.5678307,0.6314717,0.5055856,0.5083044,0.6258672,0.61115086,0.5882289,0.6225397,0.5950908,0.569969,0.61206234,0.62437314,0.7087229,0.62708324,0.4914226,0.6082559,0.68126774,0.5949808,0.50256413,0.48490968,0.5088963,0.42158538,0.4938269,0.47767177,0.6600661,0.70199084,0.647566,0.67399645,0.64732844,0.6692202,0.69005996,0.63096946,0.61325854,0.6721154,0.66178113,0.628536,0.62750626,0.5938123,0.6376493,0.64257395,0.63044333,0.6616007,0.60422015,0.64341164,0.6262543,0.59809405,0.5563631,0.60395,0.62058574,0.46606848,0.4484096,0.5517326,0.4748078,0.46270406,0.52443415,0.54584414,0.51510346,0.49790773,0.52388054,0.5222578,0.49544492,0.54646945,0.5885175,0.53037894,0.5022572,0.56932783,0.62687385,0.5298271,0.5978777,0.5812872,0.6028406,0.61720604,0.62422186,0.56353724,0.5252994,0.5095667,0.50504476,0.54190105,0.5204864,0.5270675,0.5704245,0.5410601,0.49199602,0.64752537,0.63676625,0.5870489,0.50216144,0.7089163,0.6888815,0.6769289,0.6920469,0.72038925,0.72641385,0.7202677,0.68310225,0.70896584,0.60936445,0.63096416,0.59034127,0.5190311,0.5038043,0.6734024,0.714103,0.66399866,0.6593714,0.6277654,0.53901553,0.52256274,0.5550199,0.5859169,0.59156424,0.6179059,0.74775535,0.67342407,0.530192,0.61101955,0.6190799,0.5817462,0.54131037,0.56155604,0.53424424,0.57485574,0.5626865,0.5436618,0.58102125,0.6285344,0.6118645,0.6685162,0.67616767,0.6373859,0.61740196,0.64907897,0.5982139,0.5897283,0.6501234,0.67580336,0.6749784,0.5635558,0.52951515,0.52997273,0.64816695,0.62568045,0.6011933,0.5535334,0.5794389,0.6178937,0.5939104,0.63581127,0.607522,0.49932986,0.57364124,0.5923132,0.52419376,0.57278496,0.497962,0.6718606,0.6899078,0.5602384,0.5363449,0.5909033,0.596513,0.7360675,0.7509825,0.7028995,0.53100055,0.5324966,0.6786632,0.50080776,0.5278771,0.5595908,0.6510926,0.6217103,0.58252984,0.5896197,0.5938106,0.59700966,0.6251487,0.6518429,0.65939206,0.6484958,0.5674274,0.6219482,0.54814756,0.56046915,0.61520094,0.59899205,0.58570105,0.6340724,0.56326616,0.60761493,0.61428595,0.6584739,0.7138715,0.68687236,0.52235293,0.63073397,0.664035,0.6449046,0.53977364,0.54343605,0.5263813,0.46353394,0.5418515,0.5139656,0.6466217,0.68749243,0.65938395,0.6859995,0.62325245,0.6669952,0.6954263,0.6132703,0.64517033,0.68009573,0.67030257,0.6341068,0.63121647,0.6350153,0.63472277,0.6459481,0.63879675,0.65449595,0.5871528,0.6497494,0.6236147,0.63964814,0.5659679,0.6197894,0.6539317,0.47361082,0.5338436,0.56467676,0.5054599,0.5207919,0.5831918,0.58638567,0.5737612,0.51355076,0.5995953,0.52386445,0.5657821,0.5894461,0.5977344,0.5275529,0.5916358,0.6080244,0.6386154,0.6147956,0.65069085,0.6027341,0.6362969,0.607838,0.63991797,0.5830566,0.5707991,0.61697155,0.53148246,0.51972055,0.53857976,0.571875,0.58293974,0.55222505,0.5018933,0.662203,0.65470123,0.62544197,0.5984973,0.67985475,0.66989416,0.66046077,0.69961303,0.7478815,0.72516775,0.69539386,0.66779625,0.7008447,0.6102612,0.6213178,0.57251763,0.5398189,0.5456683,0.6610857,0.715449,0.6776684,0.629912,0.63013786,0.5209107,0.5715157,0.5683363,0.6026709,0.5693237,0.5964217,0.75198615,0.6493731,0.56364256,0.6201595,0.5969784,0.57443404,0.57209384,0.5403483,0.52663887,0.61290044,0.55735856,0.55245185,0.64134395,0.6456565,0.6105751,0.62485474,0.656663,0.6686012,0.6419548,0.6598446,0.62331533,0.61130273,0.6554477,0.65750635,0.67977566,0.6008555,0.5815736,0.59432083,0.65308636,0.6011919,0.5997801,0.5866586,0.60665125,0.63353634,0.5872793,0.6480942,0.61487246,0.56824285,0.61733055,0.6075191,0.4953843,0.536042,0.47072208,0.6709363,0.69502825,0.605572,0.5747595,0.61244357,0.52574885,0.7385976,0.75692225,0.7246118,0.5313545,0.5425074,0.6315448,0.5113949,0.4976596,0.50555754,0.54039824,0.5552727,0.5394873,0.5237662,0.5238668,0.55871755,0.55000526,0.53649235,0.5353993,0.55762833,0.57026106,0.53107095,0.5277506,0.5756073,0.5704186,0.5412073,0.54003763,0.56319594
763,0.55608934,0.63366663,0.60331506,0.5897826,0.60095435,0.58965653,0.5796325,0.61489356,0.6495915,0.6568726,0.6767563,0.5842721,0.6330863,0.50517887,0.4985449,0.62830585,0.6210825,0.5837107,0.6248541,0.5904605,0.57033795,0.61582255,0.618308,0.7178591,0.6429445,0.4954448,0.59710646,0.6788877,0.5959769,0.44558868,0.4602731,0.48015618,0.3745476,0.4527261,0.43530348,0.64521164,0.70363474,0.66194576,0.6592563,0.64002764,0.660129,0.67548937,0.6434833,0.62420934,0.6856703,0.68296736,0.6133778,0.6464978,0.61624146,0.6622251,0.63140345,0.61363274,0.653881,0.58757323,0.63272876,0.6179787,0.6017297,0.56893253,0.62504995,0.6397913,0.45731187,0.43644616,0.55419797,0.4702239,0.44579086,0.524507,0.5031665,0.47833955,0.45513946,0.4832566,0.47845218,0.47449562,0.5354972,0.6039871,0.52552146,0.4828375,0.5356372,0.6525289,0.5234535,0.6368155,0.5900629,0.63594073,0.62282175,0.6502253,0.5871095,0.5415113,0.47000617,0.46976927,0.5211396,0.47183928,0.5348432,0.5847767,0.5375769,0.48489434,0.6767105,0.6421317,0.585724,0.49345896,0.69806594,0.682524,0.6652107,0.6891155,0.7271209,0.7246594,0.71025854,0.69459516,0.707719,0.64167416,0.6619814,0.5927264,0.5630381,0.52204496,0.675391,0.71982497,0.67006016,0.6584968,0.63049024,0.53704196,0.51932484,0.5461072,0.5812167,0.5903611,0.6094044,0.74589145,0.6678854,0.5236123,0.6212969,0.6014672,0.5740588,0.50265247,0.5384346,0.46595663,0.56412435,0.55707395,0.54558414,0.60108364,0.64537257,0.62677723,0.6732923,0.6836864,0.626905,0.62666035,0.66195095,0.6160924,0.5941852,0.6724698,0.6656531,0.6997809,0.5455381,0.47317222,0.4864301,0.64955723,0.62745494,0.6105212,0.547708,0.5676062,0.6183745,0.5980195,0.64114285,0.61540926,0.4470005,0.5696693,0.59509206,0.5201127,0.56014514,0.506728,0.69244856,0.6819068,0.60529727,0.5218314,0.5960683,0.5974015,0.7402329,0.7572766,0.69397897,0.48249844,0.4963032,0.6861078,0.53169453,0.5548781,0.574045,0.6550645,0.6147633,0.5924645,0.60131985,0.6013749,0.60766536,0.6164518,0.64560056,0.6806133,0.6667283,0.5746298,0.62515473,0.5417227,0.5504703,0.6203681,0.5988729,0.5805631,0.64284164,0.56531334,0.60229367,0.6218039,0.6585269,0.72791535,0.7058185,0.52432996,0.6281337,0.6640209,0.63533604,0.45412248,0.5157128,0.4812601,0.3839036,0.5153949,0.45808497,0.6298899,0.6878608,0.67093617,0.6677648,0.616418,0.6614895,0.6834328,0.6248053,0.6582413,0.6926345,0.69284606,0.60741794,0.6415143,0.6404315,0.6498091,0.6320836,0.62047267,0.6470941,0.56205976,0.63741577,0.60548246,0.6436838,0.58315796,0.64295125,0.6767719,0.4679409,0.53275865,0.5631996,0.50423,0.48768106,0.57340664,0.5491917,0.50719887,0.4549347,0.54689735,0.45179278,0.52203125,0.55792546,0.59532017,0.5184945,0.5680619,0.56397235,0.65392065,0.62900835,0.6788149,0.6024751,0.6634367,0.59495324,0.654482,0.5678682,0.5907156,0.60867953,0.4737877,0.5245811,0.49932203,0.57350343,0.58968794,0.5411271,0.48158193,0.67777026,0.65138006,0.6181907,0.55678695,0.6694185,0.65956366,0.64893085,0.6928439,0.76075804,0.72002745,0.68337864,0.67443717,0.69775105,0.64210653,0.6501412,0.57484937,0.5718761,0.5531042,0.66407865,0.71949786,0.6800336,0.61152625,0.62061554,0.50664645,0.56536424,0.560278,0.5996889,0.5668135,0.5833734,0.7552887,0.6340191,0.5589225,0.6221439,0.575355,0.56863344,0.5250612,0.5162074,0.48825178,0.5955225,0.5476534,0.5483216,0.65559775,0.65220565,0.61270076,0.63115114,0.6571345,0.66304916,0.6513998,0.66894656,0.6273775,0.5997962,0.67366445,0.6340314,0.6905474,0.5755588,0.50859636,0.5374666,0.659267,0.6062908,0.6027443,0.57944316,0.60098755,0.628893,0.59244746,0.64763165,0.6219602,0.51630783,0.6108334,0.61300045,0.48483863,0.50415426,0.4816923,0.6818777,0.68925905,0.63405585,0.5641985,0.5913433,0.52400005,0.7482689,0.7675902,0.71328354,0.4757457,0.5187846,0.6442452,0.53588855,0.52530026,0.5180365,0.5492292,0.5464942,0.5339737,0.536154,0.5331367,0.5533567,0.5489493,0.5389479,0.53293496,0.54618084,0.56257206,0.5282963,0.52733535,0.58437294,0.57658833,0.5478773,0.5423408,0.56226796
764,0.5697203,0.61770666,0.5818879,0.59003377,0.6025567,0.58994544,0.57628286,0.5946813,0.6275018,0.66869783,0.6850228,0.58987314,0.624214,0.5124228,0.49549562,0.6205384,0.6218157,0.5735422,0.6187856,0.5843009,0.56960404,0.61190283,0.6028142,0.7038983,0.64198935,0.49948418,0.57864803,0.6576015,0.58617157,0.40717065,0.4396172,0.46850446,0.3503479,0.4326428,0.41382182,0.61988604,0.69166917,0.6637559,0.6359163,0.6232004,0.64294285,0.6548358,0.6447942,0.6284597,0.68696034,0.6859966,0.59619296,0.6540977,0.6298548,0.6740528,0.6049157,0.58839774,0.6283852,0.56766075,0.6147443,0.6020808,0.59998035,0.57652634,0.63779485,0.64879763,0.45995128,0.43535793,0.5554753,0.46864706,0.44008824,0.52858025,0.47155473,0.4504729,0.43113315,0.4561328,0.44809625,0.46271968,0.52387637,0.6094646,0.5214035,0.47449142,0.50883245,0.66448975,0.5194901,0.6544816,0.5893401,0.6523079,0.61886305,0.6638193,0.6007701,0.5545686,0.44700968,0.44849676,0.5053077,0.4412635,0.5434696,0.59431314,0.5353158,0.4864783,0.6869778,0.6382146,0.57794636,0.48525888,0.6715512,0.65542144,0.6378266,0.6651344,0.7123935,0.69697946,0.683661,0.6879555,0.68415594,0.65740794,0.6764814,0.58806145,0.59319806,0.5383485,0.66702557,0.7091255,0.6618843,0.64673096,0.6267387,0.5357796,0.51728153,0.53753567,0.56636643,0.5826692,0.5894744,0.7167019,0.6423645,0.51177055,0.6165918,0.57287467,0.5577349,0.47536698,0.51795536,0.41816175,0.55197257,0.5511945,0.544891,0.6104322,0.64925134,0.6301041,0.65947235,0.67663896,0.6059212,0.61824864,0.65629923,0.6235614,0.5904803,0.6754208,0.6445863,0.70874536,0.5314002,0.43227974,0.4516872,0.6351594,0.61524355,0.60804105,0.53455657,0.55531955,0.61260605,0.598269,0.63379264,0.61005485,0.41664645,0.56274855,0.58848727,0.5174324,0.5487953,0.5178837,0.69613826,0.6512066,0.63309485,0.51268524,0.5948435,0.5884683,0.72045934,0.73531646,0.6613464,0.44195434,0.47455275,0.6778567,0.55619323,0.578057,0.5866991,0.6483563,0.5930059,0.59522945,0.60718876,0.6046435,0.6107402,0.59573334,0.6211577,0.68698853,0.6713093,0.57575244,0.6193995,0.54109395,0.54592276,0.61496353,0.5955083,0.57122445,0.6420955,0.5669275,0.59475875,0.624599,0.6460356,0.7174234,0.7091792,0.5298489,0.6155314,0.65029573,0.6177585,0.39631897,0.48816478,0.45925125,0.33593684,0.5032377,0.42440915,0.601519,0.6758773,0.6703208,0.63949656,0.5993739,0.64576715,0.66473156,0.62655157,0.66206205,0.691768,0.6989345,0.58105105,0.642568,0.6408103,0.65405893,0.6035186,0.5937851,0.6224873,0.5376432,0.61860234,0.580363,0.6400205,0.59387577,0.6534275,0.6852724,0.47186393,0.53769284,0.5662335,0.50869185,0.46662623,0.5663903,0.5236333,0.4581061,0.41982782,0.5078877,0.40818593,0.49310663,0.5344528,0.5939748,0.5170972,0.5522492,0.5313998,0.6592369,0.62736416,0.6904958,0.59841925,0.67821795,0.5829822,0.65884537,0.5585544,0.60609514,0.6023927,0.43613216,0.53661895,0.47582963,0.5793572,0.595989,0.53264683,0.4762453,0.6821928,0.6415863,0.6072766,0.5247114,0.6460008,0.630585,0.6246743,0.66899395,0.75001174,0.6916359,0.65732646,0.6654416,0.6741577,0.658146,0.6657526,0.57307583,0.597057,0.55926,0.65670925,0.70716405,0.66658527,0.5876358,0.60659486,0.49804822,0.5566861,0.5487899,0.5855152,0.56038475,0.56707716,0.72979414,0.6031542,0.5465901,0.61204296,0.54853857,0.55788445,0.49203035,0.49759856,0.46361443,0.57958716,0.5404336,0.5428626,0.6579792,0.6507888,0.6091394,0.6245186,0.6480393,0.6456651,0.6442919,0.6643124,0.62690413,0.58845466,0.67521477,0.60264546,0.690134,0.5571992,0.45511827,0.49315757,0.6502484,0.5992017,0.5980041,0.56004256,0.5918773,0.6187348,0.5954188,0.6350527,0.6171283,0.48023388,0.5959846,0.6091328,0.47982782,0.4826356,0.4949605,0.67736125,0.6639255,0.65187645,0.55735207,0.5770178,0.52327186,0.732207,0.7484841,0.678354,0.4353615,0.50632685,0.6414484,0.5585695,0.5521237,0.52902657,0.55451834,0.5375331,0.5284481,0.5482973,0.5438863,0.55078465,0.54891247,0.54126346,0.5312601,0.5343781,0.5517659,0.5279414,0.5269229,0.58898497,0.580748,0.5532774,0.54559195,0.5594929
765,0.5780645,0.5957274,0.55236113,0.5830246,0.59530956,0.5824579,0.5660844,0.5663262,0.5932389,0.66256154,0.67621064,0.5862455,0.60637116,0.52088904,0.4949148,0.60287213,0.61256397,0.5588991,0.60272515,0.5738518,0.5660074,0.59871423,0.5799473,0.6674393,0.6267484,0.5054812,0.5559164,0.6203571,0.5649353,0.38712823,0.4184301,0.47244576,0.3411203,0.42998993,0.4115746,0.59098536,0.6708853,0.6534968,0.61126995,0.600804,0.621262,0.63554144,0.63587016,0.626871,0.67974484,0.6730543,0.5814624,0.6477739,0.63372207,0.672703,0.56877905,0.5598637,0.590841,0.54710096,0.59422326,0.5816895,0.5952481,0.5770416,0.63945234,0.6464482,0.46895853,0.4391978,0.5521789,0.46445864,0.4390217,0.53131276,0.4545719,0.42981723,0.4266335,0.44816145,0.43279544,0.4559855,0.5112747,0.60392344,0.52124006,0.4798785,0.49243093,0.6623779,0.5194214,0.6485798,0.58055735,0.6507762,0.6040954,0.6653923,0.6017261,0.5620844,0.4444554,0.44206926,0.4936186,0.43289754,0.55067945,0.5956367,0.53448886,0.4950175,0.6779044,0.62645537,0.5616527,0.47460473,0.6340207,0.6117612,0.60054994,0.62370825,0.67733294,0.6463729,0.6468174,0.6647242,0.6400856,0.6574027,0.6747741,0.57683045,0.6045184,0.54709566,0.6523503,0.6846623,0.6415711,0.6285456,0.61870056,0.53376603,0.51315635,0.52814823,0.54239446,0.5687505,0.5620368,0.6623688,0.60005414,0.4934761,0.5959941,0.5375729,0.53805536,0.46335104,0.50371844,0.39558876,0.5399651,0.5459342,0.54164,0.60792905,0.6418214,0.6211586,0.6311057,0.65901786,0.5780101,0.5937011,0.6338705,0.6193057,0.57635486,0.6582541,0.6199029,0.7047823,0.52136785,0.41121107,0.4257001,0.6087886,0.59175897,0.59249055,0.51200855,0.54422396,0.6021081,0.59191567,0.61425835,0.59134346,0.40857896,0.550104,0.57241565,0.513465,0.53705937,0.5276134,0.68329525,0.60243946,0.64106804,0.50617194,0.58703613,0.57354975,0.677806,0.6858869,0.60870486,0.41269517,0.46820447,0.6538597,0.56840205,0.59121245,0.5928363,0.6343483,0.56143975,0.58963597,0.6050409,0.6009375,0.60291356,0.5685785,0.58483684,0.6800209,0.6620267,0.57177466,0.6053255,0.5412567,0.5430183,0.5998072,0.5880542,0.5595739,0.63128316,0.5656108,0.5862223,0.6203631,0.62538815,0.68297386,0.6998635,0.5397407,0.5949627,0.625423,0.59428287,0.3686037,0.45782092,0.45751435,0.31571376,0.50026345,0.4105637,0.5716603,0.65636474,0.65939045,0.6104412,0.5774839,0.62425566,0.6468466,0.6208181,0.6591719,0.68301284,0.691967,0.5630584,0.63405704,0.63776934,0.64799535,0.56693363,0.5645988,0.58675486,0.51830417,0.59896034,0.55375946,0.6300611,0.59518605,0.6516609,0.6806278,0.47853425,0.54294705,0.5708446,0.5119997,0.4525298,0.55793804,0.5117746,0.42757854,0.40925613,0.48700508,0.39529115,0.47983798,0.5199106,0.5930091,0.5237122,0.5451318,0.51342046,0.65521157,0.61175114,0.6852264,0.5892281,0.6788809,0.5717387,0.65348697,0.5550654,0.61518985,0.5977298,0.41951045,0.5501939,0.47044402,0.5876061,0.5991113,0.52752477,0.48353818,0.6746558,0.6286752,0.5913807,0.5052578,0.61450154,0.58905846,0.5928489,0.6322115,0.71664613,0.64359254,0.62485236,0.6431958,0.632146,0.6586341,0.66622096,0.5665677,0.60990334,0.56039315,0.6427557,0.6813839,0.6413846,0.5637028,0.592672,0.49430045,0.5443375,0.5337051,0.5616721,0.5502904,0.54853505,0.6766121,0.5612794,0.5263894,0.5895121,0.5197626,0.5448788,0.4768745,0.4858966,0.45311272,0.5658688,0.53615904,0.53616416,0.6500915,0.6436757,0.59995675,0.6075188,0.6333091,0.620116,0.6215543,0.6481186,0.6215651,0.5758029,0.66052926,0.57288754,0.6824205,0.5476484,0.42502666,0.46448818,0.6288479,0.5816287,0.5848718,0.5300836,0.58254457,0.60722667,0.59380054,0.61275804,0.5999832,0.459464,0.5726889,0.5949745,0.47867966,0.4706085,0.50716686,0.6591856,0.62373,0.6554444,0.55202496,0.56919324,0.5238385,0.69053084,0.6995342,0.62360007,0.41074947,0.5051202,0.6240755,0.5736774,0.569121,0.53544617,0.5544394,0.53050727,0.5235368,0.555747,0.5516282,0.5505226,0.54905355,0.5421538,0.529829,0.52239305,0.5381393,0.5296417,0.526075,0.587851,0.58099085,0.5548008,0.54780054,0.5548682
766,0.5787702,0.57361287,0.5202156,0.5705975,0.5812109,0.56801236,0.5505742,0.5362961,0.55460525,0.6427052,0.6543485,0.5768389,0.58480185,0.5237693,0.49142057,0.5797989,0.5964078,0.54281825,0.58005416,0.56161433,0.5607096,0.5790679,0.5558696,0.61403596,0.6030776,0.5131006,0.53235114,0.5749108,0.534356,0.37962592,0.3924951,0.4855637,0.335891,0.43621364,0.42074463,0.56591445,0.64894587,0.6351432,0.5931546,0.57848865,0.60081977,0.6250099,0.62128884,0.6216229,0.6691967,0.64924526,0.5728221,0.629876,0.6294764,0.66090924,0.5308988,0.53397727,0.5498236,0.5287213,0.5771384,0.56147516,0.59028006,0.569877,0.6308353,0.6360144,0.47628057,0.43998343,0.54228395,0.45172405,0.43479857,0.52830774,0.45134065,0.41293368,0.43602943,0.4584004,0.4297972,0.44983265,0.49723813,0.5891027,0.5262409,0.4960817,0.4871706,0.6491177,0.5246944,0.6226128,0.56723064,0.6348919,0.5806137,0.6586478,0.5913685,0.56329125,0.4594866,0.44684586,0.4844033,0.4445049,0.5549594,0.58833337,0.53476316,0.5060088,0.65367687,0.6100121,0.5371872,0.45898852,0.5954442,0.56115717,0.56233895,0.5732168,0.62812,0.58214813,0.61082023,0.63063604,0.5839614,0.64644533,0.66082907,0.5613449,0.5965667,0.54421765,0.63907176,0.6540189,0.61494106,0.60939425,0.608288,0.5301395,0.50392675,0.5169444,0.5130432,0.5508918,0.5342391,0.5926397,0.54993683,0.4692206,0.5625936,0.50255,0.5212178,0.46559238,0.49777955,0.3957603,0.5302168,0.54255825,0.536542,0.59582955,0.6276777,0.6028673,0.5964562,0.637694,0.5490082,0.55811954,0.60042673,0.60422206,0.55306846,0.6251503,0.60031396,0.6932774,0.5141549,0.40792972,0.4053992,0.57783085,0.5631548,0.5672154,0.48032627,0.5374435,0.59096223,0.5814338,0.58817893,0.5629786,0.4162961,0.5303862,0.5501701,0.50603145,0.5224708,0.5339529,0.65851736,0.545955,0.63144773,0.49939516,0.5749766,0.55861825,0.6189294,0.61632544,0.546465,0.3944688,0.47376466,0.6189572,0.56514907,0.5905009,0.5911806,0.61960137,0.5268857,0.5776555,0.5966424,0.5918608,0.58605856,0.54151726,0.5456381,0.6648332,0.6427307,0.5648084,0.5868179,0.5371435,0.53716993,0.57940346,0.5781505,0.5486238,0.6148542,0.56296253,0.5801725,0.61052996,0.60404617,0.63010836,0.68431956,0.5523042,0.5703607,0.5953689,0.5672667,0.36334604,0.42255163,0.46757048,0.31298265,0.49893203,0.40798035,0.5494425,0.6366856,0.64267176,0.5901385,0.55709267,0.60380733,0.6377255,0.6127567,0.6537241,0.67300606,0.67646295,0.5579055,0.61920863,0.634498,0.6346074,0.53064996,0.53944385,0.5483515,0.50693,0.5846532,0.5316469,0.61734194,0.58646995,0.64138544,0.66792905,0.4799473,0.54276645,0.5733558,0.5074005,0.43812576,0.5447634,0.51104945,0.4107627,0.41626742,0.4825654,0.4061473,0.4785305,0.51268184,0.59141916,0.53598505,0.54487014,0.5088632,0.64474916,0.58758014,0.6662635,0.57556725,0.6674967,0.56049347,0.64167726,0.5557407,0.618478,0.59458995,0.4182817,0.5591317,0.4801261,0.5963176,0.59801286,0.5254943,0.49730605,0.6574009,0.61647415,0.57099086,0.49721324,0.5836076,0.5450349,0.5607597,0.59052247,0.66683835,0.58525896,0.596426,0.6136215,0.57973266,0.6477258,0.65383315,0.5565759,0.60825235,0.55380225,0.6292151,0.65049624,0.61254597,0.54447573,0.5819765,0.4929234,0.5283444,0.5157037,0.53240186,0.5378628,0.5303623,0.60431165,0.51694727,0.50086486,0.5580149,0.4935083,0.53271633,0.4776085,0.48070097,0.45303985,0.5554181,0.53512913,0.5285505,0.63573706,0.6349381,0.58788997,0.58551145,0.6187951,0.5930508,0.5875205,0.62517923,0.61148995,0.5607475,0.6344922,0.5535439,0.67307836,0.5457707,0.4140494,0.44878307,0.60103196,0.55823284,0.5663931,0.49382353,0.57812506,0.5999785,0.58969766,0.5874761,0.5745576,0.44828412,0.5424999,0.5735411,0.47837058,0.46297485,0.51604396,0.6332835,0.57766205,0.64512914,0.5458793,0.56648105,0.52542126,0.6290029,0.6270284,0.55988014,0.39780247,0.51197356,0.5975574,0.57690895,0.57066077,0.53566664,0.54923874,0.52709424,0.51980287,0.5564158,0.5535642,0.55222136,0.5494061,0.5412443,0.52832687,0.510336,0.52267116,0.53307086,0.5248418,0.5818525,0.5776308,0.551524,0.54790634,0.54951394
767,0.5719657,0.5562615,0.4885988,0.5552255,0.5638304,0.55011165,0.533617,0.5093247,0.51828367,0.61647403,0.62698513,0.5649508,0.5640849,0.51723766,0.48135665,0.5558667,0.5793007,0.52844214,0.55626947,0.551391,0.5556589,0.5583528,0.53575516,0.5561046,0.5784705,0.5205817,0.51047,0.53164417,0.49843162,0.3775595,0.36046162,0.50006574,0.32610354,0.4424347,0.4321867,0.5485211,0.63283,0.614138,0.5856151,0.56084716,0.5865085,0.6272406,0.6061731,0.614851,0.6605428,0.622174,0.5721505,0.60637444,0.6212694,0.6448221,0.49755782,0.5147884,0.51255906,0.5145223,0.5674917,0.5455219,0.58674204,0.556214,0.6153616,0.6224921,0.4763635,0.4328094,0.52689534,0.42836875,0.42314208,0.51905245,0.45862857,0.39710552,0.45198226,0.4821305,0.4348695,0.4423663,0.48200518,0.5693428,0.5354499,0.51803184,0.49172074,0.630139,0.53573763,0.5851885,0.553551,0.6114061,0.5533852,0.64823556,0.57347596,0.55842066,0.48558128,0.45781162,0.47596407,0.4694154,0.55584913,0.57522696,0.5357963,0.5154537,0.6223714,0.5934674,0.5078154,0.4380961,0.5657828,0.5145259,0.53186333,0.5246147,0.5770379,0.5193433,0.58701897,0.59478414,0.530152,0.63038296,0.6407806,0.5446691,0.5734944,0.52973914,0.6339588,0.6268653,0.5903756,0.5948695,0.59846455,0.52493167,0.48855412,0.5036435,0.48171133,0.53267735,0.51275045,0.5253025,0.50375384,0.44105878,0.5236121,0.4737074,0.5109411,0.47770214,0.49961418,0.4128506,0.52418786,0.5421747,0.5307761,0.5790541,0.6128658,0.5811962,0.5644975,0.619633,0.52425313,0.5183046,0.5644943,0.5812916,0.5248579,0.58494514,0.59174085,0.6805548,0.50837934,0.4166272,0.38753754,0.5486044,0.5357119,0.5382599,0.44300416,0.5362882,0.5839061,0.5715634,0.5621514,0.531373,0.43095756,0.50428575,0.527038,0.49483564,0.50495803,0.5365393,0.6299255,0.49338564,0.60975426,0.49065858,0.562808,0.5481626,0.5582245,0.5432298,0.48966348,0.38466084,0.48605943,0.58255863,0.5474532,0.5764831,0.58263546,0.6101807,0.49404842,0.5620053,0.58524126,0.58114415,0.5654825,0.5188383,0.5107288,0.6477218,0.61987716,0.55553097,0.56764376,0.5260187,0.52524847,0.55836195,0.5697292,0.54061496,0.5992238,0.5616908,0.58001214,0.5992121,0.58819616,0.57172954,0.6696841,0.56329453,0.545382,0.56636983,0.53901523,0.36947435,0.38256735,0.47944403,0.31661808,0.4932463,0.40663064,0.5379466,0.623398,0.625631,0.58324003,0.5424949,0.5901759,0.64196956,0.60670257,0.6489025,0.66751385,0.6589201,0.56586224,0.60347885,0.63505363,0.6196108,0.50057906,0.52243805,0.51394796,0.50411063,0.57928914,0.51729035,0.60598326,0.5695259,0.6276084,0.6533713,0.47178352,0.53400844,0.57108146,0.4916939,0.41875595,0.5271089,0.5158888,0.401209,0.43070427,0.489229,0.42928994,0.4829544,0.50940174,0.5880047,0.5486956,0.5485388,0.51410204,0.631911,0.5609815,0.63954216,0.559156,0.648753,0.5482673,0.6272365,0.5572712,0.61680335,0.5928788,0.42494628,0.55998427,0.49821487,0.6038715,0.59366745,0.52588123,0.51094425,0.6348004,0.60875255,0.54769135,0.49611682,0.56085443,0.5073444,0.53529596,0.5531716,0.61441624,0.530374,0.5811233,0.58413935,0.5300723,0.6309207,0.6335823,0.54574394,0.5938102,0.53932375,0.62237036,0.62470794,0.58908796,0.5333244,0.57676387,0.49114653,0.5100471,0.49581978,0.5016645,0.5252361,0.5149205,0.5314293,0.47942233,0.4739838,0.52465445,0.472477,0.5223717,0.48809332,0.4800038,0.4583411,0.5486147,0.53699374,0.52052885,0.61940324,0.6286114,0.5779571,0.5636227,0.6090095,0.5706463,0.54881996,0.60223967,0.5971661,0.54292434,0.6054894,0.5489001,0.6673937,0.5473725,0.41382357,0.44040403,0.57259417,0.53380316,0.5479292,0.4570512,0.5813065,0.601719,0.58762616,0.5659056,0.54746085,0.43915412,0.50774735,0.55099124,0.4765042,0.45543066,0.5208179,0.6077956,0.5356474,0.6246307,0.53733146,0.5667371,0.5272937,0.5627647,0.5488802,0.5027284,0.39071202,0.52226627,0.5704716,0.56664425,0.556875,0.5301518,0.5404796,0.52739614,0.51763546,0.5511485,0.54956603,0.5552369,0.5503992,0.539091,0.5265387,0.4983186,0.50651455,0.5378977,0.52380323,0.5738895,0.5729547,0.5443525,0.54577416,0.54449886
768,0.55865717,0.54643124,0.45889813,0.53870374,0.5462041,0.5323193,0.51858324,0.48780653,0.48810753,0.5924429,0.6034255,0.5536224,0.54693365,0.5017466,0.46409813,0.53464,0.5676982,0.5180855,0.5361786,0.5455712,0.5531204,0.5419666,0.52211845,0.5077911,0.56003886,0.5261767,0.49171132,0.49925226,0.4613406,0.37426654,0.32358298,0.5099921,0.3077556,0.44224548,0.43910798,0.5387393,0.62657905,0.5956825,0.58789796,0.55018336,0.5800756,0.6419282,0.5946888,0.6085325,0.65831256,0.59965086,0.58008516,0.5854186,0.6152735,0.6320051,0.47209007,0.5039185,0.48296982,0.50566894,0.56591344,0.5366862,0.5854081,0.5386831,0.598123,0.61058885,0.4684166,0.41708326,0.50876665,0.397094,0.40421548,0.50661844,0.47129753,0.38023883,0.46808293,0.51227784,0.44277513,0.43315956,0.4662851,0.5494573,0.5467304,0.5409686,0.5023211,0.6119258,0.55081993,0.5469756,0.54297733,0.5877699,0.5277281,0.6388124,0.55218697,0.5489724,0.51493114,0.4698017,0.46641707,0.49804425,0.5539426,0.56080174,0.5372908,0.5211639,0.5933184,0.5814702,0.47769842,0.4131119,0.55034584,0.4798057,0.5142919,0.48670015,0.53759503,0.4716871,0.5816222,0.56658995,0.49181136,0.6152499,0.62213695,0.52993584,0.543246,0.5080785,0.6399727,0.61107296,0.57557166,0.58965886,0.59354764,0.51883006,0.46811014,0.48883402,0.4504117,0.5171246,0.5010658,0.4767597,0.47065535,0.4117683,0.4872573,0.45377627,0.50790733,0.49354988,0.50646275,0.4388458,0.52150834,0.54510397,0.5254932,0.5631784,0.6026791,0.56253934,0.54241693,0.610249,0.5069168,0.48103198,0.5341307,0.5549045,0.49589217,0.5478308,0.59594005,0.67280746,0.5026013,0.4296329,0.368918,0.52499354,0.5137467,0.5117405,0.40449187,0.5404136,0.58473593,0.5666538,0.54134893,0.50319165,0.44443437,0.4740126,0.50784105,0.48117176,0.4869508,0.5358677,0.60656524,0.4525499,0.5840465,0.47921988,0.5536104,0.5442302,0.51138735,0.48467413,0.45025805,0.37927577,0.5001226,0.5548665,0.52047586,0.55439013,0.56864655,0.6105079,0.46531,0.54498506,0.57397836,0.57247233,0.54680645,0.5021879,0.4832723,0.6352013,0.6010005,0.5442315,0.55072516,0.50869125,0.50711536,0.54046416,0.5677277,0.5369304,0.5899706,0.56398916,0.58826315,0.5917196,0.5818708,0.5231837,0.66232604,0.56852555,0.5228535,0.54330343,0.5119585,0.37575406,0.3399446,0.48536634,0.31692556,0.48035938,0.39886925,0.5350396,0.6200661,0.6132134,0.58850867,0.5350201,0.58571756,0.65929073,0.60499364,0.64690495,0.6704643,0.64745766,0.5846503,0.59325105,0.64357936,0.61006385,0.47906294,0.51464695,0.48678517,0.5082154,0.58286303,0.5114968,0.5993179,0.5481551,0.6155939,0.64274746,0.45497406,0.5170819,0.5633826,0.46648055,0.39374167,0.508255,0.520484,0.39272475,0.44312677,0.500111,0.45245275,0.48640496,0.5061839,0.58194405,0.5568111,0.5531303,0.52404785,0.62138206,0.53742373,0.61288714,0.5418411,0.6288157,0.53467745,0.61407596,0.55623406,0.6117953,0.5923724,0.4322482,0.5535991,0.51667553,0.60978,0.58838564,0.52786404,0.5197842,0.6122529,0.60861963,0.52323765,0.49612755,0.5495448,0.4808128,0.52020764,0.52635103,0.5755273,0.49055034,0.5829087,0.5616235,0.49501374,0.61436754,0.61242795,0.53697944,0.57200843,0.5198897,0.62543315,0.61175174,0.57752335,0.53226924,0.57927823,0.4868304,0.49133894,0.47536078,0.47217616,0.5145504,0.50344527,0.47673002,0.4545582,0.44933543,0.4969492,0.4568439,0.51338005,0.50083697,0.48099408,0.46434337,0.54445803,0.54057616,0.5127529,0.60582983,0.6276213,0.57557064,0.5459233,0.60646176,0.5566246,0.5128866,0.5859946,0.5802842,0.5224849,0.5827279,0.5587684,0.66929024,0.5476622,0.4151265,0.4330409,0.5484121,0.51213276,0.534781,0.42442554,0.59214795,0.61521477,0.5919487,0.5525633,0.52525264,0.42586988,0.47113937,0.533848,0.4722315,0.44618282,0.5217639,0.5903212,0.50461054,0.60012597,0.5261316,0.5672408,0.52894104,0.50984395,0.48629227,0.4641141,0.3838551,0.53160816,0.55112034,0.54504985,0.5333165,0.5211689,0.5304168,0.5300773,0.5169112,0.5425399,0.5415651,0.55861145,0.55215394,0.5366133,0.5242291,0.48659113,0.49085364,0.5434694,0.52355075,0.5673797,0.5696788,0.53506166,0.54180187,0.54028153
769,0.54080373,0.5459733,0.43305317,0.52291006,0.53094697,0.5177233,0.5078569,0.47272706,0.46566817,0.578154,0.59180254,0.54635227,0.53566355,0.4808947,0.44175503,0.51987946,0.5663817,0.5132872,0.52343404,0.54604954,0.5560983,0.53381884,0.5167663,0.47763583,0.55281925,0.52939296,0.47699642,0.4821874,0.426748,0.3656027,0.2854038,0.5124433,0.2817701,0.43324092,0.4385494,0.53450924,0.6305338,0.5834474,0.5959878,0.5463472,0.579962,0.6646544,0.5894315,0.6044363,0.66458726,0.58654,0.5954336,0.5750432,0.61730117,0.6278651,0.45539162,0.5007338,0.4623413,0.5021815,0.570178,0.53585935,0.5868079,0.5209704,0.58429694,0.60368174,0.45511925,0.3956641,0.491019,0.36372644,0.38159156,0.49612403,0.48427144,0.36188877,0.4801592,0.54169184,0.4489883,0.42310157,0.4513332,0.53388673,0.55857384,0.5615485,0.51447177,0.60003614,0.56752723,0.5171628,0.53840256,0.5708142,0.50812966,0.634482,0.53160876,0.53801167,0.54095536,0.47889426,0.45464742,0.52105117,0.55069107,0.54952157,0.53898776,0.5225428,0.5740045,0.5767797,0.45069173,0.38669083,0.5491494,0.46020493,0.5099201,0.46344,0.5177646,0.44562447,0.59350693,0.5521038,0.47512653,0.60643095,0.6117611,0.51968104,0.5147482,0.48551416,0.65581924,0.6100739,0.573928,0.5953491,0.5968318,0.5129497,0.44514972,0.47397754,0.4213465,0.5058934,0.4997885,0.45390335,0.45470795,0.38443774,0.45933715,0.44319436,0.5114348,0.5076607,0.5149693,0.4654813,0.5210327,0.55075336,0.52161354,0.5526972,0.60037243,0.551366,0.5345552,0.61214864,0.49837855,0.45168328,0.51427156,0.53019464,0.46926418,0.5216047,0.61059874,0.6741354,0.4959735,0.4404083,0.3479953,0.5097825,0.4998838,0.49238443,0.3685024,0.5499387,0.59527653,0.57015616,0.5298868,0.48333335,0.45150134,0.44303513,0.4955134,0.4672125,0.47177124,0.5327804,0.59481466,0.42615938,0.563035,0.46584103,0.5489147,0.5472099,0.4869508,0.4503617,0.43277,0.37506998,0.5120706,0.5423741,0.4918211,0.5314382,0.5514051,0.6232088,0.44272828,0.5291257,0.5659015,0.56895465,0.5344456,0.49167645,0.46354392,0.6326414,0.5925392,0.53293556,0.5392229,0.4885463,0.48499998,0.529446,0.576109,0.53861135,0.5908762,0.57212687,0.6065504,0.5930342,0.5876703,0.49427703,0.66618043,0.56635976,0.50505763,0.5295102,0.488094,0.37403572,0.29812425,0.481561,0.30822054,0.4605249,0.38161308,0.5366169,0.62663496,0.6083037,0.6008148,0.53357786,0.5892773,0.68481493,0.6082124,0.6489869,0.68255883,0.64798164,0.6097965,0.5939941,0.6620914,0.61118525,0.46580616,0.51452804,0.46753013,0.5157288,0.59234,0.51346225,0.59890234,0.52697515,0.60955364,0.6399227,0.43366492,0.49489957,0.5512906,0.43671715,0.3657717,0.49273336,0.5209372,0.38096926,0.44731352,0.50894636,0.46638617,0.4842106,0.50007385,0.5733107,0.55847895,0.5562145,0.5335122,0.6169893,0.5212899,0.5938897,0.5256962,0.61371374,0.52046365,0.6056873,0.5506537,0.6060866,0.5930319,0.43486962,0.54316753,0.5284468,0.6143532,0.58482236,0.5304544,0.52172863,0.5946165,0.6168367,0.4992512,0.49249718,0.5490598,0.46652716,0.5150869,0.5115765,0.5597991,0.47055507,0.5992795,0.5503803,0.48001045,0.6037469,0.59732586,0.5323772,0.5496205,0.49992335,0.63794285,0.61446595,0.5796063,0.540789,0.59017336,0.47907287,0.47395495,0.45605043,0.44633698,0.50729245,0.49646804,0.4489529,0.443944,0.42944568,0.47960764,0.44587442,0.50570637,0.5095792,0.48134205,0.4675908,0.54139763,0.54441875,0.50596416,0.5992737,0.6330131,0.58424294,0.5356794,0.61193025,0.5525995,0.48593542,0.5804748,0.56329,0.5000898,0.5728814,0.579188,0.68002445,0.5435159,0.41112283,0.4219581,0.5328953,0.49637604,0.5306928,0.39827982,0.61021286,0.64031744,0.6057575,0.55030406,0.5127541,0.40581182,0.43585244,0.5265253,0.4662044,0.43517864,0.51964194,0.58519596,0.48687518,0.5783894,0.51320547,0.5655753,0.530282,0.48088124,0.45093256,0.44799376,0.37331977,0.5369701,0.5444007,0.5173616,0.50796056,0.5118253,0.52136725,0.5334918,0.51705164,0.53383404,0.53246236,0.5616548,0.5546785,0.5347255,0.5213363,0.47581804,0.47699106,0.5487954,0.52430403,0.56492,0.5696416,0.5256827,0.53678,0.53707474
770,0.5220381,0.5555057,0.41383535,0.5104107,0.5205668,0.5089638,0.5031005,0.4637736,0.45082664,0.57795644,0.5961921,0.54644656,0.5321864,0.4604351,0.41917086,0.5148846,0.57703817,0.5147932,0.5203345,0.55442107,0.5669193,0.535489,0.52161837,0.46644825,0.55844504,0.53109574,0.46751574,0.4808547,0.39959198,0.35232297,0.25167105,0.5078168,0.2536892,0.41783735,0.43169236,0.53274643,0.6412587,0.5793359,0.6038934,0.5464247,0.5820204,0.68766445,0.590654,0.6040016,0.6778732,0.5844934,0.61414987,0.58017206,0.62989384,0.6343276,0.4462408,0.5022009,0.4500169,0.50225115,0.57590854,0.5412943,0.59110457,0.50775117,0.57773525,0.603336,0.4410718,0.37450126,0.4775821,0.33569482,0.36110958,0.49277815,0.49493325,0.34498632,0.48666152,0.5651408,0.45201674,0.4155597,0.4396035,0.5271365,0.5704906,0.57784736,0.5251479,0.59828025,0.5840005,0.5022405,0.54229945,0.5665957,0.49904945,0.63843536,0.51713735,0.5302707,0.55967253,0.48334983,0.44237003,0.53240246,0.5485482,0.54501766,0.5406534,0.520501,0.5691621,0.57964736,0.4312299,0.36418942,0.5577981,0.45448205,0.5140134,0.454102,0.5174921,0.4399035,0.6147952,0.5525817,0.47896203,0.60736734,0.6135122,0.5154748,0.4956051,0.46810123,0.6763911,0.6221563,0.5838289,0.6097743,0.6089403,0.50883514,0.4233349,0.46129292,0.3978321,0.4997963,0.5073265,0.4543903,0.45543975,0.36243138,0.44271266,0.44121495,0.5202903,0.51695687,0.52225775,0.48617333,0.5225251,0.55781883,0.51992434,0.55052567,0.60739964,0.55009943,0.5416147,0.62436986,0.49890152,0.43364576,0.5067558,0.51342684,0.44897383,0.5107526,0.63003534,0.6852899,0.4898871,0.44608447,0.3274605,0.5045793,0.4954214,0.48289108,0.33885032,0.5654486,0.6148095,0.58362925,0.5305596,0.474095,0.4512243,0.4168682,0.4909227,0.45578936,0.46284938,0.5285585,0.5964905,0.41328055,0.5537815,0.45419076,0.5502303,0.55586827,0.4842577,0.44030136,0.43522534,0.37101611,0.51944417,0.545804,0.46991012,0.51410437,0.5344708,0.64771575,0.4283006,0.51748455,0.5635346,0.5725178,0.5310932,0.4861124,0.45025358,0.64192337,0.597646,0.5254855,0.5358871,0.470336,0.4628122,0.52803576,0.59566057,0.5459964,0.60298795,0.58786416,0.6340171,0.60569316,0.6057882,0.4864027,0.680832,0.55825937,0.49402925,0.52652174,0.4694163,0.3618399,0.26183614,0.46850458,0.29037446,0.4371919,0.35696697,0.537887,0.63943964,0.6111446,0.6126838,0.53483164,0.5966272,0.7103912,0.61511487,0.6550439,0.700757,0.6612156,0.63442403,0.60775244,0.68801695,0.624252,0.45856166,0.5180612,0.4551001,0.5216221,0.6022878,0.5206691,0.6041903,0.51077163,0.6114321,0.6455525,0.41313007,0.47208953,0.5370134,0.40918076,0.33995444,0.48436496,0.5161131,0.3649523,0.4409018,0.51145566,0.46693048,0.47547007,0.49007225,0.5634071,0.5549366,0.5560989,0.53845924,0.6204773,0.5151527,0.587693,0.5132941,0.6083574,0.50781715,0.60460365,0.54105824,0.60290354,0.5950879,0.43055838,0.53256536,0.52914715,0.6181056,0.5851101,0.5324899,0.51691383,0.5856107,0.6308743,0.47807327,0.48340768,0.5559244,0.46264517,0.5154572,0.50630707,0.5667294,0.4680751,0.62169605,0.551102,0.4839444,0.6027879,0.59290075,0.53264153,0.53252536,0.4838192,0.6557361,0.63023025,0.5922245,0.55511636,0.6071882,0.46864194,0.4595168,0.44002706,0.42657718,0.50409013,0.4939987,0.4466704,0.44597268,0.4160428,0.47376552,0.43879798,0.50025773,0.5103459,0.4797409,0.46611342,0.5386926,0.5472758,0.5010858,0.60257953,0.6440065,0.6039694,0.5348609,0.6244636,0.55877066,0.47157198,0.5861485,0.5491366,0.47824934,0.5783476,0.60297567,0.6975279,0.5345642,0.39947772,0.40602735,0.5289084,0.4888865,0.53666407,0.37976006,0.63451266,0.67291933,0.6293399,0.5599282,0.5119304,0.38105828,0.40616828,0.5302213,0.46001273,0.42356217,0.5155985,0.59207255,0.48060265,0.56492966,0.5010565,0.5606204,0.5314033,0.47642422,0.44286925,0.4515655,0.35762742,0.5371078,0.5506799,0.49103412,0.4885288,0.50530803,0.5152801,0.53640527,0.5173734,0.5285641,0.52551955,0.5643598,0.5583263,0.5342056,0.51816624,0.46714705,0.4662649,0.5528026,0.52583176,0.56758326,0.5733087,0.51852643,0.5319214,0.53515893
771,0.50746334,0.57335645,0.4038874,0.50408435,0.5172757,0.5080479,0.5053368,0.4594988,0.4423276,0.591632,0.61514515,0.5552022,0.5366847,0.4472411,0.4032312,0.5204732,0.59719276,0.5226289,0.5269725,0.57028663,0.58499545,0.54599434,0.5375623,0.46958137,0.5745625,0.53240955,0.46484753,0.49289235,0.38614437,0.33992317,0.22880994,0.49961847,0.23176828,0.40273377,0.42324418,0.53002197,0.6527289,0.583694,0.6055297,0.5460466,0.58144456,0.70265263,0.59647715,0.6081107,0.69356173,0.59249806,0.6305479,0.59990036,0.6503636,0.65005153,0.44242024,0.5044974,0.44403195,0.503606,0.5782791,0.549861,0.5978861,0.50414914,0.5803175,0.60926855,0.4317518,0.36150116,0.4730936,0.32050467,0.349547,0.50035214,0.503459,0.3353379,0.48858383,0.5796892,0.4538192,0.41585216,0.4347909,0.53284293,0.5821829,0.5888532,0.53344494,0.6084159,0.599005,0.50596005,0.5558712,0.57925904,0.5045211,0.65183187,0.51513636,0.5309553,0.5696257,0.4838711,0.43438244,0.53064364,0.5505372,0.54942966,0.54203856,0.5173912,0.58038145,0.58837074,0.42437837,0.35281825,0.56924605,0.45874342,0.51933473,0.45494077,0.53053993,0.4481003,0.6344884,0.56531215,0.49720335,0.61830896,0.62716067,0.51799697,0.49113384,0.461009,0.6946505,0.6414602,0.60079545,0.6287697,0.62790126,0.5082121,0.40696466,0.45375198,0.38356844,0.49951804,0.52058417,0.47017038,0.4692883,0.34903547,0.43827087,0.44672093,0.5325635,0.5210391,0.52655256,0.4972435,0.5269145,0.5646058,0.5210848,0.55796325,0.62353915,0.5594759,0.5605195,0.6430095,0.50790703,0.42818272,0.5108797,0.5111245,0.44072327,0.5163747,0.64781547,0.7037136,0.48796406,0.44774145,0.3137994,0.5085415,0.4999938,0.48389387,0.3199451,0.5862482,0.6399519,0.6048687,0.5432804,0.4750821,0.44682777,0.40231577,0.49373147,0.44992408,0.46320662,0.52504146,0.60940504,0.41129676,0.5598809,0.45033944,0.55917287,0.56711334,0.4961789,0.44854358,0.4515275,0.36859122,0.5215007,0.5608999,0.46221092,0.50718236,0.5224062,0.6789952,0.42312565,0.5129805,0.5679763,0.58300155,0.5374424,0.48334816,0.441516,0.6600234,0.61503565,0.5259593,0.54113,0.45911804,0.445784,0.5360249,0.62222785,0.5583299,0.62322414,0.6100006,0.66577417,0.62771046,0.63261116,0.49451604,0.70144904,0.5480904,0.49136242,0.5340133,0.45829222,0.34301934,0.23630355,0.4508423,0.26877505,0.4168211,0.33164603,0.5341462,0.65221757,0.61971664,0.61633205,0.5344407,0.6021137,0.7276037,0.62310976,0.66374177,0.7191898,0.6819503,0.65130514,0.6310665,0.71416855,0.6457722,0.45447594,0.5205174,0.4474876,0.5218063,0.6067301,0.5299371,0.61313343,0.50403255,0.6204242,0.65710586,0.39890188,0.45476475,0.52410424,0.39122903,0.32270682,0.48557964,0.50775754,0.3478352,0.42592353,0.5064258,0.45576468,0.46332785,0.47803205,0.55514127,0.54939777,0.5523572,0.53700566,0.6314079,0.51977926,0.59577173,0.50784856,0.61567914,0.50019825,0.6117923,0.5307911,0.6052084,0.59877414,0.42089862,0.52585167,0.5184451,0.6215679,0.5903111,0.5331046,0.5077492,0.587415,0.6457637,0.46343413,0.4707789,0.5652254,0.46575236,0.5151797,0.50588554,0.5876887,0.476096,0.6391881,0.56134504,0.5012102,0.6122942,0.600349,0.53725183,0.52505404,0.47552767,0.6724853,0.6521493,0.60959274,0.5701283,0.6259118,0.45789903,0.44995975,0.43003657,0.41511044,0.5049238,0.49592108,0.46234366,0.45737156,0.41006684,0.47758257,0.43554628,0.49877754,0.5024854,0.47623402,0.45981488,0.537057,0.5483796,0.49929395,0.61621696,0.65855664,0.6304878,0.5437313,0.6415917,0.57381546,0.47027984,0.59990627,0.5413818,0.462117,0.5964429,0.62241566,0.7172345,0.5234196,0.3830383,0.38841996,0.5360151,0.49050066,0.5503617,0.3697773,0.6618918,0.70556206,0.65828705,0.5786843,0.521235,0.35801548,0.3871092,0.54300594,0.4555841,0.41383818,0.51118004,0.60676026,0.48170736,0.56323385,0.49374586,0.55328393,0.5324276,0.48992676,0.45498294,0.46803102,0.3386971,0.5325792,0.5663228,0.4746709,0.48110718,0.5042623,0.5137545,0.5381232,0.51758844,0.5300454,0.5238863,0.56716734,0.56354135,0.5354733,0.5154964,0.4622602,0.46013358,0.5546242,0.52757,0.5750443,0.58015054,0.51595074,0.52877223,0.53478867
772,0.5022029,0.59528303,0.40434968,0.50589556,0.5222872,0.5159438,0.51502395,0.45765713,0.43810853,0.6144582,0.64253163,0.57095724,0.54653406,0.44699678,0.40040293,0.53344864,0.6207284,0.5361841,0.5408218,0.5901363,0.60628074,0.5625134,0.5624386,0.4803892,0.5959129,0.53417355,0.47016627,0.51417893,0.39138237,0.33585438,0.22193019,0.49325278,0.223782,0.3964424,0.41972136,0.5233525,0.6588081,0.5951186,0.596991,0.54178023,0.57538414,0.7041787,0.60420275,0.61686367,0.7060875,0.607273,0.64022595,0.6270398,0.6717001,0.6713043,0.44165698,0.50524634,0.44155633,0.5054879,0.57436043,0.5593001,0.6062642,0.51395446,0.59157455,0.61966604,0.43238166,0.36434373,0.48168224,0.32409644,0.35294917,0.5202157,0.5121779,0.33928782,0.4896993,0.5853678,0.4587921,0.42894334,0.44081116,0.55210114,0.59331644,0.5950506,0.54033816,0.62956667,0.6122757,0.5286775,0.578111,0.60862345,0.5260895,0.6724402,0.5297794,0.5431571,0.5722121,0.483652,0.4364375,0.51924473,0.5588162,0.5625171,0.5430577,0.5167962,0.60521704,0.60055053,0.4343537,0.35887104,0.5765709,0.46823353,0.5203028,0.4610412,0.54813176,0.4615224,0.6439389,0.585065,0.52147686,0.63582635,0.64865285,0.5266739,0.50352556,0.46772653,0.70468324,0.66036534,0.62022775,0.64858913,0.65039456,0.512341,0.3999426,0.4543634,0.38105503,0.5056793,0.53604853,0.49084052,0.49063453,0.34673378,0.44564247,0.45854533,0.54584783,0.52212256,0.5277464,0.49931607,0.53537875,0.5696348,0.52541643,0.57434386,0.64664036,0.5783756,0.5852727,0.6630461,0.52410036,0.43417275,0.5238691,0.5271401,0.4498107,0.53592455,0.65975314,0.724694,0.49423453,0.44939542,0.31428152,0.5175919,0.5113103,0.494352,0.31590623,0.60910404,0.665659,0.6278026,0.563926,0.48384497,0.44419274,0.4048103,0.50333166,0.45167062,0.47458163,0.52380854,0.62886953,0.41673362,0.58010787,0.45997155,0.5762467,0.57658654,0.5131181,0.46651497,0.47369063,0.37126678,0.5197402,0.58076924,0.47304264,0.513539,0.5193698,0.7088282,0.4263674,0.5170832,0.57833606,0.5981421,0.5523487,0.4809459,0.43525347,0.6801815,0.63951063,0.5364822,0.5518845,0.4585883,0.43898576,0.54928356,0.64779395,0.5738314,0.6447493,0.63343894,0.69440705,0.65290815,0.6610173,0.51067066,0.7212037,0.54079926,0.49729294,0.5498748,0.45685536,0.32606694,0.22586612,0.43620166,0.25212333,0.40707514,0.31445903,0.52184033,0.65843827,0.6306114,0.60625297,0.5291454,0.6014036,0.73109704,0.6294609,0.67317605,0.73160577,0.70155275,0.6562262,0.6557718,0.7323137,0.668863,0.4513061,0.5190361,0.44234455,0.5161055,0.6019296,0.53920233,0.62328315,0.50960493,0.63317657,0.6701409,0.39605445,0.44944572,0.5172819,0.38899258,0.3199134,0.4975537,0.5001631,0.33623573,0.40923485,0.4968768,0.44020814,0.45379493,0.4688389,0.55260426,0.54592764,0.54678476,0.53046626,0.64772534,0.5341375,0.615587,0.5126089,0.63505983,0.50131214,0.6259645,0.52472776,0.6142731,0.60428226,0.41137037,0.5266075,0.5007976,0.62516886,0.60002685,0.5324179,0.4990333,0.5997367,0.65676475,0.45970115,0.45983478,0.5723482,0.47210345,0.5102757,0.5060525,0.6108871,0.4863358,0.64379984,0.57661766,0.5241018,0.62967056,0.6172614,0.5448857,0.52978146,0.47795728,0.68257165,0.6718029,0.62613934,0.58247364,0.64219755,0.44999635,0.4474037,0.42890948,0.41323522,0.5093875,0.50233364,0.48561946,0.47440255,0.41137168,0.48740643,0.43709904,0.50318307,0.48974997,0.4724652,0.45103306,0.538378,0.547713,0.501622,0.6375317,0.67409265,0.65682554,0.5605406,0.6599152,0.59462494,0.47941402,0.61628,0.5433462,0.45792425,0.62020665,0.6326727,0.7341195,0.5147149,0.368893,0.375453,0.54969454,0.49991715,0.56725365,0.36894208,0.6867673,0.7306921,0.68453836,0.6002552,0.5362658,0.3447632,0.38269052,0.5609282,0.45454544,0.4098013,0.5078075,0.623437,0.48604253,0.57419956,0.4954612,0.5467335,0.53353375,0.51167214,0.47696882,0.4891998,0.32208437,0.5256788,0.58525646,0.47539946,0.48912972,0.5099007,0.51779085,0.53818244,0.5178656,0.5404858,0.5299148,0.5705926,0.5704113,0.5384586,0.51451933,0.46296832,0.45995018,0.5540344,0.5290907,0.5862661,0.5894704,0.51949656,0.52870965,0.53596365
773,0.50961125,0.6157076,0.41413626,0.51590437,0.53506976,0.5319894,0.5316725,0.45600268,0.43581128,0.63958114,0.6706609,0.59048164,0.5572557,0.46210968,0.41442218,0.54781216,0.6410933,0.55388075,0.5579493,0.6088404,0.62521154,0.58145523,0.59031403,0.49317443,0.6171082,0.5378622,0.48347273,0.53954065,0.4168255,0.34637237,0.23421477,0.49399942,0.23499344,0.40605575,0.42713472,0.51167023,0.6560525,0.61060506,0.5784649,0.5327599,0.5645834,0.6915485,0.61173344,0.6297326,0.7118992,0.6251994,0.64211935,0.6519106,0.6868652,0.6940403,0.44185647,0.50416815,0.43976605,0.50863826,0.5645959,0.5691452,0.6152714,0.53745306,0.60877526,0.6319317,0.44641104,0.3881022,0.50537676,0.34938237,0.37458754,0.5501602,0.52459604,0.36115462,0.49572045,0.58588517,0.47177103,0.45677942,0.4599971,0.58302194,0.6041813,0.59937567,0.54799867,0.6581477,0.62482303,0.5662801,0.6058244,0.6487965,0.561116,0.69526666,0.55992275,0.5658647,0.5719464,0.48713654,0.45249146,0.50569636,0.5732716,0.5813321,0.544058,0.5226567,0.637768,0.61454237,0.46280152,0.385332,0.57561827,0.47828978,0.5153584,0.46785802,0.5625677,0.47219178,0.64006877,0.60565513,0.5436434,0.65429175,0.67172337,0.53920746,0.5308161,0.48843804,0.7038424,0.67241126,0.63867414,0.66709846,0.673455,0.52133465,0.40453854,0.4645424,0.39059266,0.5180761,0.5507864,0.5069582,0.5127623,0.35639772,0.46317562,0.47505498,0.5582231,0.5246454,0.5272718,0.49734685,0.54826236,0.572307,0.53253955,0.5966191,0.6730927,0.60379404,0.6089222,0.68033105,0.5456275,0.4485317,0.54234475,0.5603835,0.47825336,0.56432956,0.6646732,0.74343324,0.5113007,0.4564128,0.33425933,0.52595735,0.5257941,0.5118477,0.32923776,0.6290125,0.68728095,0.645663,0.58565456,0.49714017,0.44966468,0.4262982,0.5185566,0.46104902,0.49645165,0.5249519,0.64918566,0.42537078,0.6086308,0.48548034,0.5999906,0.5803581,0.52686554,0.48550725,0.49406376,0.38271627,0.5178559,0.5984734,0.5018273,0.5332848,0.5276758,0.72955275,0.43509713,0.5289885,0.5920828,0.6146992,0.5731002,0.4771642,0.42963606,0.6955472,0.66435724,0.5560012,0.5631125,0.46999753,0.44564125,0.5614904,0.6649936,0.58992296,0.6604233,0.6519971,0.7135453,0.6742727,0.6830986,0.52736384,0.7344729,0.5409662,0.5102613,0.5702937,0.46659586,0.32033053,0.23341969,0.4323876,0.24855152,0.41419482,0.31293693,0.50034845,0.6543079,0.6405095,0.5817467,0.5182263,0.59366333,0.7201418,0.63251895,0.68164366,0.7345003,0.7134989,0.6497289,0.6734941,0.7375198,0.68738014,0.447763,0.51369303,0.43770757,0.5082061,0.58837974,0.5480041,0.63279986,0.5272122,0.6450139,0.68027455,0.40790972,0.46073624,0.5209422,0.40544426,0.33483163,0.519511,0.49879402,0.3373572,0.40028733,0.48939443,0.4303299,0.4532998,0.46858475,0.5592711,0.5481082,0.54327464,0.52331436,0.6666405,0.555002,0.6414789,0.529151,0.661707,0.51368505,0.6438464,0.52698785,0.62878317,0.6120197,0.40899217,0.5370038,0.4841156,0.62917787,0.612299,0.53153884,0.4965762,0.61989784,0.6622064,0.47021303,0.45691666,0.5743757,0.47816765,0.5008069,0.50483227,0.6268143,0.49257538,0.6334979,0.5916347,0.54502803,0.6497174,0.6383674,0.5536738,0.54684436,0.4917054,0.68316805,0.68227553,0.63801754,0.59180456,0.65437,0.4477191,0.45329782,0.43802252,0.42069042,0.5166783,0.51321024,0.50641406,0.49311385,0.4187582,0.499369,0.44432664,0.51439357,0.47922406,0.4709413,0.4439308,0.54473627,0.54613656,0.50811666,0.6613962,0.68852675,0.67687064,0.5813928,0.6760466,0.6170091,0.49450514,0.63063496,0.55685747,0.4703457,0.64219254,0.63270223,0.74483865,0.513206,0.36527526,0.37399465,0.5632925,0.51391256,0.5828238,0.377166,0.70329183,0.74399585,0.70086133,0.6176717,0.5518317,0.3477924,0.39474154,0.5794958,0.45755896,0.4152854,0.50597125,0.63674456,0.49070838,0.59548664,0.5086555,0.5455405,0.5348334,0.53242135,0.49865893,0.50772715,0.3144322,0.5200229,0.60107833,0.495668,0.5121956,0.52122223,0.5270322,0.5360071,0.51820743,0.5599952,0.54435974,0.5752062,0.57875556,0.54274774,0.5164495,0.47017065,0.4662055,0.55175537,0.53051585,0.59986085,0.600666,0.5291539,0.5323372,0.5384796
774,0.5302714,0.6300143,0.43119636,0.5326544,0.55352336,0.5536942,0.55300504,0.45417488,0.43480384,0.6611464,0.69315976,0.6109611,0.56551015,0.49134722,0.44543847,0.5586513,0.6542304,0.57293504,0.5749571,0.62224156,0.6372247,0.59914213,0.6138846,0.50479925,0.63463885,0.54585296,0.5034732,0.56376207,0.4596338,0.37448236,0.26735574,0.5051258,0.26791224,0.4349547,0.4487266,0.4979302,0.64540195,0.62671447,0.5553979,0.52143407,0.5532889,0.668977,0.61818707,0.6455125,0.71069306,0.64402205,0.6382735,0.6673686,0.69216245,0.7151822,0.44226396,0.50267416,0.4380142,0.5141882,0.5527874,0.5796909,0.6243261,0.57076764,0.62791616,0.64355814,0.4737602,0.43279824,0.5424276,0.3946002,0.41303033,0.5842187,0.5431602,0.40111175,0.5110774,0.58690035,0.495191,0.49662545,0.4913471,0.6211234,0.6155679,0.60587376,0.5584711,0.68857086,0.6378456,0.6103917,0.63451934,0.6900794,0.6029966,0.7148277,0.59884584,0.59402764,0.5742685,0.49739963,0.48254275,0.49811137,0.59116876,0.6013883,0.54568416,0.53711426,0.6710661,0.62956554,0.5072384,0.430281,0.5664218,0.48562193,0.5069055,0.4731304,0.5695905,0.47585058,0.6251243,0.62176627,0.5579427,0.6684937,0.6903049,0.5523624,0.56656253,0.51888204,0.6928587,0.6742314,0.65348285,0.6829721,0.6947619,0.53398615,0.42086336,0.4833158,0.4111157,0.5351351,0.56295323,0.5129743,0.52980083,0.37709555,0.4878145,0.49399254,0.5691064,0.5332573,0.5271797,0.49766174,0.564688,0.5729773,0.5412688,0.6197959,0.69877267,0.6312005,0.6259985,0.6923546,0.5700534,0.4679579,0.56366175,0.6048583,0.52321684,0.596085,0.66326416,0.7564574,0.5389997,0.47307822,0.37543875,0.52984095,0.54016,0.53286576,0.35987085,0.6413727,0.70164764,0.6542604,0.6023275,0.5121817,0.46750402,0.46455246,0.536856,0.47621012,0.5256089,0.5271634,0.6651851,0.4337696,0.63747144,0.52431047,0.62710273,0.57688504,0.5330789,0.49928138,0.5074595,0.40454072,0.5200794,0.6089364,0.54262644,0.5626733,0.5472876,0.7366915,0.44635546,0.54634744,0.6062659,0.629613,0.5955691,0.47258198,0.42482826,0.7021662,0.6837817,0.5807933,0.5712545,0.49245903,0.46651274,0.56801945,0.67034155,0.603563,0.6662068,0.6617827,0.71961284,0.6870243,0.6933349,0.5397885,0.738204,0.551223,0.5277146,0.5903517,0.48792672,0.3324332,0.26094761,0.4444465,0.26327944,0.44119555,0.33156514,0.47439334,0.64077663,0.6474379,0.5490322,0.5043144,0.5820022,0.69836986,0.6322375,0.6878359,0.7282687,0.71637446,0.63616306,0.67952937,0.72920907,0.69860554,0.44423884,0.5071159,0.4337652,0.5030057,0.5709975,0.5565795,0.6407593,0.5533,0.65190864,0.6847114,0.43444294,0.4888622,0.5368005,0.4390046,0.36696473,0.5479841,0.50762004,0.35564595,0.40653348,0.4906088,0.43390682,0.4659041,0.48116487,0.5756895,0.5576659,0.545833,0.52089626,0.68503594,0.5774705,0.6665212,0.5557483,0.6885262,0.5371985,0.66121197,0.53911936,0.6451413,0.62216026,0.4185477,0.5564724,0.47612694,0.6334332,0.62423813,0.5317677,0.5042804,0.6439316,0.6635841,0.4955605,0.46630952,0.5709889,0.4816693,0.49029836,0.50345886,0.63105947,0.49288136,0.6116874,0.60204923,0.5584951,0.66661835,0.657432,0.5615693,0.57298917,0.51421344,0.67447686,0.67997664,0.64309406,0.5991875,0.6628184,0.4528295,0.46783337,0.45654356,0.43640018,0.5256249,0.5278448,0.5180667,0.5097158,0.43076175,0.51077807,0.45676714,0.53154624,0.4776931,0.47361407,0.4423927,0.55723995,0.5450448,0.51743954,0.68217325,0.70047027,0.68732,0.6011554,0.6872263,0.6368158,0.5118076,0.641141,0.5811924,0.5004368,0.6579803,0.6238943,0.74815154,0.5217824,0.3778985,0.38876334,0.5720259,0.52887195,0.5938599,0.39363024,0.7077745,0.7445469,0.703752,0.62674844,0.5640589,0.370377,0.422928,0.59466463,0.46437493,0.43218657,0.5052259,0.64308405,0.49476582,0.6216613,0.53250235,0.5534778,0.53621674,0.5461625,0.5130827,0.51890785,0.3201476,0.519313,0.60889935,0.53143996,0.54533166,0.53521776,0.53949195,0.5313323,0.5182277,0.5857642,0.565653,0.5814118,0.5881855,0.547765,0.52192336,0.4833865,0.478345,0.54907256,0.53227365,0.61379844,0.61256695,0.54354155,0.539415,0.54224557
775,0.5613053,0.636365,0.4541464,0.55388343,0.5746135,0.5771484,0.574677,0.4545391,0.43754554,0.67515254,0.70533866,0.6303964,0.5709216,0.52996117,0.48929942,0.5646521,0.65827453,0.59002155,0.5893278,0.62826705,0.6401101,0.6122577,0.6285094,0.51409525,0.6466052,0.5600137,0.52785045,0.5829052,0.5122883,0.41909263,0.32095602,0.5269025,0.3215789,0.4813784,0.48359627,0.48857772,0.63112026,0.64052653,0.53656685,0.512628,0.54692435,0.6437778,0.62303257,0.66175777,0.70372134,0.6614699,0.63186413,0.66997105,0.68633467,0.7313125,0.44477236,0.50324184,0.43891466,0.52315825,0.54407585,0.5902392,0.6333665,0.60733443,0.64483964,0.6523465,0.50984293,0.4918686,0.5867313,0.45219544,0.46155262,0.6152014,0.56769323,0.45454165,0.536219,0.59317505,0.52785665,0.54193205,0.53035665,0.6599746,0.6277762,0.61707664,0.5728966,0.71424603,0.6514828,0.6506392,0.65978533,0.7232153,0.64356714,0.72672117,0.63724136,0.62089145,0.5825772,0.51466113,0.52222013,0.5016401,0.6082804,0.6184026,0.5483491,0.5586254,0.6986958,0.64405227,0.56022877,0.48675668,0.5525495,0.4895912,0.49975312,0.47787598,0.56849873,0.47310245,0.6045214,0.63011765,0.5621612,0.67489123,0.69998175,0.5634859,0.60132635,0.55125123,0.67434084,0.6655686,0.6621428,0.6940904,0.71126586,0.5481126,0.4468208,0.50803775,0.4413976,0.55416703,0.57194704,0.5083151,0.5389779,0.4065243,0.51514906,0.51327664,0.5791985,0.55036026,0.52943134,0.50502133,0.5830789,0.57238585,0.54999506,0.6382636,0.7195889,0.65508777,0.6339741,0.6976512,0.5942188,0.48992777,0.5850677,0.6512618,0.5768891,0.62544876,0.6569042,0.76126504,0.5739718,0.50093466,0.43450162,0.5294615,0.55256367,0.55319303,0.4044401,0.6442021,0.7067409,0.6521975,0.6108356,0.52677333,0.4983165,0.51319486,0.5544245,0.49454027,0.5569307,0.529167,0.6731908,0.44142437,0.65938646,0.56940997,0.6535615,0.5679237,0.5313242,0.50550914,0.5123579,0.43571952,0.5291158,0.60960245,0.58584344,0.5942851,0.57545215,0.72901314,0.45944056,0.56636745,0.61842227,0.6403536,0.61471254,0.47047317,0.42404065,0.6987496,0.6933567,0.60613346,0.57587236,0.5229072,0.49899969,0.56822544,0.663415,0.61213064,0.6613474,0.66178983,0.71165055,0.6889959,0.6900101,0.54589885,0.7311026,0.57109076,0.54703003,0.60533667,0.5187046,0.36521146,0.3090878,0.4731025,0.2987034,0.48613966,0.3711751,0.45342425,0.6226544,0.65043783,0.5197412,0.49273023,0.5713989,0.67198724,0.6292795,0.6903086,0.7153517,0.7113248,0.6211038,0.67280906,0.7091468,0.7016234,0.4434765,0.5033086,0.43358114,0.50442326,0.55664974,0.5648644,0.6465898,0.5821704,0.6516495,0.6821434,0.47118425,0.5286404,0.56231815,0.48320022,0.4119719,0.577608,0.5272401,0.39145228,0.43056217,0.50389504,0.4538853,0.4917831,0.50601333,0.59860766,0.573896,0.55612934,0.526726,0.69908273,0.5967061,0.683964,0.58722174,0.7087893,0.5682405,0.6736776,0.55955297,0.6587538,0.6335915,0.44076177,0.5807468,0.48108637,0.63700867,0.6329803,0.53379697,0.5220577,0.66676855,0.66262627,0.5322368,0.4886153,0.564295,0.48293644,0.4839307,0.5054596,0.62342364,0.48936513,0.5848994,0.60573304,0.5623342,0.6754551,0.6690251,0.5669737,0.6013913,0.54011786,0.65852284,0.6647969,0.64040405,0.604859,0.6674618,0.46591765,0.48981792,0.48204634,0.45956373,0.5348612,0.5448227,0.51876366,0.52202976,0.44642538,0.5203189,0.47311708,0.5523557,0.48868322,0.48121652,0.44852078,0.5752323,0.5456709,0.5275308,0.69529027,0.7082336,0.6867794,0.6154493,0.6914039,0.6505155,0.529173,0.6470772,0.6119405,0.54394877,0.6655279,0.6088646,0.743549,0.5404465,0.40843526,0.42082974,0.57491875,0.5422981,0.59825516,0.41685572,0.6998484,0.7329866,0.6926245,0.62691617,0.5709421,0.41188756,0.46411636,0.6032264,0.474503,0.45915782,0.50506055,0.64083153,0.49917465,0.64533144,0.5626554,0.57118785,0.5375314,0.55065286,0.51747614,0.5217015,0.34058538,0.5258377,0.6062679,0.5732828,0.5799024,0.54819745,0.5523047,0.52517503,0.5179415,0.61242974,0.5898359,0.5888728,0.59782284,0.55272263,0.5305472,0.501309,0.49528006,0.5470677,0.5345085,0.6252542,0.62289864,0.5605003,0.5490898,0.5472638
776,0.59642243,0.63621646,0.48177508,0.5767591,0.5951124,0.5983193,0.59216464,0.4603238,0.44769537,0.67944545,0.7045235,0.64735824,0.57536954,0.5699581,0.537252,0.5677045,0.65310913,0.6027252,0.59940535,0.6273213,0.6347204,0.618884,0.6341744,0.52011377,0.6521723,0.58033776,0.5536756,0.59497875,0.56475174,0.47444743,0.389652,0.55632573,0.3890003,0.53725976,0.5264298,0.48936668,0.61771226,0.6499745,0.528902,0.51065344,0.54866946,0.6228224,0.6255822,0.6755932,0.6921832,0.6745285,0.62566906,0.65942085,0.66953224,0.7387129,0.45283476,0.5083597,0.4462401,0.53626823,0.5421062,0.59914446,0.6425113,0.6404568,0.65620464,0.65677917,0.54683775,0.55376375,0.6300881,0.51041585,0.5100075,0.6376442,0.595965,0.5132334,0.56784004,0.6068526,0.5659064,0.5848631,0.57068986,0.6931297,0.6403075,0.6328949,0.5913263,0.72983605,0.6650313,0.678625,0.6787562,0.74281985,0.6763092,0.7286614,0.66780317,0.64149153,0.5973911,0.53653824,0.5648255,0.51730037,0.6209001,0.6292658,0.55181503,0.58268756,0.7160151,0.6554093,0.6114439,0.5450948,0.5387468,0.49176326,0.49821538,0.48452458,0.56048614,0.46745473,0.58383334,0.629704,0.55730397,0.6721375,0.69861853,0.5712704,0.6268445,0.57739234,0.651392,0.6484176,0.66293466,0.6980429,0.71970534,0.5612433,0.47799,0.53517294,0.47937435,0.57204825,0.57819915,0.49603415,0.541121,0.44125116,0.5404129,0.5316378,0.5896897,0.5750602,0.53540534,0.52149415,0.6014447,0.5710251,0.5571131,0.64754486,0.73225266,0.670826,0.6332441,0.6956592,0.6148841,0.5121908,0.603231,0.6901981,0.62844884,0.646791,0.647377,0.75615007,0.6107928,0.5383795,0.5024002,0.5279,0.56251925,0.56918246,0.4561913,0.6393743,0.7022426,0.6405052,0.61139935,0.5391784,0.5387579,0.5630294,0.56786823,0.51328695,0.5850738,0.53049856,0.67140085,0.4504237,0.6699762,0.6122664,0.67608213,0.5576047,0.5233091,0.50482655,0.51021725,0.47320879,0.5451363,0.6003047,0.6223251,0.62000656,0.6067227,0.7084976,0.475296,0.58627766,0.6269795,0.64552736,0.6265697,0.47465557,0.43131068,0.685811,0.6907491,0.6283867,0.57858,0.55565023,0.5364124,0.5649749,0.6460057,0.6149104,0.64773715,0.65345955,0.6916221,0.680424,0.67535174,0.54496413,0.71334636,0.59764487,0.5660791,0.61256444,0.5542308,0.4172096,0.3741837,0.5140188,0.3531658,0.540338,0.42706573,0.44624993,0.6054943,0.649001,0.50426495,0.48861995,0.5655889,0.64718413,0.62429035,0.68809676,0.6984685,0.69962543,0.60922533,0.655331,0.68058664,0.6959575,0.4492552,0.50579673,0.4409093,0.51440936,0.5503797,0.5726328,0.64981335,0.60795325,0.6439965,0.67252773,0.5098945,0.57144016,0.59196264,0.5286124,0.46208516,0.6028717,0.55528903,0.4410055,0.46986163,0.5285438,0.48887232,0.52721334,0.53892267,0.62306297,0.5944831,0.5726995,0.5415002,0.7053644,0.6098656,0.6894012,0.6170365,0.7182312,0.60105383,0.6783367,0.58458847,0.6664002,0.64436024,0.47250015,0.6036394,0.49878216,0.63885796,0.6365201,0.537432,0.5462577,0.68348426,0.65974754,0.5733551,0.5214133,0.5573139,0.4845172,0.48557937,0.51356435,0.60570323,0.48535287,0.5596667,0.60287184,0.55733943,0.6736709,0.6699768,0.56926596,0.6245176,0.5630862,0.63794655,0.6395974,0.63040286,0.60811543,0.6673449,0.48587295,0.5165641,0.51109266,0.48916772,0.5430826,0.56227005,0.5103588,0.5300282,0.4651666,0.5279497,0.49203476,0.57430094,0.5118638,0.49326622,0.4623548,0.5962201,0.5485137,0.5366645,0.69848865,0.7100104,0.67556465,0.62240887,0.68801,0.65639365,0.5451054,0.6477746,0.64202726,0.5917129,0.66406465,0.5914226,0.7308557,0.56679285,0.4544418,0.4669306,0.57366776,0.5530999,0.5953617,0.4447156,0.6828231,0.71128523,0.66944766,0.62024266,0.5722517,0.46665582,0.511573,0.60384107,0.48693633,0.4915172,0.50519824,0.6301957,0.50559366,0.6601477,0.59360003,0.5958791,0.53886104,0.54611665,0.5118817,0.5179759,0.37436005,0.53948736,0.5933971,0.61111146,0.6069285,0.557111,0.56274676,0.51974,0.5180911,0.63440526,0.61199546,0.59657514,0.6064486,0.5566393,0.5409006,0.5220894,0.51542336,0.54621375,0.53687406,0.63161063,0.62920076,0.57758313,0.56012577,0.55331075
777,0.6285352,0.6328313,0.5117087,0.5984599,0.6126823,0.6148115,0.6036917,0.47336024,0.46721,0.6745455,0.69131505,0.6609988,0.5812159,0.6021818,0.5782136,0.5707574,0.64112467,0.610521,0.6052801,0.622136,0.6246281,0.6195888,0.63368404,0.522332,0.6517639,0.60490936,0.5773222,0.59940535,0.6081119,0.53026295,0.46132112,0.58726007,0.45625988,0.58990043,0.5684346,0.50198,0.6080062,0.6540197,0.53422904,0.517345,0.55844885,0.609975,0.6261788,0.6854194,0.67754275,0.68124485,0.6217616,0.6387634,0.6444898,0.73563266,0.46874616,0.5193297,0.4622005,0.55341345,0.54805654,0.6058237,0.65158683,0.6655219,0.66044915,0.656965,0.57709897,0.6068236,0.6659193,0.55771863,0.5487434,0.64896196,0.6245126,0.5674494,0.6005682,0.6269695,0.60388714,0.6186047,0.6059986,0.71674204,0.6524313,0.6512191,0.61232746,0.73354846,0.6777232,0.69117093,0.69067943,0.74801207,0.69780207,0.72084224,0.6873921,0.6539285,0.6168072,0.5591025,0.6036916,0.5422323,0.62687033,0.63263613,0.5553216,0.60462224,0.72139925,0.6619224,0.6521135,0.5960594,0.52933514,0.4946982,0.50415266,0.49471056,0.54773754,0.46284768,0.5670451,0.6220112,0.54641247,0.6616526,0.6870161,0.5755586,0.6398354,0.59216034,0.62789565,0.62670094,0.6565909,0.69437313,0.7189728,0.57154536,0.5085382,0.5608649,0.52114344,0.5862236,0.58245987,0.48084962,0.53895867,0.47699317,0.56062055,0.5480973,0.6011152,0.6033686,0.5451353,0.54575235,0.617244,0.5689328,0.5613771,0.6459508,0.73517567,0.67679775,0.62601024,0.68707347,0.62964076,0.5325886,0.615733,0.7154635,0.6682381,0.6570959,0.6373089,0.74099374,0.6436917,0.58023626,0.5662235,0.5286134,0.5704663,0.579742,0.5067831,0.6312208,0.6902108,0.6229363,0.6065469,0.5490145,0.58150804,0.6047637,0.5762608,0.5296577,0.6059507,0.5309274,0.6603748,0.46330717,0.66862553,0.64616615,0.69287527,0.5500074,0.5117812,0.49952278,0.50382876,0.5120416,0.5656463,0.58295,0.6469242,0.6347761,0.6351183,0.6802449,0.49433652,0.60383433,0.63160497,0.64564824,0.6305763,0.4871363,0.44857514,0.6659745,0.6771693,0.6456704,0.5813764,0.58345664,0.5697413,0.56250125,0.6225474,0.61352146,0.62988913,0.64022,0.6645023,0.66415024,0.65443796,0.5376475,0.6872988,0.6269583,0.5829131,0.6118973,0.5890735,0.48077035,0.445822,0.5581,0.41789722,0.5904675,0.48746723,0.4564493,0.59325594,0.6434388,0.5064885,0.4945324,0.5662056,0.6285933,0.6186809,0.68199587,0.68061966,0.6834167,0.60350525,0.6322816,0.649201,0.68273926,0.46386907,0.5160534,0.45770007,0.5325087,0.55398,0.58044654,0.6504481,0.62667215,0.6307223,0.6579088,0.54140556,0.60902697,0.620252,0.5662597,0.50787914,0.6199869,0.587288,0.49637568,0.5173366,0.5603888,0.53318304,0.5655228,0.5740026,0.6453374,0.6163682,0.5923768,0.5633244,0.7031446,0.6165093,0.68264467,0.64023554,0.7159079,0.6301267,0.6748929,0.60961175,0.6673141,0.6531053,0.50784934,0.62009335,0.52504367,0.63845104,0.63447106,0.5419198,0.5718279,0.6915069,0.6554476,0.6115014,0.5599634,0.5528796,0.48952487,0.4960459,0.5280076,0.5812079,0.4833668,0.54091126,0.59569144,0.5460044,0.66224957,0.66060984,0.5688383,0.6382243,0.5782849,0.61626595,0.61008024,0.6162021,0.609169,0.6628004,0.50946724,0.54430586,0.5396676,0.5230297,0.5495136,0.57766414,0.4966725,0.53445107,0.486141,0.5352187,0.51162225,0.5950189,0.5432945,0.5080137,0.4818514,0.61650896,0.5532,0.54391503,0.69238687,0.7052347,0.6567878,0.62243134,0.6783652,0.65523237,0.5584832,0.6437833,0.66512936,0.6334944,0.6549555,0.5768372,0.7114333,0.5965139,0.5088599,0.5192582,0.57072246,0.56137824,0.5871086,0.4747718,0.6623099,0.6836233,0.63963294,0.609972,0.56984746,0.5236315,0.5562883,0.59832877,0.49943754,0.52263623,0.5051207,0.6134246,0.5155041,0.6638802,0.62095237,0.6229697,0.54028606,0.53476894,0.49844536,0.5105899,0.41673777,0.55773544,0.5728873,0.63860327,0.6206922,0.56010664,0.568908,0.5168407,0.5192662,0.6483004,0.62833744,0.6032578,0.6128644,0.5587635,0.55108035,0.54317296,0.53644407,0.5463704,0.53889114,0.63197684,0.63042015,0.592544,0.57117724,0.5598472
778,0.65239346,0.62896556,0.5406936,0.6165335,0.62598425,0.6260567,0.61043483,0.49322894,0.49488175,0.6630136,0.6692164,0.6707034,0.58967084,0.61959356,0.6032386,0.5756144,0.6265434,0.6143003,0.6087072,0.61641735,0.6142514,0.61681116,0.62999094,0.5218581,0.64679873,0.6304728,0.594515,0.5967563,0.6359846,0.5758255,0.5218518,0.61228335,0.5089791,0.6283321,0.60073584,0.5238996,0.6028168,0.65204453,0.54994196,0.5318837,0.5739447,0.60567576,0.6257563,0.69014317,0.66103244,0.6805135,0.6208179,0.6134516,0.616361,0.7222922,0.4919332,0.5354789,0.48626116,0.57282776,0.56086016,0.61084497,0.6597113,0.6804503,0.6573244,0.65372705,0.5959908,0.6436622,0.6907806,0.58688474,0.57243574,0.64994437,0.64975244,0.6091665,0.629018,0.65056795,0.6364696,0.6397506,0.6313233,0.73008436,0.66378355,0.66921145,0.63359606,0.7263477,0.68919533,0.68971723,0.6963864,0.7409622,0.7071269,0.70446193,0.6953401,0.6575213,0.63763124,0.5790904,0.6333885,0.5710115,0.6252149,0.62926143,0.5580592,0.6213658,0.71546185,0.6629876,0.6776201,0.6330454,0.52744204,0.5009069,0.5171467,0.50887257,0.5335486,0.46278432,0.55678564,0.610299,0.5337859,0.6462202,0.66809493,0.57663435,0.6409637,0.59405756,0.60801715,0.6053826,0.64581597,0.6846228,0.7099609,0.57813746,0.5332724,0.5818024,0.5615127,0.5955099,0.5855424,0.46821463,0.5356535,0.5093404,0.5750662,0.56176764,0.612946,0.62998766,0.5573052,0.5742544,0.6282504,0.56606305,0.56235456,0.63495606,0.72848004,0.673974,0.6150949,0.6732631,0.6373257,0.54925096,0.6214524,0.7244923,0.69102925,0.6566412,0.6294053,0.71702075,0.6679465,0.6194641,0.61505246,0.53364193,0.5773276,0.58628744,0.54880404,0.6237011,0.6740068,0.605166,0.5996133,0.55724466,0.61760837,0.631459,0.5810672,0.5413615,0.6174784,0.5298508,0.64276147,0.48135024,0.6573701,0.6674871,0.70349884,0.54735655,0.5005032,0.49324954,0.4970191,0.54693323,0.58642995,0.5610069,0.65816855,0.6369027,0.6561299,0.6507472,0.5157797,0.61737967,0.63270885,0.6424164,0.6292025,0.5072349,0.47479066,0.643021,0.65648216,0.6565563,0.58544546,0.59996223,0.590957,0.5637885,0.59919107,0.6104459,0.6134977,0.62633556,0.6369366,0.64470863,0.63291603,0.52690303,0.6566865,0.65414685,0.59473497,0.6044554,0.61728734,0.5431615,0.5099742,0.59488255,0.47942415,0.6254364,0.5379409,0.48210856,0.5875336,0.63428533,0.52408993,0.51001227,0.573194,0.6185947,0.6140207,0.6730105,0.6639968,0.6648503,0.6045303,0.610036,0.621667,0.66454834,0.48669156,0.5328933,0.4830853,0.5557691,0.5664336,0.58909154,0.6486023,0.636417,0.6144908,0.6413273,0.55898273,0.6354119,0.6426455,0.5896477,0.54224044,0.62821466,0.61706185,0.54748166,0.5633155,0.5934241,0.5777584,0.5994222,0.60466886,0.662907,0.6358175,0.6119465,0.5884312,0.69369745,0.61717254,0.66622204,0.6542623,0.70290864,0.650844,0.6637736,0.6293457,0.6610876,0.6588257,0.54088,0.6264636,0.55323434,0.6348784,0.62807596,0.5465151,0.5941766,0.68984807,0.6502182,0.6402788,0.59741426,0.5530819,0.50013715,0.51378006,0.54729867,0.55514216,0.4854733,0.5319318,0.5872485,0.53200835,0.6441001,0.6436396,0.5665392,0.6416019,0.583232,0.5974889,0.583412,0.6026603,0.6093429,0.65540373,0.5321426,0.5689556,0.56395704,0.55747294,0.55408144,0.5882081,0.482913,0.5363883,0.5075745,0.5441887,0.5294228,0.61182857,0.5763408,0.5230062,0.5035435,0.63224125,0.5586786,0.5489487,0.67908007,0.69431853,0.63576126,0.6167031,0.6642894,0.64893585,0.5684233,0.6363187,0.6768438,0.66160953,0.6410819,0.5699898,0.68783754,0.62333685,0.56141937,0.56758416,0.56809264,0.56792516,0.57760525,0.5042388,0.6435302,0.6556038,0.6110863,0.5993931,0.5669632,0.57013535,0.5898042,0.59083456,0.50951505,0.5469346,0.5040168,0.59417456,0.5296577,0.6576694,0.6406668,0.6473665,0.54138935,0.5210906,0.482109,0.5028406,0.4603514,0.57649344,0.54893035,0.6526206,0.619285,0.55668545,0.569833,0.51696724,0.5214222,0.6530734,0.6366992,0.6073113,0.6158944,0.558854,0.5592713,0.56171733,0.5555312,0.5469588,0.54025453,0.627193,0.62697107,0.60342693,0.58060825,0.56593364
779,0.6649587,0.62645817,0.565467,0.6289155,0.63414973,0.6323835,0.61452174,0.51697016,0.5259112,0.64835626,0.64369226,0.67579174,0.6007291,0.61950326,0.6085827,0.5832419,0.61431587,0.6151611,0.6123754,0.6142938,0.60787535,0.61332256,0.62570465,0.52056235,0.63920134,0.6526837,0.601524,0.5889847,0.64473546,0.6041538,0.5611931,0.625729,0.5391675,0.6475282,0.6175902,0.549665,0.60094863,0.6435829,0.57053244,0.55069125,0.5908077,0.6074304,0.6243512,0.68794537,0.6429864,0.6710591,0.6215731,0.5906828,0.5916728,0.70015186,0.5186601,0.55387837,0.51456934,0.59072626,0.57693154,0.6141986,0.6649844,0.6845506,0.64716464,0.64724535,0.6019671,0.66142416,0.7032171,0.59565836,0.580421,0.64366925,0.6683362,0.6338671,0.64862686,0.67318803,0.65938264,0.6482248,0.6436557,0.7337494,0.67373586,0.683632,0.65221584,0.71015996,0.69881934,0.67780435,0.6970633,0.72528934,0.70476776,0.68110526,0.6918855,0.6519701,0.6559236,0.5943898,0.65018314,0.5970508,0.61628836,0.6213785,0.55941045,0.63097733,0.70007735,0.6580375,0.686819,0.65256673,0.5335948,0.5112121,0.5343176,0.5255752,0.5215215,0.46929464,0.55376744,0.5978739,0.52399635,0.62858665,0.6456537,0.5747356,0.63236535,0.5844409,0.5940597,0.5887581,0.6329874,0.67053604,0.69412667,0.5806602,0.5487683,0.5955497,0.59471184,0.59960026,0.5882889,0.4629913,0.5342952,0.5340041,0.5833798,0.57199466,0.6238884,0.6499832,0.56957936,0.6021663,0.6331981,0.56267405,0.5603873,0.61814034,0.7135483,0.6643648,0.60382444,0.65596443,0.6378914,0.5606728,0.61986643,0.7173259,0.6957841,0.6478259,0.62415266,0.6863498,0.68045366,0.64945644,0.643421,0.54355496,0.58382493,0.59078467,0.5763289,0.6196708,0.6574824,0.5939455,0.59444135,0.564774,0.63988775,0.6397166,0.5840629,0.5470979,0.61941236,0.5267276,0.62222093,0.50305456,0.63969606,0.6750959,0.70786583,0.54992414,0.49323758,0.48997912,0.49421316,0.5734268,0.60291743,0.53916353,0.6565696,0.62698686,0.6669669,0.62659323,0.53776115,0.6256686,0.6310189,0.6378436,0.6259393,0.5313651,0.5056454,0.62089425,0.6336519,0.65957075,0.5914572,0.6021828,0.59583056,0.57014745,0.5828348,0.60756546,0.6040107,0.6167708,0.6160534,0.6275938,0.6159326,0.51677024,0.6258653,0.6735375,0.59846526,0.59213847,0.63294464,0.5913265,0.5547693,0.61693907,0.5257408,0.6406001,0.56841856,0.5167534,0.587544,0.6217576,0.550471,0.53143656,0.5842518,0.61659515,0.61045086,0.66071653,0.648857,0.6451132,0.6098829,0.5943561,0.6032555,0.6448435,0.51389354,0.5525041,0.5127805,0.5786765,0.583759,0.5977936,0.64382756,0.63653576,0.59765595,0.62500924,0.5602799,0.6469884,0.65521777,0.5956426,0.5621595,0.62876445,0.63803047,0.58527637,0.5982856,0.621088,0.6128209,0.6230871,0.6246637,0.6729652,0.6486442,0.6280862,0.6117684,0.67842615,0.6124097,0.64364934,0.6579415,0.68132156,0.65973055,0.64532894,0.63913196,0.6470886,0.6600876,0.56691206,0.62081724,0.576307,0.62712854,0.61928517,0.5506112,0.60944873,0.6782177,0.64339346,0.6548328,0.626089,0.557925,0.5158948,0.5349602,0.5681121,0.533403,0.49284196,0.5332215,0.5797089,0.519671,0.6223918,0.6226519,0.5631035,0.6351514,0.5776699,0.5840899,0.56527257,0.59311736,0.6090835,0.6463414,0.5492742,0.58651316,0.58078885,0.5873249,0.5568703,0.5920069,0.47454458,0.53748554,0.5265035,0.5552859,0.54305804,0.62198865,0.6033202,0.5356878,0.52328426,0.6403515,0.5634742,0.55159867,0.66095924,0.67805284,0.6184962,0.60686946,0.64744335,0.6394338,0.5741649,0.62634385,0.6745618,0.67205656,0.6260162,0.57178545,0.66262525,0.6405647,0.601929,0.6027455,0.5675763,0.5734909,0.5715138,0.5291125,0.6305534,0.63285077,0.59253836,0.59218407,0.5667369,0.5972832,0.6066024,0.5856064,0.51553446,0.56151414,0.5014077,0.5761426,0.54662985,0.6440022,0.6487662,0.6642093,0.5413228,0.51035756,0.46937478,0.49824357,0.49700892,0.5912856,0.52659297,0.6516973,0.6040312,0.54795265,0.5655562,0.5195465,0.52400136,0.6490692,0.6361512,0.6070941,0.6146257,0.55709714,0.56401026,0.5750949,0.56981647,0.5472722,0.54074234,0.6187453,0.61975443,0.6085182,0.58642244,0.5702692
780,0.6649882,0.6266112,0.5832696,0.6341567,0.63664156,0.63439065,0.6175168,0.53971523,0.55346626,0.6342828,0.6207185,0.67591304,0.61377984,0.60340935,0.595298,0.59464145,0.60872406,0.61360395,0.61869854,0.61964226,0.6090921,0.6111641,0.6231192,0.51982975,0.63111174,0.66764253,0.5962779,0.57879514,0.6335511,0.6125179,0.5749369,0.62537855,0.5451268,0.64719284,0.6170483,0.5724672,0.59930485,0.6285137,0.588801,0.5680484,0.60325587,0.6103367,0.62102133,0.6768867,0.62281585,0.65158737,0.6212187,0.57785136,0.576339,0.67166144,0.54323596,0.5699395,0.54093575,0.60239255,0.5906062,0.61462075,0.66500473,0.6778961,0.63093495,0.637247,0.59557116,0.6605156,0.7031782,0.5853756,0.57453036,0.63332033,0.6774607,0.6403498,0.65619284,0.69003,0.6698481,0.6453405,0.64213717,0.7285941,0.6809272,0.6916799,0.6651429,0.6872177,0.7052462,0.6593387,0.69346136,0.70495415,0.69215137,0.65329075,0.6784561,0.6384352,0.6677163,0.6031802,0.6527207,0.6145635,0.6024499,0.6114848,0.559088,0.6323989,0.67809296,0.6462343,0.68071246,0.6541676,0.5449738,0.52389944,0.55057925,0.54144615,0.5141977,0.48206192,0.5557215,0.5867248,0.52029735,0.6113367,0.62373537,0.56998193,0.6172883,0.56707203,0.5850975,0.5788448,0.61879027,0.6526655,0.6728744,0.57904905,0.5536946,0.6007404,0.61577743,0.59822124,0.5910618,0.4677858,0.5371106,0.54749507,0.5842053,0.5780538,0.63243276,0.6598366,0.57912993,0.62395114,0.6317111,0.55923206,0.5560896,0.5994189,0.6923439,0.65005463,0.59561515,0.6369344,0.631445,0.56573176,0.6103856,0.6960463,0.68379754,0.6337076,0.6187781,0.6516025,0.6800479,0.66541684,0.65021104,0.5578225,0.5900352,0.594425,0.58517224,0.6211513,0.64434373,0.5951271,0.59472376,0.5715873,0.6447529,0.6294383,0.5858272,0.54663014,0.61267513,0.521702,0.6020514,0.52424693,0.6201576,0.6695194,0.70594805,0.55662715,0.49244785,0.49242502,0.49872202,0.5878183,0.6116606,0.52229613,0.64445883,0.6079179,0.6664271,0.6132561,0.5575754,0.6280207,0.62747,0.6338768,0.6236531,0.55400336,0.53452766,0.6031048,0.61332583,0.65404934,0.6000206,0.5910357,0.5844511,0.58194315,0.5796699,0.60560787,0.6053255,0.61661905,0.6077996,0.6182685,0.6073464,0.5104911,0.5993552,0.6807925,0.5921006,0.57747126,0.63204414,0.6165664,0.57361925,0.6216265,0.54929256,0.6362477,0.57552284,0.5509283,0.59024394,0.6059051,0.576591,0.5525877,0.59471875,0.61864823,0.6065396,0.64396733,0.6335043,0.624986,0.6146772,0.58945614,0.5962543,0.62762606,0.53950787,0.56944126,0.54017556,0.59450877,0.59948236,0.60379505,0.63513464,0.6275184,0.58189493,0.60991585,0.54720217,0.6431301,0.655834,0.58484787,0.5669928,0.6226772,0.64575785,0.6041657,0.6155824,0.6379381,0.631365,0.6331962,0.62985253,0.6730415,0.6514036,0.6376775,0.6285828,0.6584838,0.6029993,0.6188318,0.650804,0.6541655,0.6556037,0.62099516,0.63724136,0.62627155,0.65546274,0.58217686,0.6046067,0.5891919,0.6158322,0.609798,0.5536777,0.61495787,0.65752876,0.633297,0.6529363,0.6404638,0.56463856,0.5333542,0.5539828,0.58560044,0.52018046,0.50464267,0.54130214,0.5735725,0.5125693,0.60044956,0.60172606,0.55885047,0.6209373,0.5636107,0.5755505,0.5575127,0.58736277,0.6068759,0.6358532,0.5575483,0.59393406,0.5881602,0.6074551,0.55764467,0.5887411,0.4753752,0.5393205,0.53975147,0.5666319,0.55058885,0.62377113,0.6179825,0.54381055,0.5373445,0.6393081,0.56617147,0.55167496,0.64035225,0.65752107,0.60998327,0.5951427,0.6293912,0.6279581,0.57515097,0.61424255,0.65815806,0.6641051,0.6134075,0.57796687,0.6376258,0.64405406,0.62342757,0.6193192,0.5706285,0.5783463,0.5723097,0.5446469,0.62635535,0.61945,0.5909473,0.59195787,0.5711034,0.60186,0.6046021,0.5852204,0.5168186,0.56555295,0.49763426,0.56163615,0.56261444,0.62602353,0.64329517,0.67049617,0.5394645,0.5064513,0.46537936,0.4994262,0.51984555,0.5989079,0.5105729,0.63681364,0.57935184,0.5364027,0.5570582,0.5233506,0.5261182,0.63765764,0.62710285,0.60177076,0.6088455,0.55393493,0.5644066,0.58144224,0.57712775,0.5467021,0.5401548,0.6079886,0.60955983,0.6067761,0.586937,0.57160276
781,0.6529635,0.6299535,0.5924767,0.6318305,0.63346076,0.63282216,0.62009025,0.5568549,0.5720483,0.623574,0.60451823,0.6717405,0.6275986,0.5758925,0.5679365,0.61013514,0.6114383,0.6097515,0.6283818,0.6342299,0.61938137,0.61128366,0.6235583,0.5203666,0.62442285,0.67387015,0.579145,0.568581,0.6047008,0.60214126,0.564124,0.6125283,0.5295974,0.6299197,0.6008311,0.5865328,0.59405786,0.6073591,0.59815353,0.5785047,0.60644096,0.6086305,0.6147326,0.656325,0.5993723,0.6216264,0.61659425,0.5790945,0.5726332,0.6394674,0.56061655,0.5792271,0.55988,0.6044018,0.59654164,0.6103067,0.6582111,0.6617803,0.6103625,0.62382126,0.5790803,0.64410126,0.6925154,0.5602112,0.55790234,0.62128204,0.6762701,0.63060427,0.6510057,0.6983701,0.6675776,0.63319767,0.62845796,0.71625626,0.68424046,0.69246966,0.67077696,0.6598729,0.7074109,0.63781047,0.6863472,0.6835457,0.6719493,0.62428755,0.6582343,0.62001294,0.67071605,0.6044351,0.642731,0.6208742,0.58755606,0.60149044,0.5572404,0.62608796,0.652883,0.6270948,0.66202986,0.64050496,0.5568429,0.53577065,0.5608651,0.55293036,0.51227534,0.49887547,0.5583344,0.5772129,0.52366894,0.5965557,0.6056323,0.56270224,0.59998834,0.5470569,0.57790846,0.5748811,0.60251904,0.6301879,0.647273,0.5737872,0.5490787,0.5976344,0.6226375,0.59138113,0.59367996,0.48223948,0.5447107,0.548845,0.5764027,0.57948786,0.6376486,0.6586169,0.58389884,0.6356757,0.624497,0.5561254,0.55017066,0.5816321,0.6668955,0.63283205,0.5926697,0.61728436,0.6180454,0.5640723,0.59266084,0.6647759,0.65805763,0.61679465,0.6089424,0.6151327,0.66801196,0.6658401,0.63752437,0.5747246,0.5954971,0.59747887,0.5745324,0.62878644,0.6367344,0.61059517,0.60223955,0.57704073,0.6329402,0.60351616,0.5859835,0.54086065,0.5990543,0.5156971,0.5842331,0.54045707,0.6032997,0.65314454,0.6985141,0.5657744,0.4987586,0.5011506,0.5112629,0.58848447,0.6116579,0.5136225,0.62595886,0.58438534,0.6549968,0.6129671,0.5725827,0.6245583,0.62288564,0.63188547,0.62372404,0.5701995,0.5555329,0.5916136,0.59829074,0.64109373,0.6110241,0.570283,0.56036514,0.5983857,0.59222436,0.60440636,0.6180076,0.62865126,0.6144372,0.6199038,0.60824186,0.5095659,0.5802725,0.6749229,0.5757133,0.56282216,0.6139599,0.6168848,0.5660518,0.61060244,0.5480212,0.61523926,0.56144804,0.5758725,0.5913502,0.58688724,0.59409916,0.5672887,0.59955287,0.6188506,0.60045165,0.6222764,0.6150951,0.6049354,0.6135743,0.59651965,0.5991712,0.6158066,0.5580098,0.57879806,0.5595299,0.5983002,0.6072981,0.60394543,0.62168187,0.6111889,0.5680149,0.59602326,0.524513,0.62653047,0.6453784,0.56137806,0.55755705,0.61069536,0.6398015,0.60330564,0.61328834,0.6417328,0.63148105,0.6295489,0.61971617,0.66282845,0.6431603,0.6392419,0.63656026,0.63515764,0.5905222,0.5952638,0.63361084,0.62504584,0.64032185,0.5936177,0.6256585,0.6018728,0.6446862,0.5846864,0.58260936,0.59039605,0.6035265,0.60077876,0.55533934,0.61027807,0.63025737,0.61826354,0.6357837,0.63938415,0.5692843,0.5480873,0.5659125,0.59554726,0.51637405,0.5182706,0.55012965,0.5680362,0.51233035,0.58129764,0.58455193,0.55380875,0.60278416,0.5447953,0.5691034,0.55815417,0.58252704,0.600113,0.62334543,0.5561984,0.5904772,0.5860352,0.6152859,0.5561427,0.57975984,0.4862323,0.54277027,0.545751,0.575612,0.55133325,0.6174456,0.6178817,0.5462373,0.5439284,0.6296237,0.56606036,0.5492355,0.6192592,0.6339803,0.6121952,0.58389837,0.61140585,0.6148366,0.57135344,0.5997781,0.63037974,0.6399085,0.6055588,0.58182585,0.6135019,0.6338903,0.6240971,0.6167321,0.57732546,0.5823019,0.5809482,0.54789615,0.63191354,0.61630803,0.60812855,0.60025656,0.580233,0.58578885,0.5848991,0.58994627,0.5137619,0.559667,0.49373367,0.5509021,0.57350916,0.6071915,0.6258627,0.66635025,0.5359749,0.5106462,0.47184083,0.50712353,0.526003,0.59865683,0.5034954,0.612079,0.5515998,0.5248368,0.5459153,0.5271132,0.527058,0.6212313,0.6114852,0.5918384,0.59930617,0.5499577,0.5604389,0.58046836,0.57697725,0.5448871,0.5384693,0.5959956,0.59712785,0.59849966,0.58169556,0.56934744
782,0.63153404,0.6359078,0.59304357,0.62292063,0.6254565,0.62873435,0.6223202,0.5657479,0.5792088,0.6172394,0.5963483,0.66517895,0.64003557,0.54430896,0.5346554,0.62827253,0.6207054,0.6041168,0.639934,0.65644395,0.6369789,0.6134119,0.62701166,0.5217353,0.6201596,0.6723887,0.55384624,0.5601264,0.5649484,0.5789615,0.5357435,0.59181416,0.50041765,0.6017008,0.5748047,0.5890675,0.58229536,0.58193934,0.5949851,0.57889193,0.59830177,0.5978099,0.6049076,0.62802875,0.5719155,0.5829864,0.60542685,0.5931035,0.5780503,0.60608035,0.56810707,0.57911426,0.56853926,0.59614676,0.5919718,0.5998824,0.6447407,0.63937813,0.5878781,0.6076388,0.5568612,0.61810875,0.67524946,0.5274347,0.53554446,0.60966015,0.666885,0.61025965,0.6353847,0.6982504,0.65537834,0.6155637,0.6072038,0.6998343,0.6837012,0.68711007,0.6697421,0.63064986,0.7056496,0.616385,0.6772777,0.6642025,0.64867026,0.5974466,0.63627076,0.6009747,0.6652787,0.59901077,0.6252513,0.6170725,0.5754401,0.5927396,0.55430794,0.61414015,0.62814033,0.6015055,0.63583964,0.61763906,0.56433666,0.54330766,0.5618605,0.5574023,0.5140862,0.5159458,0.5570976,0.56830263,0.532592,0.5850684,0.59259635,0.55383366,0.5845752,0.5291536,0.56881744,0.5738103,0.5830303,0.6019613,0.6182198,0.5661243,0.53815013,0.58834064,0.616745,0.580131,0.59588176,0.5026311,0.5559304,0.5406294,0.56083155,0.5770683,0.63960236,0.6485585,0.583502,0.6367269,0.6137077,0.55354077,0.54361975,0.5663882,0.639702,0.6143938,0.5950985,0.5977515,0.59909964,0.55662745,0.5680211,0.6301517,0.62452394,0.5990516,0.59100336,0.5789043,0.6485695,0.6534499,0.6114963,0.5912151,0.5993454,0.5993971,0.54869556,0.6413105,0.634412,0.6369465,0.61578536,0.5802335,0.6100791,0.56870794,0.5839976,0.53196967,0.5815723,0.5102491,0.5693417,0.5485674,0.5920171,0.6312016,0.68771785,0.5753874,0.5101784,0.5139046,0.5293599,0.5776537,0.6047625,0.5134632,0.6059952,0.56135225,0.6351666,0.62352264,0.58093387,0.6163849,0.6178164,0.63221294,0.62591094,0.57729685,0.5653926,0.5861443,0.5890629,0.62413424,0.62284255,0.54590774,0.5303986,0.61680645,0.61722463,0.60352206,0.63837683,0.65119934,0.6331162,0.6315491,0.6162569,0.512945,0.56907266,0.6585568,0.5523502,0.5501982,0.5823994,0.59720397,0.5381709,0.589407,0.52663875,0.58338886,0.5335392,0.58652246,0.5869549,0.56544596,0.59790254,0.5717078,0.5954921,0.6117332,0.5909592,0.5966186,0.5911931,0.58469677,0.6027494,0.61261505,0.6071978,0.6094968,0.5661589,0.57785594,0.56788015,0.5887574,0.60359627,0.59644085,0.6036436,0.5907756,0.55577505,0.58256143,0.49876696,0.6028022,0.62769765,0.53258103,0.5376233,0.59456503,0.62388974,0.587,0.5946417,0.6340543,0.6164518,0.6154176,0.59801024,0.64509064,0.62656075,0.6335837,0.63641524,0.61015964,0.57774717,0.5755504,0.60953605,0.59770447,0.6187839,0.56687826,0.60928255,0.57841194,0.6294758,0.5756974,0.56123924,0.5820641,0.5932354,0.59306854,0.55545026,0.59765756,0.6007427,0.59759283,0.60852444,0.6261648,0.568691,0.55638,0.5679138,0.59551436,0.5191517,0.5299588,0.5535143,0.5615352,0.51802176,0.5666445,0.57290924,0.5481268,0.5851684,0.52556336,0.5613941,0.56259704,0.57491004,0.5864599,0.60762155,0.54736584,0.578278,0.57654697,0.61158854,0.5525692,0.5680629,0.5041317,0.54780287,0.5453806,0.5803056,0.5467893,0.60569423,0.6051625,0.54357463,0.54373074,0.6141332,0.56342804,0.5449353,0.59950095,0.6091636,0.6229656,0.57533497,0.59472847,0.60060835,0.56362617,0.5829391,0.5967948,0.6054277,0.6024885,0.577335,0.5899344,0.6143468,0.6077611,0.5994227,0.58581793,0.58479977,0.5952603,0.5395684,0.64539576,0.620645,0.6392363,0.6152046,0.592288,0.55640393,0.55262667,0.5979223,0.5080417,0.5463687,0.4910572,0.54256314,0.5764634,0.5907171,0.6020195,0.65481544,0.5317644,0.52080274,0.48611018,0.5196321,0.51811165,0.5923092,0.5050403,0.5839838,0.5270944,0.5154719,0.53406996,0.5301646,0.5267954,0.6031933,0.59270746,0.5792182,0.5878259,0.54586715,0.5531643,0.5737859,0.57083225,0.5419182,0.53599155,0.5838092,0.58357173,0.58564633,0.57189566,0.563958
783,0.605635,0.6429891,0.5869012,0.6100034,0.61453426,0.62351435,0.62407374,0.56616056,0.5753219,0.614686,0.5949045,0.65869826,0.64869326,0.51765555,0.506288,0.6463221,0.63267505,0.597712,0.6506918,0.6819582,0.6573083,0.61605453,0.63246375,0.5223594,0.61842513,0.66531223,0.5272468,0.5549832,0.5255225,0.5527671,0.50166154,0.57013136,0.46985874,0.5717769,0.5478965,0.5809639,0.5633132,0.5557568,0.5798018,0.56892884,0.5797705,0.576385,0.59157485,0.5961273,0.54136175,0.5407841,0.58721,0.6143001,0.5874468,0.5744181,0.565738,0.569654,0.5667472,0.5799187,0.577331,0.5831931,0.626272,0.61528534,0.5662286,0.589639,0.5347606,0.589997,0.6563315,0.49638525,0.51407903,0.60017717,0.6533013,0.58743596,0.6137179,0.6908022,0.63810235,0.5973842,0.5850185,0.683019,0.68005913,0.6772195,0.6636875,0.6022324,0.7014143,0.598058,0.6682614,0.6494237,0.6277162,0.5756113,0.61824703,0.58547705,0.65366995,0.58935976,0.6071797,0.6066755,0.5685154,0.58599347,0.5506766,0.5993993,0.6076398,0.5722165,0.6092384,0.59372675,0.56367487,0.54370993,0.55255014,0.55346745,0.5162316,0.52880025,0.54890454,0.5582305,0.5436401,0.5763516,0.5835977,0.54485136,0.5737133,0.51659715,0.5551062,0.5716211,0.5596165,0.56819046,0.5871212,0.5576731,0.5252402,0.5760644,0.6020479,0.56651497,0.59762657,0.52287006,0.56861216,0.52785826,0.54048014,0.5731453,0.6391627,0.6340054,0.57894075,0.62898725,0.602293,0.55142844,0.53753996,0.5545448,0.6140814,0.5965416,0.60130405,0.5797147,0.578344,0.54587895,0.5404636,0.6004107,0.59228283,0.5827043,0.563483,0.5451609,0.6278817,0.63424295,0.5819412,0.6041659,0.600624,0.5991892,0.51638716,0.655834,0.6353429,0.6672128,0.6320734,0.5803244,0.5852629,0.53513294,0.57957506,0.52291393,0.56422687,0.50695574,0.5571364,0.5472326,0.58677244,0.61099,0.6761286,0.5834234,0.52231365,0.526437,0.5484141,0.5610001,0.5944431,0.51956993,0.5887371,0.5426676,0.6113848,0.6393784,0.582269,0.6056671,0.6127511,0.634134,0.6288337,0.57517946,0.5636403,0.58476764,0.58467484,0.60836804,0.6329682,0.5251476,0.5038112,0.6333858,0.6467781,0.6025362,0.6599764,0.67847866,0.6567962,0.64846116,0.62678134,0.5173936,0.5642241,0.6369288,0.52801484,0.5419006,0.54540384,0.56778497,0.50173193,0.5662459,0.49601984,0.5499029,0.5031653,0.58229506,0.5750544,0.5433228,0.587025,0.5650393,0.5819662,0.5942653,0.5778371,0.56945086,0.5615378,0.5637453,0.58103997,0.63171977,0.6142723,0.60625666,0.5635645,0.56670105,0.5650486,0.56826156,0.5882547,0.5814952,0.58263004,0.57032424,0.54420865,0.56848824,0.4771096,0.57888806,0.6081536,0.5075153,0.51444477,0.5771173,0.60427225,0.5635468,0.566988,0.618966,0.5932599,0.59665865,0.5721038,0.62473893,0.60726076,0.622889,0.63055915,0.585558,0.56838363,0.5616923,0.5842171,0.5755644,0.5976393,0.5446788,0.5941274,0.56028986,0.61301863,0.5595987,0.5466109,0.56886923,0.5870192,0.5870389,0.554043,0.5810405,0.5748451,0.5721322,0.5794238,0.6069738,0.5612276,0.5559294,0.5591759,0.58477324,0.52334267,0.535982,0.54720914,0.55242276,0.526568,0.55672884,0.56621283,0.5422541,0.5716312,0.50983435,0.5498333,0.5652882,0.5614698,0.56495184,0.5876353,0.5350682,0.5614415,0.5632112,0.5994763,0.5475477,0.5577826,0.5232766,0.5538271,0.5409864,0.5795819,0.5405032,0.59318334,0.58557683,0.53783315,0.5389546,0.5972473,0.55921584,0.53985584,0.58290386,0.5856604,0.63685715,0.57146525,0.58105224,0.5870458,0.5538525,0.5649812,0.5647483,0.5703948,0.6024916,0.56086856,0.56654704,0.5924119,0.5827376,0.5756566,0.5934625,0.58528703,0.6107574,0.52347946,0.6624554,0.62721765,0.6747677,0.6324326,0.6039639,0.5256204,0.51725966,0.6058703,0.5019822,0.5302074,0.490763,0.53489965,0.5703452,0.57903546,0.57964766,0.64036185,0.5279314,0.5320374,0.5024339,0.5335206,0.50304574,0.5829075,0.5125651,0.55942255,0.5104116,0.50969785,0.52367616,0.53249186,0.52595145,0.5871887,0.57487166,0.56669027,0.57680184,0.5422812,0.54447097,0.56415987,0.5612988,0.5383465,0.5331953,0.57248336,0.5704152,0.57125026,0.559938,0.5567387
784,0.5813124,0.6489991,0.5779616,0.5966988,0.6033211,0.618388,0.6249056,0.5601479,0.5633437,0.61411065,0.59702104,0.6540218,0.65191567,0.50368893,0.49277538,0.6612248,0.6428776,0.59134746,0.65792745,0.70497185,0.6742768,0.6168066,0.6380954,0.5209582,0.6187356,0.65444034,0.5073634,0.5546496,0.4985135,0.53374,0.4749053,0.5541372,0.45052218,0.54975665,0.5286699,0.56649286,0.53945273,0.5333871,0.55719954,0.55131745,0.5545764,0.5470246,0.5755733,0.56585914,0.51106334,0.50283974,0.5637189,0.63529545,0.59543055,0.5479728,0.55628616,0.55383676,0.5569724,0.56011814,0.5559998,0.5619883,0.6053561,0.59385484,0.5477745,0.57086277,0.5180044,0.5661008,0.63947886,0.47545874,0.49967334,0.59302735,0.6391285,0.56968075,0.5907881,0.67654604,0.6205034,0.58254856,0.56847316,0.6681735,0.6737201,0.6635296,0.6537051,0.5771345,0.6957077,0.5850598,0.66041493,0.6401041,0.61305016,0.5604423,0.6078655,0.57600355,0.6387229,0.5783041,0.5943067,0.59391505,0.56694216,0.58099586,0.54657286,0.58428055,0.59426355,0.54351616,0.58914906,0.57569444,0.5536611,0.5365754,0.5348465,0.54193974,0.5158769,0.53456837,0.5334665,0.54588795,0.5530702,0.56906265,0.57621175,0.5372967,0.56772906,0.5105342,0.53607446,0.5652358,0.5330366,0.5318108,0.556504,0.5497303,0.5145441,0.5639971,0.5836981,0.55298847,0.59908366,0.5374841,0.58082306,0.5159576,0.51968145,0.57097864,0.6374559,0.61948323,0.5719395,0.6153006,0.59256804,0.5495731,0.5327365,0.5463927,0.5933633,0.58085567,0.60877967,0.56535375,0.56092805,0.5355495,0.5161252,0.5823467,0.57053983,0.5703385,0.5284176,0.5168116,0.6114843,0.6151528,0.55919385,0.6118357,0.5987739,0.596156,0.48797655,0.66827166,0.6363507,0.69334704,0.6470939,0.57708657,0.567281,0.51293004,0.57280684,0.5163772,0.5507415,0.5066569,0.5472521,0.53773177,0.58568186,0.5986795,0.66490203,0.58825773,0.53066045,0.5351263,0.56408715,0.5454676,0.58395135,0.5285917,0.5761077,0.5302914,0.58893055,0.6535603,0.57830524,0.595129,0.6080223,0.63584656,0.63047683,0.5660726,0.55269974,0.58481014,0.5832828,0.59870756,0.63923186,0.514485,0.4896945,0.64460814,0.6714752,0.600719,0.67592883,0.7024572,0.67654103,0.6638197,0.634762,0.51965785,0.5634963,0.6160477,0.5100914,0.5405621,0.51376003,0.54121226,0.47100666,0.54932296,0.4698697,0.5252597,0.48246065,0.5667817,0.5565952,0.5232577,0.5648066,0.5495291,0.5612592,0.56725866,0.5619334,0.54413074,0.52914304,0.5426114,0.5507647,0.64685374,0.6150898,0.6027076,0.5528918,0.54844683,0.5536203,0.54213864,0.56452215,0.5614277,0.5614621,0.55351347,0.5324383,0.55326885,0.4653177,0.5606294,0.5916658,0.49379876,0.49671885,0.5612137,0.5872372,0.5427984,0.5397299,0.60139376,0.5704405,0.579713,0.55101454,0.60682523,0.5918016,0.60974133,0.6217318,0.5634821,0.5657656,0.55506974,0.56414884,0.5609896,0.5830628,0.5304234,0.5850924,0.5503875,0.5986134,0.54253644,0.5423931,0.5563553,0.58518285,0.58224005,0.55136913,0.5645453,0.558344,0.5446471,0.5572774,0.5887448,0.5473267,0.5468925,0.54135084,0.56502163,0.5243717,0.5347953,0.530618,0.5402062,0.5344123,0.55080265,0.5623604,0.5368606,0.563555,0.50042385,0.53362596,0.56188244,0.5412976,0.5371046,0.5637171,0.52367884,0.54463154,0.54991055,0.5832664,0.54193324,0.55308676,0.5381288,0.5603956,0.53510755,0.57314956,0.53702885,0.5851199,0.5666705,0.5316971,0.5322304,0.5834108,0.5545115,0.5350956,0.570843,0.5665602,0.64711106,0.573679,0.5721125,0.5766443,0.54486454,0.54862225,0.54141366,0.54551554,0.60322195,0.53258795,0.54389334,0.5754029,0.55951154,0.5551813,0.5982774,0.5837173,0.62233883,0.50531065,0.6770282,0.63010067,0.70416987,0.64697784,0.6117384,0.50633156,0.49052298,0.61004966,0.4974849,0.51675105,0.4932599,0.5271755,0.5565154,0.5732519,0.56562924,0.6271972,0.52524906,0.53939384,0.5153993,0.545591,0.48944,0.57344455,0.522447,0.5432952,0.5032154,0.50795543,0.5166067,0.53438765,0.52535206,0.5756032,0.56129736,0.5568582,0.56820977,0.53947324,0.53649426,0.5544327,0.55117285,0.53492564,0.5304586,0.5627185,0.55901885,0.55821013,0.54845184,0.54935074
785,0.5637214,0.651118,0.57098985,0.5863548,0.5941812,0.61377335,0.6237178,0.55136544,0.54841065,0.61263824,0.5983172,0.6509868,0.64904076,0.5062861,0.49944738,0.6699781,0.64671886,0.5851191,0.65921444,0.719477,0.68183935,0.61312354,0.64137995,0.51774466,0.6197506,0.64066786,0.50059825,0.5597666,0.4925032,0.5291414,0.46598044,0.5479372,0.45134082,0.54225177,0.5222366,0.55189496,0.5155561,0.5189333,0.5343542,0.5310708,0.52865046,0.5158359,0.5584673,0.54190093,0.48588106,0.4772119,0.5384991,0.64893454,0.5971263,0.5297007,0.54449534,0.5365293,0.5439855,0.5416453,0.5332971,0.5396468,0.5846656,0.5778731,0.53390926,0.5525476,0.5094584,0.5500319,0.6261773,0.46968448,0.49612123,0.5863945,0.6263964,0.5618284,0.57063544,0.6554137,0.6058654,0.572673,0.5618504,0.6554592,0.6640502,0.6457899,0.6401514,0.5571282,0.687625,0.577948,0.6529313,0.6346961,0.60592747,0.5517975,0.60512733,0.5723109,0.6229243,0.56812054,0.58923906,0.58260936,0.5686607,0.576447,0.5422438,0.5702197,0.58869344,0.52006775,0.58005106,0.5670754,0.53657395,0.524665,0.51336485,0.5264555,0.5123773,0.5334064,0.51324666,0.53185815,0.558116,0.56147414,0.5676331,0.53225446,0.5644381,0.5098897,0.5131774,0.5536606,0.505929,0.4979277,0.5295808,0.5430807,0.50960916,0.55474484,0.56723374,0.54196614,0.60019153,0.54381305,0.5911843,0.5096239,0.50341743,0.5731741,0.635056,0.60825557,0.56444204,0.5988201,0.5855017,0.5477027,0.52957004,0.54149264,0.57936025,0.5682063,0.6144334,0.5562524,0.55115896,0.5295154,0.5012655,0.5785835,0.5648637,0.5638317,0.49129507,0.49653375,0.60238546,0.6017742,0.5508255,0.61392826,0.59387404,0.5903432,0.4727351,0.6740327,0.633374,0.70800036,0.65683734,0.5712798,0.5612889,0.5088362,0.564213,0.51414776,0.54355633,0.5090921,0.53921646,0.52441543,0.5850005,0.5965841,0.65331024,0.58887523,0.53279245,0.5387189,0.5736718,0.5369905,0.57543284,0.53728646,0.56742233,0.52404875,0.57218605,0.6592016,0.57244056,0.58697045,0.60330766,0.6345988,0.628555,0.5539471,0.5377131,0.5832635,0.5822891,0.5973873,0.64035887,0.51769227,0.49396062,0.6479803,0.68308955,0.59669346,0.68047917,0.7152496,0.68391144,0.6707343,0.6358499,0.5182262,0.5640874,0.6006018,0.5048675,0.54766226,0.49790856,0.52886564,0.45883295,0.5443328,0.46037036,0.51774263,0.48079157,0.5466743,0.53524053,0.5082857,0.53824854,0.5298646,0.5378409,0.5353124,0.5447815,0.5238317,0.49940515,0.5233741,0.51731974,0.65190285,0.6058577,0.59588087,0.53925604,0.52845496,0.53873646,0.5170515,0.5380915,0.53997433,0.54325604,0.54276234,0.5202995,0.5372367,0.46624333,0.5512271,0.5814663,0.4951972,0.4916886,0.54899377,0.57746667,0.53362364,0.5217163,0.58627826,0.5558373,0.569817,0.54265755,0.59482074,0.5847995,0.5967955,0.6126447,0.5455984,0.57069016,0.5554844,0.5544006,0.55457604,0.57904226,0.52602684,0.5844667,0.5489955,0.5887406,0.5308359,0.5483537,0.5491101,0.58617955,0.5775829,0.5479595,0.55144584,0.554862,0.51934206,0.54877704,0.577676,0.52970225,0.5324102,0.5188593,0.54110384,0.5200794,0.5280054,0.50685436,0.5263072,0.53896093,0.54726154,0.55880487,0.532624,0.5598208,0.4986162,0.51389116,0.5506524,0.5161872,0.50691724,0.5379585,0.517006,0.53215694,0.5402439,0.56780016,0.53682435,0.5566804,0.5456285,0.5671793,0.5302984,0.5622096,0.54024357,0.5849565,0.5554959,0.5279419,0.5264917,0.5759219,0.5503257,0.53164893,0.5634947,0.55417573,0.6474697,0.58152264,0.5682966,0.5711556,0.53983253,0.53710884,0.5319364,0.5387386,0.60231715,0.49685037,0.5233674,0.56883,0.5479626,0.5467874,0.5992858,0.5806237,0.6257393,0.49177998,0.68262136,0.62387735,0.7186652,0.65462327,0.61304694,0.50812906,0.48277137,0.6072519,0.49562308,0.5109489,0.49802953,0.5196997,0.53903484,0.5725177,0.5634776,0.6183831,0.524044,0.5401069,0.52226245,0.55402374,0.48544735,0.56631386,0.53098047,0.5372233,0.50413424,0.5096252,0.5137452,0.5361815,0.5256421,0.5685747,0.55340505,0.5513199,0.56285316,0.53737247,0.5310676,0.54701334,0.54307246,0.53229,0.5280118,0.55437607,0.5498424,0.54840297,0.5395106,0.5433907
786,0.5556799,0.64695543,0.56980306,0.58102334,0.588463,0.6093948,0.619308,0.543926,0.5366468,0.60716546,0.59464455,0.6474242,0.64085805,0.524219,0.5250863,0.6707907,0.64070374,0.5785842,0.6533466,0.7214495,0.67620844,0.6036404,0.63994026,0.5143196,0.6188358,0.6242285,0.50952387,0.56879526,0.5100646,0.5410918,0.4803337,0.5521378,0.47518048,0.55049366,0.52902746,0.5432498,0.49698818,0.51448953,0.518302,0.5138543,0.50844705,0.48956808,0.5420581,0.52694494,0.4698976,0.46883157,0.51525694,0.65065485,0.58928305,0.520181,0.53546745,0.5224665,0.533572,0.5281838,0.5146831,0.5194348,0.5662628,0.56792676,0.5250998,0.53625727,0.5090791,0.5426209,0.6159247,0.4799189,0.5037286,0.5772246,0.61543506,0.56528586,0.555624,0.62759453,0.59542483,0.56708205,0.56562006,0.64305925,0.6493196,0.6233581,0.62314534,0.54210705,0.6741489,0.5748855,0.64318466,0.6291444,0.60482717,0.5477905,0.6068081,0.5720169,0.607516,0.5596743,0.5912897,0.5751031,0.5703879,0.5705047,0.53794324,0.55758137,0.5886614,0.5050648,0.5824843,0.5681271,0.5172879,0.5125063,0.49364597,0.512351,0.50696474,0.52797884,0.49173144,0.5180124,0.5573028,0.55211157,0.55561656,0.52997565,0.56032646,0.51192105,0.48909882,0.5381072,0.4815339,0.4708055,0.50823164,0.53811616,0.5128119,0.54992735,0.55779666,0.53505135,0.6000398,0.5421163,0.59827983,0.5122903,0.49610507,0.5799353,0.63116467,0.60134745,0.5579198,0.58227134,0.58073723,0.54544175,0.5278928,0.5383755,0.5709603,0.55851984,0.6150505,0.55189764,0.5504378,0.53071016,0.49977574,0.58648473,0.5746793,0.56323165,0.45814022,0.48489568,0.60054076,0.5964957,0.5593346,0.6114661,0.5868184,0.5825968,0.47656685,0.6697751,0.62270796,0.70663613,0.6585876,0.5648083,0.5675224,0.52443326,0.55476964,0.51694965,0.5431115,0.5134389,0.5321399,0.51328146,0.58042276,0.6026322,0.63947564,0.58497167,0.52898186,0.5382398,0.57583225,0.53836846,0.56971604,0.54320407,0.5605982,0.5221524,0.5636057,0.65149856,0.56850773,0.5823011,0.5979324,0.62797296,0.62147164,0.54333824,0.5252602,0.5777276,0.5790272,0.6029523,0.6365998,0.53462785,0.5170863,0.6429519,0.67676187,0.5890098,0.67073923,0.71181935,0.6733295,0.66469514,0.62752044,0.5136607,0.56284297,0.5925442,0.51543844,0.5620742,0.50395954,0.53704494,0.47300544,0.5528622,0.4739817,0.53000087,0.5019349,0.52974164,0.5160234,0.500726,0.5158329,0.51172894,0.51691866,0.5048332,0.52800167,0.5105432,0.47762772,0.50873804,0.48684934,0.64369303,0.58535063,0.584041,0.528512,0.51237494,0.5267411,0.49853054,0.5151919,0.5205156,0.5302329,0.53872514,0.50861174,0.521621,0.47936967,0.5509855,0.5784863,0.511224,0.5024581,0.54115385,0.5772451,0.54119885,0.5182854,0.57740927,0.5541074,0.56949097,0.55086917,0.5896235,0.58687055,0.58614284,0.60548574,0.5321717,0.5802936,0.5604778,0.55644363,0.5547241,0.5861152,0.531185,0.59144926,0.55409855,0.5844594,0.5286871,0.5611701,0.5492245,0.58743393,0.5717974,0.54437953,0.5434171,0.56424195,0.50011915,0.55646133,0.57767004,0.51243025,0.5173109,0.49763456,0.5197557,0.5107882,0.5192779,0.4808698,0.5133716,0.5389125,0.544011,0.55344236,0.52991843,0.55771524,0.503921,0.49293742,0.53279173,0.48958465,0.47879592,0.51286364,0.5175225,0.5271091,0.53668714,0.5577465,0.5332804,0.56830776,0.5455228,0.57304704,0.5295013,0.55013424,0.5513757,0.59240973,0.5560234,0.5285613,0.5247132,0.5759702,0.54743505,0.5303298,0.55968004,0.54846776,0.6340632,0.5920289,0.5678636,0.57082134,0.5413736,0.5329067,0.5373442,0.55204815,0.59815645,0.46021634,0.5060479,0.5747896,0.5541049,0.5554873,0.5967223,0.57697564,0.6189166,0.48913726,0.67479646,0.60509133,0.71328324,0.65318,0.6074473,0.5340447,0.4994049,0.59618396,0.49667463,0.51509583,0.50404096,0.5129198,0.5231616,0.5740582,0.57313687,0.6150436,0.5242797,0.5342822,0.5230704,0.5580429,0.49633726,0.56293887,0.53508985,0.539909,0.50991184,0.51322836,0.514583,0.538075,0.526998,0.5641581,0.55045414,0.5503343,0.5602613,0.5358109,0.5292663,0.5435067,0.5390716,0.53072613,0.52598673,0.54634947,0.5421332,0.5425112,0.5343205,0.5400921
787,0.5572387,0.6360058,0.57570636,0.5811702,0.5864523,0.6050646,0.61147213,0.54120016,0.5333336,0.59573483,0.58375645,0.64017034,0.6298836,0.55162185,0.5623338,0.66426635,0.62406826,0.5713206,0.6413586,0.7103898,0.6574833,0.5891958,0.632611,0.5127181,0.61262375,0.60514313,0.5321643,0.5780367,0.54732543,0.5660656,0.5169845,0.5642734,0.5176923,0.5700075,0.54540515,0.5444883,0.48746353,0.51950574,0.51348424,0.504091,0.49870446,0.4727997,0.52780336,0.5210814,0.46470776,0.47766545,0.49640176,0.63999337,0.5716461,0.5168834,0.53310364,0.51474917,0.5306119,0.52158093,0.50403047,0.5029717,0.5509802,0.5623791,0.5210827,0.5234329,0.5144279,0.54234284,0.6070516,0.5030524,0.51922715,0.562656,0.60536194,0.5782347,0.5457573,0.5941252,0.5883536,0.563339,0.57644296,0.62815344,0.6273658,0.5957324,0.60307133,0.52960366,0.65142894,0.5719887,0.62792236,0.61806446,0.6063681,0.545656,0.60845804,0.57210225,0.59191525,0.55199146,0.5978478,0.5716546,0.5689829,0.56164503,0.5337592,0.5457603,0.5897337,0.49902362,0.5930957,0.5768638,0.5011263,0.5041668,0.4801049,0.50437635,0.5015716,0.5219868,0.4718526,0.5062552,0.5505459,0.54030526,0.53908914,0.529906,0.55239606,0.51322776,0.46666408,0.5213199,0.4620406,0.45147464,0.49151546,0.5348777,0.52458817,0.5497477,0.55883646,0.5323152,0.5968445,0.53477377,0.6004961,0.52549046,0.5000313,0.58871686,0.6235396,0.5974092,0.55275714,0.5670522,0.5769607,0.5423026,0.52704453,0.53467804,0.56427205,0.55088764,0.60825086,0.5497631,0.5568416,0.54038364,0.5117916,0.59933925,0.5934969,0.5667666,0.4324018,0.47945765,0.6035446,0.59794897,0.58152896,0.6066123,0.57912666,0.5742232,0.5005545,0.6549931,0.6028127,0.6889183,0.6520807,0.56029767,0.58217555,0.5560425,0.5457311,0.52441114,0.54776645,0.519092,0.52486485,0.50942117,0.5687712,0.6120183,0.6215711,0.5770575,0.52161276,0.5360391,0.5702975,0.54828024,0.5665744,0.54529303,0.5536135,0.52204204,0.5635209,0.62943655,0.56917053,0.5812673,0.59176224,0.6155293,0.6092775,0.5379269,0.52109176,0.5676077,0.57194257,0.6112899,0.62995803,0.5612472,0.5536811,0.6315671,0.6521459,0.5771775,0.6480488,0.6913487,0.64367676,0.64524806,0.60992175,0.50791246,0.5573853,0.59091693,0.540832,0.58034664,0.53144735,0.5647986,0.5140901,0.5722591,0.50919014,0.5577324,0.5426374,0.52220017,0.50344,0.5014358,0.5044031,0.49993688,0.5027843,0.4812675,0.5128728,0.5047263,0.46687612,0.5006258,0.46370947,0.6233869,0.5559644,0.56702685,0.52524143,0.50421375,0.52297,0.4894294,0.50051945,0.5048036,0.5230073,0.5402055,0.4986993,0.50813174,0.50126165,0.5579345,0.5815163,0.53806096,0.52693784,0.536637,0.58641917,0.56539965,0.5295525,0.5762853,0.5651202,0.57799524,0.57396245,0.58987045,0.59467477,0.5787053,0.60144264,0.52180994,0.58945745,0.5662646,0.5676439,0.55803186,0.6013776,0.54350764,0.6029844,0.5625712,0.5852694,0.5363665,0.57680804,0.555981,0.58665687,0.56395733,0.54095536,0.54018617,0.5825687,0.488995,0.5782974,0.58932173,0.49930266,0.50598603,0.48286518,0.5066702,0.49858275,0.5124321,0.45729566,0.5038132,0.53425705,0.5391969,0.5451348,0.5286963,0.5545272,0.51416296,0.47333866,0.5118395,0.46510574,0.45547462,0.48986953,0.52574307,0.5305457,0.5397216,0.5564633,0.53182083,0.5845477,0.5397619,0.5758623,0.53572357,0.54183024,0.56827074,0.6034949,0.5678219,0.5338918,0.52890235,0.5823343,0.5462257,0.53152585,0.5575527,0.5467959,0.60678095,0.6007516,0.567859,0.5747411,0.55071855,0.5369639,0.55375254,0.58059627,0.5906515,0.42844585,0.4918686,0.5916132,0.5780344,0.580807,0.59206325,0.57377785,0.602838,0.501142,0.6531709,0.5738133,0.68764925,0.6431816,0.597011,0.57933974,0.5388197,0.5783467,0.5002331,0.5279089,0.51035875,0.50683206,0.51317054,0.5744214,0.59227425,0.6161062,0.52564645,0.5243335,0.51978004,0.55757123,0.5227243,0.563569,0.5332728,0.54823005,0.5168495,0.51697904,0.51751435,0.5400868,0.52905357,0.5595232,0.55021524,0.55304277,0.559176,0.5347222,0.53114253,0.5443443,0.5401575,0.5301997,0.52448463,0.53715676,0.5344456,0.54028124,0.53323424,0.5400929
788,0.56571007,0.6199535,0.5868465,0.585484,0.5873893,0.6010224,0.60147816,0.5445738,0.5407445,0.57843834,0.5662985,0.6264941,0.6190917,0.5803113,0.60070544,0.6528429,0.59917116,0.5634171,0.6261609,0.68898326,0.62960774,0.5727835,0.61970127,0.51465005,0.5985849,0.5834835,0.5625408,0.5834952,0.5951252,0.5966345,0.5683386,0.5799907,0.56827253,0.5929678,0.56552345,0.55572975,0.4876271,0.53100926,0.5201238,0.5034812,0.50076485,0.4664953,0.51653326,0.5221993,0.4690217,0.4990628,0.48256195,0.6201433,0.5469851,0.51552135,0.5387621,0.51412207,0.5371545,0.5218413,0.5025427,0.490473,0.53816843,0.5583318,0.52087003,0.51462156,0.5222173,0.5464508,0.59813017,0.5331816,0.53735816,0.5417533,0.5951367,0.5968145,0.5391496,0.5573466,0.582815,0.5588489,0.58887464,0.60883707,0.59692836,0.5632976,0.5811632,0.5165984,0.6169229,0.5653506,0.60488605,0.59738976,0.60725886,0.5430017,0.60672545,0.57015157,0.5742946,0.5431628,0.60611653,0.5708072,0.56271577,0.5497534,0.5296599,0.53389865,0.5874677,0.5001283,0.6067827,0.5902622,0.49197358,0.5020114,0.47491607,0.5048408,0.49817556,0.51893115,0.4557645,0.49789095,0.5396433,0.52647525,0.51872337,0.5310719,0.5399011,0.5113486,0.44843906,0.50661826,0.44849485,0.43848273,0.4769457,0.5331426,0.54308796,0.55306107,0.57060033,0.5324975,0.5887403,0.5256857,0.59687936,0.5481082,0.5144991,0.5955437,0.6095065,0.59370124,0.54820526,0.5531789,0.5726535,0.5379089,0.526174,0.5282856,0.5547409,0.5441076,0.5934658,0.5467227,0.5662617,0.55734557,0.5336535,0.60981995,0.6124412,0.5718356,0.41476542,0.47621882,0.6082326,0.60213405,0.6104005,0.60145384,0.57229805,0.5665788,0.5404444,0.6320511,0.5752189,0.6586182,0.63914734,0.5599729,0.599483,0.5959045,0.53831184,0.5351863,0.55502623,0.525674,0.5167592,0.51504797,0.54943806,0.6198843,0.5993844,0.56612515,0.5143729,0.5349206,0.55850023,0.56217647,0.56534797,0.5442916,0.5454795,0.5214538,0.5699668,0.5963271,0.5746111,0.5830013,0.58526045,0.5991693,0.5938396,0.53920263,0.5277018,0.5542639,0.5613525,0.6174749,0.62285113,0.5909615,0.59447837,0.61738795,0.6136177,0.5621513,0.617617,0.65723854,0.59925026,0.61612445,0.585778,0.5035016,0.5470303,0.5923128,0.5757386,0.59799355,0.5736321,0.60461164,0.5742598,0.59706706,0.55682117,0.5917461,0.5932718,0.5261686,0.49950078,0.50944173,0.5063459,0.4967598,0.49745834,0.46710458,0.5002129,0.5054634,0.46689883,0.49920565,0.44942155,0.5959202,0.5229639,0.5462337,0.5310737,0.50516754,0.5296198,0.48979995,0.49582925,0.49336553,0.52056617,0.54483026,0.49143645,0.4982015,0.5268375,0.56925005,0.5882302,0.5700328,0.55911577,0.5334838,0.6028682,0.6011991,0.55075383,0.5819697,0.5842341,0.5922318,0.6053867,0.59325576,0.6024182,0.5743293,0.60084254,0.5128611,0.5932475,0.5696576,0.58272743,0.56076586,0.6203155,0.55942917,0.6155759,0.57111126,0.5895935,0.55053633,0.5922985,0.5665831,0.5827996,0.55408436,0.5377937,0.5400337,0.60386,0.48587418,0.60904616,0.61025137,0.49269262,0.5010744,0.47733375,0.50413114,0.48665667,0.5102097,0.4395442,0.4989409,0.5266612,0.5319653,0.5341896,0.5285814,0.5491623,0.52635235,0.4574242,0.49253651,0.44604146,0.43812537,0.46969625,0.54012334,0.5412961,0.54779553,0.5646254,0.5322286,0.60009027,0.5318438,0.5737033,0.5505963,0.5414392,0.5862207,0.61238414,0.5864143,0.54236525,0.5390995,0.59213483,0.54657185,0.53496176,0.5553755,0.54540926,0.56966805,0.6035589,0.5656044,0.5812227,0.56690806,0.54826564,0.5745587,0.6151868,0.5811283,0.4052295,0.48011744,0.614876,0.6139672,0.61732876,0.5870193,0.5715096,0.581185,0.5274384,0.6214398,0.53418547,0.64618945,0.62722635,0.58530414,0.63281286,0.5920473,0.55761206,0.50548667,0.5456715,0.5162988,0.5012385,0.51108634,0.57128567,0.6175091,0.6193818,0.5275465,0.5140813,0.5155275,0.55366665,0.56005746,0.56745875,0.5263397,0.5586384,0.52211595,0.5193994,0.5206506,0.54198277,0.53102297,0.55259264,0.55024374,0.5578373,0.5581147,0.5340915,0.5356803,0.54876196,0.54593194,0.53045326,0.52360725,0.52603346,0.5257151,0.5407343,0.5356702,0.5431251
789,0.57642,0.6016435,0.59898853,0.59091,0.5894335,0.5975676,0.59165764,0.5523221,0.5563407,0.5576233,0.5458748,0.60513544,0.6099125,0.603372,0.6312668,0.6390085,0.57066405,0.5554211,0.6111416,0.6617391,0.59875935,0.55841035,0.60255575,0.52147573,0.57657737,0.55945426,0.59214306,0.5829067,0.6418911,0.6243977,0.6219991,0.59453297,0.6143442,0.6120339,0.5834619,0.57223165,0.4949342,0.544623,0.533613,0.51029426,0.51211095,0.4679525,0.50855076,0.526956,0.47916186,0.5253009,0.47279912,0.5963984,0.51997256,0.51272523,0.5501276,0.5186048,0.55101615,0.5268195,0.5082784,0.48181757,0.52615786,0.5533776,0.5231092,0.5093901,0.53009546,0.5526247,0.5893031,0.5636354,0.553365,0.5170641,0.5843829,0.6164534,0.5332628,0.5210574,0.5773666,0.5529287,0.59764737,0.5861282,0.5590822,0.5282263,0.5597368,0.5025116,0.5716063,0.5537243,0.57421887,0.5675723,0.6060339,0.5389543,0.6009275,0.56508464,0.5529337,0.53194356,0.61401033,0.5700795,0.55235314,0.5369972,0.5257941,0.52207714,0.5797133,0.505435,0.61941224,0.60525125,0.49138263,0.5063942,0.47787923,0.5129514,0.49880373,0.5212595,0.44539195,0.49389216,0.52845895,0.5123826,0.49772575,0.5324416,0.5255323,0.5067862,0.43679747,0.4971158,0.4416901,0.43031844,0.46332496,0.53267753,0.5646602,0.55804837,0.58933324,0.53399616,0.5747223,0.51964206,0.5879769,0.5758046,0.5359588,0.5965923,0.5873741,0.58742946,0.5427974,0.5398061,0.56710446,0.5324307,0.52482563,0.5190877,0.54001623,0.5376138,0.5724869,0.54065436,0.574019,0.5776402,0.55889076,0.61372966,0.6249832,0.5763805,0.40487546,0.47252566,0.61219,0.60402346,0.63830614,0.5965272,0.5673269,0.5610449,0.58704334,0.6048175,0.54422736,0.6226445,0.6225375,0.56458473,0.6135202,0.6346153,0.53348255,0.5472433,0.5630589,0.5324824,0.50877064,0.5285851,0.5253573,0.6232375,0.5754499,0.5530745,0.51156145,0.5376041,0.54418933,0.5740259,0.5652446,0.54245704,0.53701323,0.51986355,0.57893986,0.55891836,0.5823088,0.5854931,0.57877207,0.5821755,0.57847905,0.54543704,0.5427002,0.5401153,0.54915804,0.6169327,0.61624616,0.6170445,0.6301995,0.60329926,0.5696552,0.5458734,0.58646476,0.6166571,0.5495922,0.5840899,0.5593298,0.50328016,0.5329269,0.591415,0.61085767,0.61034197,0.619291,0.64491105,0.63829845,0.6212051,0.6031206,0.62257105,0.641347,0.53805965,0.50273883,0.5220678,0.51812804,0.50101644,0.50004405,0.46134213,0.49046367,0.51057684,0.47395107,0.5025703,0.44281706,0.56761706,0.49209663,0.52452666,0.54352564,0.5130738,0.54431534,0.49704784,0.49940515,0.486242,0.5207586,0.5503509,0.48701096,0.49256763,0.5513191,0.582684,0.59607923,0.6011925,0.5915757,0.53025126,0.6226092,0.64000595,0.5737528,0.5913265,0.6036537,0.60810107,0.6356328,0.597297,0.6033929,0.57196796,0.60307074,0.5051152,0.58823335,0.5692852,0.5956795,0.5606728,0.63856614,0.5752107,0.6265649,0.57673436,0.59507763,0.56573015,0.6059508,0.5769888,0.5763948,0.5435374,0.5349339,0.540701,0.6220924,0.4890118,0.641786,0.63552296,0.4931655,0.50285614,0.48103192,0.51058024,0.47901005,0.51399666,0.42993248,0.49892324,0.5196371,0.52300483,0.5228944,0.52891266,0.5431375,0.5381493,0.4472259,0.4794321,0.4352574,0.42752,0.4535595,0.5573721,0.5563533,0.55814093,0.5792828,0.53370607,0.60934395,0.52625036,0.5661425,0.57249284,0.549758,0.5992088,0.6133561,0.6044497,0.5509019,0.5528797,0.6019272,0.54772013,0.539604,0.5517764,0.54133415,0.5301821,0.59777623,0.5593786,0.58742803,0.5864294,0.56337315,0.5938881,0.64652556,0.57142496,0.3923567,0.4706667,0.63861936,0.6516699,0.656398,0.5823245,0.56999874,0.5593353,0.5625745,0.5855929,0.49334893,0.59787005,0.608747,0.57570016,0.6809189,0.6451371,0.5388717,0.5116259,0.56406003,0.5211821,0.49647626,0.5163512,0.56457746,0.6442605,0.6228719,0.5290172,0.5081242,0.5144045,0.54878706,0.5992305,0.57310385,0.5173529,0.56857014,0.52524066,0.51985323,0.5227258,0.543036,0.53177226,0.54320765,0.5489983,0.56248397,0.55566883,0.53381765,0.54098815,0.5550424,0.55463135,0.53098947,0.5233588,0.5138574,0.5161713,0.5423212,0.5399412,0.5477711
790,0.58479357,0.5838074,0.60773855,0.59392124,0.59035975,0.5946746,0.5843003,0.56011695,0.5734944,0.53721344,0.52758354,0.57688826,0.6019099,0.61761934,0.6496864,0.6245215,0.54424924,0.54783994,0.59903395,0.63368857,0.57089126,0.5490809,0.5832651,0.5336472,0.54931206,0.53345776,0.6126996,0.57644016,0.67750525,0.64251465,0.66565436,0.60399294,0.6469394,0.62302876,0.59462357,0.58605325,0.5049,0.55618167,0.546268,0.5201279,0.5271974,0.47213992,0.5036474,0.53160274,0.49018258,0.54818064,0.46537223,0.57444566,0.49597454,0.50806767,0.5619221,0.52424157,0.5664324,0.5325162,0.51669496,0.47694653,0.5135195,0.54699296,0.52652705,0.5067425,0.5370686,0.55922943,0.5816262,0.5888274,0.5646727,0.4942164,0.57282376,0.63245875,0.5258941,0.48918563,0.57099843,0.5470197,0.59934205,0.56371176,0.51777387,0.49424,0.5411403,0.49002543,0.5210564,0.5396959,0.53910685,0.53458095,0.6028781,0.534123,0.5925851,0.55704075,0.5275165,0.51872486,0.6196467,0.5665196,0.5408585,0.5271394,0.52258354,0.5115243,0.56760865,0.5118486,0.6285626,0.6186412,0.49809825,0.5156079,0.48666763,0.525282,0.5047111,0.5292312,0.4419267,0.4947484,0.5211574,0.50055045,0.48101455,0.53310883,0.5141365,0.5030099,0.43309578,0.49447325,0.44207963,0.42663094,0.4520031,0.53330004,0.5850164,0.5629226,0.60842824,0.53578,0.555421,0.52020574,0.5756232,0.60183185,0.5590044,0.5896104,0.5577374,0.5766537,0.5351734,0.5257176,0.56075466,0.52679896,0.52325535,0.5096486,0.5216055,0.5320652,0.5491514,0.5314711,0.57644564,0.5958376,0.5804991,0.611142,0.62915367,0.5798007,0.40204918,0.46860528,0.61374277,0.5990695,0.6591066,0.5910541,0.56453323,0.5588614,0.6290045,0.57722956,0.5156036,0.58904415,0.6052692,0.5729473,0.61920613,0.66415286,0.5317456,0.5583113,0.57071847,0.5383539,0.5031715,0.5452165,0.5022833,0.6210729,0.5538627,0.53865564,0.5162557,0.54549974,0.53205013,0.57850826,0.5648963,0.5421497,0.530317,0.51873296,0.5861085,0.5248256,0.58855444,0.5863667,0.5722508,0.56765676,0.56684244,0.5522679,0.55967766,0.52753097,0.53783005,0.6066617,0.6096077,0.6349524,0.65492374,0.59061104,0.5303909,0.5303713,0.5607771,0.57869524,0.50589114,0.5562484,0.53474826,0.50955087,0.5176684,0.58306295,0.6360754,0.6137362,0.6564762,0.6742194,0.69023156,0.6396028,0.63594896,0.64449424,0.67680234,0.54998153,0.5090331,0.53551036,0.53166825,0.50866723,0.50702083,0.46033594,0.4836236,0.5167494,0.48209804,0.5073294,0.44082987,0.54360044,0.46755958,0.5057582,0.5568038,0.5231169,0.56084734,0.5064916,0.50672376,0.4828122,0.5211259,0.55555373,0.48531625,0.49106264,0.57167274,0.59643465,0.6025055,0.6264879,0.6180885,0.5269999,0.63992316,0.6720837,0.59008837,0.5997158,0.61513025,0.6214843,0.65573204,0.5994076,0.5926407,0.5699249,0.60602796,0.4997465,0.5733911,0.5657422,0.60184276,0.5579873,0.6521793,0.5874934,0.6339156,0.5772771,0.5987902,0.5765636,0.6162637,0.58305967,0.56902856,0.5346554,0.532395,0.5403143,0.6329275,0.49539337,0.66914654,0.6580019,0.4991264,0.50910276,0.49140313,0.5217488,0.47897854,0.52338284,0.42907375,0.50288224,0.5168058,0.51418304,0.51478595,0.52886385,0.53945875,0.54854363,0.44382346,0.47498095,0.43407136,0.42402205,0.4430789,0.57331145,0.5715697,0.567798,0.59467393,0.53530705,0.6084768,0.5266304,0.5544309,0.59601957,0.5633917,0.6021944,0.6028423,0.61438775,0.55624026,0.5659487,0.6086739,0.5484714,0.54393196,0.5461486,0.53369784,0.4966878,0.5831566,0.5488062,0.5898124,0.6042324,0.5771301,0.6082751,0.6683137,0.56316304,0.38938847,0.46424675,0.6565734,0.6801288,0.688547,0.5778613,0.5688171,0.5425189,0.59726137,0.5514013,0.4587992,0.5535707,0.59115565,0.5700491,0.7134393,0.6853898,0.52612954,0.51803964,0.5793234,0.5243512,0.49352372,0.5259944,0.5562528,0.6662648,0.62496054,0.52902687,0.51009065,0.52000576,0.5455119,0.62987316,0.5783968,0.51007456,0.5766986,0.52829534,0.51884204,0.52360207,0.5422316,0.5302749,0.53291976,0.5461445,0.5645212,0.550815,0.5337208,0.5449619,0.56091475,0.5634951,0.5311263,0.5234629,0.50293577,0.50731534,0.54339176,0.5437149,0.5518657
791,0.5882197,0.5683333,0.61066276,0.59231955,0.5887002,0.5920848,0.5807201,0.56374055,0.5855293,0.52122164,0.5155906,0.5448166,0.5942502,0.623029,0.6556486,0.61094815,0.5252278,0.5410832,0.59150845,0.60946995,0.5499597,0.5455351,0.5643947,0.54997706,0.5213199,0.506612,0.6191306,0.56616014,0.6961641,0.6471322,0.69231147,0.60587513,0.6629446,0.6249077,0.5963369,0.59029585,0.5127624,0.5628494,0.55090576,0.52819765,0.539647,0.47372416,0.5010626,0.53273064,0.49723363,0.5619743,0.4588209,0.5589045,0.47970736,0.5035313,0.569156,0.5273391,0.577492,0.5351239,0.5226123,0.47579736,0.5001649,0.5404693,0.52990896,0.5053956,0.54271156,0.56464326,0.575589,0.60529435,0.5709708,0.47893152,0.5596352,0.64088386,0.51589173,0.4640378,0.5625035,0.5427776,0.59319323,0.54568434,0.47887716,0.46527106,0.5265506,0.4827303,0.47370315,0.52818274,0.5051806,0.50669813,0.59832996,0.52908576,0.58365524,0.5465678,0.49970502,0.5052774,0.62102294,0.5577414,0.53125364,0.5232673,0.52044874,0.503749,0.5545408,0.516759,0.63276345,0.6271212,0.5084787,0.52683115,0.4976824,0.5376472,0.51526386,0.54080623,0.44445744,0.49994993,0.5198548,0.4927411,0.4724423,0.5325636,0.5096482,0.5036841,0.43625987,0.49779242,0.44913328,0.42752177,0.4454771,0.5347339,0.6007267,0.5664097,0.6217668,0.53765386,0.53345096,0.5278174,0.5622003,0.6202688,0.5787251,0.57514685,0.52409935,0.5608775,0.52505517,0.5100597,0.55444753,0.52219236,0.522126,0.5035156,0.5035637,0.52894425,0.52805203,0.5206895,0.57193744,0.607702,0.5936787,0.6045615,0.62624043,0.582655,0.40471387,0.46593758,0.6113224,0.5848022,0.66901314,0.5844673,0.56371784,0.5607837,0.6580694,0.55267006,0.49450544,0.5643146,0.5903437,0.582854,0.61335075,0.6798961,0.53322184,0.5665618,0.57684124,0.5422648,0.50174284,0.55978286,0.48609975,0.6137216,0.5377979,0.52397037,0.5286199,0.55782205,0.52526486,0.5733355,0.5623866,0.5444131,0.52698267,0.5198467,0.5887639,0.4994168,0.5907866,0.5841567,0.5655506,0.55733794,0.5613888,0.5554284,0.5720743,0.51812893,0.5297096,0.58681506,0.6024339,0.64299005,0.66679,0.57998496,0.5040141,0.5173445,0.54428303,0.55082387,0.47570524,0.53712565,0.51483315,0.5227475,0.5042108,0.5654967,0.6452388,0.6072971,0.6774153,0.6855192,0.72144294,0.64888495,0.6496405,0.6559406,0.6950753,0.554188,0.5135771,0.5458077,0.5383429,0.5150231,0.5136763,0.45948702,0.4791079,0.5203974,0.48578516,0.5103072,0.43992963,0.52693194,0.45155117,0.4935941,0.5653225,0.53036463,0.57287616,0.51339793,0.51243466,0.4818301,0.51970863,0.5601347,0.4860472,0.49245965,0.5865119,0.6084206,0.6056538,0.642642,0.63528186,0.5251496,0.6493022,0.6903646,0.59474844,0.6030451,0.613525,0.62908345,0.6610392,0.59794474,0.570061,0.56703854,0.6068731,0.49798766,0.5511962,0.56116384,0.5999965,0.5548212,0.65807474,0.5936468,0.6358873,0.5718689,0.5983218,0.5801461,0.62127244,0.582157,0.5621651,0.52967787,0.530241,0.53829306,0.6349013,0.5015856,0.6855812,0.670888,0.5071818,0.516516,0.50441426,0.53289217,0.48712376,0.5360234,0.4349195,0.50930846,0.51960176,0.50738066,0.5127018,0.52791125,0.5403861,0.55728847,0.4462773,0.47841668,0.441465,0.4269884,0.43928015,0.584408,0.5830661,0.5745567,0.6054028,0.53658056,0.5972836,0.5339126,0.5409854,0.6148439,0.5773722,0.59398806,0.58136207,0.6120584,0.55672294,0.5743014,0.6106405,0.54783076,0.5467154,0.5391765,0.52380097,0.47530615,0.56257564,0.535116,0.5860808,0.61622053,0.58509195,0.6164754,0.6780202,0.55770934,0.39368668,0.46130195,0.6640883,0.69235414,0.7068983,0.57359844,0.56782514,0.53409946,0.6231962,0.5227645,0.4355161,0.52180177,0.57719696,0.5687958,0.72649217,0.70667285,0.5213145,0.5242163,0.5889646,0.52554595,0.49319616,0.5362004,0.5493447,0.67761475,0.6244392,0.52718645,0.5206867,0.5333235,0.54503685,0.64542323,0.58128744,0.5069719,0.5822958,0.53376555,0.5176061,0.5239455,0.53905016,0.52642065,0.52375555,0.54216653,0.56220084,0.5432403,0.5336844,0.5462242,0.56436944,0.56984097,0.530228,0.5234824,0.49558917,0.50090116,0.5428859,0.5451632,0.5535507
792,0.58610815,0.5560467,0.6075681,0.5857636,0.58416593,0.5896625,0.5810951,0.5613934,0.58921456,0.5125938,0.5119838,0.51415795,0.5864392,0.621052,0.6509827,0.59950566,0.5166801,0.5359016,0.5888524,0.59220874,0.5374667,0.54698926,0.5482515,0.5687204,0.49772125,0.4816507,0.6107333,0.55545574,0.69689673,0.6380537,0.7013922,0.5994874,0.6635975,0.61881375,0.58841735,0.5819953,0.51490813,0.56348157,0.5435048,0.531476,0.54504514,0.46885327,0.49990526,0.5284795,0.4969225,0.5648407,0.45249072,0.5520782,0.47341633,0.50135374,0.56976897,0.52616113,0.5812617,0.53312874,0.5225036,0.47828433,0.48752508,0.53607625,0.53234977,0.5042432,0.5470118,0.5680485,0.57198936,0.61226285,0.5735033,0.4747534,0.54488444,0.6402727,0.5038413,0.44676244,0.55149466,0.5413085,0.58136046,0.5358975,0.44866034,0.4448743,0.5166519,0.4829805,0.43753242,0.52410996,0.4791232,0.49082077,0.59357095,0.5236668,0.5760533,0.5344306,0.4729216,0.49396637,0.61732686,0.54330134,0.52517784,0.526637,0.5196568,0.5001629,0.5444854,0.51874036,0.63198245,0.6289084,0.51855433,0.5379593,0.5078177,0.54752004,0.52891034,0.5537463,0.45048863,0.5085771,0.52502173,0.4893789,0.4734052,0.53113794,0.5139597,0.51066375,0.4431332,0.5045654,0.4616537,0.4326266,0.4454332,0.53671026,0.6102962,0.5681819,0.6265002,0.54011494,0.513016,0.5411649,0.55064756,0.6288998,0.5930065,0.55677366,0.49230862,0.5417742,0.51361626,0.49331775,0.54908407,0.51939726,0.5221247,0.50312084,0.49003538,0.52961344,0.51330143,0.51015997,0.56119937,0.61178833,0.59706676,0.59729123,0.6192608,0.5857966,0.4106342,0.4653287,0.60453373,0.56218415,0.6674484,0.5768129,0.5645343,0.56693596,0.6721279,0.533497,0.48360285,0.5513239,0.57985204,0.5925272,0.5960938,0.6811018,0.5379387,0.5712737,0.5808272,0.54390377,0.5051082,0.56983507,0.48077807,0.603081,0.52949125,0.51073885,0.54709697,0.57309186,0.52532566,0.5601718,0.5567126,0.5494222,0.52753675,0.52407706,0.5861773,0.48453146,0.5885092,0.5787229,0.55864424,0.5514799,0.5627372,0.5531004,0.5766051,0.5126191,0.5265878,0.56101793,0.594748,0.64161104,0.666812,0.5718338,0.49413675,0.50814843,0.53778934,0.5361649,0.46124068,0.52795327,0.50074595,0.54189795,0.49459687,0.54136413,0.6377182,0.5932189,0.6804339,0.67760766,0.7316432,0.64790297,0.6446235,0.65780884,0.6963179,0.54665744,0.51272804,0.5501843,0.5327212,0.51701623,0.51626664,0.45511705,0.47603485,0.5191133,0.4817712,0.50991213,0.43750578,0.5187114,0.44434294,0.49011096,0.56667364,0.53214085,0.57731044,0.51525164,0.5126603,0.48237097,0.515713,0.5643916,0.4886688,0.49495095,0.59545124,0.61710465,0.60565233,0.6488993,0.64287174,0.52663916,0.6482379,0.6927502,0.5874359,0.599887,0.59834313,0.6293971,0.6520497,0.5937685,0.54058135,0.5639243,0.60418123,0.50053257,0.52734363,0.5582267,0.59269935,0.55371904,0.655651,0.59235644,0.6319192,0.5610576,0.59329206,0.57678545,0.61963254,0.5740193,0.55657136,0.5300185,0.5287424,0.53562486,0.6294673,0.50505245,0.68961215,0.6711267,0.5140505,0.5230668,0.5166952,0.5412014,0.5017807,0.54931176,0.4438444,0.51708794,0.52780616,0.50377506,0.51776445,0.5263816,0.5469197,0.5644674,0.4520008,0.48699525,0.45510253,0.43503246,0.4420849,0.58904076,0.5889664,0.5776812,0.6091536,0.5378491,0.5791867,0.54729897,0.5291701,0.62537724,0.58861864,0.577817,0.55363554,0.5980276,0.5528219,0.576129,0.6080008,0.5455698,0.5476382,0.53246284,0.5139808,0.46831205,0.5411902,0.52051014,0.5763993,0.6210356,0.58538395,0.6192402,0.6765632,0.55606097,0.40190473,0.4612503,0.65986615,0.68702954,0.70937395,0.56970084,0.5673066,0.5350193,0.6370081,0.501477,0.42474008,0.50602156,0.5681922,0.57180053,0.7212016,0.70908195,0.5244906,0.5297811,0.59231055,0.52507716,0.49583882,0.5447471,0.5471115,0.6760288,0.6214989,0.5240173,0.53862363,0.55326134,0.5478998,0.6450358,0.58095396,0.50902534,0.5852733,0.5427198,0.5173321,0.5245647,0.5338554,0.52117926,0.517612,0.5381358,0.55524737,0.5335496,0.533774,0.54460686,0.5646556,0.5724005,0.5279786,0.5233078,0.4931837,0.49812853,0.5407869,0.54371667,0.5520757
793,0.5791735,0.54711753,0.59973127,0.57534593,0.57746404,0.5875846,0.5846871,0.55414116,0.5851639,0.51304644,0.51731414,0.49174264,0.5781167,0.6137192,0.63862765,0.5905039,0.51847464,0.53367054,0.58990425,0.58269703,0.53287905,0.5523786,0.53654057,0.5887981,0.4836835,0.4630324,0.5908949,0.54870206,0.68241316,0.6188711,0.69651353,0.585948,0.65259516,0.6076001,0.5733675,0.5626613,0.51006687,0.55862284,0.5244005,0.5295096,0.54258484,0.45659235,0.50000554,0.5195517,0.48843175,0.55839384,0.44667917,0.5535331,0.47613314,0.5027204,0.5647858,0.52117,0.57832056,0.527728,0.5159153,0.48447376,0.47814083,0.53629196,0.53371394,0.50304973,0.55056095,0.57016426,0.57307684,0.61135143,0.57433087,0.48305482,0.5310913,0.63243276,0.49218234,0.4387066,0.5397423,0.5437851,0.5684416,0.5382822,0.43279135,0.43618202,0.51280916,0.49170095,0.41849753,0.5311112,0.4673338,0.4913607,0.591236,0.5177109,0.57198393,0.5220321,0.45172298,0.48735797,0.6098204,0.52526754,0.5229477,0.5369518,0.5203655,0.5019595,0.5411222,0.5180601,0.62848735,0.62480664,0.52619076,0.5485674,0.5158777,0.5550032,0.5447104,0.5673733,0.458098,0.5201641,0.53718376,0.4903171,0.483518,0.53012544,0.5272768,0.5237349,0.45069438,0.5126799,0.4784669,0.44120148,0.45215732,0.5391379,0.6140297,0.56892157,0.6232802,0.5441078,0.49925274,0.55925494,0.5447097,0.62914854,0.6025994,0.54029965,0.4692874,0.52339333,0.50326604,0.47793767,0.5459331,0.5186716,0.52383935,0.5092129,0.4842261,0.5347038,0.50805223,0.5016252,0.54728264,0.6091104,0.59231097,0.5930026,0.612493,0.5899438,0.41821414,0.46696055,0.59532285,0.5360502,0.657335,0.568379,0.5667006,0.5766107,0.6738662,0.5208144,0.4827449,0.5490415,0.57429266,0.60091794,0.5716212,0.6701992,0.5457951,0.57285225,0.58334935,0.543527,0.51342404,0.57612103,0.4881249,0.5928998,0.531285,0.5011192,0.57017434,0.5906916,0.5333242,0.5440621,0.5488651,0.5575192,0.5319579,0.5312119,0.5790183,0.4795403,0.58275956,0.5709426,0.5517762,0.5495253,0.5698979,0.5463681,0.5737688,0.511244,0.52954507,0.5354857,0.58658713,0.6325927,0.6576055,0.5659837,0.49949303,0.503895,0.5395288,0.5334727,0.4611895,0.52772576,0.4928231,0.56560767,0.48974025,0.516314,0.617258,0.5758492,0.6685491,0.6541842,0.7250113,0.63771737,0.6253118,0.6522511,0.68337303,0.5281906,0.5053445,0.5479487,0.5144187,0.5142237,0.51368946,0.44606042,0.47410473,0.51271975,0.4699613,0.5063732,0.43274212,0.5182774,0.4445477,0.49523306,0.5619013,0.52863204,0.57482445,0.5124637,0.5065411,0.4847958,0.50994736,0.56892776,0.4926308,0.49718907,0.59855103,0.6221697,0.6046029,0.64663833,0.6429421,0.533345,0.63791084,0.68152064,0.5714382,0.59182525,0.5731219,0.62303066,0.63301104,0.5901674,0.5119461,0.5628099,0.59891874,0.5078696,0.50918466,0.55926263,0.5849842,0.55659485,0.6474361,0.58404225,0.6232296,0.5465813,0.5856365,0.569229,0.6113455,0.560498,0.552371,0.5361281,0.5283983,0.53410834,0.6202785,0.50511956,0.68382215,0.6601658,0.5185377,0.52903044,0.526996,0.54671216,0.52107096,0.56213975,0.45304978,0.5260721,0.54128605,0.5040133,0.52949834,0.5254841,0.5590433,0.570299,0.45860088,0.49816996,0.4728217,0.4468473,0.4506206,0.58755785,0.58989936,0.5779467,0.60685277,0.53994906,0.5600268,0.5660018,0.523222,0.6275462,0.596612,0.5599232,0.52713025,0.576698,0.546431,0.57191724,0.6027125,0.54225117,0.5472554,0.5278909,0.5067561,0.47456467,0.5248236,0.50753736,0.5633223,0.6198433,0.578811,0.61899555,0.66762125,0.55852485,0.41177362,0.4631105,0.6460121,0.66735685,0.6981797,0.56622314,0.5676484,0.5440112,0.6398892,0.48800346,0.42493287,0.50486374,0.56388706,0.5784626,0.7015726,0.6961816,0.5344183,0.5345891,0.59059805,0.523525,0.5017782,0.5519805,0.5522831,0.66353136,0.6180317,0.52053535,0.56233263,0.57821804,0.5553269,0.63217634,0.5781403,0.5165237,0.5862179,0.55433667,0.5186266,0.52601796,0.52774554,0.51619613,0.516301,0.53559846,0.54498816,0.523335,0.5341806,0.5409868,0.5626156,0.57174855,0.52456015,0.5233798,0.49629638,0.49971062,0.5380596,0.53998137,0.54790425
794,0.5690854,0.5418762,0.58969575,0.56335217,0.5701353,0.5862502,0.5902094,0.5455701,0.5768968,0.5230192,0.53091645,0.48449048,0.5694392,0.6034195,0.6224307,0.5838517,0.5280669,0.5360745,0.59281594,0.57970923,0.5344129,0.5606395,0.5306175,0.60933113,0.48378158,0.4560059,0.566438,0.55028087,0.65824145,0.5964983,0.683585,0.5677497,0.6354304,0.5953112,0.5559861,0.5381467,0.49998987,0.5501714,0.49878263,0.5243842,0.53494936,0.43984935,0.50241286,0.50910443,0.47409368,0.54683876,0.44305208,0.56084585,0.48489782,0.50786805,0.5576147,0.5149707,0.5720425,0.52219224,0.50582534,0.49485818,0.4749926,0.54283035,0.5344992,0.5026992,0.55421203,0.57250357,0.58119875,0.6055921,0.57563037,0.50312084,0.5226022,0.6215997,0.48464662,0.4415215,0.5309059,0.5512118,0.56000906,0.55528235,0.43563476,0.4413788,0.51672775,0.5084251,0.42049623,0.55041665,0.47453856,0.5095984,0.59424245,0.5117275,0.57324284,0.51158845,0.4410092,0.48793456,0.60105395,0.507821,0.52376544,0.5522239,0.52256036,0.5095517,0.5471429,0.5166123,0.6260363,0.6173491,0.531679,0.55951715,0.5227621,0.5621615,0.5621783,0.58229566,0.4671562,0.5344164,0.5568305,0.49540883,0.5010571,0.5312259,0.54780394,0.54061663,0.45775262,0.52120423,0.4983882,0.45280316,0.46511436,0.5419934,0.6131506,0.5698477,0.6152762,0.5505343,0.4972781,0.58134085,0.5481621,0.624506,0.6095831,0.53232455,0.46159956,0.51113904,0.49715444,0.46818858,0.5463203,0.51977783,0.52756125,0.5209536,0.48811784,0.54402727,0.5141029,0.49692523,0.5353186,0.6024397,0.5832352,0.59480584,0.6104312,0.59568727,0.4274877,0.4709028,0.5871643,0.51424694,0.644221,0.5601153,0.57008594,0.5882395,0.66811216,0.5148277,0.4899611,0.5539818,0.57299745,0.6074273,0.5475086,0.651716,0.5564012,0.57224023,0.58576876,0.54136705,0.52631193,0.5813473,0.50762856,0.58773357,0.54445493,0.49737468,0.59607697,0.61038357,0.550108,0.53213036,0.5412529,0.5688252,0.5397648,0.539966,0.5689605,0.48283705,0.57574695,0.56245613,0.5455787,0.55057985,0.58067733,0.5387698,0.566928,0.5141642,0.53883487,0.5176256,0.57812107,0.6186898,0.64279395,0.5620436,0.5154861,0.5055203,0.54627126,0.5388119,0.47244495,0.53412235,0.49141625,0.59174,0.4898788,0.49721974,0.5909261,0.56066585,0.6479757,0.62323165,0.7079505,0.62088555,0.5994091,0.64199895,0.66093266,0.5044913,0.4934668,0.5404657,0.4886158,0.50892174,0.5079463,0.43443438,0.474334,0.5033878,0.45378795,0.50176406,0.4272507,0.52385277,0.45009133,0.5073218,0.55465144,0.52254844,0.5689316,0.50788206,0.49668875,0.4908926,0.5046818,0.5739319,0.4974935,0.49897707,0.5959412,0.62365,0.6048025,0.6381152,0.63891083,0.54633385,0.6218656,0.66196615,0.5522918,0.5822426,0.5445737,0.6120668,0.6104687,0.5907641,0.4923359,0.56602705,0.59332615,0.5201811,0.5037203,0.56562454,0.58218545,0.5638252,0.6377234,0.5706847,0.6120646,0.5309921,0.57825744,0.5616416,0.5972164,0.5448665,0.54897434,0.54701316,0.5296761,0.5351465,0.61197025,0.5032293,0.67295927,0.6424622,0.52189296,0.536403,0.53599226,0.5515796,0.54332906,0.5749573,0.46190497,0.5365306,0.559928,0.50848246,0.54581684,0.5266377,0.575039,0.57463723,0.4652693,0.51053154,0.49309006,0.46181026,0.46400407,0.5815899,0.5881375,0.5770517,0.601645,0.54377735,0.5465046,0.58910626,0.52742344,0.62350005,0.60224634,0.5476867,0.51011837,0.554808,0.5400563,0.5636186,0.59741616,0.5388165,0.54654974,0.52720207,0.5044958,0.4907834,0.5185338,0.49892288,0.5512483,0.6153763,0.5683127,0.61854094,0.6562765,0.5647324,0.42298836,0.46631283,0.6267701,0.64006543,0.6783669,0.56331944,0.5691251,0.5582191,0.6355684,0.48230532,0.43353266,0.5139898,0.5631423,0.58750534,0.67399484,0.6737372,0.5489028,0.5385857,0.58637667,0.5212316,0.5112407,0.5599926,0.56581,0.64478815,0.6160579,0.51775557,0.5897024,0.60610014,0.5688782,0.6130017,0.5741744,0.5289411,0.58567274,0.56586784,0.5213057,0.5283651,0.52223766,0.5133361,0.5210286,0.5359855,0.5339171,0.5148689,0.53499365,0.5368207,0.56018853,0.5697152,0.5206285,0.5243409,0.5048746,0.50594836,0.53615195,0.53530115,0.5423949
795,0.55835503,0.5412305,0.58148164,0.5530063,0.5642599,0.58599895,0.5962377,0.54108757,0.57003695,0.5410437,0.5503497,0.4968834,0.561835,0.592899,0.6068712,0.5800165,0.54223496,0.5442587,0.5960991,0.58089113,0.5397648,0.5704195,0.5315899,0.62902623,0.50050294,0.46490747,0.5459806,0.5627783,0.63194436,0.5792724,0.66983503,0.5486101,0.6190005,0.58613926,0.5423541,0.5175854,0.4892119,0.5410137,0.47571987,0.5203121,0.5270004,0.4248586,0.5087605,0.501441,0.45889512,0.5358619,0.44474095,0.57075197,0.4966437,0.51652527,0.553512,0.5121396,0.5677859,0.52095336,0.49772704,0.5102476,0.48080382,0.55582273,0.53548396,0.5046783,0.5588255,0.5766336,0.59618956,0.5989984,0.579406,0.53172046,0.5232368,0.6128477,0.48545152,0.4560901,0.5289539,0.5635686,0.5605759,0.5848656,0.4587294,0.46068147,0.52878976,0.53071773,0.4444989,0.57946324,0.50172555,0.54209656,0.60333306,0.5067071,0.5796567,0.505742,0.44483393,0.4973727,0.5935543,0.49586233,0.52593225,0.56860304,0.52589655,0.5221108,0.56282914,0.51721835,0.62752235,0.609603,0.5368161,0.5722176,0.5309603,0.5719902,0.58051383,0.5994659,0.4788356,0.5504615,0.582974,0.5041633,0.5228181,0.53568053,0.5714627,0.5577283,0.46464604,0.5298057,0.51987255,0.4677243,0.48351178,0.54520977,0.6092623,0.5722813,0.6072785,0.5597157,0.5104526,0.60607207,0.56316453,0.61921394,0.6160434,0.53819716,0.4736461,0.50965434,0.49826074,0.4689863,0.5506359,0.5220321,0.53308916,0.5360986,0.50184333,0.5567783,0.5312445,0.49791363,0.5310678,0.59591883,0.57483536,0.6033893,0.6154974,0.6033476,0.43988857,0.47700396,0.58293575,0.50505215,0.63423604,0.55432427,0.57486695,0.59997016,0.6600749,0.51526165,0.50268626,0.5620315,0.57496464,0.6120211,0.5322292,0.63122666,0.5691688,0.57051784,0.5891888,0.53730357,0.5421755,0.5889397,0.5357547,0.5906489,0.566661,0.50132346,0.622071,0.63141704,0.57535607,0.53158516,0.5362471,0.5821875,0.550072,0.5487676,0.5584769,0.49233532,0.5709102,0.5554142,0.5409288,0.5534782,0.59207803,0.5354578,0.56142235,0.5210896,0.55332553,0.51379657,0.5702587,0.6035123,0.62656784,0.56027496,0.5362611,0.51351666,0.55457824,0.5472648,0.4905241,0.5439099,0.4968581,0.6172459,0.49470374,0.49041194,0.56764835,0.55289155,0.6266451,0.5955851,0.68867856,0.6009369,0.57719946,0.6299753,0.6356382,0.4850674,0.4818974,0.53056204,0.4649119,0.5055575,0.50330997,0.4248949,0.4785076,0.49462175,0.43932483,0.49948263,0.42496008,0.5332533,0.45924923,0.52394146,0.55031383,0.51845485,0.5649624,0.50583357,0.4883594,0.5028862,0.50296414,0.57887936,0.50288886,0.5010415,0.58855605,0.62131006,0.6067725,0.62592506,0.63472086,0.5650763,0.6043729,0.6411102,0.536868,0.57488906,0.52151555,0.5993367,0.5916597,0.59689164,0.48827413,0.5742624,0.58909315,0.53633404,0.51522356,0.576893,0.5874405,0.5736353,0.62997735,0.5552059,0.6002278,0.51723635,0.57329416,0.55848175,0.5786045,0.53097004,0.54510206,0.5597123,0.53267604,0.5391725,0.60797036,0.5022173,0.66126287,0.6234055,0.52655464,0.54763985,0.5454565,0.5589401,0.5665477,0.58905023,0.4715355,0.5483425,0.582509,0.51698154,0.563134,0.5306532,0.59111047,0.5771353,0.47252715,0.52322006,0.5144541,0.47992676,0.48161852,0.5734633,0.5864935,0.57716316,0.5979071,0.5499037,0.54423165,0.6149061,0.5444559,0.616414,0.6069434,0.54740787,0.50935614,0.5396468,0.5363229,0.5540981,0.59391016,0.536077,0.54653823,0.53146297,0.5086923,0.51269245,0.52527136,0.49706718,0.54504234,0.61111027,0.5579513,0.61913615,0.6467234,0.5736882,0.43675616,0.47068825,0.6068304,0.6142412,0.6562752,0.56174976,0.5720303,0.57410693,0.6289098,0.48393434,0.44805148,0.5279067,0.56474423,0.5971011,0.64681214,0.6492865,0.5652286,0.5418276,0.5827407,0.51802284,0.5237376,0.57129043,0.58549505,0.62483126,0.61570203,0.51648796,0.6176126,0.6340786,0.5890998,0.5951012,0.5697057,0.54426944,0.58382726,0.573862,0.52465767,0.53120714,0.51882875,0.5141902,0.53138745,0.5397908,0.5247998,0.51032865,0.5360642,0.5336587,0.5596698,0.5686199,0.51702446,0.52645665,0.51791686,0.51631856,0.53643274,0.5313564,0.537316
796,0.54969496,0.5460807,0.5799216,0.54750603,0.56169575,0.58685756,0.60164213,0.5461914,0.5710298,0.563193,0.571202,0.5279655,0.55792433,0.5847383,0.5958311,0.58007216,0.55839694,0.55799234,0.599265,0.58376414,0.5467508,0.5801782,0.5398518,0.64678925,0.5320072,0.4908083,0.53660375,0.5851968,0.6108108,0.5735368,0.66218954,0.53319746,0.60989094,0.58299357,0.5377769,0.5102294,0.4833561,0.5343917,0.46467403,0.5223342,0.523836,0.41854694,0.51964563,0.49985906,0.4482777,0.530583,0.45505592,0.5801945,0.5092766,0.52779883,0.55837506,0.5178803,0.57146513,0.5281485,0.49728745,0.53090346,0.4970634,0.5736906,0.5374162,0.5099363,0.5652333,0.5839393,0.61449337,0.59608996,0.58722836,0.5633615,0.5341038,0.61021525,0.4979127,0.48137453,0.53631264,0.5795446,0.57166636,0.61960566,0.49853125,0.49133807,0.546922,0.553962,0.48634914,0.6117743,0.5440279,0.5801931,0.6159416,0.50319314,0.5883159,0.5062699,0.4646491,0.515488,0.58908224,0.49292776,0.5274103,0.581517,0.5296863,0.5377712,0.58477825,0.5222436,0.6329226,0.60445964,0.5436755,0.58816254,0.54369867,0.5874721,0.59859866,0.61974776,0.49426278,0.566863,0.6125125,0.5150096,0.54443276,0.5436717,0.59300756,0.5719593,0.47164378,0.53811544,0.5411632,0.48647165,0.5060426,0.54878443,0.60431755,0.5774374,0.60456014,0.57120746,0.5382506,0.63175935,0.5888291,0.6173122,0.62369406,0.5597066,0.50539225,0.52070266,0.5081156,0.48382935,0.5578058,0.524593,0.5397606,0.55149466,0.52283937,0.5716881,0.55680996,0.5055745,0.538292,0.59426856,0.5717165,0.6158615,0.626217,0.6126205,0.45686173,0.48431846,0.5834102,0.5136144,0.6315322,0.55424595,0.5816767,0.61058843,0.65446305,0.5214563,0.51849705,0.5699035,0.57937735,0.6156355,0.5313744,0.61392015,0.5835421,0.56893,0.5941092,0.5311775,0.5582415,0.60223013,0.5659446,0.6011791,0.59152675,0.51349247,0.6454172,0.6528241,0.6068752,0.54702574,0.53518003,0.5951043,0.56173307,0.55685145,0.55018616,0.50536567,0.57241994,0.55184335,0.53851515,0.5568539,0.60116315,0.5414978,0.5633129,0.53051937,0.57004845,0.52626115,0.5648044,0.5907557,0.6126507,0.5618311,0.5567698,0.52738714,0.56193364,0.55451024,0.5101692,0.55369246,0.5088056,0.6393887,0.50289315,0.49931407,0.5550492,0.5553676,0.6114964,0.5810393,0.67576015,0.5820293,0.5684729,0.61894184,0.6151084,0.4798258,0.47628227,0.5214721,0.45366025,0.50925523,0.5043973,0.4223918,0.48735452,0.489267,0.43244588,0.5025872,0.4304972,0.5444276,0.47109315,0.5423392,0.55463797,0.52138925,0.5686176,0.51062244,0.4872775,0.5217919,0.5074014,0.5831191,0.5084671,0.50407225,0.57917553,0.6153017,0.60891837,0.6131634,0.6340854,0.5872896,0.5892779,0.62585795,0.53186405,0.57293695,0.51229787,0.5880213,0.5822008,0.6065922,0.50231403,0.5859805,0.5866715,0.55315924,0.54273313,0.59033316,0.6000701,0.58257467,0.6248711,0.54041356,0.58817416,0.5076483,0.57130086,0.5631852,0.5578091,0.5221994,0.53932977,0.5700139,0.53703743,0.5459793,0.60842663,0.5047321,0.65053594,0.6074796,0.5345424,0.5645124,0.5576139,0.57190025,0.5885456,0.6059934,0.48353294,0.5609699,0.606487,0.5279014,0.5773616,0.5374029,0.60267025,0.5781327,0.48081952,0.5350892,0.5350999,0.50116146,0.5025325,0.5658028,0.58754355,0.58053696,0.6000423,0.55833,0.5554504,0.64139843,0.5735639,0.60993934,0.6126661,0.56182796,0.5272952,0.5368192,0.5374862,0.54681075,0.59242725,0.5344723,0.54807705,0.5403855,0.51881737,0.5361237,0.54443187,0.5028929,0.547912,0.6104859,0.55139214,0.6195628,0.6403095,0.5839045,0.4545526,0.47578374,0.5898473,0.59852993,0.63766444,0.56305605,0.5769284,0.5886274,0.62499654,0.4917345,0.46620405,0.5416309,0.567931,0.60571206,0.62792146,0.63033974,0.5810378,0.5447284,0.5825414,0.51336485,0.53784823,0.5878264,0.60605323,0.6072587,0.61504006,0.5172546,0.6431431,0.6595603,0.6147274,0.5855832,0.56463134,0.5592,0.5808528,0.57637155,0.527903,0.53397053,0.5184939,0.5194222,0.544781,0.54603076,0.51950055,0.510736,0.5371122,0.5326685,0.5629839,0.57063013,0.51432055,0.5293513,0.53313506,0.52897054,0.5397098,0.529686,0.5342666
797,0.5448875,0.5562773,0.58866006,0.54870534,0.5632873,0.5885788,0.60590506,0.56382304,0.5845002,0.5840286,0.58830893,0.5702163,0.5603096,0.58032316,0.5911805,0.584892,0.57473856,0.5753713,0.60285014,0.5868797,0.55391586,0.5886877,0.55448854,0.66222817,0.5712058,0.5298084,0.540923,0.61282825,0.5989754,0.58114946,0.6646911,0.5256667,0.6118068,0.58665764,0.5446158,0.52143586,0.48641917,0.5325033,0.4713485,0.5339553,0.5288592,0.42532006,0.53359514,0.5048921,0.44541842,0.5333084,0.47530162,0.587219,0.521603,0.53974545,0.57611907,0.53540385,0.5870087,0.54563504,0.5077178,0.5553656,0.5226029,0.5933536,0.5404527,0.5179798,0.5736235,0.5948905,0.6312134,0.5998704,0.5992766,0.5918835,0.5532961,0.61519223,0.52245444,0.51420575,0.5528401,0.5969064,0.5910803,0.6501739,0.54618555,0.5277211,0.56752133,0.5724841,0.53640884,0.63939464,0.5915003,0.6131121,0.6276475,0.5004436,0.59491646,0.51271355,0.49795726,0.5397984,0.5884606,0.49998802,0.5265113,0.58755237,0.5331489,0.55417144,0.6068807,0.5321078,0.6396118,0.6037688,0.553875,0.6081781,0.5632864,0.61006016,0.615266,0.6433406,0.5134683,0.5821402,0.6411786,0.52526677,0.5614078,0.554256,0.6078975,0.5815887,0.47809973,0.545825,0.5604908,0.5083535,0.53015924,0.5527659,0.60027766,0.58586156,0.6108971,0.5838283,0.5754674,0.6569625,0.62098294,0.6215225,0.6335528,0.59372056,0.55107623,0.5425715,0.52593213,0.5129557,0.5659382,0.52684754,0.54655325,0.5637305,0.5458796,0.58684677,0.586122,0.5188096,0.5567568,0.6009708,0.5762964,0.6270669,0.6382094,0.62243307,0.4782995,0.49066913,0.58753794,0.5397704,0.6370048,0.56238854,0.5912708,0.6197553,0.6545636,0.5323221,0.53512156,0.5761302,0.5858038,0.6199758,0.5454708,0.6030175,0.5987613,0.5686772,0.6003735,0.52337426,0.57141465,0.62324,0.5905425,0.6156115,0.6118039,0.5325322,0.6646133,0.6738566,0.6407245,0.57807946,0.5384098,0.60476553,0.5730581,0.5639141,0.545786,0.51911986,0.58348525,0.5528561,0.5385493,0.5596407,0.6062647,0.5594372,0.5769692,0.5398793,0.58492285,0.5514138,0.5638796,0.58290094,0.6032292,0.56799424,0.5741831,0.545309,0.5676044,0.5584362,0.5271006,0.56121814,0.5258991,0.6567621,0.51182765,0.5223323,0.5562553,0.56696033,0.6059323,0.584387,0.67486227,0.5680024,0.5782713,0.6109049,0.6052027,0.49476582,0.48050258,0.5155085,0.46156877,0.5233775,0.51403123,0.4299016,0.4994382,0.4879311,0.43597558,0.51214653,0.4468012,0.5560151,0.48538467,0.55996436,0.57133573,0.5347124,0.58362323,0.5246421,0.49703076,0.5463704,0.5186484,0.5861202,0.51381654,0.50796676,0.5714122,0.6066169,0.60889935,0.60271513,0.63925254,0.6094552,0.5791934,0.62077266,0.54113704,0.5780791,0.5212003,0.5809089,0.58393943,0.6160363,0.5312236,0.5983384,0.5860075,0.5663072,0.5793081,0.60157496,0.61607784,0.58683395,0.6207328,0.52784777,0.57554716,0.5026724,0.57137495,0.57685834,0.5376706,0.52058256,0.53081334,0.5742849,0.5421248,0.55495626,0.6105257,0.511837,0.6404338,0.59721583,0.54665065,0.5872682,0.5742095,0.5921516,0.6075523,0.6267503,0.498879,0.5738001,0.62884504,0.5380769,0.58518344,0.5459717,0.60623324,0.57851213,0.4896477,0.544869,0.55319834,0.52471626,0.5249673,0.56088734,0.59290314,0.5884871,0.6106989,0.56832063,0.57756925,0.6669402,0.60980785,0.6075471,0.62170774,0.58862716,0.56019646,0.5481303,0.54460555,0.5448499,0.5921415,0.5341096,0.5515985,0.55189955,0.5319491,0.55797035,0.5712789,0.51493424,0.5599683,0.6158794,0.5506805,0.6171336,0.6358089,0.59389997,0.47709307,0.48040769,0.57765687,0.59781164,0.6263041,0.5689064,0.5844619,0.60019124,0.6278168,0.504006,0.4857304,0.55236024,0.5726214,0.612985,0.6217259,0.6214301,0.5950464,0.54793984,0.5873339,0.50688523,0.5515621,0.6101495,0.62119067,0.59365785,0.6118888,0.52008456,0.6647387,0.68102366,0.6427711,0.5885908,0.55915076,0.57041705,0.5767885,0.5735402,0.5302445,0.5359665,0.52138984,0.5283002,0.5571248,0.55242056,0.51824385,0.51537573,0.53789914,0.5342362,0.57085234,0.57692575,0.5126085,0.53228545,0.54724723,0.5409136,0.54580736,0.5310438,0.5341456
798,0.5445332,0.5700898,0.607952,0.55655384,0.56876254,0.59092796,0.60886604,0.5925655,0.61060727,0.59869957,0.5976092,0.6122509,0.5699961,0.57954407,0.592427,0.59433395,0.58958906,0.59315574,0.60767245,0.5901127,0.5607131,0.5950921,0.573038,0.6749963,0.60804373,0.57352245,0.5569355,0.6391057,0.596491,0.5993627,0.67711055,0.5279563,0.62467015,0.5958787,0.5616107,0.5505881,0.49912387,0.5356569,0.49588907,0.5553293,0.5425444,0.44559696,0.54766166,0.51446277,0.45057142,0.5429051,0.5035528,0.59129393,0.5330284,0.5496184,0.6060879,0.5639031,0.61395,0.5718554,0.5285493,0.5801953,0.5530406,0.61071163,0.54412794,0.5271185,0.58327276,0.60856694,0.6422992,0.61044264,0.6141692,0.61269873,0.5765747,0.6263776,0.5556642,0.54927844,0.57566977,0.6130302,0.6138346,0.66919404,0.590477,0.56249315,0.5864735,0.5814344,0.5827079,0.65598947,0.63304687,0.6323435,0.63410306,0.49694195,0.5956461,0.5226772,0.5382494,0.56612873,0.591228,0.515314,0.5223696,0.5854921,0.53559464,0.5687485,0.62278014,0.545025,0.64406383,0.6074908,0.56772447,0.6311627,0.58915335,0.63798136,0.6292162,0.66863513,0.5349029,0.5948027,0.6646662,0.5321841,0.5702524,0.56567866,0.61340284,0.58604956,0.48298672,0.5526256,0.57586515,0.53076625,0.5519867,0.556986,0.5984117,0.59668756,0.6266556,0.59565204,0.61362064,0.67985606,0.6530314,0.6323677,0.645312,0.6327817,0.60018766,0.5704455,0.5485185,0.5522439,0.57298094,0.5283597,0.5521988,0.5699743,0.56468,0.5996704,0.6135536,0.5342703,0.582379,0.6164105,0.58801484,0.63179237,0.64649683,0.63106453,0.501817,0.49337545,0.5930688,0.5777795,0.6484622,0.5786858,0.60347915,0.62723947,0.6612075,0.5461137,0.55011123,0.5809739,0.59382045,0.62635964,0.5703512,0.59926754,0.6132814,0.5704756,0.60714555,0.5151449,0.5792552,0.6507378,0.60365045,0.6290533,0.62216544,0.5550475,0.6789742,0.69330096,0.67172575,0.61882913,0.54540557,0.6091514,0.581997,0.5695634,0.5458312,0.53129953,0.6042121,0.5584044,0.54101527,0.5616039,0.6073257,0.58762443,0.6026121,0.5467677,0.59429044,0.58131933,0.56880397,0.58065933,0.5986441,0.57903546,0.5875142,0.5642339,0.5723201,0.5594235,0.539185,0.5659727,0.5457829,0.66886824,0.51845413,0.55307436,0.56941557,0.5833112,0.60903764,0.60410213,0.68653136,0.5611666,0.60519433,0.60662067,0.6078852,0.5295634,0.49519855,0.5134274,0.48948896,0.5476678,0.5320438,0.44745094,0.5118937,0.48931998,0.44915944,0.5267506,0.47353184,0.56732,0.5020466,0.5745388,0.5998125,0.55834377,0.6095407,0.5471748,0.5175676,0.5731892,0.53486866,0.5871351,0.51848555,0.51193744,0.5681415,0.5966912,0.60491717,0.5964697,0.6503029,0.6280239,0.5748926,0.6266874,0.5640285,0.5895462,0.5465245,0.5790758,0.5945979,0.62138444,0.56679744,0.6082617,0.58661807,0.5718364,0.6147644,0.6064344,0.63035697,0.58349675,0.6150122,0.51757145,0.561773,0.50111276,0.5718762,0.59766597,0.5208473,0.52622074,0.5195503,0.5707985,0.54715794,0.56497586,0.6104793,0.522592,0.6296606,0.59273165,0.56202054,0.61374927,0.59506893,0.6184045,0.62224084,0.65032345,0.51711684,0.5858387,0.6466192,0.54400164,0.5846608,0.5550114,0.60042596,0.57888585,0.49782628,0.551507,0.56712824,0.5486265,0.54614186,0.5599317,0.60258436,0.6003767,0.62926,0.5783341,0.60407704,0.689602,0.6452985,0.61134505,0.635235,0.62129736,0.59910214,0.57079387,0.55688363,0.5496035,0.59168464,0.53471106,0.5567347,0.5626885,0.5437393,0.5761073,0.5984279,0.52961266,0.57830244,0.62742555,0.5557693,0.60898805,0.6307094,0.6022765,0.50334966,0.48293167,0.5700423,0.6115746,0.62311524,0.579758,0.59443766,0.60842746,0.6386447,0.51874226,0.5042767,0.55971974,0.5788711,0.6192779,0.6279952,0.622719,0.60668325,0.5520231,0.5967827,0.49915373,0.5628346,0.6363203,0.62607956,0.58408666,0.6047131,0.5243538,0.6815803,0.6975055,0.6688618,0.6040005,0.55401677,0.5757934,0.5714628,0.56690794,0.53114086,0.5365529,0.5268394,0.53899664,0.56473684,0.55653197,0.5199241,0.5222913,0.53833985,0.5379545,0.5822393,0.58700866,0.51174,0.5346224,0.5570981,0.54917157,0.55363894,0.5352005,0.5369503
799,0.54862326,0.58440995,0.63390607,0.56926644,0.5769504,0.5936883,0.61011386,0.62678224,0.64429384,0.6042021,0.5971443,0.64325124,0.5853108,0.58186036,0.5977231,0.6067641,0.6009791,0.6074572,0.6136239,0.5935516,0.56694645,0.5984914,0.5916365,0.68417865,0.6332877,0.61167645,0.57977027,0.65780044,0.60064197,0.6224802,0.6960671,0.5396526,0.6460672,0.6082082,0.5850049,0.5912766,0.5189101,0.5427439,0.5330712,0.583056,0.5621205,0.4757451,0.55862737,0.52527255,0.46207687,0.5557873,0.5349192,0.5927905,0.5433143,0.55476874,0.6425206,0.5983874,0.6468388,0.6022528,0.55587524,0.6009752,0.5818513,0.6216916,0.5480429,0.5352764,0.59359443,0.62365717,0.64507157,0.62630093,0.63035953,0.6240751,0.5980841,0.6405691,0.5914747,0.57934225,0.59986025,0.6257088,0.63401157,0.67179143,0.6212125,0.5881216,0.59910196,0.5781349,0.6146356,0.65792924,0.6596667,0.63322616,0.6317578,0.49172878,0.58804655,0.5335058,0.57642657,0.5896922,0.59560007,0.5348462,0.51531196,0.57628155,0.5363856,0.57907575,0.62741965,0.5579435,0.64307743,0.61390996,0.58322227,0.6535079,0.61717486,0.66609514,0.6389755,0.6918782,0.55531657,0.6030543,0.67913777,0.5340323,0.5692105,0.57582045,0.60902405,0.5861975,0.48546225,0.5575328,0.5850188,0.54989624,0.5671987,0.56097054,0.59907615,0.6077307,0.6484167,0.6041745,0.6434056,0.69753623,0.67758244,0.6481481,0.6571969,0.66742206,0.64051425,0.5970963,0.5707425,0.5933874,0.5766838,0.5285183,0.55542845,0.5688298,0.5738721,0.6073532,0.63343644,0.5474551,0.6088579,0.6374579,0.60380965,0.6259905,0.64682907,0.63631314,0.5230351,0.49071574,0.59679085,0.61764294,0.66166204,0.59968805,0.6163757,0.6321512,0.6726226,0.5600769,0.5607588,0.58507454,0.6021876,0.63457876,0.59899193,0.6018367,0.62464213,0.5745003,0.61321455,0.50854474,0.5805936,0.67941415,0.6027777,0.6372634,0.6192355,0.5756734,0.6875971,0.70883876,0.69435966,0.6597163,0.554454,0.60753757,0.58726454,0.5741618,0.55027145,0.5400316,0.63064814,0.5674478,0.54581547,0.5631195,0.6050492,0.62037545,0.6355274,0.5497618,0.5958451,0.6070707,0.578921,0.58367366,0.59799063,0.5933892,0.5960723,0.580245,0.5767096,0.5588731,0.5457752,0.56842417,0.5649744,0.6753201,0.52050185,0.5827819,0.589407,0.59902406,0.6164222,0.6335513,0.70691,0.5621565,0.64294475,0.60594773,0.6215765,0.577251,0.51765144,0.5146943,0.53207463,0.5780451,0.5551934,0.47186583,0.5216445,0.4915347,0.4684479,0.54283637,0.5065537,0.5773949,0.5201569,0.58356476,0.6346381,0.5883479,0.6412543,0.5744702,0.54507244,0.5973095,0.55248636,0.5853514,0.5219822,0.5148888,0.57184285,0.58735085,0.5961077,0.59593695,0.6658037,0.6405513,0.57534677,0.64096564,0.5959906,0.60400164,0.581532,0.58140826,0.6091529,0.6194624,0.5990341,0.61289066,0.58671975,0.5671344,0.6396959,0.6022557,0.6384816,0.57136613,0.6051268,0.5090138,0.54607,0.5017039,0.57132417,0.621407,0.5102512,0.5373152,0.50637954,0.5598971,0.55113894,0.57458746,0.6048494,0.5342782,0.6166409,0.5919202,0.5777882,0.6390152,0.61725706,0.6459673,0.63145435,0.6732621,0.5357264,0.5951122,0.6569673,0.5433632,0.5754789,0.5630617,0.58638084,0.57984704,0.5038837,0.5538259,0.57505494,0.5696526,0.5623161,0.56294143,0.6149741,0.613813,0.65174127,0.58621734,0.62713814,0.7065118,0.6718194,0.621124,0.6517321,0.6515737,0.6332299,0.5983581,0.57172346,0.56021523,0.5891775,0.5354447,0.56221557,0.56928253,0.54976225,0.5885045,0.6183723,0.5422692,0.5978791,0.6425169,0.5644416,0.5927661,0.62206066,0.60715777,0.529583,0.48181406,0.5650663,0.6345795,0.62602526,0.5937996,0.6050661,0.6130123,0.65524375,0.533349,0.51911,0.5641694,0.58571124,0.6242406,0.64284885,0.63099056,0.61507505,0.55744094,0.60917705,0.49213776,0.5699894,0.6615325,0.61863965,0.578071,0.5922144,0.5288813,0.6925204,0.70788324,0.6880158,0.627952,0.5496844,0.57469934,0.56534004,0.55953634,0.53104144,0.53564364,0.53343195,0.54935306,0.5659428,0.557116,0.5229179,0.5292106,0.5385653,0.54293334,0.59464574,0.5988284,0.5116033,0.53603286,0.5607795,0.55195934,0.5618302,0.5413664,0.5418579
800,0.5563789,0.5957147,0.65983534,0.58346593,0.58564484,0.59617686,0.60885966,0.6586238,0.67701375,0.5993909,0.587031,0.65592325,0.60192204,0.5874958,0.60537195,0.61918586,0.60662353,0.61482626,0.61888057,0.5962738,0.572098,0.5979014,0.6059569,0.68831795,0.6409909,0.6355748,0.60339594,0.6644831,0.6076694,0.6446471,0.71728325,0.558851,0.6731394,0.6214303,0.61062956,0.6331726,0.5404929,0.55158013,0.5734007,0.6112912,0.5823111,0.508408,0.56401,0.53383595,0.47653958,0.5667502,0.5628419,0.5919325,0.55175537,0.55299795,0.676716,0.6313308,0.67723584,0.6307817,0.58346915,0.61392874,0.60241723,0.62356126,0.55203986,0.5405108,0.6050883,0.63966066,0.6383521,0.6461278,0.6474353,0.62707436,0.6119724,0.6546594,0.6236294,0.59724164,0.6202388,0.63418365,0.64668167,0.6551148,0.6313855,0.59889525,0.60103875,0.5625733,0.62515926,0.6439075,0.6656631,0.61451143,0.6183764,0.48487347,0.5716144,0.54349536,0.60383636,0.6065781,0.59938604,0.55351746,0.5069767,0.56248575,0.5350241,0.5836458,0.6175112,0.5674411,0.6347091,0.62088645,0.5962683,0.67022717,0.6411636,0.6879368,0.64310604,0.7084354,0.570369,0.6048609,0.68187445,0.5304475,0.55875635,0.5826816,0.596816,0.5849262,0.4850574,0.5586395,0.58594257,0.56185716,0.57224834,0.5641815,0.6019928,0.6166498,0.6704046,0.6069403,0.657328,0.7066579,0.6886557,0.665601,0.6663449,0.6894033,0.6622087,0.61497676,0.58695036,0.62687886,0.5748741,0.5265462,0.5554048,0.56065565,0.57008755,0.6074403,0.6411115,0.5540836,0.6295916,0.6584971,0.6186733,0.607731,0.6365503,0.63548714,0.5369458,0.48245138,0.59548056,0.64884895,0.67229223,0.6195006,0.6265748,0.63295966,0.68521,0.57089865,0.56457835,0.5879735,0.608528,0.64249325,0.624482,0.60915333,0.63015586,0.58057386,0.61752236,0.5057931,0.57546115,0.70190084,0.58907616,0.6378207,0.601321,0.5881892,0.68916905,0.7174459,0.70427,0.6916282,0.56299627,0.6004227,0.58920497,0.57945764,0.5582597,0.54365766,0.65598506,0.577833,0.5521277,0.56422436,0.5998256,0.6500506,0.6675963,0.5481519,0.58875084,0.6216013,0.5910674,0.591416,0.60012954,0.60770565,0.5986139,0.5895074,0.57983214,0.5576242,0.5467867,0.56882536,0.57920057,0.67548907,0.5168301,0.60337996,0.60961556,0.6093098,0.62209934,0.66418505,0.73014164,0.57072836,0.6835683,0.60870343,0.64298594,0.6259985,0.54217094,0.5176802,0.5786504,0.60801274,0.57802016,0.49682146,0.5263124,0.4927311,0.48773915,0.55496633,0.5386235,0.58417875,0.5368392,0.58410454,0.6674447,0.6180915,0.6707965,0.6010219,0.5730032,0.61382776,0.56729144,0.58048683,0.52355224,0.51555187,0.5850236,0.5810654,0.5827029,0.602783,0.68394315,0.64611757,0.5784882,0.65915674,0.6304593,0.61685675,0.61753464,0.5857598,0.6218046,0.6080826,0.61964035,0.60994536,0.5834769,0.55147874,0.64800316,0.58811116,0.63731176,0.55118,0.5894294,0.5016642,0.528225,0.5039228,0.5687709,0.6432492,0.5090073,0.5508623,0.49294147,0.5435611,0.55297965,0.5825744,0.5909564,0.5429502,0.6001984,0.5918032,0.5898266,0.6568452,0.63597095,0.66827846,0.6340133,0.690777,0.5505473,0.5988757,0.6576862,0.5359022,0.55935067,0.56869334,0.5678508,0.58267945,0.50645876,0.55050653,0.57500154,0.5838909,0.5695723,0.5690659,0.6274585,0.6259652,0.67229384,0.5898026,0.64024276,0.7144567,0.6835499,0.6342867,0.666877,0.67216736,0.65377724,0.62306684,0.585604,0.5742329,0.58266765,0.5350678,0.56632304,0.5688616,0.5465746,0.5929513,0.6256507,0.5483929,0.6127361,0.6563765,0.57217026,0.56773204,0.6075929,0.6057606,0.5500186,0.47580934,0.56024235,0.65936553,0.6312741,0.6070737,0.61324906,0.6130145,0.67253894,0.5447628,0.5272579,0.56537074,0.59064394,0.62603694,0.6608108,0.64131373,0.6185653,0.5646573,0.62236536,0.48854557,0.57176596,0.67960185,0.59986013,0.57531387,0.57359415,0.53228724,0.6959112,0.71075225,0.6960806,0.6546275,0.54584944,0.56775236,0.5602432,0.55593854,0.5314814,0.53400224,0.5393521,0.55754894,0.561377,0.5545241,0.52563065,0.5341291,0.5388372,0.5480521,0.60525304,0.6097493,0.5120862,0.5364095,0.55810374,0.5491316,0.5691353,0.54848516,0.5473762
801,0.5653333,0.6013604,0.6787543,0.5944486,0.59154207,0.5969651,0.60452783,0.6808596,0.7001943,0.5848722,0.5691578,0.6473142,0.61413026,0.59713197,0.6143051,0.6279046,0.6045233,0.61359614,0.62038916,0.59631616,0.5753219,0.5930256,0.61272997,0.6859006,0.62909985,0.6406878,0.62156427,0.6571737,0.6136408,0.6621079,0.73696744,0.5824737,0.70278335,0.6345227,0.6352618,0.66553605,0.55710214,0.5587227,0.6058884,0.633685,0.59730977,0.5342386,0.56280893,0.53703296,0.4883292,0.56959754,0.5810821,0.5880362,0.55636793,0.54268473,0.70056206,0.6553454,0.69727004,0.65176934,0.6045969,0.61731076,0.61019295,0.61609834,0.5556506,0.5414056,0.6187031,0.6566672,0.6232663,0.6685473,0.6656631,0.6247332,0.61475533,0.66678566,0.64762783,0.59931755,0.63342994,0.6395387,0.6492439,0.6199583,0.6186389,0.59322363,0.590655,0.53766954,0.61210626,0.6153183,0.6492599,0.57888407,0.59444207,0.47682723,0.5486532,0.55166346,0.61542225,0.6151422,0.6012101,0.5670862,0.49986175,0.54770356,0.53160363,0.58287656,0.5923577,0.5703871,0.6194148,0.6271359,0.6025663,0.6771808,0.6556416,0.69846916,0.6406253,0.7145804,0.57619005,0.5988287,0.67227495,0.5221206,0.54189295,0.5848413,0.5813518,0.5865532,0.48187694,0.55405116,0.57811457,0.563889,0.5657303,0.56636226,0.6065165,0.6222312,0.68672895,0.6026368,0.6517381,0.7048456,0.6834098,0.6807412,0.6695138,0.6940308,0.66048145,0.6192647,0.5931288,0.64636016,0.5666185,0.5221262,0.5522348,0.5474643,0.5525918,0.5986912,0.6342361,0.5511459,0.6391308,0.67315984,0.6262202,0.57870495,0.6158893,0.6258428,0.5402336,0.46926913,0.58772576,0.66462463,0.6778793,0.63193965,0.63043636,0.6283882,0.6946409,0.5761484,0.56040144,0.5878876,0.60992134,0.6465961,0.64257544,0.61874676,0.62819374,0.5880862,0.6195458,0.5081954,0.5647125,0.71225905,0.5670728,0.63093156,0.5700985,0.5878946,0.6827315,0.716442,0.6996128,0.7092557,0.5688289,0.5891254,0.5895984,0.587474,0.56721807,0.5411592,0.67315435,0.58606315,0.55765307,0.5639417,0.5915681,0.6698678,0.690526,0.5414272,0.57358414,0.6209235,0.60024124,0.60303956,0.6041758,0.61783713,0.59411216,0.5897791,0.5792362,0.55560714,0.54284537,0.56675845,0.58464724,0.6688313,0.5069933,0.6097181,0.6231539,0.6104851,0.62081957,0.6891544,0.7505129,0.58615273,0.7202048,0.6149765,0.6683578,0.6634957,0.561311,0.5197275,0.61662596,0.6310075,0.5946074,0.5144277,0.5248844,0.49111572,0.4990017,0.55660564,0.56182396,0.5847862,0.54740417,0.5737666,0.69024557,0.6405719,0.69059247,0.62145996,0.59430146,0.619883,0.5754922,0.57334715,0.5221941,0.51274276,0.608415,0.5805764,0.5665007,0.61755854,0.7028979,0.64526635,0.58226377,0.6768076,0.66073006,0.624368,0.64725447,0.59067845,0.6277418,0.5872504,0.62403613,0.5987512,0.5751461,0.52691966,0.63751495,0.5648167,0.6253811,0.52545065,0.56879884,0.49492392,0.5101327,0.5072654,0.5637147,0.65957093,0.5185242,0.56358546,0.48142958,0.52501976,0.55213517,0.5884983,0.56754583,0.54467124,0.5807593,0.59048325,0.594606,0.6625502,0.6468266,0.6796531,0.6289673,0.6987194,0.5576545,0.5950286,0.6482963,0.5232715,0.54021823,0.5706431,0.55057144,0.5890293,0.5049278,0.5410736,0.56621385,0.5884062,0.56564385,0.57695657,0.6373132,0.6349333,0.685375,0.5878572,0.639861,0.71114635,0.6784808,0.6466998,0.675257,0.6786477,0.6560352,0.6386155,0.5953684,0.58880186,0.57142115,0.53263676,0.56769884,0.55988234,0.53273016,0.5881208,0.6180167,0.544842,0.6173835,0.66349226,0.5727381,0.5366124,0.58748853,0.5950758,0.55973613,0.4642803,0.5541276,0.6793122,0.63564354,0.61480916,0.61572367,0.6075074,0.68456775,0.5504622,0.5267661,0.56213605,0.59054106,0.62205297,0.676793,0.6483294,0.6155243,0.5738152,0.6342277,0.49022782,0.567361,0.6856296,0.5737945,0.57559097,0.55021566,0.53346616,0.69041383,0.70487976,0.69105095,0.6782737,0.542173,0.55643755,0.558827,0.56030405,0.5340659,0.532922,0.5428683,0.56233394,0.5533505,0.5502627,0.5267107,0.5355837,0.5393351,0.5520976,0.612174,0.61770046,0.5129519,0.5357886,0.55057883,0.54206884,0.57439685,0.55513513,0.5516578
802,0.57168496,0.60007906,0.68541247,0.59749806,0.5911847,0.59437853,0.59710705,0.6885849,0.7080213,0.5632228,0.5469696,0.61880577,0.6168001,0.6107609,0.6237157,0.6293303,0.59413636,0.6043723,0.61534,0.5915568,0.575678,0.58476496,0.61057657,0.67635894,0.5996001,0.62724847,0.6288824,0.6366704,0.6152317,0.6732411,0.751934,0.60661614,0.730677,0.6473497,0.6564407,0.68063504,0.5629065,0.56056154,0.621854,0.64513975,0.6030111,0.5454138,0.5554028,0.532897,0.49115333,0.55944294,0.5854452,0.5798909,0.5545272,0.5242681,0.7087127,0.66509956,0.7019622,0.6610598,0.6138257,0.6113723,0.6041809,0.6022282,0.55811447,0.5375523,0.6342964,0.6742211,0.6039925,0.69088197,0.6841915,0.6206712,0.6065513,0.6758828,0.6610677,0.5871131,0.63830966,0.64382154,0.64184165,0.5737945,0.58614826,0.57473296,0.570798,0.5093018,0.57889956,0.5776767,0.61352617,0.53456426,0.5647752,0.4682575,0.52450097,0.55707484,0.6105833,0.6158715,0.6012071,0.5730324,0.4967105,0.5361061,0.5271804,0.5794411,0.5556554,0.5649074,0.60065013,0.63268226,0.59939533,0.67243415,0.6575714,0.69541276,0.63161224,0.7084226,0.5709249,0.58545005,0.6522819,0.51037604,0.5236132,0.5818585,0.56864977,0.5947544,0.47632137,0.5432336,0.5634624,0.5554078,0.5494238,0.56769717,0.6118195,0.62461835,0.6930038,0.5920548,0.62749875,0.6916931,0.66252524,0.68956274,0.66412026,0.6803102,0.6358464,0.60956293,0.5881931,0.65000606,0.5534518,0.5161183,0.5471575,0.53274417,0.5244223,0.58223474,0.61371386,0.5379545,0.6341221,0.6762806,0.62063915,0.5456323,0.58932483,0.6063236,0.53274393,0.45284423,0.575334,0.6630585,0.67817026,0.6324614,0.6253319,0.61833113,0.69703186,0.57505053,0.54925066,0.5827574,0.6039273,0.64335936,0.6519654,0.62753755,0.6189863,0.595816,0.6194369,0.51564324,0.55020404,0.70774233,0.54372436,0.61952156,0.53286356,0.57370186,0.668767,0.7046457,0.6813876,0.710986,0.5709996,0.57545376,0.59083456,0.5990145,0.57317674,0.5326038,0.67699873,0.58813024,0.55920017,0.5607386,0.5804388,0.6754396,0.69855005,0.52942383,0.55238736,0.60427386,0.60145473,0.61681086,0.609531,0.6200793,0.58307713,0.5811651,0.57249945,0.55225796,0.5354326,0.5615773,0.5791503,0.6558803,0.49132016,0.60046685,0.6244161,0.6003333,0.6100654,0.7045862,0.7634746,0.6069237,0.7476985,0.62491304,0.69364643,0.6811818,0.5684591,0.5182179,0.63629335,0.6421705,0.6003886,0.518486,0.5176045,0.4852335,0.49520868,0.5427298,0.5703506,0.57689846,0.5473672,0.5528447,0.69768786,0.6504428,0.6956612,0.6317539,0.60360867,0.6150282,0.57483757,0.56621826,0.5174133,0.5059442,0.6389234,0.5879731,0.5512212,0.638083,0.72023314,0.6394888,0.5855162,0.6901281,0.68128926,0.62500197,0.66611654,0.5960866,0.6243313,0.56061035,0.6114835,0.58134454,0.56299615,0.4986581,0.60982305,0.53551316,0.6037366,0.49874586,0.547571,0.48816535,0.49621725,0.51064557,0.5563564,0.6682597,0.53715366,0.5726571,0.47432572,0.50838095,0.54910207,0.5928219,0.5364824,0.5371571,0.5613739,0.5879862,0.59034234,0.6543954,0.64755267,0.677243,0.61652696,0.69490683,0.5551458,0.5836344,0.6307672,0.50810075,0.5234515,0.56823176,0.5406327,0.5998104,0.4994438,0.5265382,0.5502104,0.5823632,0.5513118,0.58500963,0.64245105,0.64006394,0.6871429,0.580722,0.62588614,0.6962011,0.6581446,0.6539647,0.6725898,0.6696478,0.6394497,0.64166063,0.59904104,0.60133076,0.5572191,0.5282762,0.5658871,0.54286754,0.5099267,0.5747532,0.596641,0.5309131,0.60824203,0.6595429,0.5608718,0.5065972,0.565747,0.573944,0.5567656,0.44812375,0.54739493,0.69016534,0.63773954,0.61332554,0.6102645,0.5964921,0.6864152,0.54914564,0.5178377,0.55354124,0.5831956,0.61046743,0.6873088,0.6478439,0.6055979,0.584173,0.6427749,0.49706417,0.55691326,0.67759144,0.5468331,0.5784293,0.5270944,0.53202176,0.6762876,0.6901698,0.6734995,0.6941937,0.5393481,0.5428271,0.563433,0.5745429,0.53944844,0.53362685,0.5427126,0.56286985,0.5449911,0.5463586,0.52533585,0.533036,0.5400626,0.55402815,0.61483085,0.6216226,0.5139386,0.53436345,0.54092985,0.53318745,0.5767219,0.55973047,0.5531446
803,0.57258856,0.5915542,0.6776823,0.5902148,0.58284307,0.58736396,0.5865466,0.6799763,0.6985832,0.538765,0.52484363,0.5769435,0.6070841,0.6271126,0.63282526,0.62092304,0.5765558,0.5895093,0.60210085,0.5802237,0.5719406,0.5744104,0.59997725,0.66105413,0.5593355,0.5998698,0.62292165,0.60723406,0.61094135,0.67749065,0.7599422,0.6277956,0.7522055,0.65975446,0.6721043,0.67565197,0.5557485,0.55591655,0.617912,0.6431698,0.5983981,0.53911996,0.5429749,0.52184427,0.4819757,0.53589445,0.5749558,0.56659496,0.54454273,0.501357,0.69928503,0.6583596,0.6898495,0.6568318,0.6086829,0.59737676,0.58761656,0.5873744,0.55941445,0.5298926,0.6502354,0.6908452,0.58651155,0.70996755,0.70076495,0.61803323,0.59037155,0.68098396,0.66351664,0.56595546,0.6352709,0.64865214,0.62731284,0.5297838,0.5426037,0.5508083,0.54743975,0.48471266,0.53441775,0.5404392,0.56716365,0.49413046,0.53772753,0.46079734,0.5056116,0.5591668,0.59233415,0.6103485,0.6005363,0.5704578,0.4996223,0.531423,0.5233522,0.5769219,0.51579714,0.5514134,0.583489,0.63818973,0.5862669,0.65655667,0.6467743,0.67941844,0.6178411,0.6903168,0.55569816,0.5676195,0.62610114,0.49725857,0.5092536,0.574733,0.5637428,0.6105423,0.46869692,0.52770936,0.54576236,0.5383457,0.5276514,0.56859666,0.61705935,0.6246796,0.6872646,0.5781471,0.59034896,0.6691773,0.6302871,0.6892449,0.6494506,0.6510919,0.59431815,0.5896069,0.57409436,0.63916945,0.5391477,0.5103661,0.54215723,0.520742,0.4928444,0.5614958,0.58421963,0.5172838,0.61460274,0.66569203,0.59977245,0.5186095,0.5647891,0.5790182,0.5171514,0.43666378,0.5625007,0.6459716,0.6741826,0.61944336,0.61065453,0.6036901,0.6903342,0.56775373,0.53350425,0.57093334,0.5894152,0.6305557,0.6531369,0.6334266,0.6042393,0.6023283,0.61799306,0.52696407,0.5353585,0.6887499,0.52620417,0.60789526,0.5005766,0.5489554,0.64980954,0.6833694,0.65332437,0.6978915,0.5696183,0.561779,0.59488213,0.6136005,0.5730933,0.5189314,0.66568995,0.5816904,0.55468917,0.5535845,0.5670999,0.66535276,0.68970364,0.51321363,0.5284607,0.5750992,0.59185153,0.63019794,0.61568624,0.6122068,0.56696653,0.56576747,0.5582419,0.54619557,0.5259419,0.55281025,0.56290156,0.6389327,0.47202048,0.5787296,0.61152154,0.5796492,0.59075344,0.7089545,0.76631165,0.63036793,0.7630365,0.6382795,0.71500695,0.67607397,0.5609049,0.51234484,0.6340282,0.63943535,0.593558,0.5074601,0.50553817,0.47510996,0.47445574,0.5128438,0.5621783,0.5598197,0.5346081,0.5250076,0.68798685,0.645365,0.6843798,0.6299776,0.5987261,0.6003853,0.56581795,0.5623829,0.5102124,0.4958333,0.6707904,0.6034317,0.5413739,0.66012645,0.73322344,0.6309878,0.58808684,0.6962803,0.6892771,0.6194437,0.67223686,0.60227543,0.61205465,0.5348321,0.5855756,0.56210244,0.5503868,0.47339967,0.57118756,0.5058014,0.5769506,0.4773667,0.5318292,0.4816188,0.49098802,0.51329076,0.5481324,0.66838855,0.5610632,0.5762201,0.47360283,0.49767506,0.5450767,0.59652114,0.5035816,0.5207403,0.5467423,0.58525795,0.57724106,0.6336284,0.63847184,0.6617091,0.5989882,0.67964405,0.54370844,0.5672458,0.60921675,0.49321207,0.5137863,0.5621663,0.5419709,0.61457455,0.4906592,0.5088631,0.5301237,0.5669294,0.52973545,0.591652,0.6419882,0.64159626,0.67621017,0.57016385,0.60220265,0.67167,0.6272471,0.65270823,0.6568596,0.6473074,0.6080993,0.63235503,0.5963202,0.6096854,0.54393345,0.5231677,0.56142706,0.5210057,0.48331353,0.5550778,0.56652564,0.50924224,0.5851632,0.64313334,0.5353614,0.4867563,0.548864,0.54437536,0.5420181,0.43032318,0.5423591,0.6900982,0.6374186,0.6017608,0.59657866,0.5807288,0.6753562,0.54057485,0.50225246,0.53906584,0.5681213,0.59114456,0.6910312,0.63874775,0.5897846,0.5943466,0.6467745,0.5073821,0.54239357,0.65663266,0.52560425,0.58306664,0.5110767,0.5286492,0.6561068,0.66862077,0.64667875,0.6996361,0.538738,0.5295286,0.57511604,0.5977326,0.5474745,0.53694296,0.5386555,0.5591103,0.5393862,0.54475796,0.52163136,0.5273038,0.5409254,0.55348486,0.6137008,0.62142056,0.51493365,0.53250384,0.5321733,0.5251372,0.57602936,0.56127983,0.55131406
804,0.56797034,0.57630545,0.65700126,0.5739393,0.5678348,0.5762631,0.57262594,0.65705115,0.67421025,0.51659405,0.50723416,0.5338418,0.5853059,0.643111,0.6399969,0.6021319,0.55353373,0.57261825,0.5805501,0.56124866,0.56277686,0.56294084,0.5830957,0.64356166,0.51986516,0.56691694,0.6056147,0.5767987,0.6011392,0.67496336,0.7601289,0.6435126,0.7643475,0.67081743,0.68066055,0.65307283,0.53837705,0.5472406,0.5970062,0.62897515,0.5858994,0.5190017,0.5277784,0.50730956,0.46348062,0.50397176,0.55286735,0.5480893,0.5266817,0.47918817,0.6743847,0.63693136,0.6633742,0.6406649,0.5910585,0.5778727,0.56765866,0.57751226,0.5607679,0.52066797,0.6643092,0.7044745,0.5759752,0.7237474,0.71329546,0.6196188,0.5710223,0.6814883,0.65696526,0.5427569,0.6260495,0.6547505,0.61066395,0.5006023,0.5007597,0.5297119,0.52701277,0.4701172,0.4914171,0.5138972,0.52330077,0.46963274,0.52148384,0.45696872,0.4964678,0.55816615,0.56695545,0.6013431,0.5999786,0.560342,0.50869936,0.53565377,0.52142733,0.5777878,0.4827249,0.5330877,0.5720346,0.6434609,0.56555456,0.6330723,0.62642384,0.654452,0.60320467,0.6637505,0.5352522,0.5502264,0.6001339,0.48572293,0.5029186,0.5660988,0.56814975,0.6314231,0.46011436,0.51111203,0.5294997,0.517195,0.50559014,0.5692841,0.62134093,0.62344795,0.67043096,0.5652011,0.5509741,0.64209473,0.5948475,0.6793978,0.6277725,0.6142675,0.54779226,0.5661165,0.5555749,0.6179517,0.52810204,0.50674355,0.53929836,0.5151959,0.46738076,0.5407888,0.55387735,0.49522123,0.5852912,0.64280975,0.5670603,0.5058635,0.54978275,0.54867655,0.4984972,0.4258165,0.5532673,0.61843747,0.6672833,0.5947387,0.58842474,0.58585787,0.67544,0.5546159,0.515365,0.55139935,0.56711024,0.60820234,0.6473999,0.63599813,0.58654886,0.6066542,0.6165976,0.540112,0.5250058,0.65896475,0.51949555,0.5995417,0.48249534,0.5207718,0.63045025,0.6571186,0.6221472,0.6744014,0.5655786,0.5514395,0.6020606,0.62977797,0.56680834,0.5017287,0.6413496,0.5676339,0.5446454,0.5427528,0.5525633,0.64193296,0.6663609,0.49570456,0.5059654,0.5421024,0.57166433,0.6399759,0.6212518,0.594121,0.5465713,0.5471843,0.53625315,0.53489727,0.51516694,0.5405172,0.53892624,0.6219023,0.45365623,0.55216026,0.5876944,0.5535694,0.56644857,0.7027984,0.7585561,0.6525963,0.7660656,0.6536719,0.72948647,0.6509035,0.54135275,0.5037028,0.6128993,0.62442124,0.5761931,0.4856076,0.4909285,0.463177,0.441846,0.4719646,0.54011256,0.5347742,0.5104661,0.49543732,0.66360176,0.6270226,0.6590479,0.6174492,0.5815716,0.5790875,0.5522598,0.5644893,0.50309503,0.48434913,0.69819874,0.62421143,0.5402518,0.67927885,0.7403957,0.62354636,0.5903446,0.69435763,0.685675,0.61044997,0.6666707,0.6088089,0.5949495,0.51724833,0.55527073,0.54664683,0.5407401,0.45701993,0.5331746,0.4825035,0.5531527,0.46739578,0.52606213,0.47653687,0.49583513,0.5153104,0.5419808,0.6612151,0.5850547,0.5740092,0.47942224,0.49603325,0.5414349,0.6007708,0.47660574,0.49858677,0.5405166,0.58307403,0.55813897,0.6049485,0.6228077,0.6375479,0.5809737,0.65632737,0.5267895,0.5502876,0.589214,0.48142073,0.51352435,0.5550073,0.5543348,0.63132304,0.4803486,0.490878,0.51010424,0.5456766,0.505211,0.5956499,0.6365786,0.6403635,0.6543724,0.55887455,0.57702065,0.64244443,0.5939942,0.6415644,0.62892246,0.6186054,0.5716294,0.61481166,0.58899885,0.6126926,0.5356088,0.5189491,0.5557261,0.4998328,0.46011183,0.5316381,0.5364924,0.48573166,0.5525601,0.61645615,0.5001896,0.48302966,0.5420023,0.5107838,0.51942956,0.41528752,0.54128397,0.67991334,0.6348422,0.58249384,0.5766128,0.5613493,0.65171087,0.5255896,0.48241603,0.51821333,0.54641885,0.5657316,0.68851674,0.6235043,0.56994957,0.6032515,0.6467362,0.5190035,0.5281436,0.62745744,0.51505923,0.5883686,0.50705385,0.52505326,0.6345962,0.6448086,0.6169261,0.6949989,0.54103893,0.51974744,0.59251463,0.625919,0.5575334,0.54302335,0.53213114,0.5526736,0.53893065,0.5467619,0.51680887,0.52047676,0.5418303,0.5511416,0.610083,0.6179166,0.5159905,0.5308809,0.5270323,0.52036893,0.57323873,0.5599335,0.546929
805,0.5602702,0.556275,0.627682,0.5531668,0.55009097,0.5628992,0.5557883,0.62609327,0.6414534,0.50123876,0.49781454,0.5038147,0.5549699,0.653936,0.6420864,0.57498425,0.5273595,0.55789024,0.5525286,0.5351105,0.5475534,0.55121505,0.5634045,0.6288231,0.4939437,0.538798,0.58248144,0.5548078,0.5867025,0.6665498,0.75258577,0.6516363,0.7657275,0.6785389,0.6809207,0.6203161,0.51740825,0.53899205,0.5676357,0.6076527,0.5705726,0.49392995,0.51352185,0.49460104,0.44281793,0.47208306,0.5265466,0.52563894,0.5034356,0.4623263,0.6404655,0.6069554,0.6292209,0.61775714,0.56740904,0.55753094,0.553283,0.57692623,0.5634636,0.5127417,0.67429996,0.71283376,0.57491106,0.73083586,0.72041506,0.6276185,0.5543036,0.6774302,0.6458613,0.5248345,0.61391604,0.6621527,0.5974023,0.4934747,0.4738516,0.51833755,0.51513726,0.46938193,0.46328658,0.50526506,0.4952437,0.4686016,0.5203967,0.4587321,0.49801597,0.5546863,0.5436152,0.593223,0.5989847,0.5462873,0.5213716,0.54830456,0.5220212,0.58242977,0.46398312,0.5152419,0.56760734,0.646261,0.5426493,0.6082459,0.60298276,0.62767905,0.5928326,0.6357245,0.5172534,0.53872484,0.5819831,0.47898215,0.5065697,0.5594428,0.5791178,0.6518814,0.45334843,0.49817693,0.518892,0.4983133,0.48797974,0.5694635,0.6234222,0.62163526,0.64603823,0.5574443,0.52201116,0.6176255,0.5665601,0.6618835,0.60434216,0.58164114,0.5110535,0.5469032,0.539084,0.59347343,0.5236519,0.50635225,0.5400372,0.5182559,0.4565204,0.5241436,0.5317513,0.4789432,0.5550274,0.6119448,0.53092015,0.50961965,0.54764396,0.52095854,0.48356166,0.4252481,0.5495628,0.5886086,0.6586929,0.56336826,0.5629039,0.5667043,0.65586585,0.53650516,0.49677706,0.5246024,0.53990126,0.57901114,0.63653183,0.6352933,0.56910783,0.60827714,0.6164708,0.55219537,0.52381486,0.6254494,0.52517885,0.59572995,0.4831937,0.49765536,0.61620986,0.6330786,0.5967226,0.64853066,0.56038845,0.54810095,0.6103242,0.6447124,0.5569659,0.48330104,0.60954076,0.549685,0.53181183,0.5298078,0.53815734,0.6117361,0.6352456,0.48089316,0.48931935,0.5170922,0.5438633,0.6424356,0.62318736,0.56807053,0.522244,0.529789,0.5080223,0.5159424,0.5037323,0.52550465,0.51266676,0.6092857,0.44179523,0.53113735,0.560055,0.5302392,0.5415896,0.68859875,0.7415891,0.66892004,0.75888723,0.667859,0.7347455,0.6141147,0.51699996,0.49512795,0.58180785,0.60262054,0.5542445,0.46170595,0.47762161,0.45347553,0.4076308,0.42925546,0.51177305,0.5050908,0.47996503,0.4687823,0.63139087,0.60109633,0.6262357,0.59906256,0.5582781,0.55675364,0.5402187,0.5727046,0.49875927,0.4740809,0.71609247,0.6447463,0.54846716,0.6914157,0.74173903,0.6222822,0.59239316,0.6855722,0.67477274,0.6023621,0.6533771,0.6145104,0.5792172,0.51356167,0.53326213,0.54062533,0.53653884,0.45322788,0.5092984,0.47133052,0.5414311,0.4724838,0.5307153,0.47383082,0.5080042,0.51676446,0.54145,0.6508564,0.6024527,0.5676275,0.48953563,0.50522643,0.5393879,0.60658187,0.4617188,0.47599584,0.5428825,0.58161795,0.5385871,0.5762781,0.60624874,0.61257,0.56828314,0.63138247,0.51020366,0.53759587,0.5764491,0.47530577,0.5220538,0.5503066,0.57304084,0.6463084,0.47182792,0.47660396,0.4950165,0.52451205,0.48245937,0.59619975,0.6280263,0.6372274,0.6266722,0.54977965,0.56021905,0.61585563,0.56885797,0.62132233,0.5931174,0.59417015,0.5430173,0.5963395,0.58038056,0.6103049,0.5345364,0.5170233,0.5505826,0.48545495,0.4471772,0.5072301,0.5166024,0.46762124,0.5188141,0.58467376,0.46317935,0.4948902,0.5458062,0.47845218,0.49597254,0.4074075,0.54461014,0.6629614,0.6298795,0.5599141,0.5539589,0.5401409,0.61930066,0.5064697,0.4614253,0.4915096,0.52049994,0.5374713,0.6809764,0.60646325,0.54870653,0.6102635,0.6445365,0.52986884,0.51971954,0.59797746,0.51783115,0.59229225,0.5159455,0.52313054,0.6174438,0.6250306,0.5928392,0.6834563,0.5454119,0.5166271,0.6110298,0.65215296,0.56812835,0.5508489,0.5260587,0.5468501,0.5447159,0.552494,0.51271975,0.5151576,0.5426921,0.54836994,0.60556406,0.61238956,0.51723,0.5303745,0.5276843,0.52102816,0.56988966,0.55688965,0.5415217
806,0.55264896,0.5352819,0.5957462,0.533484,0.5341914,0.5496035,0.53752714,0.59634405,0.60960513,0.495575,0.49852544,0.49735475,0.52192384,0.65480864,0.6357234,0.5439947,0.5015236,0.5488665,0.5217524,0.50443465,0.52698934,0.54018235,0.5451187,0.6213583,0.4906177,0.5245907,0.5602595,0.54862195,0.5682499,0.65394044,0.7377527,0.6500675,0.75562805,0.68036467,0.67204356,0.5879962,0.50060934,0.5348283,0.5410373,0.5866905,0.55820495,0.47426492,0.5044245,0.48833528,0.42776376,0.44839925,0.50474054,0.5020029,0.47886312,0.45356688,0.60697013,0.5771614,0.5970509,0.5950412,0.5466471,0.54203016,0.5516105,0.5867248,0.56730676,0.5085134,0.6778261,0.71341777,0.5827878,0.7292378,0.720651,0.6421965,0.5455468,0.6690854,0.6352965,0.51856846,0.6027861,0.6702002,0.59120476,0.5095834,0.47119695,0.5208169,0.5160599,0.4834908,0.4601294,0.5166247,0.491886,0.49313852,0.534,0.46612877,0.508198,0.5491418,0.5316082,0.5906319,0.59599143,0.5337964,0.5333238,0.56648946,0.52510357,0.5893168,0.4631454,0.5032591,0.5688312,0.64299035,0.52437896,0.58909136,0.58419865,0.6075039,0.5908677,0.6149218,0.50970644,0.5370318,0.577778,0.4792083,0.5196572,0.5575707,0.5911666,0.6652602,0.4519613,0.4928797,0.51667,0.48759887,0.47813627,0.56844455,0.6216941,0.61929536,0.61924416,0.55762666,0.5127763,0.60313696,0.554114,0.63951015,0.58529806,0.56389755,0.49577966,0.53809327,0.5304681,0.5741727,0.52727854,0.5093308,0.54473346,0.5300747,0.4653698,0.5146024,0.5242768,0.47399405,0.53346545,0.5790398,0.50111663,0.5264329,0.55726683,0.5005898,0.47878072,0.43774286,0.5509943,0.56563735,0.649302,0.53235596,0.53925365,0.54844975,0.63581854,0.5155388,0.4802499,0.4931574,0.5124683,0.5476927,0.6226935,0.6304977,0.5550757,0.60666174,0.61746585,0.56010586,0.534167,0.59706247,0.5415393,0.59571236,0.5028776,0.4863908,0.6113839,0.6187152,0.58515865,0.62913054,0.55541784,0.55385846,0.61599845,0.65420514,0.5472274,0.46676484,0.5777052,0.53252965,0.519437,0.5166714,0.5251395,0.58412904,0.6057891,0.4723117,0.48210636,0.5097322,0.5132128,0.63449913,0.6177444,0.53834015,0.49549925,0.5174945,0.47717735,0.4890809,0.49247584,0.50889325,0.4904014,0.60460085,0.44093192,0.52472323,0.5364513,0.5172884,0.5197333,0.66987544,0.717768,0.6747051,0.74440783,0.6764017,0.72844845,0.5783923,0.4966354,0.4890521,0.55285746,0.5818953,0.53546447,0.44540527,0.4702281,0.4495772,0.38246322,0.39445946,0.486704,0.4757965,0.45030266,0.44841716,0.60075724,0.5752486,0.5953984,0.5812883,0.537396,0.53972656,0.53521425,0.58423966,0.4986681,0.46742067,0.71995646,0.65812165,0.5633709,0.6922702,0.7373724,0.6307836,0.59323275,0.6718802,0.6615773,0.59914625,0.63774,0.61794287,0.5699353,0.5259364,0.530489,0.54752177,0.5387835,0.46298042,0.50910723,0.47474992,0.5473474,0.49262953,0.5421436,0.47290105,0.52197737,0.5167309,0.5484998,0.6423738,0.60587156,0.5595141,0.49999928,0.5248217,0.53955156,0.6137884,0.46122128,0.45834538,0.55031437,0.58021915,0.52513355,0.556175,0.5948187,0.5954022,0.5656537,0.6124163,0.5004892,0.532492,0.57484955,0.47659785,0.5364156,0.5507404,0.59073496,0.6546261,0.46895704,0.4705725,0.48912522,0.50928336,0.46557787,0.59283066,0.61823255,0.6325248,0.5998868,0.54518116,0.55850613,0.5996624,0.56086457,0.59438086,0.55643034,0.58339274,0.53281754,0.5842205,0.5735988,0.6030131,0.54048437,0.518015,0.54744786,0.48220757,0.44885385,0.48512182,0.5141923,0.46072388,0.49323833,0.5541666,0.4326427,0.51591974,0.55643743,0.4521719,0.4794832,0.40968817,0.550303,0.643691,0.62178254,0.5386793,0.5327368,0.51953775,0.5844853,0.48694554,0.443187,0.4617164,0.49397346,0.5104406,0.66900235,0.59133285,0.52905685,0.61454445,0.6416428,0.53821194,0.52132076,0.5768064,0.5338152,0.59161127,0.53485805,0.5239767,0.60943747,0.61508274,0.58238333,0.66876864,0.54956865,0.5219209,0.62387407,0.668313,0.5767351,0.5583017,0.52362067,0.54524964,0.5558719,0.5605839,0.510933,0.5134168,0.5433736,0.5463973,0.601289,0.60585475,0.51870894,0.53152215,0.53519535,0.5284088,0.5674703,0.55372864,0.53658146
807,0.5472475,0.51877695,0.5678395,0.5195557,0.52367955,0.53857833,0.52054787,0.5767249,0.5875669,0.50049704,0.5091795,0.5170734,0.49324873,0.6425525,0.61844355,0.51549584,0.4807416,0.54765874,0.49342844,0.47433013,0.5041994,0.5313892,0.5329137,0.6234931,0.5122921,0.52831674,0.54392326,0.5607727,0.5459042,0.6387188,0.71617913,0.63703454,0.7334397,0.67380226,0.65345526,0.5662207,0.49438593,0.53599375,0.5269676,0.57328975,0.5534734,0.46785045,0.5037252,0.4903875,0.4233257,0.43722183,0.49382225,0.48121715,0.45763516,0.45325452,0.58295983,0.5556301,0.5761845,0.57836866,0.5364773,0.53578615,0.56495005,0.6044448,0.57069194,0.50935477,0.6725296,0.70340765,0.59572244,0.7164499,0.71234274,0.6607537,0.54709214,0.6562697,0.6281574,0.5268474,0.5949737,0.6770762,0.59213215,0.5441875,0.4952704,0.53710604,0.5308024,0.50984126,0.48548597,0.5445595,0.51502305,0.5389842,0.5575962,0.47714695,0.5225218,0.5414253,0.5358943,0.59600437,0.58895767,0.5270496,0.54009616,0.5858726,0.53006965,0.5954976,0.47923067,0.5002656,0.57242125,0.6305558,0.51692986,0.5810465,0.5763887,0.60060716,0.5986926,0.6082083,0.51812506,0.54611874,0.5897381,0.48676136,0.5394873,0.5612264,0.5984408,0.6661452,0.45919484,0.49750224,0.5234102,0.48823842,0.4771576,0.56575334,0.6147061,0.6160985,0.5956635,0.5661575,0.52634996,0.6033717,0.56130266,0.61528784,0.5746702,0.56589943,0.506417,0.5414205,0.53281707,0.5664058,0.5382492,0.5151317,0.5525347,0.5488795,0.49395874,0.5134585,0.5334136,0.4828379,0.52685946,0.55020845,0.48403743,0.5491371,0.5738712,0.49001762,0.4880572,0.46265343,0.5550888,0.55559105,0.63897485,0.50908387,0.52238315,0.53365064,0.61794925,0.49590024,0.4690828,0.46221077,0.4903628,0.51960456,0.607364,0.61951745,0.5470971,0.6012555,0.61776114,0.5614498,0.554971,0.58140266,0.56435025,0.5971953,0.5372141,0.49022582,0.6174912,0.6185852,0.59164333,0.62177527,0.55089706,0.5679287,0.61538136,0.6540636,0.5403503,0.45627636,0.55329853,0.5201141,0.5102713,0.505303,0.5147968,0.5677678,0.58678544,0.4723094,0.4860574,0.5231085,0.48565865,0.6147267,0.60182726,0.5108499,0.47012892,0.51305306,0.44944343,0.45804086,0.48345357,0.49248162,0.47793946,0.60926974,0.4531764,0.5363429,0.5221551,0.51882184,0.50236815,0.6497798,0.68963575,0.66633683,0.72542125,0.6750751,0.7084013,0.55609894,0.4875049,0.48666954,0.5369508,0.5696194,0.5265702,0.44361335,0.4724429,0.45319903,0.37321517,0.37376085,0.47222146,0.45255333,0.42832124,0.43626228,0.58005655,0.55626225,0.5754895,0.56916636,0.5267109,0.53271556,0.53981566,0.5947429,0.50298125,0.46641946,0.7062829,0.6582711,0.57950515,0.6779324,0.7269993,0.6485091,0.5908232,0.65470266,0.6493004,0.6022546,0.6241873,0.6178068,0.568465,0.551417,0.5506958,0.5666648,0.54656255,0.48410058,0.53441906,0.49125913,0.56982404,0.5236031,0.55425894,0.47218168,0.5315028,0.5137156,0.56191015,0.63903594,0.58966506,0.5512831,0.5066374,0.5513472,0.54178005,0.6203693,0.47282362,0.44917956,0.55729795,0.5774241,0.5231331,0.55067587,0.5925791,0.5922204,0.57508177,0.60553324,0.50293744,0.5359866,0.5853478,0.4854414,0.552559,0.55671465,0.6002895,0.65204966,0.47501656,0.47664517,0.49479488,0.503386,0.4570157,0.585381,0.60830337,0.62635344,0.58013636,0.5462124,0.5727612,0.5990622,0.57380515,0.5644998,0.52612203,0.5902783,0.54451156,0.58211786,0.57052094,0.59181046,0.5511843,0.5217287,0.5469774,0.49146536,0.4656305,0.4690124,0.5313589,0.4677402,0.48243985,0.5303605,0.4139837,0.5369954,0.56747943,0.43528682,0.47593692,0.42308986,0.5547049,0.6257487,0.6093844,0.52294976,0.5169335,0.50253177,0.55394423,0.47201174,0.43213287,0.43410587,0.47172987,0.48893666,0.6519944,0.5792875,0.5141258,0.6148888,0.6380304,0.5424595,0.5340736,0.57009333,0.55947584,0.582682,0.5580124,0.5274051,0.6130024,0.61815196,0.58965015,0.6537416,0.5508348,0.53502285,0.6247062,0.6680771,0.5808235,0.56327254,0.5267293,0.54992807,0.5693807,0.56841904,0.5119237,0.5159194,0.5436861,0.54569733,0.5977457,0.59899145,0.52030075,0.53406847,0.54889774,0.54203916,0.56655574,0.55143833,0.53315204
808,0.544685,0.5125871,0.5500604,0.5143029,0.5207675,0.53226894,0.5090495,0.57276034,0.5809622,0.5151699,0.5275834,0.5575781,0.47619677,0.61560893,0.5884478,0.4964736,0.46984306,0.5549435,0.47382733,0.4522516,0.48590097,0.52757704,0.5314283,0.6338867,0.55414057,0.5482022,0.5347951,0.5875734,0.5188853,0.62102515,0.6884561,0.6115635,0.6989438,0.6563937,0.62503487,0.56108576,0.50246716,0.54125756,0.5307169,0.5720849,0.5588374,0.47830638,0.513042,0.4997574,0.43079573,0.4373307,0.49626586,0.4679032,0.44457743,0.45865393,0.5740421,0.547494,0.57225484,0.5710919,0.5407678,0.54070145,0.5903602,0.6245128,0.5719455,0.515912,0.65689564,0.6801118,0.60672927,0.6907313,0.69471437,0.67889935,0.55671847,0.6380349,0.6242461,0.5475277,0.58980036,0.67936856,0.59685415,0.5863531,0.5412939,0.5627888,0.55504215,0.54167753,0.5348609,0.58063716,0.5587376,0.5940828,0.58278716,0.4885856,0.53420997,0.53146166,0.5553005,0.6084756,0.5755165,0.52633566,0.5381656,0.601526,0.53572387,0.597574,0.5058554,0.5061063,0.5736224,0.6077354,0.52447075,0.58648723,0.58267576,0.60948694,0.6140807,0.6173635,0.5435716,0.5634646,0.6149148,0.5005915,0.5620807,0.568503,0.5964951,0.65166974,0.4775653,0.5126031,0.53741264,0.5000491,0.48373705,0.5614982,0.601606,0.6117837,0.58019763,0.58068174,0.56001955,0.6179863,0.5858052,0.59265316,0.5725043,0.5858387,0.5400453,0.55358607,0.54601693,0.57245094,0.5531544,0.5226599,0.56149274,0.5708016,0.5355075,0.5194724,0.5567342,0.5043395,0.535801,0.530323,0.48031312,0.5679982,0.5889215,0.48872074,0.5118816,0.49521703,0.55722415,0.55906886,0.62542146,0.49965972,0.5161755,0.5253824,0.6021426,0.48410487,0.46654847,0.4393147,0.4788121,0.49962905,0.5902171,0.5990603,0.5472515,0.5917977,0.6144161,0.55506766,0.58148783,0.58203155,0.58813405,0.5967398,0.5761901,0.5090399,0.6324405,0.6317013,0.61443496,0.62709326,0.5455992,0.586439,0.6061818,0.64184153,0.5374865,0.45688462,0.5422581,0.5151004,0.5068792,0.49852,0.509306,0.5673967,0.5833689,0.4822322,0.5005274,0.5531439,0.46787784,0.5833358,0.5734576,0.49264586,0.45187342,0.51837844,0.4320058,0.43094456,0.48131382,0.4801899,0.48015943,0.6217024,0.47769377,0.5625593,0.51834303,0.5343002,0.488558,0.6302278,0.65941656,0.6416574,0.7046966,0.6603421,0.6733269,0.55470234,0.49357465,0.48784092,0.5403708,0.57025325,0.53146875,0.45918855,0.48604646,0.4643048,0.38221377,0.36846098,0.47175702,0.4406375,0.41921642,0.4327009,0.5738027,0.54836184,0.5717053,0.56496024,0.53080505,0.53812593,0.55303985,0.5999082,0.5115532,0.47314093,0.67353773,0.64127684,0.5900057,0.64612305,0.7104805,0.6707465,0.5828927,0.6347771,0.6392151,0.6099474,0.6149551,0.6126036,0.57264453,0.58166265,0.58934885,0.5930343,0.5568104,0.51116115,0.5789576,0.5158316,0.6014022,0.5566741,0.5601878,0.47042683,0.5307121,0.5071265,0.57750106,0.6414054,0.55278814,0.54316205,0.50613254,0.57820076,0.5453877,0.62319016,0.48967278,0.44992545,0.55799544,0.5712736,0.53528076,0.5616787,0.6005342,0.6045279,0.5948115,0.6129736,0.520122,0.54702765,0.60507774,0.50014454,0.5664644,0.56621665,0.59690124,0.6366173,0.4922773,0.4967891,0.5119125,0.50762194,0.45756945,0.57402843,0.59830505,0.6191672,0.5711164,0.55260235,0.5987954,0.61361444,0.604365,0.53677535,0.50762194,0.6131325,0.57416207,0.5891267,0.5719853,0.5787436,0.5628278,0.52735907,0.5489268,0.5115013,0.4935115,0.46284243,0.56451565,0.48796284,0.48852423,0.51624423,0.40851137,0.5490875,0.57129514,0.4293102,0.48849705,0.4462035,0.55369717,0.6110627,0.5914081,0.51619655,0.51006794,0.49295914,0.53263396,0.4677231,0.43285114,0.41596597,0.45953393,0.47733614,0.6283446,0.5682133,0.50722843,0.610217,0.63230175,0.54125357,0.5557541,0.57955766,0.5877958,0.5627756,0.5774731,0.5322413,0.6267798,0.63298744,0.61259085,0.64052707,0.5472624,0.55259097,0.609863,0.64850813,0.57914263,0.5646919,0.53513443,0.56027853,0.58093274,0.57301056,0.5149543,0.5217523,0.54342824,0.54601574,0.5949523,0.592515,0.52174604,0.5370995,0.5663234,0.55925125,0.56623065,0.54983896,0.53185165
809,0.5445419,0.52040946,0.54614705,0.51860726,0.526311,0.53296345,0.5072849,0.5850148,0.59056133,0.5375695,0.54992914,0.6087208,0.47621733,0.5741931,0.5451771,0.4923966,0.47168216,0.5696975,0.4683065,0.44547743,0.48065382,0.5316506,0.54347444,0.647816,0.60617775,0.579539,0.53076667,0.6203,0.4861482,0.5992413,0.65496576,0.574219,0.65289736,0.62611663,0.58788323,0.57321376,0.52498233,0.5476461,0.5523107,0.5837572,0.57382834,0.5052637,0.53229266,0.51381856,0.4485054,0.44358778,0.5116095,0.46565193,0.44377908,0.46514452,0.5810663,0.55424374,0.5853166,0.57410336,0.558949,0.5560612,0.6215825,0.6401386,0.5704038,0.5284428,0.63111866,0.6426424,0.6088206,0.6523337,0.6686214,0.6924259,0.5691054,0.6133069,0.62190604,0.57516575,0.58482116,0.672939,0.60115045,0.6229097,0.5994008,0.59158975,0.58039933,0.5700124,0.5972249,0.61468977,0.6118208,0.64266294,0.600106,0.49751475,0.53631985,0.5204179,0.5844596,0.6248553,0.5538875,0.5288759,0.52607614,0.60895896,0.5406623,0.5934424,0.53339034,0.51805943,0.5679636,0.57580924,0.54766965,0.6039477,0.60234314,0.6314433,0.63213146,0.63826907,0.58206695,0.5838366,0.64604217,0.5192621,0.5835792,0.57565075,0.58401704,0.6219871,0.507787,0.5368177,0.5550674,0.52010804,0.49522024,0.55618566,0.582347,0.60619146,0.57548034,0.59651023,0.6068283,0.6413658,0.6202881,0.5748348,0.57484627,0.61713505,0.5887054,0.56870914,0.56747395,0.5905734,0.56674325,0.5303132,0.56908476,0.590298,0.5778965,0.5289399,0.58877,0.53380555,0.5556731,0.5217368,0.48573723,0.5737699,0.592865,0.4938053,0.5474523,0.52745736,0.55205715,0.5721673,0.6046886,0.5073651,0.52238226,0.52617216,0.585666,0.48685035,0.47429758,0.431902,0.48097292,0.4908441,0.56978303,0.5660506,0.5561125,0.5783447,0.6044392,0.5412721,0.606732,0.59719604,0.6083126,0.5912637,0.6072838,0.540187,0.6510868,0.651859,0.6465789,0.641689,0.53776944,0.603658,0.5889374,0.61811465,0.5384546,0.47281042,0.54738283,0.51858485,0.5114203,0.49971595,0.5112925,0.58250123,0.5955074,0.50220317,0.52239263,0.5914343,0.46547872,0.54209125,0.5324507,0.4899583,0.44625753,0.53419197,0.43113095,0.41720968,0.49199966,0.47751722,0.49987152,0.63749367,0.5105667,0.59565413,0.52243006,0.55878377,0.47580686,0.61111826,0.6282622,0.6002703,0.6843272,0.629348,0.6235914,0.5750437,0.5149816,0.4913821,0.56379926,0.5842443,0.55038637,0.49114177,0.51073784,0.481679,0.40832973,0.37699306,0.48572147,0.44373134,0.42627743,0.43735048,0.5818776,0.5528087,0.583861,0.5686872,0.5501088,0.55608296,0.5712863,0.5966451,0.5243452,0.48919642,0.62339485,0.60596484,0.5890377,0.59737146,0.6877484,0.6907865,0.5674435,0.611996,0.6311818,0.6178031,0.60946137,0.5998685,0.5783192,0.6057744,0.63628125,0.61891335,0.5647416,0.53707474,0.6311308,0.541495,0.6318058,0.58081454,0.554419,0.4671064,0.5153878,0.49811882,0.5896623,0.64746016,0.5004931,0.5344255,0.49677828,0.5974976,0.5494635,0.61941713,0.50284195,0.46051306,0.5477606,0.55934584,0.56032616,0.5865568,0.61686194,0.6288244,0.6198956,0.6322044,0.55111545,0.5628201,0.6279323,0.51786375,0.57500863,0.5758666,0.5791222,0.6090396,0.5210512,0.5295661,0.53772,0.52130777,0.4672652,0.5592557,0.58767074,0.6116231,0.57328826,0.5625015,0.6294808,0.63693136,0.6433919,0.5161078,0.5028728,0.6460144,0.6132477,0.6009276,0.5777792,0.5661349,0.570647,0.5335132,0.5520407,0.5375798,0.5249784,0.46959403,0.60567504,0.5174576,0.50882787,0.51191753,0.41420206,0.54576105,0.5610531,0.43403894,0.51738775,0.47514892,0.5434641,0.59900993,0.56647503,0.52042675,0.5141088,0.49456665,0.5220861,0.4794924,0.44896376,0.41437033,0.46201223,0.47894683,0.5960339,0.5537035,0.5108679,0.6000456,0.62216324,0.53399986,0.5814528,0.6020283,0.61044407,0.5314304,0.58487296,0.53713065,0.64563644,0.6538523,0.64352065,0.6303608,0.5380692,0.5695051,0.5796879,0.61062896,0.5722648,0.56257075,0.5464488,0.5732736,0.58693135,0.5723093,0.51851326,0.5290768,0.5424684,0.5468086,0.59256303,0.58707696,0.5229275,0.53965604,0.5841707,0.5761966,0.56478083,0.54805845,0.5328069
810,0.5458646,0.54125416,0.55542237,0.530747,0.53916174,0.5409424,0.5162292,0.60886306,0.61204404,0.5644651,0.5716015,0.65952295,0.4942658,0.5219784,0.4916239,0.50454944,0.48508412,0.5885087,0.47821683,0.45683464,0.49339157,0.54397076,0.56752,0.6602795,0.6573054,0.6166365,0.52769953,0.64934295,0.4480571,0.571434,0.6164214,0.5281448,0.59816325,0.58340776,0.54507214,0.597714,0.55747074,0.551602,0.5865106,0.60461277,0.59486055,0.5444083,0.5590208,0.5289399,0.4722947,0.44986817,0.5370696,0.475126,0.45632035,0.468679,0.60034,0.57363516,0.60973245,0.5859215,0.58652496,0.5785571,0.6515231,0.64599746,0.5665247,0.5459808,0.5977309,0.5943747,0.5991156,0.6046439,0.6366131,0.69894326,0.5786842,0.5822705,0.61925733,0.60361075,0.577804,0.6555782,0.60187376,0.6450964,0.65756416,0.6177414,0.5990509,0.5875657,0.6587118,0.63944143,0.6622099,0.6737468,0.60351044,0.50220734,0.5253064,0.51041025,0.615943,0.6409317,0.5244264,0.53109354,0.5055406,0.60599744,0.54396033,0.5832707,0.5539267,0.5319257,0.5537861,0.5384061,0.5824732,0.6286887,0.6312155,0.65977305,0.64848274,0.6637635,0.6260651,0.6018269,0.6753184,0.5410421,0.6014046,0.5791729,0.56382036,0.58086514,0.54668266,0.5666814,0.5720914,0.5435633,0.50839967,0.55039144,0.5582942,0.5990603,0.58050764,0.6084644,0.6569643,0.6663054,0.65581065,0.563101,0.57599765,0.6509883,0.64178485,0.58143675,0.5925086,0.61541134,0.57442105,0.5364255,0.5732393,0.6022415,0.60956776,0.53695565,0.62296534,0.5640818,0.57884604,0.5234574,0.49407408,0.5620715,0.5803652,0.5015746,0.58889204,0.55116767,0.5363465,0.58820283,0.5740435,0.5310722,0.5393413,0.5356933,0.5651108,0.506477,0.49068594,0.4431715,0.4963098,0.49319303,0.5450167,0.52092916,0.5710523,0.5614471,0.5864641,0.5223276,0.62468493,0.6206082,0.622773,0.57944167,0.6224026,0.57856005,0.6682097,0.672086,0.67985064,0.65955806,0.5267213,0.6150946,0.56749004,0.5870183,0.5419942,0.50415653,0.566593,0.52930534,0.52406013,0.5103361,0.5213949,0.6075527,0.61821556,0.5299415,0.5463064,0.62856364,0.48012283,0.49504986,0.48201427,0.50499445,0.45558706,0.55799615,0.44867298,0.42215958,0.5179071,0.4877256,0.5353168,0.6519668,0.54533935,0.6267765,0.5291881,0.5843002,0.4612363,0.5896888,0.5960818,0.5449813,0.6641866,0.58184355,0.5623728,0.61122054,0.5477176,0.4954818,0.602219,0.60802394,0.57933384,0.5345282,0.54346734,0.5024745,0.44666928,0.39640868,0.51186526,0.46216428,0.44970682,0.4495285,0.6002721,0.5679049,0.6065168,0.57884187,0.5805915,0.58346075,0.58972764,0.58417743,0.54042,0.5137461,0.56245756,0.555296,0.5743171,0.53638715,0.6588197,0.70316267,0.54318213,0.58523643,0.62300503,0.6201032,0.603418,0.5770423,0.58015907,0.61504394,0.679253,0.6365419,0.56550986,0.5559732,0.67878693,0.56155115,0.65245044,0.58771056,0.53522253,0.46164227,0.48519078,0.48828253,0.59335464,0.6529726,0.44279698,0.5236514,0.47916833,0.60386807,0.5530372,0.60749334,0.5058218,0.4789498,0.525001,0.5390817,0.59257317,0.6187982,0.63818985,0.6583067,0.6452054,0.6575859,0.591412,0.5793659,0.6477967,0.5354851,0.57673174,0.5827569,0.54951805,0.5725931,0.5579516,0.5694729,0.567325,0.54252386,0.48509443,0.5419683,0.5759765,0.6038408,0.5838091,0.57270074,0.65695536,0.6611996,0.68030345,0.50474817,0.5094024,0.6802191,0.65180165,0.61119974,0.5858129,0.5548419,0.57043475,0.5382976,0.5542415,0.56268686,0.55164224,0.48886395,0.6449852,0.5493216,0.5362508,0.51492345,0.4267834,0.52561647,0.534068,0.44755608,0.5587479,0.5039593,0.5213717,0.58574617,0.53361154,0.53516275,0.52787,0.5082885,0.5196843,0.508268,0.48052558,0.43253055,0.4798227,0.4936795,0.5539966,0.532085,0.5245577,0.58516604,0.60574085,0.52187353,0.6053865,0.6305348,0.6213048,0.49141723,0.5745878,0.5410722,0.66388816,0.67430776,0.6734143,0.6221885,0.52373767,0.58165914,0.5388781,0.5605517,0.56234485,0.55749893,0.5570237,0.58479655,0.58625215,0.5661659,0.5207757,0.5358473,0.5409164,0.5476146,0.5899041,0.58273625,0.5240174,0.5413593,0.5996086,0.5897078,0.5611875,0.5454999,0.5353902
811,0.5470375,0.5689898,0.57159966,0.5460571,0.55550444,0.55322284,0.5317581,0.6349547,0.6361661,0.59031427,0.5880493,0.6996221,0.52476233,0.46748152,0.435755,0.5283161,0.5042695,0.60578674,0.49922135,0.4824598,0.5210452,0.5604705,0.5967729,0.6674011,0.69751686,0.6511922,0.52121603,0.6673099,0.40767044,0.53831345,0.57572174,0.4798429,0.5418827,0.53378135,0.5019126,0.6241948,0.5904356,0.5501937,0.62225455,0.62683415,0.6152362,0.58603555,0.58725893,0.54050404,0.4954592,0.45069736,0.5660595,0.49306637,0.47797322,0.46675435,0.62366956,0.5987473,0.63516206,0.6017044,0.61533755,0.6019141,0.6733325,0.6396973,0.56096727,0.56483585,0.56176436,0.5438738,0.5796613,0.5548815,0.6029688,0.69827366,0.5815289,0.5480628,0.6143784,0.62667185,0.5677814,0.6298833,0.59664243,0.650306,0.70357513,0.6359735,0.60729295,0.5910799,0.70630574,0.65108615,0.69961435,0.6841373,0.5925041,0.5022826,0.5031346,0.5028297,0.6415206,0.6522295,0.49056572,0.5301343,0.48160547,0.59425575,0.5452101,0.56860524,0.56298524,0.5424031,0.5324917,0.50088114,0.6200355,0.6533455,0.6612807,0.6851463,0.6600565,0.68596864,0.6659797,0.61322916,0.696793,0.5626726,0.6135817,0.57749474,0.5409683,0.53589535,0.5864428,0.596243,0.5841889,0.56376845,0.51864326,0.54458183,0.5327038,0.5899741,0.5900402,0.6129104,0.6989171,0.6863113,0.68404055,0.5560914,0.5717731,0.6781558,0.687033,0.5879344,0.61461,0.6389559,0.5743491,0.539924,0.5731223,0.6042916,0.62421703,0.5390406,0.6521455,0.5875429,0.5971786,0.5306559,0.49954498,0.53468513,0.55269575,0.50784165,0.6271766,0.5612763,0.5111235,0.59952116,0.53546035,0.56344163,0.5612226,0.54968446,0.5395675,0.53788745,0.51050806,0.4697806,0.52003616,0.5031589,0.51657903,0.47042695,0.58612436,0.5428972,0.56232625,0.5027569,0.6323587,0.64273113,0.63081306,0.56166196,0.6206657,0.6157622,0.6797096,0.6869032,0.7068372,0.67359525,0.51377153,0.6192814,0.5467645,0.5548383,0.5456594,0.54453593,0.59191865,0.5431877,0.54161376,0.5277029,0.5365651,0.63305324,0.64233994,0.55957943,0.5655947,0.6559289,0.5073357,0.44898522,0.42928332,0.5331723,0.47671857,0.5830245,0.47978154,0.4441646,0.55410105,0.5082861,0.57815003,0.6611868,0.574762,0.647654,0.5323621,0.6025716,0.4422788,0.56272227,0.5629974,0.48397887,0.6425272,0.5239482,0.497553,0.650437,0.5829372,0.49777797,0.64381355,0.6339798,0.6097651,0.57928324,0.57741374,0.5216116,0.48700655,0.42048684,0.54345006,0.49111512,0.48403862,0.46603295,0.6213981,0.5880098,0.6299199,0.59165215,0.613296,0.6126665,0.6030612,0.5641409,0.5565453,0.5415132,0.50247747,0.49793148,0.5480604,0.4733936,0.62554294,0.7055437,0.51155925,0.55423313,0.6111796,0.6125685,0.5910629,0.5449271,0.5728605,0.606182,0.7076963,0.64080095,0.5566728,0.56452173,0.7122567,0.57079875,0.6584544,0.5758765,0.50534314,0.4534165,0.44537556,0.47829655,0.58638483,0.6532017,0.3906663,0.5096043,0.4567656,0.5973735,0.5549334,0.5879502,0.49662948,0.49970788,0.49219486,0.5099891,0.6232875,0.649072,0.6591139,0.68407243,0.6660332,0.6814499,0.6323375,0.59180874,0.66056305,0.5499536,0.5719127,0.58552384,0.51426405,0.53287953,0.59539825,0.6080343,0.5940656,0.566199,0.50632256,0.5239308,0.5631002,0.5949594,0.59666806,0.5795465,0.6745033,0.6801274,0.70659286,0.5014638,0.521115,0.70629793,0.68021435,0.6136061,0.5923791,0.54435307,0.56045985,0.53996736,0.5536925,0.5796859,0.5668626,0.51507705,0.6733506,0.57508475,0.5611053,0.52043355,0.44051424,0.4923488,0.49364823,0.46527496,0.6028679,0.52603155,0.48829663,0.5668048,0.4942664,0.5560309,0.54625154,0.53006256,0.52024406,0.54771405,0.5211732,0.4669215,0.5080138,0.5164488,0.5047556,0.5033086,0.5435244,0.5683469,0.5837189,0.5085033,0.6224803,0.65547377,0.6182951,0.44880965,0.5469841,0.54329497,0.67678523,0.68932754,0.69505376,0.6130058,0.506246,0.58790994,0.49524218,0.50927246,0.5522449,0.5503145,0.56373286,0.591562,0.5801784,0.5561222,0.52027535,0.5402315,0.53909516,0.5479019,0.585983,0.5785125,0.52531135,0.5423497,0.6104342,0.5980237,0.55556256,0.54207367,0.53809273
812,0.54560274,0.59540933,0.58556134,0.55857337,0.56983495,0.5646382,0.5472852,0.6521923,0.65114313,0.60869163,0.59632367,0.7204255,0.55782706,0.4209943,0.38757378,0.55545384,0.5219605,0.61582816,0.5235695,0.5146067,0.5546134,0.57442874,0.6223747,0.6650214,0.7192058,0.6725488,0.5087905,0.66964686,0.37005273,0.5031254,0.536418,0.43665662,0.49314803,0.4854178,0.46400946,0.6397507,0.6131265,0.5422892,0.6457445,0.6410299,0.62667584,0.61743265,0.6095077,0.5446269,0.5117435,0.44318855,0.5894636,0.51436967,0.50185055,0.45885384,0.64021206,0.6192498,0.6499393,0.6136264,0.635582,0.61860526,0.68093705,0.62075955,0.55396295,0.5799601,0.5286628,0.4997673,0.5534224,0.51101446,0.5722691,0.6912205,0.57497174,0.5150767,0.60484934,0.6378533,0.5543674,0.6012299,0.5829703,0.63803494,0.7279466,0.6409714,0.60428375,0.58118635,0.73147756,0.64712644,0.71671975,0.67490715,0.5695886,0.49936566,0.4758536,0.49818024,0.6539069,0.6546307,0.45703936,0.52430266,0.46102023,0.57766336,0.54397655,0.5503648,0.558476,0.544702,0.5058059,0.4677617,0.650239,0.66941607,0.68210226,0.69765246,0.6632758,0.69707143,0.69270074,0.614971,0.7060419,0.5803342,0.61855763,0.57069725,0.51947546,0.49624225,0.61917084,0.6190646,0.5876933,0.57427144,0.5211943,0.5387032,0.50881803,0.5779895,0.596042,0.6079928,0.7227407,0.6952143,0.6980843,0.550646,0.56058705,0.6906065,0.7134852,0.58476657,0.62704754,0.65273744,0.5668108,0.54038244,0.56882936,0.597216,0.62064976,0.5325871,0.66952294,0.5991321,0.6044301,0.5365515,0.49858257,0.49715278,0.5149984,0.5082478,0.65330374,0.5582847,0.4804634,0.5994105,0.49422875,0.5934361,0.5804746,0.56226474,0.5106189,0.57138604,0.52787954,0.5042324,0.545695,0.51576835,0.48635137,0.4243129,0.5949661,0.5252393,0.5359455,0.48756355,0.62951046,0.65330607,0.63161284,0.5389998,0.6043341,0.6420087,0.68149775,0.69092983,0.720811,0.6769238,0.50054944,0.61649185,0.5292611,0.52677387,0.54627216,0.58444583,0.6128045,0.5550556,0.5588063,0.546448,0.5517676,0.6485683,0.65689456,0.58427054,0.57515806,0.6671222,0.5385817,0.4109986,0.38253757,0.56494415,0.5025616,0.60155916,0.51560515,0.4771855,0.59140956,0.53256017,0.6169741,0.6609898,0.59459156,0.6516111,0.52716017,0.608472,0.4172835,0.52845055,0.52884936,0.42762926,0.61672395,0.46596286,0.43870246,0.67715204,0.6096888,0.496439,0.6730814,0.6523958,0.63130224,0.61297685,0.6047285,0.5343973,0.51767147,0.441003,0.57022864,0.52268463,0.5199585,0.48069823,0.6354264,0.60409766,0.64291674,0.60077715,0.63682586,0.63406074,0.60654604,0.5384476,0.5688103,0.5656726,0.45495996,0.44455698,0.5141986,0.42051068,0.5908862,0.6971979,0.47650877,0.5199163,0.5922126,0.59293336,0.568627,0.5075711,0.55263376,0.5800948,0.7150683,0.6290097,0.53797716,0.5617058,0.7255513,0.5664063,0.64713687,0.5501516,0.4691841,0.44364265,0.4042867,0.46926197,0.5693782,0.64410055,0.3528106,0.49221635,0.43520746,0.5819711,0.55363667,0.56244963,0.47651726,0.515359,0.45332676,0.4742942,0.6445974,0.6679179,0.67173547,0.69648,0.6770492,0.6949326,0.6633884,0.5955335,0.66321856,0.55971277,0.562291,0.583567,0.48040068,0.49607217,0.6257486,0.6378923,0.61131537,0.58419204,0.5229569,0.5069002,0.54818696,0.5830384,0.60413486,0.580091,0.67714506,0.6881892,0.71656597,0.50262415,0.53107214,0.71646047,0.69082844,0.6032746,0.59350175,0.5336137,0.5410835,0.5373668,0.54962003,0.58416784,0.5673904,0.54009575,0.6849224,0.58860546,0.57527083,0.5228023,0.45016485,0.4516129,0.44616762,0.48080143,0.63776004,0.537694,0.44903886,0.53954583,0.45184547,0.5757397,0.5627805,0.55298394,0.5184849,0.5875051,0.56063324,0.50916874,0.538602,0.53969973,0.453788,0.46970353,0.5609456,0.55287355,0.55854553,0.49856824,0.6293429,0.666891,0.6024021,0.41019943,0.5072358,0.5430257,0.6793551,0.6940505,0.703018,0.59890354,0.4876728,0.58937645,0.45626277,0.46788472,0.54407895,0.5417624,0.56553286,0.5923438,0.5702728,0.5436759,0.5163514,0.5407606,0.53703,0.5464147,0.5791405,0.5721831,0.52679026,0.54230344,0.6145994,0.6001163,0.5478782,0.53732365,0.53881866
813,0.53935623,0.61490065,0.59099734,0.56408495,0.57758105,0.5705853,0.558071,0.65292376,0.6481892,0.61631453,0.59656715,0.7173161,0.5851224,0.39095986,0.35572147,0.57926565,0.53435904,0.6156223,0.5446451,0.54667443,0.58548987,0.5809647,0.6387575,0.64926875,0.71896905,0.67267966,0.49154934,0.6552554,0.34138513,0.46952364,0.50001806,0.40470654,0.45775932,0.44525564,0.435993,0.6356335,0.61957264,0.5296931,0.6477238,0.6408251,0.6232242,0.62999237,0.6210773,0.54082566,0.51937526,0.4294974,0.60110736,0.53560126,0.52381617,0.44806743,0.6418029,0.6269562,0.6463548,0.6152684,0.6403584,0.62381196,0.6708748,0.59042394,0.54636174,0.58844924,0.5022666,0.46627578,0.5224311,0.4783571,0.5476529,0.67839557,0.55773884,0.48624277,0.5885219,0.632145,0.53753865,0.57340497,0.5599463,0.6083855,0.72626907,0.62923145,0.58977515,0.5618862,0.73131317,0.6268972,0.71040255,0.64917016,0.5385554,0.49767306,0.45130226,0.49777076,0.64877015,0.64521897,0.42855862,0.51342446,0.45013887,0.5600008,0.5399758,0.529294,0.54197687,0.5375776,0.47569677,0.44157663,0.66646814,0.670748,0.6857871,0.690418,0.65504444,0.691374,0.7009674,0.6062772,0.70052767,0.5923301,0.61693716,0.5599669,0.50254524,0.46996287,0.64131165,0.63187736,0.581732,0.57273144,0.5154862,0.53250724,0.48818377,0.56247157,0.591793,0.5933565,0.7236921,0.68855417,0.69434345,0.54338497,0.54274505,0.68399334,0.71566683,0.56974095,0.62562186,0.6506292,0.5530601,0.53804654,0.5609493,0.5837628,0.60146606,0.5185623,0.67181224,0.59882385,0.59838426,0.5367061,0.49105614,0.45777932,0.47422808,0.5009663,0.66280675,0.54798955,0.44970828,0.5843067,0.45534837,0.6130267,0.59205556,0.5692688,0.48009458,0.599333,0.5404432,0.5396628,0.56906825,0.5271844,0.45772585,0.3903451,0.59418803,0.51054186,0.5113181,0.4800048,0.61803204,0.6456996,0.6250777,0.513741,0.5760035,0.65102905,0.67032784,0.67964643,0.7172334,0.6645817,0.48778826,0.6076337,0.5154557,0.506407,0.5415505,0.61760205,0.622049,0.5614121,0.571332,0.56207263,0.5629972,0.647298,0.6536964,0.6006608,0.5746219,0.6595417,0.56638974,0.38691196,0.34938136,0.5919014,0.52727973,0.60960245,0.5488963,0.5153493,0.62299865,0.55513626,0.64451,0.64801407,0.6055899,0.63519526,0.5129476,0.6017907,0.3882208,0.48744604,0.49276495,0.38412452,0.58392835,0.41690212,0.39281246,0.68083316,0.62078667,0.49237722,0.6790717,0.6560653,0.63707197,0.6276228,0.6210891,0.5401318,0.5329086,0.45401117,0.5844875,0.5510584,0.5506362,0.48953232,0.6348285,0.6086768,0.63791233,0.60076535,0.6432385,0.64138365,0.59837717,0.50929165,0.57557696,0.5829476,0.42638475,0.40356198,0.47689408,0.38649037,0.5566778,0.67745876,0.44273603,0.48368204,0.5639504,0.5606127,0.5362331,0.46972457,0.5195104,0.54043525,0.69872516,0.60000306,0.51059514,0.5496552,0.71687686,0.5500977,0.61755174,0.5189929,0.43207344,0.43701974,0.3707019,0.4647935,0.5446658,0.62265456,0.33543628,0.47318465,0.42114082,0.56223696,0.5481083,0.53303444,0.45013046,0.5218447,0.41308606,0.43642518,0.652574,0.6695082,0.6690576,0.6884331,0.67428684,0.6912201,0.6774549,0.5888001,0.65399,0.5661661,0.55147076,0.5765421,0.45443064,0.46789694,0.64541733,0.6560469,0.6159481,0.5902496,0.52991265,0.49169362,0.53029937,0.566635,0.60037506,0.5730654,0.6624365,0.681424,0.70756066,0.5043132,0.53456134,0.706275,0.68002564,0.578254,0.5864216,0.52161235,0.5144077,0.5303208,0.5423167,0.5763503,0.55474997,0.5588004,0.6784937,0.5894632,0.5758334,0.51912504,0.45389903,0.41088384,0.3994331,0.49025643,0.656081,0.54067105,0.4110098,0.50390023,0.4105733,0.5886805,0.5735074,0.5716583,0.51060265,0.62015057,0.5918455,0.55147976,0.5656382,0.5579172,0.40743902,0.43445966,0.57205397,0.5404355,0.5321384,0.49512115,0.6253051,0.6585303,0.5769399,0.381294,0.46272233,0.5399053,0.6676583,0.6843209,0.69416153,0.57645255,0.46934232,0.58781964,0.42791703,0.44363448,0.53861904,0.53285116,0.563178,0.5874547,0.5575113,0.5298597,0.50962114,0.5370094,0.53441536,0.54168236,0.5679399,0.5617901,0.5279971,0.5401708,0.6108913,0.5956277,0.53767866,0.5304225,0.53607976
814,0.527692,0.6251232,0.58583236,0.56105787,0.5762948,0.5685585,0.56232613,0.634334,0.62378347,0.6132957,0.5908775,0.68981886,0.6013813,0.38356206,0.34697983,0.5949568,0.5413765,0.60566455,0.55788976,0.5736838,0.6078518,0.57894343,0.64443326,0.6179433,0.69678277,0.6493335,0.47389328,0.6263806,0.3285228,0.44240683,0.46778896,0.38995734,0.4384122,0.41980067,0.42277226,0.6095649,0.608929,0.5164728,0.62546885,0.6240595,0.60324264,0.62137973,0.62073886,0.5323253,0.52031004,0.4159744,0.5996657,0.5541717,0.54224896,0.4408449,0.6251397,0.61847293,0.6220703,0.6044967,0.6272209,0.6168338,0.6437737,0.55391073,0.54008126,0.589969,0.48558262,0.4461097,0.4910926,0.4602612,0.5309148,0.6605633,0.53260386,0.46428785,0.56604105,0.60916626,0.51953334,0.54933506,0.5309391,0.5658778,0.6983758,0.60227036,0.5655528,0.54018,0.7064888,0.5937139,0.68148845,0.6134208,0.5061911,0.50238365,0.43818584,0.5038639,0.62623537,0.62334734,0.41084287,0.49962482,0.45380425,0.5446151,0.5337772,0.5087104,0.5194886,0.523997,0.44737428,0.42544326,0.6655736,0.6547832,0.66866404,0.66041744,0.6338526,0.6654945,0.6888641,0.58926815,0.6793498,0.59868526,0.6112843,0.5474716,0.49403426,0.46299157,0.65192515,0.6340209,0.5692169,0.562162,0.5064716,0.5264993,0.47185108,0.5449016,0.5743077,0.5708439,0.7013678,0.66406727,0.6725525,0.5319062,0.5202499,0.6583387,0.6933316,0.54516155,0.609921,0.63083875,0.53606075,0.53407955,0.55078626,0.56801444,0.5730631,0.502059,0.65953934,0.59052944,0.5807712,0.5300275,0.47928888,0.42774352,0.4399465,0.48785692,0.6559001,0.5383439,0.42627063,0.5561551,0.42437208,0.6181703,0.5937336,0.5688113,0.45046714,0.61824703,0.54964536,0.5703251,0.58726424,0.5345251,0.4370041,0.3736255,0.5839421,0.50030434,0.49251175,0.48144904,0.6011142,0.6184513,0.61273277,0.49094567,0.54103017,0.6414048,0.6443666,0.65027064,0.6939442,0.63527393,0.47711504,0.5937527,0.50666696,0.49692732,0.5311271,0.64121747,0.61673886,0.560897,0.57677877,0.57187915,0.5680692,0.62719625,0.62919444,0.60811865,0.5671199,0.6347598,0.58531624,0.38153246,0.33675838,0.60829765,0.5476982,0.6073805,0.5743572,0.55313796,0.64548767,0.57311344,0.65844244,0.6206195,0.6102797,0.6000464,0.49322727,0.5856051,0.36229697,0.44526088,0.45590767,0.36035824,0.54450613,0.38446957,0.365433,0.65723115,0.6138175,0.48883966,0.65733963,0.6417709,0.62500644,0.62150615,0.6255945,0.5414156,0.53340715,0.46049798,0.5841943,0.57258385,0.57266676,0.49306005,0.61659014,0.5987552,0.6125698,0.5899909,0.6300782,0.6335801,0.5805878,0.48178157,0.57706225,0.59313595,0.41930336,0.38174498,0.4428081,0.3763489,0.52480036,0.64687073,0.4166323,0.44941375,0.5282756,0.51931614,0.49964318,0.43810534,0.47965196,0.49550515,0.6597285,0.5564011,0.47917476,0.5339821,0.6873585,0.5283304,0.5728176,0.49265325,0.40227783,0.4399646,0.35381487,0.4698076,0.51680285,0.5885659,0.34339672,0.4566166,0.42102557,0.5429022,0.5389097,0.50396925,0.42576727,0.5200179,0.37920645,0.4040557,0.6464237,0.65227467,0.64736646,0.65661657,0.6558592,0.6664925,0.67165625,0.5736567,0.63278836,0.57181305,0.54417807,0.5649918,0.44256055,0.45389786,0.65351033,0.66180074,0.6090029,0.58345634,0.52818006,0.47918966,0.510396,0.5468652,0.5831072,0.55926603,0.6316538,0.6577003,0.6795983,0.50339496,0.5296801,0.67461985,0.6489278,0.5418039,0.57077205,0.50860226,0.48574847,0.52033395,0.53310776,0.56064934,0.5350786,0.5701765,0.6564949,0.5817169,0.56446165,0.5096853,0.45311007,0.38077426,0.36384025,0.4933993,0.65625674,0.5400454,0.38370043,0.46449003,0.37705967,0.5920378,0.5769475,0.5827486,0.4950697,0.6422612,0.61259663,0.587475,0.58535856,0.5678419,0.37335104,0.40266767,0.5750361,0.5313155,0.50655186,0.49867073,0.61188626,0.6292788,0.5478101,0.36806056,0.42357424,0.53447497,0.63988787,0.65714526,0.66754085,0.5451767,0.45369124,0.5841706,0.4160533,0.44030467,0.53597146,0.52542835,0.5578467,0.5777084,0.54367954,0.516733,0.5023359,0.53033537,0.5311499,0.5334364,0.55285037,0.5474767,0.52852607,0.53528655,0.5997308,0.5853661,0.5253468,0.5213248,0.5299005
815,0.5123504,0.6240848,0.57054734,0.5500699,0.5658391,0.5585299,0.56046176,0.5974964,0.57998246,0.6013028,0.5812929,0.64152235,0.60324407,0.40119383,0.36491394,0.5976885,0.5432911,0.58812517,0.56034756,0.5904254,0.6175512,0.57011914,0.6384851,0.5734746,0.65519065,0.60610366,0.46089086,0.58789134,0.33708355,0.42615747,0.44250673,0.39569855,0.43505913,0.41316786,0.4270695,0.5645953,0.5841726,0.5066973,0.58173686,0.59205204,0.5700771,0.5944095,0.6096379,0.52394503,0.5183045,0.40996826,0.58645105,0.5665174,0.55525607,0.4435218,0.59095776,0.5942335,0.5797932,0.5823815,0.59761566,0.59983134,0.60383934,0.5190278,0.5371845,0.5858575,0.4800621,0.44090787,0.46600938,0.45747966,0.5214936,0.6376346,0.5053933,0.45116892,0.53984225,0.5727989,0.5032416,0.5304395,0.5026273,0.52058005,0.64781904,0.5661087,0.5353615,0.5234941,0.6595502,0.55492866,0.63420165,0.5760173,0.48038656,0.5162054,0.44241852,0.51708716,0.590065,0.5905074,0.40843675,0.4858251,0.4727796,0.53352743,0.526929,0.49345803,0.4986153,0.50927067,0.42848527,0.42257473,0.64752567,0.6227767,0.63126045,0.6094871,0.60109943,0.619312,0.65708095,0.5681301,0.64327556,0.600006,0.60412425,0.5350138,0.49694508,0.4764247,0.65111995,0.6261816,0.55525947,0.5486059,0.5009281,0.5216111,0.46154103,0.5279839,0.54476833,0.54441327,0.6582337,0.62256837,0.63461816,0.5159889,0.49706677,0.61686885,0.64955884,0.51710445,0.582607,0.5951037,0.51947606,0.5299892,0.53999287,0.55361205,0.54328924,0.4894593,0.6349383,0.5783372,0.5551554,0.5179772,0.46678665,0.41660735,0.42093775,0.47367874,0.635811,0.53539366,0.41690728,0.52079606,0.40635866,0.6066227,0.58509046,0.5612731,0.42601496,0.6257277,0.5565257,0.59033066,0.59624803,0.5362206,0.42968953,0.3763348,0.56689644,0.49503964,0.4823949,0.49127966,0.5821307,0.57558644,0.59731233,0.47670564,0.506821,0.615565,0.60493505,0.60379195,0.6510769,0.59123755,0.47084254,0.57624006,0.5049499,0.50003374,0.516769,0.65270424,0.59665966,0.5536304,0.5742933,0.574405,0.5668863,0.5899437,0.5850168,0.6068168,0.556219,0.59773326,0.5915123,0.39714202,0.349579,0.6098775,0.56093824,0.596765,0.5876379,0.5836652,0.6561824,0.58444923,0.65792537,0.58120394,0.60986584,0.55323446,0.4738257,0.5638851,0.34937954,0.4104877,0.4232802,0.36065012,0.5029807,0.37407854,0.36044765,0.6070004,0.5902879,0.48946044,0.6088637,0.60964733,0.59708005,0.59804857,0.61913836,0.5419058,0.52439046,0.46409526,0.5715472,0.58369154,0.5838583,0.4943709,0.58186454,0.5753894,0.5698312,0.56983095,0.59940416,0.61318636,0.55747736,0.46289617,0.57490474,0.597266,0.43272975,0.38336763,0.4201326,0.39115694,0.49767035,0.60757136,0.40459067,0.42295253,0.49083295,0.47701296,0.46722573,0.41950685,0.4436357,0.45701215,0.6039058,0.5064686,0.45111048,0.5214772,0.6404309,0.50930566,0.5215709,0.47910044,0.38854545,0.45688722,0.36026934,0.48696628,0.49159312,0.5453809,0.37860775,0.4471896,0.43806064,0.52769995,0.5282039,0.4807049,0.41251677,0.51402795,0.36102664,0.38565278,0.6276921,0.61854994,0.6076124,0.60324484,0.6231271,0.6210388,0.6467313,0.55480593,0.6015802,0.57777756,0.54382455,0.5503602,0.44873255,0.45730934,0.6504394,0.65520304,0.5944528,0.56758165,0.5228092,0.47083816,0.4914929,0.5266362,0.5535994,0.5413248,0.5900057,0.6176226,0.6349413,0.49869615,0.51769495,0.6241953,0.6030949,0.5019209,0.54869854,0.49616745,0.46233433,0.5102312,0.5237516,0.5428861,0.5161714,0.5743321,0.6232032,0.56990874,0.5450488,0.497017,0.45117128,0.37155205,0.34916836,0.492376,0.6405764,0.540773,0.3751608,0.42948103,0.35871634,0.58455306,0.5727142,0.58474046,0.47433677,0.6512216,0.62220097,0.6108065,0.5942057,0.5681086,0.35857058,0.38123915,0.57014805,0.5248419,0.48435572,0.50729626,0.59196866,0.5838149,0.52227736,0.3750944,0.39938524,0.527947,0.5980235,0.61315507,0.624543,0.5088538,0.44487587,0.57816803,0.4249487,0.45777145,0.53588873,0.5212729,0.54978746,0.56353456,0.5312524,0.50710934,0.49731842,0.52292514,0.5275546,0.52307916,0.53576857,0.5311185,0.5284025,0.52834255,0.58297956,0.57106936,0.5123179,0.51116467,0.5216747
816,0.49746487,0.60955864,0.54719,0.53359145,0.54880434,0.54335654,0.5543499,0.5479011,0.52542764,0.58381146,0.570043,0.58227664,0.5896967,0.44008416,0.40739495,0.5843015,0.54030836,0.5656103,0.5522748,0.5929849,0.61248916,0.5578616,0.61932683,0.5259088,0.60161215,0.5526557,0.45635346,0.5471534,0.36926717,0.42172372,0.42748535,0.41891563,0.4439784,0.42392775,0.44599986,0.5092295,0.5525733,0.50324,0.525488,0.5498487,0.5317873,0.55697024,0.5910519,0.519885,0.51856405,0.41819063,0.5645126,0.57044995,0.5618197,0.4600461,0.54428667,0.5581106,0.5277472,0.5519701,0.55690384,0.57670534,0.55807763,0.49200544,0.538916,0.5786328,0.48400393,0.44835672,0.45220533,0.46646374,0.51575685,0.60813075,0.48124292,0.44605678,0.5120257,0.5289734,0.48888618,0.5146696,0.48172444,0.4843674,0.5842142,0.52821344,0.50322205,0.5166428,0.5964982,0.52023864,0.57735705,0.5435219,0.46640876,0.53748465,0.46293336,0.53436714,0.5465124,0.5502653,0.42126933,0.4735771,0.501486,0.52642274,0.5213935,0.4862539,0.48626095,0.49914175,0.4252242,0.43296865,0.6162775,0.5804212,0.5796722,0.54708505,0.56303716,0.5594801,0.61054254,0.54791695,0.5965957,0.59740835,0.5966376,0.5234008,0.51035994,0.5037754,0.64029104,0.6107715,0.5444561,0.53800565,0.5037787,0.518359,0.45933795,0.5134641,0.5086253,0.5192453,0.6014619,0.57033044,0.5852633,0.49853528,0.47880587,0.56610954,0.5917608,0.49191564,0.5489065,0.54794693,0.5058093,0.5270586,0.5301215,0.5423717,0.5187796,0.4853813,0.6014945,0.5648434,0.5262276,0.5045189,0.4587873,0.4280729,0.4211009,0.46573767,0.607623,0.5414044,0.42359185,0.48488516,0.40308195,0.57878894,0.56785023,0.54958725,0.41227657,0.61899525,0.5596696,0.59582615,0.5922541,0.5334954,0.4362286,0.39747417,0.5472112,0.4939951,0.48106238,0.5065023,0.56430227,0.52651536,0.5819423,0.47485742,0.4791503,0.5799276,0.559287,0.5485046,0.5934167,0.5383658,0.47002345,0.55806917,0.5106145,0.5138521,0.5023376,0.64938223,0.5641894,0.5411916,0.5648743,0.569899,0.5615611,0.5411713,0.5292677,0.59874636,0.54545337,0.5565966,0.58407885,0.43151432,0.38874975,0.5950234,0.56500334,0.57983184,0.5871591,0.60057163,0.65246075,0.58808774,0.6426019,0.53886503,0.6050961,0.5060277,0.46172872,0.541343,0.35833967,0.38986608,0.40228844,0.38387045,0.465525,0.3868534,0.37813932,0.5380223,0.55649835,0.49700174,0.54228294,0.56369793,0.55925953,0.5651722,0.60400224,0.5449953,0.51502895,0.47157615,0.55112183,0.58262765,0.58401424,0.49841833,0.536133,0.54289687,0.5183222,0.5428391,0.55730855,0.5846232,0.5340358,0.45755082,0.57216203,0.59720564,0.46097696,0.40726605,0.41494796,0.42636377,0.47725412,0.56343853,0.4097077,0.40880212,0.45831874,0.4425325,0.44441158,0.416496,0.42189366,0.43505985,0.5434875,0.46261927,0.43288866,0.51739085,0.5842091,0.5004102,0.47707787,0.4810434,0.39588913,0.48767835,0.39013928,0.51439095,0.47458968,0.5004261,0.43590546,0.44719866,0.46951118,0.5177937,0.5187429,0.4667047,0.41792694,0.5099612,0.36587363,0.38579446,0.60010695,0.57460827,0.55678666,0.539167,0.5831102,0.5625249,0.60754406,0.5376768,0.5653942,0.5834394,0.55048966,0.5349018,0.47169924,0.4761747,0.6378736,0.63775796,0.5771955,0.54867375,0.5198749,0.46808603,0.4772905,0.50852567,0.5170491,0.52334887,0.54675955,0.5671609,0.5793549,0.49217042,0.503441,0.5640404,0.5525174,0.46815687,0.5246231,0.48645455,0.45032254,0.50299793,0.5158761,0.5284883,0.50487757,0.5715448,0.5845181,0.55735385,0.52337533,0.4861728,0.4539759,0.38921046,0.36099604,0.49223733,0.61340725,0.54596406,0.38842753,0.4066058,0.36011776,0.56713647,0.56163156,0.5787428,0.45543757,0.64419585,0.6202028,0.61719936,0.5901327,0.560493,0.36720407,0.3775629,0.559551,0.51967907,0.46798554,0.5173875,0.56977516,0.5327848,0.5066721,0.40277895,0.39462748,0.5219599,0.5502974,0.56072414,0.5709194,0.4747475,0.44679222,0.5696466,0.45367014,0.49036905,0.5376927,0.5208974,0.5385674,0.5453919,0.5222522,0.503071,0.4967545,0.516761,0.5244143,0.51328063,0.5186308,0.51501995,0.528087,0.52135193,0.5637108,0.5551435,0.5007709,0.5020499,0.5137087
817,0.4882639,0.58261746,0.5193183,0.51578355,0.5300813,0.52810603,0.5466363,0.4949314,0.4723193,0.5663147,0.56041515,0.5266439,0.56386244,0.4905151,0.46572578,0.5572416,0.53480124,0.5416613,0.53865004,0.5825865,0.5948893,0.54566765,0.5879384,0.48838738,0.5484732,0.50207406,0.46284747,0.51227105,0.42279527,0.4282585,0.42475978,0.45168447,0.45974728,0.4464503,0.4731791,0.455692,0.52396727,0.50786656,0.47008887,0.50542617,0.49759915,0.5203228,0.5699069,0.52289367,0.5267326,0.44597667,0.5398295,0.568352,0.56464005,0.49171358,0.4939418,0.517235,0.47686487,0.51842517,0.5135087,0.55260164,0.5149591,0.4753612,0.54517287,0.57126725,0.49366212,0.46320733,0.45138532,0.48140234,0.51005095,0.5718096,0.46409202,0.44717035,0.48606056,0.4853083,0.47604942,0.49919966,0.47296205,0.46520385,0.5222588,0.49552208,0.47389698,0.5208606,0.52899724,0.4978526,0.5235509,0.5191692,0.46612442,0.56212914,0.49272943,0.551203,0.50441635,0.5090658,0.44528055,0.46435642,0.5310321,0.52156025,0.51855725,0.48670727,0.48764285,0.49844566,0.4398105,0.4530697,0.5787026,0.535885,0.52461195,0.48759094,0.52858114,0.4988532,0.55875224,0.5326475,0.54721075,0.59242725,0.5887068,0.5134546,0.52878577,0.5339075,0.62239945,0.5918161,0.53908116,0.5345051,0.51736915,0.51680374,0.46622264,0.5017216,0.4739642,0.49997604,0.5428912,0.51768595,0.532492,0.484468,0.47060916,0.51568687,0.53185433,0.47470376,0.51585644,0.49796957,0.4966724,0.52624846,0.52250034,0.53463227,0.5044236,0.49192303,0.564505,0.55300593,0.5007097,0.49487334,0.4620945,0.459755,0.43939355,0.47159505,0.5773166,0.55601496,0.44412613,0.4558377,0.41396767,0.54025304,0.5460496,0.53796005,0.41394287,0.5980191,0.55868965,0.58833563,0.5760647,0.5300948,0.45374927,0.43407226,0.52904576,0.49613106,0.48691124,0.52279645,0.5504075,0.48177564,0.5687553,0.48570302,0.4610135,0.5433191,0.5180188,0.4975308,0.5311202,0.48677176,0.47450346,0.5431584,0.5211627,0.53297764,0.49288473,0.6317108,0.52467567,0.5267713,0.5516982,0.56111974,0.555199,0.4898788,0.47384357,0.5883755,0.5388443,0.52097553,0.5663723,0.47793293,0.44892898,0.56704104,0.5617736,0.55947006,0.57605803,0.6025846,0.6345244,0.5855849,0.61469376,0.50534344,0.5985028,0.46981302,0.46315756,0.5238411,0.3940245,0.38680387,0.3988423,0.4231662,0.43749315,0.41926163,0.4145285,0.4654215,0.52244484,0.5126524,0.47329843,0.5117612,0.520264,0.53280973,0.58379346,0.5529955,0.51551646,0.49192718,0.5291892,0.5724854,0.5769975,0.5109799,0.48798236,0.5076462,0.46918032,0.5125304,0.5127844,0.5533094,0.5153105,0.46567085,0.5714043,0.5952938,0.49504927,0.4461455,0.42861572,0.47242868,0.4648106,0.52020526,0.43105766,0.40889698,0.43664962,0.4224048,0.43310657,0.42696992,0.42074043,0.4340083,0.4934232,0.43543807,0.4277901,0.52401274,0.53120786,0.506092,0.45148608,0.4967328,0.4238056,0.5279548,0.43607122,0.5468777,0.46984774,0.46296453,0.5025815,0.45638937,0.5080484,0.5121531,0.5124723,0.4624242,0.44618955,0.51419985,0.39613932,0.4036252,0.5685499,0.52855206,0.5053557,0.4801702,0.546104,0.50444496,0.5623188,0.5259083,0.53114533,0.5878663,0.56090045,0.5213033,0.5044913,0.5035353,0.6186633,0.6131212,0.560764,0.5325647,0.52419126,0.47175592,0.47047737,0.49381918,0.48141444,0.5094454,0.51226056,0.5167935,0.5224716,0.48797652,0.4932936,0.50774324,0.50859034,0.448142,0.5039928,0.48170936,0.45285216,0.5004813,0.51089174,0.52213484,0.50592554,0.56417954,0.5476872,0.547466,0.5071693,0.483206,0.4692716,0.43310428,0.3993928,0.4998559,0.5799288,0.55712426,0.42124188,0.40097666,0.3817844,0.5437922,0.54618454,0.5680526,0.44658923,0.6213872,0.6085683,0.6079758,0.57565576,0.5495988,0.39950737,0.396783,0.5468789,0.5145737,0.45962024,0.5257411,0.5498303,0.48791993,0.5039179,0.44661772,0.40811467,0.5181269,0.5083307,0.51306,0.51685053,0.45035318,0.4602543,0.55968934,0.4946167,0.52809393,0.54031646,0.52344805,0.5247958,0.5251814,0.5180021,0.50534874,0.50207055,0.51389295,0.52284324,0.50693804,0.50307775,0.5010796,0.52839476,0.5165545,0.5458331,0.5406273,0.49347198,0.4964812,0.50846785
818,0.489194,0.54975635,0.49207124,0.5017582,0.51514494,0.5177301,0.5402303,0.4482339,0.4304658,0.55379313,0.55530626,0.4861437,0.53334767,0.5409161,0.5279042,0.525079,0.5313007,0.52031654,0.52706486,0.56582296,0.57103944,0.53601825,0.5500121,0.46876657,0.5069459,0.4650735,0.4820393,0.48858774,0.491152,0.44581494,0.43455055,0.48666456,0.47840315,0.47447693,0.5036484,0.41440794,0.5062935,0.5211182,0.42721507,0.4669515,0.47406855,0.49449638,0.55127925,0.5344239,0.5463808,0.494684,0.5199745,0.56559056,0.5685017,0.5357887,0.44932815,0.47994184,0.4359088,0.48831812,0.4764114,0.53248566,0.4818379,0.4685758,0.5547409,0.56662446,0.5057855,0.4815807,0.46314564,0.49816623,0.5037183,0.53175545,0.45805973,0.45468032,0.46830192,0.45092517,0.46768647,0.48372763,0.47877997,0.4643629,0.47479072,0.47397658,0.45310968,0.53416264,0.47155327,0.49012282,0.4840307,0.50317764,0.47857195,0.5865432,0.524466,0.565797,0.47382858,0.47510722,0.4761812,0.46232846,0.55514616,0.5170853,0.51873565,0.49356028,0.5041604,0.5098477,0.47002134,0.47867888,0.542089,0.496023,0.47665232,0.44236094,0.5037472,0.4494587,0.5122361,0.5237703,0.5027436,0.5868134,0.579912,0.50626427,0.5460943,0.5579299,0.6015259,0.5735851,0.53903985,0.53967476,0.54089355,0.5168732,0.4810198,0.49267814,0.44857627,0.48892835,0.49340358,0.47332147,0.48446262,0.47814202,0.4749204,0.47448865,0.4814099,0.46926513,0.49013272,0.456798,0.49323347,0.527977,0.5177718,0.52951264,0.5024255,0.5087147,0.5294848,0.5465218,0.485903,0.49325788,0.48207963,0.5042945,0.47088283,0.49442002,0.5503818,0.57730734,0.4752045,0.44157746,0.4381725,0.501275,0.525088,0.52981347,0.43295434,0.56789356,0.55678356,0.57391155,0.5543584,0.53030753,0.48042727,0.48196796,0.515316,0.50077826,0.49809888,0.5365061,0.5419156,0.44818845,0.5582716,0.5069044,0.4533948,0.5130087,0.4884545,0.46065566,0.4747315,0.44751674,0.48414427,0.5335957,0.5332789,0.55152136,0.49312678,0.6047799,0.48578656,0.51478887,0.5393104,0.55255556,0.55067956,0.44523573,0.42864436,0.58048993,0.5396475,0.49827754,0.5452804,0.52751255,0.51825875,0.53408176,0.5563892,0.5396069,0.5614983,0.5943996,0.6068662,0.5806553,0.57988954,0.4873966,0.5940129,0.4523451,0.4812644,0.5166866,0.4548222,0.40261754,0.4147567,0.4691121,0.4222707,0.46342438,0.46226874,0.40409923,0.4974366,0.53584355,0.41687155,0.46309754,0.4885643,0.5090597,0.56304777,0.56708217,0.53244287,0.5309279,0.5123061,0.56035966,0.5696069,0.53475296,0.44579417,0.4761684,0.43082812,0.4838353,0.47498816,0.5246494,0.50563604,0.48273367,0.57320386,0.59389246,0.52660626,0.4903341,0.45813462,0.5193913,0.46053296,0.48346195,0.46527693,0.42382693,0.43048066,0.41990322,0.43546534,0.44702965,0.44183543,0.4528107,0.46408236,0.42927262,0.4361073,0.54038197,0.49219683,0.52615845,0.449725,0.52176136,0.46686333,0.5716855,0.48730993,0.57968,0.47850564,0.44042265,0.56489164,0.47430378,0.5464309,0.50905406,0.5098391,0.4670433,0.49547514,0.5308236,0.4475564,0.4355359,0.5380658,0.48728922,0.462167,0.43778953,0.51930904,0.45825696,0.5196318,0.5201285,0.5039047,0.5912543,0.57068723,0.51146215,0.5384106,0.5312036,0.59663844,0.5865523,0.546954,0.522884,0.53744584,0.48156863,0.47195333,0.48277414,0.4545096,0.501741,0.4923893,0.47583264,0.47382793,0.49006185,0.49247938,0.4659867,0.4789464,0.44606233,0.49088523,0.48364133,0.46934307,0.5029112,0.5097598,0.5264821,0.52077764,0.5567101,0.51889783,0.5441061,0.503793,0.49198326,0.5025841,0.49423924,0.45769137,0.5197133,0.54576725,0.57446074,0.46793047,0.41513065,0.42107105,0.52057695,0.5303032,0.5567472,0.4529261,0.5884069,0.5926042,0.58994377,0.5577646,0.5407793,0.45129985,0.43885848,0.5359205,0.5086878,0.46053398,0.5309296,0.53510815,0.4561649,0.5132038,0.4990518,0.43530464,0.5171968,0.4799112,0.47927094,0.47201282,0.4401782,0.4824455,0.54975426,0.53775996,0.5612076,0.5423709,0.5272712,0.5105979,0.50608164,0.51930034,0.51359874,0.5140449,0.5164013,0.5237218,0.5058913,0.4905376,0.49042627,0.5301375,0.5151748,0.532755,0.53047854,0.492844,0.4963905,0.5077007
819,0.50233215,0.5203889,0.47183356,0.49623874,0.5082386,0.51512474,0.537762,0.41516784,0.4057681,0.5484449,0.55529976,0.4657298,0.5078003,0.58191854,0.58298755,0.4987627,0.53372014,0.5047096,0.52358234,0.55103093,0.5480111,0.53017515,0.51394874,0.46824586,0.48268968,0.44775817,0.51366603,0.47791833,0.5635531,0.47432497,0.45542833,0.5199206,0.4978912,0.50267035,0.5347056,0.39120862,0.5029183,0.54145193,0.403282,0.440781,0.4645378,0.4844427,0.53876466,0.5540335,0.57593465,0.5572879,0.50991076,0.5662811,0.57579863,0.5835147,0.41792712,0.45316157,0.41058236,0.46755826,0.45260382,0.5191636,0.46346053,0.4698875,0.56579447,0.56679285,0.51828635,0.5021425,0.4859423,0.5148187,0.4981135,0.4934393,0.46653062,0.46982327,0.46534026,0.4340099,0.46893817,0.46973413,0.49902475,0.4783638,0.44893885,0.46824515,0.44560692,0.55169904,0.4358409,0.493148,0.4650425,0.49395823,0.49993896,0.6077634,0.5534607,0.5791757,0.46268645,0.45517096,0.51096076,0.47321534,0.5717901,0.511476,0.52138317,0.50628906,0.5316445,0.53214866,0.5093345,0.5066347,0.5126745,0.46533418,0.4428444,0.41681343,0.48993772,0.41827038,0.4785103,0.52034724,0.46802017,0.5821733,0.57036114,0.50259244,0.55905694,0.5720278,0.5813196,0.5589863,0.54191387,0.5511654,0.5688105,0.51833934,0.5007628,0.4866157,0.4381912,0.48595354,0.4593644,0.4420161,0.44694668,0.48163357,0.490656,0.44776794,0.44789967,0.4777078,0.4763205,0.43441066,0.49544668,0.5317923,0.5155344,0.5249867,0.51099414,0.5324122,0.50047237,0.5473176,0.48616743,0.50142556,0.5185787,0.55080605,0.5072549,0.5299984,0.5300075,0.6010533,0.51308805,0.4479483,0.47349453,0.47278756,0.5102489,0.52707016,0.46710625,0.53693527,0.55789644,0.5594757,0.53620553,0.5368214,0.51596564,0.5346023,0.5076848,0.50707895,0.512227,0.5453727,0.53868705,0.4289896,0.55036163,0.53441656,0.45563903,0.49323347,0.47297403,0.44167343,0.4311424,0.42792025,0.49873233,0.52883023,0.54481083,0.5657316,0.50572664,0.57591814,0.45605052,0.50961274,0.53185207,0.5482721,0.55016464,0.4142415,0.39990905,0.5777873,0.54842013,0.4923091,0.5287095,0.57170004,0.5822773,0.5061163,0.553278,0.52427036,0.5514181,0.5829726,0.57626945,0.5765969,0.54553986,0.48548636,0.594361,0.4581039,0.51508427,0.522597,0.53043145,0.4371811,0.44771752,0.5136174,0.4215871,0.5085702,0.51262796,0.36312938,0.48673478,0.5637463,0.38159272,0.4257892,0.4699574,0.4978861,0.54621834,0.586763,0.5651534,0.58461446,0.5044051,0.5532474,0.5674688,0.56588626,0.41606584,0.45385444,0.40807506,0.46218204,0.45064545,0.5026772,0.50728774,0.50276184,0.5765823,0.5945556,0.5503,0.53229964,0.4983449,0.5603525,0.46311605,0.45681158,0.50800174,0.45323342,0.44307253,0.43592447,0.4553979,0.473165,0.4834227,0.48785698,0.46019068,0.4437749,0.45642632,0.5623576,0.4727665,0.55581325,0.46968374,0.5500057,0.5165324,0.6129277,0.5350549,0.61016566,0.49869022,0.4361353,0.6135638,0.5009573,0.5801554,0.50720936,0.5102806,0.48014393,0.55651504,0.55862486,0.50940365,0.47799164,0.5133602,0.45594445,0.43276858,0.41662717,0.5047779,0.42954823,0.48563758,0.5188493,0.48543566,0.59459215,0.5767733,0.5059446,0.5674345,0.5533406,0.5756561,0.5631234,0.5362323,0.5196116,0.55651915,0.49595308,0.48117387,0.4756184,0.44210243,0.50009453,0.4878858,0.44930336,0.43946132,0.50015366,0.5034855,0.44371155,0.46694183,0.46344414,0.48709404,0.49276942,0.49581566,0.5095908,0.51259625,0.5405442,0.5464035,0.5527278,0.501834,0.5496262,0.51677763,0.51243657,0.5519795,0.5570292,0.52259326,0.5503229,0.51610786,0.59569025,0.5215228,0.44929197,0.47263402,0.5036817,0.51851314,0.5486269,0.47467703,0.55437946,0.5779606,0.5716639,0.54431766,0.53824174,0.5142094,0.49693662,0.52945626,0.5016384,0.46991864,0.53267634,0.52657855,0.43977082,0.5317905,0.5516008,0.47099683,0.51881945,0.4669045,0.4618661,0.44191587,0.44569692,0.5089185,0.5404465,0.576004,0.58337206,0.5422266,0.53045404,0.49865216,0.49119714,0.5259977,0.52650225,0.532088,0.52513844,0.52706313,0.51031834,0.48223537,0.48372677,0.53343695,0.5170664,0.5260537,0.5263608,0.49964038,0.50237566,0.51198846
820,0.5260783,0.5022759,0.46404848,0.5015724,0.5110526,0.5207307,0.5410644,0.40023342,0.40104997,0.5501551,0.5594474,0.46607015,0.49493584,0.60717565,0.6224609,0.48662156,0.5432314,0.49674216,0.53075546,0.5450748,0.53132933,0.52887326,0.48769626,0.48499626,0.47724771,0.45199257,0.5530829,0.48018846,0.6259341,0.51010317,0.4833377,0.5485227,0.51587886,0.5260552,0.5627058,0.38807252,0.51303786,0.56490296,0.39985982,0.43055198,0.46968764,0.48918688,0.5335844,0.57832,0.6082446,0.6186288,0.5095529,0.57179964,0.5854663,0.62300426,0.40377322,0.44013357,0.40432814,0.4587688,0.44542712,0.5123805,0.46186906,0.47750482,0.576247,0.57211334,0.529227,0.523258,0.5163228,0.5292183,0.4945642,0.4638229,0.48983932,0.49180287,0.47972268,0.4389384,0.48263347,0.45925206,0.52968764,0.50240076,0.4473835,0.4804985,0.45346043,0.56750697,0.42793134,0.5012141,0.46834767,0.49079934,0.5246897,0.62283486,0.57656693,0.59158975,0.4739469,0.45241487,0.5458375,0.49895766,0.5809049,0.50476605,0.5254893,0.52408636,0.56216174,0.559833,0.5483912,0.53384817,0.4951681,0.44699377,0.42628655,0.4125174,0.48680216,0.40861565,0.46107015,0.52075446,0.44645464,0.57940733,0.5612685,0.5026169,0.56680334,0.57557184,0.5643646,0.54971623,0.54391205,0.56299245,0.5923435,0.52082044,0.5214766,0.48415992,0.44529152,0.48967233,0.44393876,0.4269843,0.42413616,0.49417216,0.5140168,0.43787664,0.4350142,0.49933642,0.476224,0.43542567,0.5022282,0.5366024,0.5150004,0.51970935,0.5257286,0.55756503,0.48070186,0.5542362,0.5012274,0.51799697,0.564476,0.5883293,0.53913593,0.5687283,0.5163891,0.6215478,0.55238503,0.47565398,0.51404035,0.46209595,0.50542575,0.5306511,0.5094283,0.51298165,0.5632929,0.5510961,0.52879435,0.5496984,0.557215,0.58245254,0.50710636,0.51364046,0.52635276,0.54793006,0.54004157,0.42552364,0.5452484,0.56261384,0.46626225,0.4861959,0.4722869,0.44173762,0.4046892,0.43004468,0.5167061,0.5276391,0.55436575,0.57370365,0.529599,0.55192,0.4422384,0.5135608,0.5315865,0.55050814,0.55536836,0.40104043,0.39112005,0.5805601,0.5631275,0.50319713,0.5226172,0.6032894,0.6288441,0.49100304,0.5542484,0.51656765,0.5515407,0.57438695,0.54981905,0.57550234,0.51868826,0.49775434,0.5996574,0.48727605,0.5583159,0.5405879,0.60274184,0.4860288,0.49071866,0.55035627,0.43478745,0.54395133,0.55631715,0.34602582,0.49123675,0.59118235,0.3700857,0.4051849,0.46678197,0.4990205,0.53615355,0.60860115,0.6052205,0.63933367,0.5048665,0.5551371,0.5724931,0.5957797,0.40274623,0.44352058,0.4033267,0.4508289,0.44286898,0.48905194,0.51937544,0.5206342,0.5801948,0.5973705,0.5630813,0.56669617,0.5422462,0.59047794,0.47015157,0.4428339,0.5530198,0.4932079,0.47381178,0.46842116,0.49373844,0.5015553,0.538607,0.5331035,0.48192886,0.47560573,0.4857991,0.5837587,0.4739227,0.58766264,0.5047338,0.5752325,0.56286335,0.6459006,0.5731046,0.63567764,0.5264433,0.4491476,0.64339507,0.53354394,0.60610986,0.5065835,0.51297367,0.500738,0.6151286,0.5906512,0.567208,0.52592343,0.49812937,0.4381965,0.4200519,0.4173013,0.50261986,0.42035073,0.46366307,0.52029276,0.47630763,0.5981747,0.5783028,0.5044477,0.5883672,0.5670086,0.5588191,0.54674405,0.52823174,0.51930034,0.57437444,0.51191163,0.4961732,0.4728956,0.44672784,0.50326616,0.4967764,0.43974894,0.4221895,0.516891,0.52547187,0.44202513,0.47297922,0.49805695,0.49243242,0.5077718,0.5259291,0.51940334,0.51857823,0.560054,0.57583594,0.55371535,0.49799907,0.56299305,0.5439523,0.5406802,0.60688406,0.60576046,0.57818955,0.5848209,0.4942177,0.61602896,0.57368314,0.49895707,0.52733374,0.49788746,0.5146693,0.5469808,0.5070931,0.5281121,0.56790596,0.5605875,0.5408784,0.54427576,0.5758989,0.5576169,0.5294528,0.49391162,0.4845862,0.53078705,0.5243728,0.43885988,0.5557635,0.59558904,0.5099619,0.5219353,0.46912846,0.46120644,0.4288751,0.4653989,0.534912,0.53224367,0.60509646,0.59175324,0.5383065,0.5312277,0.49130884,0.48264664,0.536462,0.5414199,0.5532207,0.5386717,0.53207576,0.5188002,0.47894168,0.4814121,0.53745127,0.5211686,0.52558655,0.5282664,0.5123143,0.5131883,0.5206046
821,0.55542135,0.49828583,0.47056806,0.5165472,0.522362,0.5330803,0.55094534,0.4040408,0.41540945,0.55649656,0.5658242,0.4838866,0.49749333,0.6136872,0.641043,0.4906767,0.55731606,0.49717447,0.5474206,0.55121255,0.5241035,0.53266644,0.47641096,0.51438874,0.48827738,0.47452322,0.5912417,0.49316695,0.6668947,0.545931,0.5123497,0.56984305,0.53001964,0.54125094,0.58320296,0.40311873,0.5326241,0.5864277,0.41444078,0.4364039,0.48740077,0.5034991,0.5343266,0.60168785,0.63425976,0.6631227,0.51491594,0.58031,0.5939088,0.6449596,0.40642852,0.43984973,0.41714096,0.4606753,0.4539232,0.5099043,0.47602144,0.4896817,0.5842791,0.5807196,0.5371015,0.54250896,0.54840314,0.53942114,0.49447662,0.4496483,0.52447885,0.51773757,0.5088137,0.46494502,0.5077684,0.45523795,0.5634566,0.5310378,0.46837345,0.50869447,0.47539687,0.5767716,0.44716263,0.5099168,0.4907992,0.4938325,0.5475462,0.62961817,0.5911159,0.60101736,0.5047864,0.46623406,0.5760718,0.53496456,0.58314747,0.49909946,0.52997196,0.54469883,0.5865066,0.585344,0.5786567,0.5575798,0.49173975,0.44251603,0.4264462,0.42762536,0.4929455,0.41992646,0.45960242,0.52349454,0.4398893,0.577931,0.5541659,0.50549626,0.568961,0.56970465,0.5526588,0.54678154,0.54233503,0.56915617,0.6039845,0.52411985,0.53939825,0.48602948,0.46826124,0.49840355,0.44763058,0.4293543,0.41807193,0.5127222,0.53974986,0.44467372,0.44234538,0.5301662,0.48870975,0.459108,0.51241213,0.54146135,0.51570225,0.5141839,0.54162174,0.57865566,0.47227314,0.56369436,0.5263692,0.5384557,0.60812354,0.6093043,0.55927616,0.60010445,0.5081237,0.633878,0.5867815,0.5191285,0.55188525,0.46997637,0.5119447,0.5404356,0.5504211,0.5008645,0.5709598,0.5525308,0.53441155,0.56650805,0.5966838,0.6166064,0.5137834,0.5193384,0.53839415,0.54354316,0.54484713,0.4367008,0.54259557,0.58567894,0.48304385,0.49178183,0.48552334,0.45917362,0.39720976,0.45170128,0.5355093,0.5289012,0.5606664,0.5748669,0.55978304,0.53695285,0.4466981,0.5257865,0.53842443,0.55939627,0.5674286,0.40595356,0.40237662,0.58657205,0.5796578,0.52652323,0.5286979,0.61763686,0.6513773,0.4914162,0.558437,0.5178425,0.5631192,0.5723281,0.53349304,0.5786105,0.50416917,0.5207139,0.60711944,0.5326966,0.6000427,0.5653674,0.6546857,0.5397526,0.5336065,0.5756937,0.45942798,0.5633906,0.58649784,0.35180274,0.5078599,0.61233157,0.38047272,0.40277582,0.47774434,0.5092023,0.5327996,0.62699354,0.6403316,0.6793385,0.5099879,0.5651396,0.5821971,0.61558324,0.4061318,0.44471484,0.41595164,0.44993857,0.45098194,0.48347965,0.53795016,0.53326076,0.582795,0.600875,0.5646527,0.5902724,0.5814879,0.60702187,0.48013952,0.44369727,0.59344876,0.53675854,0.51729935,0.51207924,0.5450789,0.5286406,0.5956234,0.5794072,0.52341646,0.51836985,0.52018785,0.59841055,0.4913193,0.6139876,0.54529446,0.5926822,0.5973177,0.6661814,0.5973165,0.65281105,0.5569758,0.47573584,0.6530894,0.5657991,0.62188166,0.5081521,0.5173709,0.5263458,0.6577731,0.6178383,0.60870975,0.5722324,0.49415132,0.43548468,0.42410386,0.43735066,0.5113927,0.42977086,0.4545717,0.52323824,0.47649324,0.60039204,0.57585603,0.5060159,0.59953284,0.5718517,0.54821604,0.53939867,0.5226732,0.5181377,0.5840213,0.5260509,0.5137459,0.47522146,0.46678188,0.50971955,0.515529,0.4467738,0.42183775,0.53657264,0.5541965,0.45895696,0.4937404,0.54292274,0.50538975,0.5263735,0.5533034,0.5309547,0.5262909,0.57912457,0.60088474,0.55933803,0.506061,0.57978076,0.5777733,0.5698021,0.6530381,0.63105404,0.61285913,0.6140362,0.48137146,0.630298,0.616213,0.55471295,0.57492816,0.50434834,0.5203786,0.553715,0.54207325,0.515004,0.5629882,0.5606072,0.54878867,0.55844676,0.62405664,0.6062498,0.53681195,0.48737976,0.5009856,0.5249446,0.5278777,0.45166925,0.57937026,0.6246189,0.5469185,0.5253505,0.48499817,0.4758955,0.432298,0.4954176,0.5566387,0.5255821,0.6223888,0.5868768,0.5300236,0.52872485,0.48974225,0.48096445,0.5479073,0.55489475,0.5729479,0.553821,0.53764987,0.52896404,0.48086575,0.48361105,0.54101086,0.52605003,0.5300394,0.53473353,0.52735907,0.52594924,0.53174245
822,0.58384824,0.50652784,0.488443,0.5368005,0.5386174,0.5493375,0.56588143,0.42265406,0.44351017,0.5635817,0.57172066,0.51174176,0.5128576,0.6040446,0.6391524,0.50711244,0.571303,0.50470304,0.5691883,0.5681758,0.5269364,0.54108644,0.48071447,0.54804355,0.5094065,0.5072483,0.61973584,0.51203924,0.683293,0.5751417,0.53696656,0.5843501,0.53981024,0.5489849,0.5948349,0.43090037,0.55581367,0.6022688,0.44159964,0.45491713,0.51304674,0.5215544,0.53806055,0.6189964,0.6480204,0.68273854,0.5216922,0.588237,0.5971804,0.64635783,0.42167285,0.4489252,0.44403556,0.47019586,0.4733905,0.5094474,0.50144875,0.50422126,0.5895139,0.5898637,0.5419715,0.55872786,0.57588685,0.5456357,0.49888965,0.45316005,0.56340605,0.54412925,0.54588306,0.50508934,0.53991073,0.4598457,0.5930963,0.55773264,0.50415814,0.54576766,0.50609154,0.577082,0.48508996,0.5160119,0.5234671,0.5013218,0.5645784,0.6280596,0.5960039,0.60598063,0.54663914,0.49195644,0.59847105,0.572649,0.5806195,0.49680758,0.5339987,0.5648208,0.5977602,0.6025555,0.59608316,0.576281,0.50055456,0.45014906,0.43963838,0.4558831,0.50518227,0.44613335,0.47041777,0.52705485,0.44676748,0.57626295,0.54974765,0.5096586,0.5659951,0.55812144,0.54694635,0.5498846,0.5367961,0.5670632,0.60107994,0.52813077,0.552304,0.4925527,0.50092006,0.50978315,0.46689332,0.4458201,0.42693233,0.5327814,0.56172097,0.46453536,0.46475375,0.5639011,0.5097259,0.4993143,0.52466637,0.546021,0.5172584,0.50947195,0.5540977,0.59167165,0.47483328,0.5716534,0.5538756,0.55690044,0.6386571,0.6119005,0.56518745,0.6171325,0.5037139,0.63558096,0.6118314,0.56765836,0.5808961,0.49098578,0.527362,0.55416894,0.58156574,0.5016499,0.57770616,0.56358796,0.54985714,0.5829578,0.62752676,0.6337589,0.5258668,0.5239511,0.54774946,0.53392565,0.5511543,0.45780668,0.5412301,0.6003487,0.5022278,0.5068161,0.50809044,0.4874692,0.40660384,0.4862933,0.55337536,0.53171235,0.563699,0.57134557,0.58937436,0.53173095,0.46591863,0.54267156,0.55027896,0.573067,0.58483374,0.42495504,0.42905834,0.592282,0.59299517,0.5543891,0.5440654,0.61558115,0.6509341,0.50460064,0.563902,0.5266795,0.58243704,0.5774781,0.53038824,0.5861874,0.5029818,0.54800636,0.6129469,0.5811256,0.63062906,0.5895188,0.67967385,0.58863103,0.56757855,0.5913815,0.49179095,0.5685177,0.6029607,0.37571788,0.5307628,0.62377626,0.40761697,0.41587105,0.49834704,0.52428156,0.5336825,0.6374983,0.66125643,0.6958839,0.5163303,0.5784485,0.59184587,0.62076855,0.4226329,0.45480853,0.4411528,0.45762298,0.47085714,0.48451808,0.5580011,0.54031783,0.5836879,0.60315883,0.5590282,0.60373867,0.6101098,0.6115212,0.49285403,0.4585806,0.62526107,0.5774646,0.5651716,0.5591234,0.59971386,0.55285794,0.64357466,0.61752963,0.5725283,0.5631507,0.55519956,0.6025188,0.5161628,0.6291912,0.58136624,0.5999943,0.6166091,0.6727748,0.60778564,0.66043305,0.585772,0.50999945,0.64716727,0.5924239,0.62794435,0.5123361,0.5231972,0.5534074,0.6776825,0.6338925,0.6296212,0.611039,0.50014913,0.44552508,0.44160926,0.47018793,0.5268803,0.45278344,0.45672303,0.526809,0.48431572,0.59902436,0.5707986,0.5093446,0.6016984,0.57050884,0.54411906,0.5401251,0.5191071,0.5147138,0.5824582,0.5363568,0.53063256,0.48276624,0.49630967,0.5175927,0.5395591,0.46551117,0.43495739,0.5547287,0.5825472,0.48879007,0.5224613,0.58876073,0.5232075,0.546414,0.57424885,0.54272014,0.5340496,0.5924486,0.6157102,0.56764805,0.5215771,0.5944499,0.60846055,0.5925145,0.6803575,0.6325798,0.6242792,0.6310098,0.47685197,0.63539165,0.64523107,0.60642177,0.6096335,0.5197425,0.533498,0.5673965,0.57081246,0.5161412,0.5621241,0.57065237,0.564855,0.5768709,0.6534935,0.6349568,0.54983926,0.484435,0.5170591,0.5159063,0.5351814,0.47361532,0.5967746,0.6381279,0.5778724,0.5282495,0.5094756,0.5003714,0.44816685,0.53045917,0.57290643,0.52049375,0.6284513,0.57352805,0.5191075,0.5239402,0.49324548,0.4848158,0.55778277,0.5644924,0.58791554,0.5674499,0.5427344,0.53856206,0.48763707,0.4900423,0.5434587,0.53039646,0.5372636,0.5432818,0.5409666,0.53763497,0.5432311
823,0.60556424,0.5225313,0.5112369,0.55654997,0.55513334,0.56564003,0.5811863,0.44919124,0.47695714,0.5679873,0.57455736,0.5404912,0.5345502,0.58622646,0.6229932,0.52917475,0.5807634,0.51585066,0.5895565,0.59027374,0.5376823,0.551831,0.49675545,0.5768104,0.53272796,0.54032826,0.634759,0.53123426,0.67837894,0.5948695,0.5539941,0.59537214,0.54699004,0.5534924,0.6002177,0.46442768,0.57677084,0.6108235,0.47493747,0.4804122,0.54083496,0.53962785,0.54211843,0.62718004,0.64803416,0.67705214,0.52770835,0.5924529,0.5929309,0.62973654,0.44371024,0.46378052,0.4763045,0.48434967,0.49752867,0.5097083,0.531257,0.51850057,0.5927413,0.59722584,0.54526794,0.5723437,0.5947184,0.54991746,0.50766194,0.4707923,0.5981646,0.5676776,0.58261317,0.54800785,0.5725409,0.47291005,0.6140605,0.5763567,0.54257727,0.5818217,0.53766674,0.5687444,0.52797765,0.5172925,0.55467135,0.50968677,0.5736385,0.6198963,0.592515,0.6071697,0.5878714,0.52210647,0.6122718,0.6041782,0.5764093,0.49870422,0.53705734,0.58126014,0.593993,0.60848206,0.60113066,0.5891137,0.5164855,0.4652363,0.46047613,0.48817727,0.51969147,0.47774684,0.4884479,0.53012943,0.46271315,0.57332844,0.54777044,0.5140198,0.5596159,0.5465072,0.54605573,0.55694467,0.5284229,0.5576866,0.58573127,0.5324927,0.5596478,0.5031884,0.5341047,0.5208465,0.4943159,0.46977326,0.4458471,0.5494146,0.57435644,0.49085143,0.4939467,0.5938744,0.53336006,0.5453125,0.5370939,0.55008477,0.5191758,0.5060943,0.5601083,0.59457374,0.48565847,0.575417,0.57604975,0.5684852,0.6499854,0.5996194,0.55949146,0.6176928,0.50228924,0.62687933,0.62607694,0.60960835,0.5986153,0.51659286,0.5458016,0.5671776,0.5977162,0.5128411,0.58114266,0.5795502,0.56843364,0.59406745,0.6472351,0.6361934,0.53903866,0.52781683,0.55466175,0.5232778,0.55695415,0.4817148,0.54011685,0.60658824,0.51956224,0.5258087,0.5327589,0.51745224,0.42778024,0.52403426,0.5694194,0.5356911,0.56490517,0.5674191,0.61208606,0.534156,0.49196076,0.5592781,0.56371033,0.58776486,0.60228455,0.45129275,0.4627617,0.5947185,0.59892184,0.5787776,0.5626388,0.603381,0.6346289,0.5242213,0.56864655,0.53901625,0.6022238,0.5871134,0.5391873,0.59656775,0.5121387,0.5721316,0.6145107,0.6198869,0.64583576,0.60702103,0.67987645,0.62660503,0.5883043,0.60276496,0.5270154,0.5665562,0.61078084,0.41080183,0.5536366,0.6252815,0.44484282,0.43905362,0.52246517,0.5406944,0.5358681,0.63841736,0.6646644,0.6880243,0.5223699,0.5892294,0.5971803,0.6117934,0.44633693,0.4705216,0.47115678,0.47112498,0.49641246,0.4900694,0.5755055,0.54341274,0.58274674,0.6027176,0.55280966,0.61057377,0.62647796,0.6088455,0.5081151,0.4825905,0.6474482,0.61102206,0.60872316,0.601214,0.64744276,0.574099,0.6763014,0.6417128,0.6155907,0.6009331,0.5863142,0.5957003,0.5393348,0.63077533,0.6057353,0.5974289,0.6224714,0.667381,0.6086396,0.66018397,0.60897124,0.5447206,0.63398224,0.6115649,0.62743664,0.5184562,0.52993727,0.5779458,0.675189,0.63658166,0.6325682,0.6390335,0.5123665,0.4628977,0.46682152,0.5064865,0.5436509,0.48170647,0.46702668,0.5301306,0.49677122,0.59317356,0.56484866,0.5134736,0.59775114,0.5672859,0.5448797,0.5456518,0.51642966,0.5098934,0.57094216,0.5427528,0.54458445,0.49481392,0.52672035,0.52479506,0.5638497,0.48878938,0.45628607,0.5673639,0.60270417,0.5229476,0.5513887,0.62739474,0.54197943,0.56559145,0.58795,0.55302584,0.5402337,0.5969252,0.61833906,0.57529306,0.5387632,0.6028553,0.62821907,0.6039422,0.68537635,0.6164861,0.6176308,0.6328465,0.4783936,0.63079375,0.6611935,0.6467899,0.6308425,0.5379546,0.54856616,0.58269525,0.58666885,0.52870685,0.5633875,0.58514506,0.58276844,0.5930488,0.6664979,0.6437492,0.5638076,0.4865292,0.53209406,0.50634146,0.5436321,0.4981284,0.6046829,0.6400174,0.60077333,0.53030276,0.53514576,0.5265018,0.47074997,0.564431,0.5842556,0.517101,0.6266506,0.5592357,0.509341,0.5193006,0.49996132,0.49208614,0.56471086,0.56970567,0.59684366,0.5774631,0.54645824,0.54606956,0.4982766,0.49990395,0.54473704,0.5333994,0.5449233,0.55133677,0.5507236,0.54638964,0.5530411
824,0.6170528,0.54077774,0.53147227,0.5707073,0.56753147,0.5779239,0.5910451,0.47623128,0.5071735,0.5673357,0.5725737,0.561896,0.5544434,0.568936,0.6009525,0.54929644,0.5822768,0.5264861,0.6017895,0.60875666,0.5510952,0.56121385,0.5178257,0.59444946,0.5512307,0.56513,0.6362453,0.5461735,0.6580905,0.6055209,0.562407,0.6055874,0.5528756,0.55877316,0.60250133,0.49709398,0.5912047,0.61224085,0.5083603,0.5067186,0.5654553,0.5558649,0.5448751,0.62584037,0.63625205,0.6506501,0.5324222,0.59033746,0.58056164,0.60121447,0.4669102,0.48098946,0.5050533,0.50023687,0.52078056,0.5103096,0.55821544,0.53044295,0.594241,0.60083985,0.5482854,0.5835479,0.60400105,0.55377936,0.51903147,0.49529365,0.62240535,0.5857501,0.61178726,0.5832239,0.59941715,0.49230793,0.6241989,0.5839315,0.57189083,0.6083116,0.56369776,0.5552311,0.5627112,0.51332515,0.57485974,0.5162862,0.575324,0.60804117,0.5840725,0.60559106,0.6186212,0.5492244,0.6184296,0.62534964,0.57292783,0.5046561,0.5389942,0.5917795,0.577971,0.6035802,0.5968325,0.59576696,0.5335737,0.4822382,0.48338538,0.5159854,0.5331796,0.50587267,0.5091071,0.53207445,0.48232967,0.5686806,0.54746497,0.5183887,0.5515857,0.5392858,0.54801476,0.5647148,0.5194289,0.5444422,0.56316715,0.5365988,0.561824,0.51633096,0.5591272,0.5293093,0.5206093,0.49416697,0.46863392,0.5584494,0.57497334,0.5157156,0.5206471,0.61475694,0.5536478,0.5852892,0.54776996,0.5531471,0.5211335,0.5043069,0.55942774,0.58755726,0.5002537,0.57437354,0.58782524,0.5702886,0.6413806,0.57935226,0.54800624,0.6032863,0.50396025,0.61089253,0.6305976,0.6368777,0.60578656,0.5381812,0.5602165,0.5742229,0.59811395,0.5289732,0.5799845,0.59236944,0.5824503,0.5956898,0.6559508,0.6286036,0.5483174,0.5312065,0.5596756,0.515971,0.56112695,0.5016832,0.5383499,0.60597116,0.5332562,0.5424131,0.5527644,0.5411737,0.45416543,0.5550533,0.5825491,0.54050577,0.56516755,0.5660788,0.6240542,0.5403297,0.51573366,0.571107,0.5747254,0.5987066,0.6130858,0.47800407,0.4944406,0.5920399,0.59517026,0.593843,0.5771682,0.5884611,0.61153394,0.5424598,0.569775,0.54977584,0.61431557,0.5952899,0.5539181,0.6055011,0.52570206,0.5871423,0.6109604,0.64210385,0.64556396,0.61464494,0.6611966,0.65136313,0.5953201,0.61402625,0.55910015,0.56510496,0.6150136,0.4493649,0.5714635,0.6187362,0.485072,0.46608794,0.54434174,0.55579036,0.5373774,0.6306975,0.65170574,0.659126,0.5278734,0.59234285,0.5951341,0.59165674,0.4710197,0.48842174,0.49822226,0.48756367,0.5217019,0.4977659,0.5880491,0.5447007,0.57970005,0.5985158,0.5506476,0.61420804,0.632253,0.6036574,0.5246671,0.50874937,0.66062665,0.63493717,0.64111096,0.6326426,0.6810256,0.59259176,0.69191086,0.65107995,0.643079,0.626138,0.61032474,0.5811149,0.55434364,0.6192223,0.61573213,0.58808136,0.6193545,0.65314484,0.60571396,0.6541093,0.6244823,0.57352793,0.62110376,0.6235226,0.6237352,0.52594155,0.53662443,0.59650487,0.65495384,0.62696207,0.6236557,0.65564877,0.5265347,0.48148552,0.49353823,0.5377561,0.5570571,0.50899875,0.4823969,0.5324376,0.51044846,0.58344567,0.55955046,0.5179496,0.5906902,0.56534,0.5481188,0.55229443,0.513961,0.5053739,0.55327344,0.5464421,0.5544576,0.50959766,0.5499209,0.5295978,0.5831965,0.5100596,0.48010775,0.5717496,0.6090376,0.5521537,0.5735892,0.65347356,0.55752003,0.58119535,0.59532905,0.56041294,0.54377466,0.59231406,0.61050415,0.57811445,0.5523543,0.60351783,0.63339794,0.6021641,0.66931367,0.59228194,0.60152113,0.6195941,0.48377338,0.618544,0.66674495,0.6722785,0.6408704,0.5523079,0.5592425,0.5925594,0.58718884,0.5464694,0.5640575,0.59579754,0.5952011,0.600214,0.66764927,0.6366549,0.57277143,0.49332118,0.54559815,0.49958313,0.55082184,0.5190379,0.6030132,0.63544834,0.61606914,0.5314812,0.5551123,0.54687077,0.49447393,0.59119445,0.5914329,0.5157384,0.6205384,0.5498164,0.50414973,0.5170189,0.5082518,0.50107247,0.56827265,0.5712596,0.5997812,0.58271754,0.54820544,0.55059797,0.5110807,0.5117286,0.54508317,0.5348253,0.55117726,0.55711895,0.5559431,0.551707,0.5595694
825,0.61729074,0.55536,0.5430545,0.5761188,0.5726976,0.5827522,0.59096223,0.49780893,0.52817595,0.5606649,0.5653045,0.57032424,0.5653606,0.55825317,0.58086145,0.56067926,0.57422704,0.53327715,0.6009809,0.6145811,0.55995595,0.5654572,0.536084,0.59860706,0.55998415,0.5762735,0.6263001,0.5538839,0.6305146,0.6082313,0.562089,0.6154781,0.5559379,0.56645346,0.60295314,0.5242601,0.5974407,0.60824734,0.5372509,0.52896035,0.58345234,0.5696583,0.5458133,0.61757195,0.61775136,0.6139007,0.5363578,0.57994753,0.5616392,0.57078457,0.48700142,0.49746618,0.5243567,0.5151318,0.5396193,0.51166093,0.5770055,0.5397455,0.5936892,0.5993784,0.55141795,0.5914791,0.605653,0.5568553,0.5294925,0.518091,0.63314337,0.59619063,0.6282866,0.6046889,0.6160181,0.5141502,0.6227669,0.5820312,0.5846382,0.6206321,0.58100146,0.54311734,0.5809678,0.5063319,0.5792889,0.5211892,0.5731015,0.5963501,0.5755624,0.601348,0.6330591,0.56723464,0.61883074,0.6349157,0.5714198,0.51437205,0.54008394,0.5956225,0.5566556,0.5918263,0.5879449,0.5968673,0.54669225,0.49650642,0.5038898,0.5339858,0.5433737,0.52460593,0.52878606,0.53350085,0.5002308,0.56234473,0.5481561,0.52303094,0.54379714,0.5380609,0.5511163,0.5699836,0.51359457,0.5329687,0.54153174,0.5397939,0.5598388,0.5296739,0.5704654,0.5344563,0.53710395,0.5134056,0.48890632,0.55731535,0.5650315,0.53174525,0.5369525,0.6234236,0.565751,0.60961854,0.5554978,0.55453223,0.52311605,0.5047791,0.55514723,0.57382274,0.5133814,0.57004106,0.5876258,0.5618982,0.617163,0.56048906,0.5383314,0.5789176,0.5099228,0.5938562,0.628386,0.64561224,0.60472584,0.5491987,0.565106,0.57191205,0.5859199,0.5428012,0.5741362,0.59375834,0.58530676,0.5859257,0.6543553,0.6164362,0.55029726,0.5339921,0.5633963,0.51451313,0.563783,0.51373065,0.5352227,0.6004197,0.54489505,0.5509974,0.56382626,0.5540673,0.47863948,0.57129145,0.59133005,0.5452679,0.56438994,0.56779027,0.6241114,0.5456042,0.52999085,0.5751698,0.57960916,0.6014711,0.61207527,0.49990955,0.51763195,0.58363605,0.58220464,0.5961919,0.5814549,0.5765262,0.5904496,0.55229115,0.56408066,0.55457956,0.6125154,0.59485507,0.5658136,0.60730255,0.5368102,0.59004134,0.6028318,0.6464276,0.6321468,0.61136246,0.63277155,0.66223407,0.59011453,0.6261592,0.58081055,0.5690601,0.6177783,0.48483032,0.5816056,0.6077832,0.5221267,0.49163947,0.5603144,0.56847525,0.5375566,0.6177748,0.6276393,0.6175216,0.5337102,0.5846573,0.58484584,0.56586766,0.49207297,0.50563884,0.5173779,0.5047033,0.54266566,0.5055345,0.59482837,0.5466154,0.57423323,0.5905063,0.55324996,0.61718917,0.6310142,0.5986792,0.53933585,0.5300166,0.66606736,0.6474369,0.6577061,0.65089244,0.6966779,0.60803473,0.6907868,0.64866465,0.65047735,0.6371874,0.62586194,0.5651481,0.55782175,0.598132,0.61251414,0.577434,0.61313546,0.6346717,0.6048648,0.64375055,0.63223785,0.5913875,0.613102,0.6289346,0.6194199,0.5346398,0.5421245,0.6068445,0.62554204,0.60941136,0.61104935,0.66261125,0.5389011,0.4964952,0.51692116,0.5590413,0.56437236,0.52912635,0.50048095,0.533817,0.5221516,0.57146984,0.5562013,0.5224378,0.58337474,0.5658184,0.55156934,0.5569224,0.51260215,0.503369,0.53557366,0.5489196,0.56014836,0.5246575,0.56079686,0.5311856,0.5924423,0.5247682,0.5005026,0.5667769,0.59974957,0.56817746,0.5838095,0.6642014,0.5660251,0.59016883,0.59826976,0.56406647,0.5443442,0.5810979,0.59708667,0.57287055,0.5582754,0.5973368,0.62414706,0.5883119,0.63764775,0.5718258,0.5861702,0.5944134,0.4920761,0.6034105,0.6655928,0.68163496,0.6430702,0.5578181,0.5607736,0.59112316,0.57407093,0.5611702,0.56144357,0.59465295,0.59602386,0.5937406,0.66065013,0.61971307,0.57220125,0.5027023,0.5563332,0.49780786,0.5551916,0.5328104,0.5941922,0.62942636,0.6263112,0.53184414,0.5650983,0.5566425,0.5143901,0.6050603,0.5951819,0.5164695,0.61319774,0.547408,0.504735,0.5181672,0.51676786,0.51021814,0.56857574,0.5702842,0.5974359,0.58281046,0.547763,0.55181116,0.52380013,0.5236349,0.54481,0.53481346,0.5548427,0.55977845,0.5573329,0.554098,0.56196886
826,0.60735136,0.56138295,0.5434634,0.572156,0.5694521,0.5779273,0.5786188,0.5113018,0.5383849,0.54849464,0.5535179,0.56387585,0.5635342,0.55730903,0.56885433,0.5590649,0.5574956,0.53443015,0.5852138,0.60130626,0.55771345,0.56180185,0.54508,0.5898876,0.5569019,0.5725666,0.6090696,0.5535906,0.6050956,0.6037065,0.55382764,0.6243592,0.5536992,0.57642734,0.6017297,0.5450233,0.59710634,0.6019386,0.5605351,0.5452121,0.59407514,0.5824443,0.5451634,0.6068689,0.60010654,0.5820343,0.54170805,0.5607835,0.5400258,0.5507751,0.50259435,0.51215065,0.5327982,0.52792686,0.5532785,0.5147788,0.5857886,0.54769063,0.5912151,0.5927243,0.55437076,0.5948662,0.6023504,0.55806714,0.5352891,0.53207904,0.6297583,0.59735227,0.629526,0.6103647,0.61992085,0.53357863,0.6104822,0.57442576,0.57843566,0.6176697,0.58829325,0.5390433,0.57970744,0.50032115,0.5678999,0.52582777,0.57095015,0.5884133,0.570901,0.5941549,0.6291227,0.5721745,0.6151835,0.6329126,0.57197666,0.5267642,0.54072845,0.5931291,0.53911686,0.5794575,0.57949895,0.59354275,0.5525653,0.5056372,0.5201794,0.54099107,0.54946095,0.5317065,0.5454497,0.5360654,0.5121893,0.5545927,0.5491498,0.528253,0.53801864,0.5419072,0.5541762,0.5707716,0.5154461,0.5301834,0.5301806,0.5414326,0.55510193,0.5410337,0.566731,0.5369013,0.53876495,0.524311,0.50183535,0.5457202,0.5492433,0.53477055,0.5389766,0.6193062,0.5669944,0.6130591,0.55999047,0.5537628,0.5251709,0.5085059,0.55227536,0.5589165,0.52098066,0.5654823,0.5774982,0.54617494,0.586091,0.5520961,0.53761554,0.55253285,0.5220972,0.58309877,0.6226166,0.6352804,0.5978194,0.5469366,0.5582898,0.5594155,0.5666024,0.5477473,0.5646632,0.57835126,0.57334244,0.56567264,0.64373374,0.60513026,0.5440795,0.53578836,0.56601346,0.51923597,0.56577945,0.5176204,0.5303176,0.5915381,0.5563465,0.5485796,0.5644409,0.55524176,0.49548215,0.568438,0.594633,0.5486709,0.56234276,0.5717179,0.61330473,0.546057,0.5316234,0.5705454,0.57602483,0.59316146,0.5966725,0.51506144,0.53050095,0.5702231,0.5629853,0.5851432,0.5723648,0.571201,0.57862175,0.5497679,0.5497662,0.5509039,0.594073,0.58011764,0.5666984,0.5969951,0.5406201,0.5807749,0.59132975,0.6345422,0.610317,0.5980041,0.6061632,0.659063,0.57551724,0.6377268,0.5867043,0.5800202,0.6191868,0.51450825,0.58478224,0.5972187,0.5534453,0.51318383,0.5699017,0.58024174,0.53680444,0.6043734,0.60185957,0.57704175,0.5427067,0.566,0.568764,0.54257935,0.5084001,0.5215612,0.52776146,0.5221893,0.55837613,0.5123508,0.5966672,0.55123526,0.5667202,0.57989115,0.5590444,0.6204688,0.62602675,0.5948522,0.5482826,0.5415088,0.6644582,0.6470501,0.65625304,0.6549151,0.692986,0.6189144,0.67452365,0.63829166,0.63679016,0.634266,0.6319626,0.55462945,0.54961866,0.57337886,0.5992387,0.57076925,0.60871965,0.6170495,0.6094122,0.6304775,0.63268566,0.5949056,0.6111301,0.628147,0.61565363,0.54377276,0.54547685,0.6079704,0.597962,0.5908795,0.60232145,0.661787,0.54676807,0.5056489,0.534977,0.5696281,0.56533784,0.53968483,0.5201154,0.53536296,0.52959496,0.5590929,0.5551036,0.526659,0.5778604,0.5684563,0.5534923,0.557196,0.51432586,0.5069026,0.52540994,0.55110514,0.5624309,0.5376391,0.55820936,0.52973086,0.58831966,0.5308891,0.51272345,0.5529986,0.5768589,0.56636024,0.579846,0.65890944,0.56500113,0.5898071,0.59858465,0.5637783,0.542165,0.5674131,0.5843648,0.5587427,0.5544759,0.5866952,0.6036026,0.56659937,0.60013753,0.5656119,0.580573,0.5637023,0.5039339,0.5913137,0.6608247,0.6745829,0.6400484,0.5531044,0.5513215,0.5753002,0.551839,0.5656214,0.5545407,0.57674074,0.58215594,0.57228637,0.648333,0.6002926,0.56044143,0.51202565,0.56262785,0.5013248,0.5563848,0.53935385,0.5812318,0.6252371,0.6331761,0.53153837,0.56399256,0.5541601,0.5268408,0.6025573,0.59595686,0.5186886,0.60695785,0.5513082,0.51016515,0.52267474,0.52415174,0.5179354,0.56579673,0.56761473,0.5908752,0.57813513,0.54536235,0.5501047,0.5344158,0.53399134,0.54425055,0.5335773,0.55518025,0.5590834,0.5564771,0.55468017,0.5603804
827,0.59048754,0.5565353,0.5339815,0.56103355,0.5592051,0.56348425,0.55453753,0.51735455,0.53997326,0.5323549,0.53900224,0.5444148,0.54951996,0.56591755,0.567747,0.5436877,0.5351189,0.52984875,0.5560955,0.56720996,0.54105866,0.54960614,0.5417384,0.57103896,0.54289335,0.5560854,0.590206,0.5466596,0.589742,0.59251183,0.5394534,0.6310151,0.5452613,0.5872571,0.59887105,0.56154984,0.59492636,0.59712696,0.5809178,0.5564673,0.5992686,0.5981623,0.5435933,0.59827036,0.59163815,0.56891483,0.55193764,0.5342318,0.5205075,0.55051404,0.51482356,0.5264181,0.5325422,0.53962296,0.5635506,0.52065825,0.5859571,0.5553203,0.58788526,0.58233637,0.5560927,0.5919976,0.5951689,0.5565486,0.5338201,0.533493,0.6131473,0.58844256,0.61545694,0.60054094,0.6106177,0.5457961,0.5898407,0.5634476,0.55503553,0.60034496,0.58488697,0.5458305,0.5599942,0.4985391,0.54385424,0.5303818,0.5708186,0.5863134,0.5705276,0.58394605,0.6079326,0.56291217,0.60814273,0.6203139,0.573468,0.5392399,0.541151,0.58471084,0.53228825,0.5726447,0.5745939,0.5862651,0.5508102,0.5097458,0.53337353,0.539081,0.55208224,0.5280015,0.55931,0.5413446,0.516355,0.54592144,0.54934555,0.5340186,0.53431296,0.54762936,0.557184,0.56748563,0.5280328,0.5416445,0.53558105,0.5409321,0.5488695,0.5487392,0.55015165,0.53785187,0.52591187,0.52620065,0.50555,0.5257376,0.533128,0.5252866,0.52748555,0.60427254,0.55777395,0.59555626,0.56161,0.5510466,0.52714896,0.5159202,0.5549977,0.5481872,0.5215066,0.5642053,0.56214136,0.52836466,0.5587189,0.5583233,0.5489263,0.53233355,0.54217094,0.5838233,0.6148626,0.6083126,0.5866657,0.53295887,0.54111654,0.5380201,0.545998,0.5402866,0.5534083,0.5455567,0.5468711,0.53824455,0.62631226,0.5986519,0.53102815,0.53615856,0.5668932,0.5287554,0.5680607,0.51579237,0.5231888,0.5803738,0.5665256,0.5362127,0.5555292,0.54656816,0.50207394,0.5472813,0.59236836,0.54991513,0.5585752,0.5763036,0.5948949,0.5399707,0.52188045,0.5587947,0.5643717,0.5736504,0.56757855,0.5242072,0.53505886,0.55394423,0.5419237,0.5632195,0.5508793,0.57359284,0.5795826,0.53490496,0.5273449,0.53876805,0.5603713,0.5489726,0.5521889,0.57262826,0.5359885,0.5617563,0.5783966,0.60987014,0.58701456,0.57751095,0.5914615,0.64268273,0.55552024,0.6460814,0.57612616,0.5962765,0.6187852,0.5395953,0.58495307,0.5917782,0.5807997,0.5311003,0.5755716,0.5950404,0.53630286,0.5950998,0.58581746,0.5522368,0.5590479,0.5391594,0.55215967,0.52966785,0.521766,0.5378278,0.53149277,0.5413622,0.57088065,0.5183699,0.595756,0.55896,0.55877346,0.569064,0.5656871,0.6225212,0.61856675,0.59154177,0.54904747,0.54211646,0.6557746,0.63363236,0.63749975,0.64469415,0.6706894,0.6230722,0.6466275,0.6223947,0.60439694,0.6183599,0.62774605,0.5534268,0.5327491,0.5514476,0.5799473,0.57063174,0.6078188,0.6043626,0.61836594,0.61588705,0.6259836,0.58362913,0.61362875,0.62192214,0.6120916,0.5516891,0.5463,0.599981,0.5814872,0.5788617,0.60133207,0.6539334,0.5494045,0.50918746,0.5484617,0.57186073,0.56187725,0.5412988,0.54137725,0.5384303,0.53208977,0.54775345,0.55495304,0.53057766,0.5739179,0.57187766,0.5536504,0.5525229,0.5209438,0.5190455,0.5288956,0.55293727,0.5622299,0.5465876,0.54448974,0.5261204,0.5716898,0.52869195,0.514939,0.5325825,0.54549086,0.54764175,0.56340283,0.63949805,0.5544691,0.57923794,0.5974098,0.56003684,0.53792185,0.5557676,0.577761,0.5376124,0.54174745,0.57497513,0.5773411,0.5430729,0.5684342,0.57759815,0.5886969,0.5352423,0.5207662,0.5870623,0.65374446,0.6523673,0.6330278,0.54045534,0.5321487,0.5454295,0.5263996,0.5566218,0.54502803,0.54155254,0.55441034,0.5381717,0.63336605,0.58555007,0.5388702,0.51925856,0.5634825,0.50867707,0.555404,0.5409558,0.566275,0.6234533,0.6355908,0.5309962,0.5532862,0.54074526,0.5303967,0.58463466,0.5936899,0.5213341,0.60230047,0.5586596,0.518198,0.5295393,0.5293157,0.52313125,0.5599198,0.563475,0.58165985,0.57003224,0.5415822,0.546668,0.54167926,0.54166806,0.5439069,0.53135777,0.5519412,0.55540365,0.55492896,0.5546015,0.555907
828,0.5716295,0.54131025,0.5179935,0.5469589,0.54539716,0.5420348,0.5225215,0.5178348,0.5362814,0.5143981,0.52447873,0.5163097,0.52695423,0.58084977,0.5766555,0.5168908,0.5115512,0.52061033,0.51882887,0.51630723,0.510898,0.53094095,0.5258834,0.54686826,0.52108926,0.53067,0.5750912,0.5353407,0.5882805,0.57547325,0.5212132,0.6336351,0.53130966,0.59597594,0.5944165,0.5761578,0.5969122,0.5971188,0.60229903,0.5650032,0.60277724,0.62150764,0.5421891,0.5948718,0.59884024,0.5809946,0.5695922,0.5036295,0.50718504,0.57208914,0.52495056,0.5420891,0.52691656,0.55174136,0.5734384,0.52930427,0.5802059,0.5616314,0.5852452,0.5711886,0.55466735,0.5804926,0.58327657,0.5513404,0.5236035,0.5216529,0.58542746,0.56952465,0.5879549,0.5769429,0.5890457,0.54649013,0.56448466,0.5489548,0.51923287,0.5711164,0.5706669,0.5613376,0.52587223,0.50140214,0.5119015,0.53267145,0.5718224,0.59040874,0.57185876,0.57124084,0.5733034,0.54106045,0.5973214,0.5995159,0.5740067,0.5481804,0.54137117,0.57060874,0.5380939,0.5754526,0.5732696,0.5743489,0.5440678,0.5102434,0.5459331,0.53176373,0.552791,0.51639014,0.5726089,0.54965544,0.513492,0.5374107,0.5475599,0.53972304,0.53101575,0.55119586,0.5617314,0.5630254,0.55106235,0.5686642,0.5581993,0.53795785,0.5418365,0.55145055,0.5251484,0.5383519,0.5032062,0.5204738,0.5006071,0.50113714,0.5209767,0.50699824,0.5062001,0.5818023,0.5412482,0.5614371,0.56066304,0.5473563,0.52871376,0.52614015,0.5642898,0.54468817,0.515562,0.56865513,0.54663026,0.5139974,0.5434559,0.57655674,0.56951565,0.5240285,0.57024014,0.59722644,0.6049406,0.5698376,0.57187164,0.51173383,0.5174217,0.51085806,0.5286894,0.5203244,0.5426681,0.50019085,0.50996274,0.5088038,0.604985,0.598076,0.5141529,0.5345232,0.56463605,0.54063207,0.5713546,0.51114583,0.51355296,0.5675918,0.5714965,0.51843137,0.54024714,0.53165054,0.49872842,0.51285887,0.58539677,0.54932135,0.55218196,0.57935417,0.57389796,0.52807873,0.5044491,0.5434523,0.5478919,0.5462126,0.5295031,0.528688,0.53438604,0.5380453,0.5235151,0.5350792,0.5213936,0.58228743,0.59243345,0.5107609,0.49981886,0.52060217,0.5172681,0.5042585,0.52305174,0.5368046,0.5243923,0.53763646,0.56691676,0.5770615,0.5692401,0.55421734,0.59350866,0.61545986,0.5344916,0.6483262,0.55249053,0.6134625,0.61599374,0.56204385,0.5874253,0.5949481,0.60757065,0.5468412,0.5812186,0.6171847,0.5376835,0.59337056,0.588918,0.5522388,0.58551323,0.5090004,0.5412148,0.53123116,0.53381604,0.55600727,0.5311666,0.5631015,0.58348256,0.52401996,0.5946464,0.56777054,0.5530689,0.56132394,0.5703074,0.6200476,0.6081297,0.5870317,0.5409169,0.5334813,0.6402151,0.6091159,0.6051084,0.62173057,0.63306075,0.61877954,0.6127373,0.6023058,0.5592785,0.59185934,0.613306,0.5612704,0.51198363,0.53737116,0.55858034,0.5762103,0.6089208,0.5989606,0.62762684,0.6018928,0.6121772,0.56028736,0.61789274,0.6121759,0.6078352,0.5563927,0.54494107,0.58374053,0.5801179,0.57898796,0.6075264,0.63919127,0.5484206,0.5085265,0.5593142,0.5691657,0.55736053,0.5366564,0.56508535,0.5436812,0.5306707,0.5385342,0.55353993,0.53411716,0.5694235,0.57398415,0.5540329,0.5449236,0.5331748,0.54093385,0.5478199,0.55365306,0.56000155,0.5497694,0.52397853,0.5215264,0.54730606,0.5202895,0.50806767,0.5091982,0.5129578,0.5176724,0.5389571,0.61049783,0.5370217,0.56022435,0.5950596,0.5540049,0.53261566,0.54960215,0.5800653,0.51350147,0.52294636,0.5656237,0.5520113,0.5237036,0.55198616,0.60365504,0.60821205,0.5156206,0.54323065,0.59306335,0.64421695,0.61860096,0.62241095,0.5239179,0.5069577,0.50580764,0.50375646,0.5354532,0.5366244,0.49377796,0.5171524,0.4973903,0.61830133,0.5800576,0.5115015,0.5230804,0.55891865,0.5172553,0.55417484,0.5403759,0.55068165,0.6225118,0.6308572,0.53082335,0.5364524,0.5204596,0.52593565,0.55656123,0.5879962,0.52362335,0.5976701,0.5652594,0.525993,0.53703666,0.5317753,0.5254904,0.55083764,0.55763245,0.57169676,0.56041044,0.5370593,0.5429061,0.5448777,0.5457695,0.54440844,0.52847385,0.5455683,0.5497045,0.5533322,0.5543706,0.5501107
829,0.5558206,0.51852703,0.49967083,0.5343202,0.53185034,0.51783615,0.4886826,0.5148096,0.530068,0.49746528,0.5132353,0.48524013,0.500798,0.59716207,0.59189045,0.48347938,0.49132127,0.50853175,0.4811253,0.45758817,0.47205743,0.5098425,0.4993259,0.5235172,0.49588823,0.501564,0.56674594,0.52142435,0.59912956,0.55381435,0.5015338,0.62973124,0.5132681,0.5986778,0.588071,0.58972216,0.6074902,0.6030363,0.62706256,0.57310915,0.6087365,0.65449655,0.5428893,0.5975795,0.6232766,0.61528265,0.5940706,0.47361454,0.50253636,0.6095108,0.53296036,0.5594423,0.5189989,0.56444675,0.58593136,0.53944737,0.570902,0.5636174,0.58426696,0.5629857,0.54802644,0.55840045,0.5656057,0.541243,0.504454,0.49867234,0.54989916,0.5415442,0.5507154,0.5432397,0.5574743,0.53320396,0.5378733,0.5302747,0.47837916,0.53448063,0.5470175,0.580245,0.48435202,0.5068266,0.47771105,0.52958983,0.5709441,0.5993117,0.57167417,0.55713695,0.53151304,0.51083297,0.5815727,0.57412624,0.57128555,0.55049855,0.54118866,0.5516841,0.5535557,0.5885263,0.5729427,0.55670106,0.53705955,0.50863105,0.5598911,0.52264845,0.5530291,0.50116485,0.58854574,0.55939364,0.5059677,0.53112113,0.54342175,0.54435414,0.5265916,0.5498257,0.57067484,0.56114036,0.58031815,0.6066072,0.59186935,0.53273296,0.53420484,0.5482507,0.49731788,0.53885853,0.47721428,0.5097713,0.48861432,0.47671175,0.5153662,0.4844635,0.48012134,0.5556662,0.52197975,0.51816493,0.55673635,0.5436643,0.5295957,0.5370245,0.57736486,0.54844826,0.50475043,0.5789507,0.5345529,0.5072293,0.54402095,0.599056,0.5925396,0.5292827,0.60398775,0.6202574,0.59166086,0.52687675,0.5533965,0.48893842,0.49223477,0.48272067,0.51722115,0.49052548,0.53444415,0.45125765,0.46936858,0.48350015,0.5823248,0.6010592,0.49730563,0.53017795,0.55755115,0.5520233,0.57590264,0.50559634,0.5023351,0.5533987,0.5672345,0.5009476,0.5230807,0.5147405,0.4873835,0.47267997,0.57434136,0.5473653,0.5424071,0.57848114,0.5555584,0.51275927,0.4838835,0.528627,0.5311104,0.516553,0.49039587,0.5296699,0.5310126,0.52616084,0.51105165,0.50551486,0.4899137,0.5938695,0.6124487,0.48223934,0.47169167,0.50038165,0.47378474,0.45358342,0.48466197,0.4960947,0.50815827,0.5142835,0.5597936,0.54155576,0.5606231,0.5319161,0.6101341,0.58074903,0.5162324,0.6413955,0.5210828,0.6259297,0.60948426,0.5828568,0.59641415,0.60745996,0.63586545,0.5618527,0.5905009,0.648234,0.542921,0.6002305,0.6142797,0.5775226,0.62064564,0.48091307,0.54048747,0.54581815,0.5443265,0.5756464,0.5286798,0.58605486,0.5991215,0.52949256,0.5948431,0.57370454,0.5522456,0.56000775,0.56967854,0.60947764,0.5933105,0.57903177,0.52465546,0.5180696,0.6181862,0.5765948,0.56455106,0.58890414,0.58524483,0.6049458,0.57816225,0.57912946,0.5100537,0.55871713,0.5896678,0.57469684,0.49177104,0.53266656,0.53778255,0.583828,0.6080899,0.60050035,0.63173395,0.5896952,0.59138995,0.52959114,0.6200921,0.6009133,0.6014671,0.55588347,0.5419172,0.56040335,0.59151167,0.5927818,0.61673886,0.6172698,0.5473082,0.5051945,0.5692954,0.56482893,0.5552543,0.52960926,0.5922421,0.5503897,0.5269477,0.5324869,0.5489427,0.5366986,0.56202155,0.57235366,0.5585503,0.538518,0.55019313,0.5699431,0.57821923,0.55241615,0.55578923,0.54604816,0.5018352,0.51702183,0.52089393,0.5087892,0.4941655,0.48751867,0.48699728,0.48385978,0.51139987,0.57731366,0.5165628,0.5362376,0.5905362,0.54679674,0.5271294,0.5498168,0.59026045,0.4911033,0.50135976,0.5605827,0.5331484,0.5127909,0.5547215,0.6335251,0.6316911,0.508139,0.57015115,0.6085859,0.63075286,0.57841074,0.6076806,0.5073508,0.48086905,0.46424782,0.48887488,0.50656384,0.53298604,0.44243172,0.4771408,0.45822728,0.6039893,0.58364546,0.48393843,0.5226805,0.5495094,0.5243178,0.55450356,0.539535,0.53553325,0.61889184,0.6161943,0.5311771,0.51794195,0.4991061,0.5154734,0.525074,0.5779994,0.5252587,0.59013623,0.5668296,0.53092325,0.543074,0.5317554,0.52545696,0.5387893,0.54976463,0.5622888,0.5509035,0.53223497,0.539634,0.5435428,0.5456214,0.5461139,0.52530456,0.5373687,0.543387,0.55140513,0.5536665,0.54432154
830,0.5471368,0.49321443,0.483726,0.5265139,0.5217478,0.49578777,0.4596992,0.51129746,0.52391124,0.4852209,0.5084694,0.4577939,0.47679928,0.6091711,0.60731184,0.4506102,0.47762734,0.49620238,0.45127094,0.40263233,0.43266153,0.49097452,0.46665806,0.50698686,0.47235003,0.4756116,0.5646943,0.5058752,0.61548024,0.5289858,0.48323756,0.6167342,0.4928032,0.59180343,0.5786517,0.60261095,0.62747324,0.61311877,0.6549876,0.58259577,0.61996955,0.69358695,0.54838204,0.6054204,0.65967035,0.6606436,0.62086415,0.44946316,0.5074023,0.65095943,0.5380619,0.57638246,0.512022,0.5755987,0.60305476,0.5489752,0.5602701,0.55861837,0.5849449,0.56097835,0.53554523,0.526739,0.54306996,0.5256273,0.47879747,0.47027048,0.5114016,0.5071145,0.50986755,0.50616324,0.52007717,0.50791955,0.5125075,0.5089809,0.44164735,0.49724403,0.5178501,0.59696233,0.4452656,0.51254696,0.44786528,0.5201001,0.56508183,0.6101209,0.5679195,0.5429793,0.49090946,0.4788769,0.55986124,0.5477456,0.5629983,0.54563224,0.5402045,0.5303955,0.57286555,0.6088024,0.57011175,0.5337161,0.534903,0.5064365,0.57556057,0.5152872,0.55342805,0.48756066,0.60897,0.5677181,0.49635112,0.5299198,0.53837,0.5468275,0.5213456,0.5428889,0.5865418,0.5643743,0.60867757,0.6456122,0.62583965,0.52636325,0.5262227,0.5393328,0.4732569,0.53939253,0.45409766,0.4971529,0.47169712,0.4577159,0.51757365,0.46172628,0.45476884,0.52901155,0.50435895,0.47479737,0.5491102,0.5401578,0.52986443,0.54617393,0.5894566,0.5568593,0.49101704,0.59268624,0.52774745,0.51004153,0.5592031,0.61656547,0.6103545,0.5454745,0.63835186,0.646766,0.5738782,0.48680848,0.5313119,0.47074807,0.47099322,0.4594111,0.5123883,0.45619595,0.52943414,0.40925285,0.43337548,0.46798852,0.55919176,0.6029814,0.48419228,0.5229752,0.5448218,0.5600531,0.5812661,0.50035596,0.49247852,0.5374803,0.55283356,0.48826572,0.5084232,0.49996048,0.47072044,0.43482664,0.5589016,0.5433892,0.52998054,0.57217866,0.54423386,0.49750778,0.46542257,0.5179622,0.5182945,0.4910666,0.4591286,0.5291885,0.5276349,0.5215456,0.5060824,0.478692,0.46291447,0.6032594,0.63151485,0.45573437,0.44736016,0.48242924,0.4395316,0.40739414,0.44545192,0.45892102,0.49030754,0.49720547,0.5585696,0.5094393,0.5596772,0.5125286,0.6326173,0.5413418,0.50312805,0.62200546,0.48732746,0.6281576,0.5962017,0.6029776,0.6135118,0.6262339,0.6656385,0.57757837,0.6055832,0.6847352,0.5539145,0.6136874,0.65629864,0.61959034,0.6577862,0.45981684,0.5511171,0.5669769,0.55196685,0.5939876,0.5260711,0.60637724,0.6193641,0.5346481,0.59629995,0.57293916,0.55770624,0.5671914,0.5612192,0.58863467,0.5728467,0.56520545,0.5027493,0.4988396,0.58970755,0.53876984,0.5216758,0.5501519,0.5327385,0.5811789,0.54499495,0.5541189,0.4659497,0.52378666,0.5581254,0.588764,0.47487602,0.5349526,0.5185225,0.588575,0.6000801,0.60544056,0.62479544,0.5787957,0.56478834,0.4966771,0.61511,0.5880378,0.59042877,0.548948,0.53723675,0.53177845,0.60828584,0.61651605,0.6224088,0.5874766,0.5499264,0.50082195,0.579268,0.56194025,0.5576728,0.5244055,0.62255794,0.5566773,0.5215653,0.53065777,0.54075134,0.537387,0.5506235,0.5649327,0.57098067,0.53749514,0.5694466,0.59919906,0.61099774,0.5487085,0.54969776,0.5358011,0.48350942,0.513379,0.4961597,0.49723288,0.4751921,0.47223485,0.473623,0.45251337,0.4844219,0.54384536,0.4968337,0.51088655,0.5815459,0.53887427,0.52200156,0.55460566,0.6037112,0.47428608,0.47990298,0.5594264,0.52361745,0.5120517,0.57405066,0.6548554,0.64902943,0.51215327,0.59796757,0.6295111,0.61049503,0.5363107,0.5868825,0.49440482,0.45946416,0.4299061,0.48479652,0.4762807,0.5355694,0.3982875,0.44238782,0.42872408,0.5874879,0.59141195,0.4620084,0.51800555,0.5360987,0.5278186,0.55716306,0.53937966,0.52189875,0.607469,0.58986384,0.53131586,0.50217,0.48247984,0.5008271,0.4950119,0.5622822,0.5258988,0.5768725,0.5607239,0.53141016,0.545766,0.529978,0.52391243,0.5250005,0.54008186,0.55345136,0.5424547,0.5276076,0.5369892,0.5377393,0.5412271,0.5487677,0.52241445,0.5295473,0.53815556,0.5488927,0.5519871,0.5394751
831,0.54796815,0.47203523,0.47466916,0.5254191,0.517337,0.48065078,0.4410312,0.5111428,0.5207049,0.48107445,0.5118456,0.43995538,0.4610095,0.61254305,0.6163267,0.4266682,0.47160977,0.4864643,0.43584612,0.36253572,0.4023247,0.47845736,0.43614066,0.5016432,0.45530948,0.4592239,0.5659761,0.48996395,0.62809473,0.50328934,0.46941176,0.5945713,0.472739,0.5747665,0.56541115,0.61578375,0.6539864,0.623947,0.6835488,0.5942292,0.63660264,0.73070925,0.56020224,0.6161694,0.69768274,0.7023689,0.64319026,0.43643314,0.5209347,0.6838748,0.5395617,0.5890321,0.5094509,0.58147305,0.6245164,0.5553312,0.5510929,0.5466279,0.5872128,0.56693244,0.51949996,0.49139166,0.5191,0.5062128,0.4529474,0.44562787,0.476339,0.4715654,0.47374675,0.47439563,0.48341775,0.47827464,0.49034458,0.48900312,0.41732126,0.46685025,0.4890786,0.60737044,0.41816333,0.51718223,0.42854798,0.50665474,0.5532223,0.6196004,0.5599759,0.5305082,0.46008438,0.45301238,0.53315556,0.52332705,0.5485175,0.53627414,0.5381527,0.5106675,0.58970803,0.6304039,0.5623831,0.5085208,0.54113793,0.5053873,0.591003,0.513116,0.5545272,0.48069265,0.6322464,0.5724714,0.48700193,0.5359431,0.5356258,0.5464586,0.51699805,0.5318928,0.60924065,0.57343745,0.62876797,0.6746443,0.64934874,0.52079624,0.51879287,0.5267177,0.45927963,0.53984326,0.43839493,0.4860065,0.4531032,0.44844985,0.52709126,0.44233894,0.43542558,0.5047941,0.4916701,0.44020796,0.53815454,0.536535,0.5299402,0.5520504,0.5964189,0.56571895,0.476775,0.6057989,0.5269258,0.5216384,0.5834642,0.62224966,0.6172988,0.56652087,0.6664075,0.66990006,0.55189604,0.45583403,0.50700635,0.46284702,0.4586246,0.44604772,0.5133785,0.42500934,0.526778,0.38333172,0.41023636,0.46530646,0.5357171,0.5999492,0.4772285,0.51421934,0.52791566,0.56255466,0.5866322,0.4967044,0.48771363,0.5201188,0.53144646,0.48261744,0.49983615,0.49107787,0.45244142,0.40633118,0.5391964,0.53652066,0.51769596,0.5614857,0.54269177,0.48676822,0.4542694,0.5139229,0.5126923,0.47534665,0.4425943,0.53020924,0.52749765,0.52593696,0.50819886,0.45809454,0.44662213,0.60593885,0.64108574,0.4382135,0.43031788,0.47011828,0.422199,0.3759254,0.41489416,0.43339837,0.47538024,0.49060467,0.5629309,0.4861153,0.56170374,0.49683276,0.64921993,0.49983662,0.4957082,0.58942026,0.4568896,0.61720794,0.5737164,0.62347007,0.6372318,0.6455005,0.69503105,0.59470004,0.62604105,0.71928585,0.5707501,0.6293189,0.7021841,0.6640696,0.6876013,0.44969073,0.5704772,0.5862196,0.55567276,0.60710216,0.52586716,0.6189719,0.643223,0.5385455,0.5983808,0.56423986,0.56924444,0.58253,0.5453435,0.5587495,0.5468175,0.5450112,0.4799418,0.480211,0.55547506,0.49852747,0.48223183,0.5106541,0.48163778,0.54916763,0.51298803,0.5286289,0.43441686,0.4918575,0.52093595,0.5984644,0.46203613,0.53934723,0.5008883,0.58666843,0.5808491,0.6089156,0.6025918,0.56824726,0.53607047,0.4665846,0.59927976,0.5713969,0.57244736,0.536389,0.5307521,0.5015534,0.62124646,0.6423015,0.61779153,0.5502419,0.5583363,0.49709663,0.58893335,0.56336427,0.56528574,0.5246723,0.6527287,0.5607871,0.5145188,0.5334778,0.530825,0.5356604,0.53607565,0.55181515,0.592007,0.54402035,0.586966,0.6197863,0.63546306,0.5424707,0.5424511,0.5214985,0.4734827,0.5110292,0.47481963,0.4883518,0.4535104,0.46656203,0.4751835,0.42813122,0.46079567,0.5126786,0.4808893,0.48762167,0.5663152,0.5304657,0.51758444,0.5606602,0.6143391,0.46554744,0.46133083,0.55996627,0.5232722,0.5202815,0.6018064,0.65814227,0.65124124,0.5237751,0.62114286,0.64964604,0.5812778,0.49597573,0.558344,0.48909628,0.4475079,0.4103451,0.4914364,0.45199442,0.54323715,0.3708603,0.4207606,0.41435963,0.56446224,0.5968212,0.45031697,0.5104903,0.520218,0.5269235,0.5619615,0.5402473,0.5106169,0.5844677,0.5528198,0.53009105,0.49316543,0.4752187,0.483816,0.46902364,0.540494,0.5251741,0.5575107,0.54812694,0.5276231,0.54424876,0.52730465,0.52165896,0.51186126,0.52985674,0.5447149,0.53570735,0.52416813,0.5349948,0.5286881,0.5337354,0.55157924,0.52054316,0.5246897,0.5356696,0.5463608,0.54950625,0.53645825
832,0.5582133,0.4610127,0.4751342,0.530986,0.51972216,0.47597596,0.43559468,0.51661247,0.5224101,0.48649704,0.52185863,0.43499523,0.45818347,0.6067108,0.61519706,0.41813168,0.4718723,0.48127583,0.437781,0.34513327,0.38885194,0.4749309,0.41722926,0.5087847,0.44838887,0.45552528,0.56748664,0.47646368,0.6291223,0.48058015,0.46232092,0.56786394,0.45740393,0.5520645,0.5501039,0.62962335,0.68201095,0.6322519,0.7089612,0.6073339,0.656417,0.75826985,0.5771252,0.6267834,0.72708803,0.728113,0.65517974,0.43769333,0.53921014,0.6994036,0.53711617,0.5937609,0.5131954,0.57927233,0.6471899,0.556155,0.5462336,0.53016037,0.591705,0.58085555,0.504154,0.46095243,0.49812606,0.48716834,0.43514892,0.43407488,0.45143506,0.44183013,0.450363,0.4552245,0.45523036,0.4543541,0.473606,0.47434932,0.4102366,0.4488961,0.4667664,0.6089104,0.4087598,0.519393,0.42376384,0.49369088,0.53698033,0.6254155,0.5480467,0.5220164,0.44528744,0.4400285,0.5052505,0.5039897,0.5303953,0.5266455,0.53540087,0.49645147,0.5988916,0.646509,0.5496276,0.4853012,0.5567059,0.5067504,0.6033165,0.51843464,0.5576396,0.48339742,0.6543379,0.57341385,0.4801737,0.54882306,0.5385245,0.54332095,0.5146254,0.51970845,0.635918,0.5879556,0.6356651,0.68598956,0.6552545,0.51798916,0.5133505,0.513992,0.45899674,0.5400611,0.4330644,0.47946003,0.43718725,0.4502586,0.5404538,0.4297623,0.42628992,0.48675686,0.4862169,0.42157724,0.5262306,0.53308827,0.5303092,0.55420315,0.5961959,0.57033384,0.46502757,0.61412674,0.53179085,0.5381413,0.60813856,0.6135997,0.6111139,0.58464146,0.68252337,0.6845054,0.5283239,0.4382414,0.48364305,0.4683329,0.45821515,0.44520143,0.51722956,0.40485135,0.5244975,0.37888774,0.4057981,0.47445267,0.51415503,0.5908982,0.47683656,0.506248,0.51024944,0.55923367,0.5915546,0.49565288,0.49014676,0.5034138,0.5085631,0.48442647,0.49950475,0.4905699,0.43702078,0.392187,0.5177539,0.52768,0.5089661,0.5501562,0.55133915,0.4845332,0.45370528,0.5171649,0.51602423,0.47301462,0.44365963,0.5344977,0.53255504,0.53869915,0.5149634,0.4462448,0.4456403,0.6008385,0.6366643,0.43480718,0.42245692,0.465115,0.4255986,0.36619407,0.40097374,0.4252996,0.4686495,0.49656555,0.5713956,0.47452095,0.56248367,0.4859558,0.6503086,0.46119705,0.49282137,0.54932624,0.43614125,0.5951599,0.54453534,0.64357406,0.6636117,0.65967405,0.7209255,0.6119338,0.6488506,0.7449847,0.5908397,0.6423287,0.7385762,0.69692224,0.7027569,0.45226088,0.59282416,0.5964241,0.5549312,0.6118041,0.5294597,0.6200155,0.6669856,0.539671,0.6009387,0.5493877,0.5854378,0.6033782,0.52622193,0.5251275,0.51782906,0.52109337,0.46220812,0.46788818,0.5191471,0.46092576,0.4518869,0.47679114,0.43960798,0.51411873,0.4833311,0.50467545,0.419935,0.46733025,0.48332277,0.60010093,0.45322484,0.5406216,0.4857171,0.57685643,0.5507249,0.60755336,0.5659075,0.5587829,0.51130694,0.44442976,0.57320756,0.54996014,0.54857385,0.5213129,0.523241,0.475537,0.62317675,0.661499,0.5992207,0.5094129,0.5720967,0.4953134,0.5975047,0.57108974,0.5779168,0.53206897,0.6777174,0.5621313,0.50670356,0.54026186,0.52260196,0.53202146,0.5207055,0.53608584,0.618736,0.55819935,0.59881127,0.62489635,0.6436906,0.5342164,0.53548586,0.5071467,0.47363007,0.5101223,0.45892894,0.48426044,0.4329361,0.47076517,0.4890954,0.4144378,0.44359544,0.48739704,0.47133145,0.47022483,0.5461267,0.52250814,0.5141368,0.5644802,0.61747605,0.46548775,0.44855365,0.55974776,0.5294295,0.5337097,0.62699926,0.6398378,0.6341221,0.5371363,0.63468885,0.6635341,0.5450216,0.4620003,0.52396584,0.494466,0.447581,0.40948948,0.5045557,0.44063824,0.5533092,0.3659549,0.4178709,0.41700685,0.53493494,0.59509265,0.45079198,0.5029209,0.504107,0.5223762,0.56846654,0.5421029,0.5021743,0.55105877,0.5104777,0.5269842,0.49375725,0.47975954,0.46707046,0.44980478,0.5157508,0.52334154,0.53516847,0.5339822,0.52143806,0.53926677,0.5245381,0.51920307,0.50227994,0.5211942,0.5366782,0.53157043,0.5231858,0.53396595,0.5188299,0.52529615,0.55372745,0.5201873,0.5248353,0.53704154,0.5448926,0.5472098,0.5362483
833,0.5757073,0.46277186,0.48500547,0.541542,0.52866924,0.482929,0.4433008,0.5268868,0.5291132,0.5006492,0.5345915,0.44328672,0.470054,0.5945185,0.6037382,0.42702764,0.4753034,0.48104703,0.45572674,0.35355872,0.39569518,0.48098072,0.41569048,0.5267181,0.45350283,0.46440065,0.56737596,0.46879718,0.6141035,0.4647035,0.4624523,0.54421806,0.4503735,0.5311014,0.53632075,0.64261633,0.7065852,0.63607544,0.7277153,0.6204389,0.6766448,0.7726215,0.5960954,0.6341979,0.74188095,0.7308016,0.6538975,0.45242873,0.55550724,0.6931948,0.5308791,0.58905786,0.5225021,0.56914467,0.6666674,0.55044276,0.5478847,0.51293874,0.59944934,0.6013894,0.49348405,0.4422656,0.4838784,0.47306308,0.43139926,0.44102785,0.44104794,0.42316064,0.44453394,0.45203066,0.4411665,0.4430237,0.46470726,0.4674394,0.42148095,0.44610953,0.4549176,0.60055107,0.41829503,0.51793253,0.43454412,0.4850618,0.5191833,0.6263062,0.53270406,0.5195769,0.448887,0.4436761,0.480878,0.4930697,0.51335454,0.52011824,0.53294784,0.49062064,0.5972886,0.6517481,0.5334642,0.4665747,0.5799509,0.5106835,0.6107585,0.5315276,0.56437075,0.49522662,0.6717043,0.5717809,0.4775188,0.56591827,0.5488184,0.53818256,0.51429605,0.5096918,0.6627236,0.60688126,0.62785864,0.6764723,0.6404971,0.51890916,0.51131546,0.5049449,0.47249934,0.539845,0.43938586,0.47913918,0.42758343,0.4612235,0.55220616,0.42651477,0.4294913,0.47842738,0.4892944,0.422659,0.5165073,0.53080523,0.5311534,0.55287385,0.5887121,0.56696147,0.4586617,0.61500084,0.54049563,0.554077,0.6244321,0.5917405,0.5923692,0.5930618,0.6846573,0.68806297,0.50695854,0.43566412,0.46449167,0.48649284,0.47003803,0.45629373,0.5196607,0.4004609,0.5203156,0.39626858,0.42156428,0.4912319,0.4987315,0.57701457,0.48187172,0.50104964,0.4952296,0.5519144,0.5963583,0.49736136,0.49978253,0.49022856,0.4893271,0.49311176,0.5079041,0.4987487,0.42799872,0.394533,0.49904492,0.5197137,0.5063885,0.5431575,0.56852156,0.4918771,0.46411446,0.52669746,0.52810305,0.4847405,0.46093902,0.5413994,0.542276,0.5574498,0.5230953,0.4448302,0.46140394,0.5901985,0.6189866,0.44685933,0.4235649,0.46740624,0.44879937,0.38026354,0.4076954,0.43654546,0.47325513,0.5146978,0.58229864,0.47577253,0.56032217,0.48148495,0.6312538,0.43243724,0.49262664,0.5127942,0.4303456,0.5684562,0.51606447,0.6602135,0.68796015,0.6655938,0.74016947,0.6265917,0.6700794,0.758534,0.61055493,0.6497133,0.75769705,0.7095355,0.70016676,0.46604705,0.61140203,0.5937773,0.549745,0.6070748,0.53619844,0.608838,0.6862218,0.5370146,0.60442585,0.5320479,0.60438025,0.62623864,0.5096316,0.49551815,0.49153805,0.49844986,0.4543572,0.4669304,0.48740083,0.4325904,0.43579176,0.45483395,0.41426322,0.48346946,0.4604175,0.48593724,0.42460713,0.45448008,0.4531204,0.5926095,0.44954044,0.5359509,0.47560647,0.5606973,0.5152088,0.60043585,0.52179366,0.55301267,0.49655315,0.4346881,0.5416728,0.5263601,0.52401185,0.5080423,0.516614,0.46021774,0.6111045,0.6682149,0.56827074,0.47210106,0.58922344,0.49614996,0.6048555,0.58572483,0.5946535,0.5458354,0.69376534,0.56134754,0.50006485,0.54975194,0.51968586,0.5278676,0.50797135,0.5226057,0.6468103,0.5789289,0.60265404,0.6123218,0.63230544,0.5251709,0.5305605,0.49685007,0.48330617,0.51059896,0.45163757,0.48575297,0.41786596,0.48215362,0.50902754,0.41446778,0.4362315,0.47289827,0.47008035,0.46228436,0.5255206,0.5167596,0.5118513,0.56358516,0.61131173,0.47239155,0.44425827,0.5572907,0.538004,0.5476776,0.64000803,0.6026706,0.5994036,0.5463327,0.6363872,0.6683487,0.5084831,0.43968272,0.48963907,0.51065034,0.45956707,0.42697766,0.5172453,0.4460697,0.5624598,0.38449857,0.43504038,0.43517685,0.50466126,0.5844078,0.4622344,0.49804997,0.49019295,0.5162862,0.5764775,0.5449033,0.49765322,0.5135621,0.4720105,0.5225193,0.5046618,0.49568108,0.45363492,0.44085735,0.4943385,0.52131677,0.51535606,0.5242142,0.51552045,0.53291744,0.5222626,0.51690066,0.49874893,0.51628196,0.5312134,0.53099525,0.5254817,0.53443575,0.5109627,0.5183167,0.55476445,0.5213279,0.5308336,0.54259497,0.5453444,0.546338,0.539501
834,0.5972205,0.47595134,0.50162476,0.5546349,0.5424723,0.4997061,0.46115577,0.53909075,0.5393331,0.52061224,0.5464866,0.46289873,0.4941406,0.58042943,0.5844294,0.45044073,0.4794357,0.48505697,0.48441383,0.38577494,0.4213277,0.4951395,0.4313582,0.55192065,0.47037804,0.48355937,0.5653681,0.46934527,0.58270854,0.45786095,0.4687935,0.53072375,0.45306587,0.5182636,0.5279067,0.6524024,0.72446704,0.6354462,0.7381467,0.63228923,0.6951591,0.77411157,0.61378235,0.6363494,0.7407661,0.7077871,0.6401486,0.47606376,0.5638294,0.664978,0.5219412,0.5764752,0.53468734,0.5545114,0.6795873,0.539386,0.5573883,0.49909326,0.61111724,0.6258194,0.4903921,0.43860072,0.47816688,0.46772936,0.44378617,0.46685234,0.44546166,0.41758913,0.45749155,0.46402872,0.44290096,0.44602603,0.4653356,0.4682231,0.44847053,0.45832622,0.4541136,0.58336556,0.44423798,0.5126198,0.45838016,0.4825549,0.502303,0.6221157,0.5149879,0.52410233,0.46934375,0.4639214,0.46345696,0.49275014,0.5018605,0.5183486,0.5318171,0.49459615,0.58432114,0.6440973,0.51590323,0.45276484,0.60680157,0.5163701,0.6137259,0.55058026,0.5755619,0.5134704,0.6830469,0.5693099,0.4799449,0.583709,0.5659548,0.53251874,0.51597476,0.5055206,0.686005,0.62819976,0.60740286,0.64755183,0.60638714,0.52332073,0.5133849,0.5022956,0.4966214,0.539193,0.4566049,0.4849598,0.42583522,0.47743374,0.5577386,0.43324298,0.44427818,0.4811271,0.50069934,0.44304046,0.5110853,0.53051406,0.53231937,0.5490701,0.5756471,0.55472183,0.45969737,0.6085242,0.55016077,0.5648253,0.62665635,0.56038564,0.5635129,0.5883204,0.674419,0.6807901,0.49075794,0.44682926,0.45132062,0.5129965,0.49106488,0.47573665,0.5172618,0.41201228,0.5134405,0.43062633,0.4537811,0.5100298,0.49317715,0.5606163,0.49063602,0.49968946,0.48527318,0.5437375,0.60197234,0.50110924,0.51528955,0.4823473,0.47653025,0.50724643,0.523992,0.51401,0.427006,0.41266865,0.48719063,0.5161104,0.5113164,0.5451075,0.591215,0.5064562,0.4830103,0.54046345,0.5468738,0.5078772,0.48952672,0.5488781,0.55435634,0.579075,0.5301848,0.45464188,0.49083006,0.5776804,0.59265035,0.4714339,0.43201646,0.47590786,0.48600683,0.414564,0.43429896,0.46487948,0.48844793,0.5421955,0.5943123,0.48999187,0.55582386,0.4846422,0.5928288,0.41954556,0.49371058,0.49072683,0.4420461,0.5450771,0.49685848,0.67025286,0.70675105,0.66309834,0.7512794,0.6365173,0.6867392,0.76026034,0.62679976,0.65083194,0.7577476,0.6989993,0.6811186,0.4868966,0.62156487,0.578411,0.5410922,0.5947238,0.5440864,0.58856404,0.69810116,0.5308914,0.60968894,0.51660407,0.62410104,0.6476802,0.5010415,0.47730127,0.47462395,0.48280796,0.45912397,0.48011184,0.46714932,0.41922164,0.4381039,0.44932893,0.41106838,0.46392775,0.44989958,0.47671044,0.4483355,0.4566886,0.43721008,0.5778447,0.45324007,0.5264582,0.47390813,0.5423552,0.48222756,0.5886403,0.480813,0.5538224,0.49528942,0.4403773,0.5119921,0.50641173,0.50558907,0.50066173,0.51302284,0.46068463,0.58649546,0.6607716,0.5311057,0.44558612,0.6070736,0.49952713,0.6117583,0.606102,0.61390436,0.5636281,0.69984066,0.5598755,0.49684662,0.56057686,0.52443963,0.5250443,0.50164384,0.516372,0.67220545,0.6037415,0.59840214,0.58509356,0.6027827,0.51714057,0.52919555,0.49356964,0.50003225,0.5122739,0.45596743,0.4923471,0.4117273,0.49630472,0.5279735,0.42954323,0.4411794,0.47337124,0.4778102,0.46599722,0.51000506,0.51492274,0.5110038,0.5578209,0.5972215,0.4833358,0.45009732,0.55291927,0.54539865,0.55835927,0.63556534,0.55472845,0.55407596,0.54741424,0.62720543,0.6640516,0.47999793,0.43307102,0.46226692,0.53436744,0.48053935,0.4581347,0.52327853,0.46767083,0.5681546,0.42208478,0.46806914,0.4640879,0.48164585,0.5657304,0.48109815,0.49773046,0.48122582,0.51121706,0.58618546,0.54870695,0.49886602,0.480205,0.44635022,0.5179721,0.52433574,0.5201263,0.4463582,0.4453313,0.48227885,0.52031547,0.5037062,0.52341866,0.51245606,0.52782184,0.5208996,0.5153716,0.50258565,0.5166558,0.53023905,0.53434527,0.530906,0.5368212,0.50731725,0.51477367,0.55466557,0.5235995,0.54217684,0.5518972,0.5479826,0.5477007,0.5459765
835,0.6188808,0.49704766,0.52053565,0.5678122,0.55837154,0.5222335,0.48418495,0.55000466,0.5505869,0.5418601,0.5561403,0.4898105,0.5240425,0.56893563,0.5620249,0.48169827,0.48395684,0.49239543,0.5161381,0.43424466,0.45968744,0.5144188,0.4596743,0.5798403,0.49642128,0.5085115,0.5628716,0.4789769,0.53984964,0.4612011,0.47915572,0.5317039,0.46518952,0.5170741,0.52825105,0.657494,0.7345516,0.6324088,0.7408731,0.6420739,0.71048933,0.7661112,0.62729096,0.6328445,0.72605205,0.66075546,0.61882955,0.5021279,0.56204474,0.61974126,0.5126229,0.5606418,0.54644144,0.5410751,0.6848667,0.5263036,0.57484937,0.4921773,0.6261349,0.6499618,0.49636722,0.44991252,0.4805754,0.47350505,0.470707,0.507354,0.46204072,0.424784,0.48761111,0.48766997,0.45908004,0.46174574,0.4758849,0.47434977,0.48527107,0.4828634,0.46254966,0.56104755,0.48122492,0.50457865,0.4896099,0.48617592,0.48850286,0.6143612,0.49706298,0.5349371,0.502464,0.4973446,0.4549341,0.50356996,0.4985949,0.5215836,0.5325009,0.50797987,0.56249416,0.6256295,0.4988988,0.44358802,0.63194436,0.5227748,0.6143173,0.5721863,0.59075063,0.5346271,0.68955314,0.56774473,0.48829454,0.5988085,0.58714706,0.5285724,0.5193197,0.5103292,0.7029716,0.649156,0.5799633,0.6065189,0.5601759,0.5301298,0.51862025,0.5070015,0.5250465,0.53858656,0.48232856,0.49614927,0.43217942,0.49395856,0.5550278,0.44925308,0.4674468,0.4939404,0.51880395,0.47900787,0.51060575,0.53258795,0.5336345,0.54465073,0.5606545,0.5365408,0.4692506,0.598197,0.55872744,0.56777644,0.6136883,0.52572757,0.52938366,0.57117677,0.65669024,0.66584253,0.48147866,0.46888596,0.44491097,0.5412087,0.515415,0.49769038,0.5088077,0.4362318,0.5061253,0.47290188,0.49413687,0.5251404,0.49963215,0.54477614,0.5014614,0.50235856,0.48206773,0.5377956,0.6096186,0.5057462,0.53416145,0.48055783,0.4706721,0.52462626,0.54558885,0.5336565,0.43451998,0.44386664,0.48457676,0.51994115,0.52296853,0.55817443,0.6152605,0.52462536,0.50543034,0.5558036,0.5690237,0.53727186,0.5222836,0.5548887,0.5657776,0.6001335,0.5353965,0.47488585,0.5263125,0.5669726,0.56463546,0.5020922,0.44569838,0.48927295,0.52767825,0.45998123,0.47580922,0.504408,0.51044875,0.5740738,0.60681456,0.51536644,0.551044,0.4960668,0.5417748,0.42597863,0.49519458,0.48948643,0.4709118,0.5317808,0.4933536,0.67227983,0.7183709,0.6545429,0.7548722,0.6410231,0.6974565,0.7531431,0.63733053,0.646835,0.74064636,0.6664871,0.6516267,0.50933856,0.62239796,0.55401057,0.531188,0.57924956,0.5506933,0.5657597,0.70208675,0.5233748,0.6177817,0.5068801,0.6424128,0.6645393,0.5042218,0.47489962,0.4715083,0.47869313,0.4771996,0.50708485,0.4631179,0.4242457,0.46111578,0.46250767,0.43290168,0.4598091,0.4560764,0.47964865,0.48811412,0.47505626,0.43913648,0.55986065,0.46629646,0.5162872,0.48285466,0.5275648,0.45882592,0.575002,0.45272616,0.56259054,0.507748,0.462736,0.49202275,0.49699432,0.49872082,0.5019927,0.5139067,0.4787639,0.5548646,0.6416903,0.49597964,0.43488577,0.6230652,0.5047767,0.6190583,0.62909615,0.63381153,0.58262277,0.6975255,0.5594732,0.49922848,0.5711702,0.5368619,0.5253243,0.50389594,0.5207636,0.69203794,0.6289485,0.5883001,0.55131006,0.56198746,0.5118524,0.53191686,0.49840134,0.5195316,0.5148849,0.47362697,0.50316316,0.41674176,0.50832874,0.5406391,0.4586633,0.45898047,0.4907629,0.4937735,0.48132527,0.50385386,0.51782924,0.51196945,0.54991144,0.5798655,0.49591908,0.46636426,0.5493748,0.5504361,0.563229,0.61366546,0.5074618,0.5088708,0.53945744,0.6110816,0.6531683,0.4659731,0.4441787,0.44726554,0.5599271,0.505007,0.49479023,0.5194914,0.5010365,0.5704836,0.4692221,0.5079693,0.4958986,0.47288728,0.54240596,0.5026635,0.5026883,0.48020878,0.50897485,0.5980495,0.5534589,0.5071201,0.45794505,0.43893462,0.5149084,0.5493865,0.5488339,0.4480111,0.464534,0.4823178,0.52177,0.50342816,0.5333654,0.51399964,0.52617735,0.5210344,0.5157901,0.51350546,0.5227132,0.53470486,0.5413307,0.5383307,0.54107374,0.5090166,0.51572865,0.55379134,0.5265728,0.55725867,0.56398505,0.55239207,0.55123883,0.5544344
836,0.6369276,0.52264065,0.5373141,0.57920134,0.57355994,0.54593074,0.50733596,0.5574982,0.56036675,0.5604071,0.56448257,0.51931345,0.5520941,0.5633988,0.5428811,0.5134639,0.49000475,0.5025217,0.54370254,0.4874661,0.5020302,0.5353391,0.49465746,0.6059358,0.52769464,0.5335467,0.56224936,0.49711412,0.49540946,0.4751547,0.49061215,0.54736567,0.48514572,0.5278968,0.5391859,0.65785307,0.7372194,0.6297727,0.7376713,0.64908314,0.72144896,0.75329185,0.6351733,0.6252708,0.70241606,0.5981633,0.5972573,0.5252473,0.5524835,0.568459,0.50575393,0.54730254,0.55530953,0.5342075,0.6834121,0.5157844,0.59834623,0.4940057,0.6425641,0.66962796,0.5106824,0.47325256,0.48953184,0.4899466,0.5069706,0.55457133,0.4868034,0.44269496,0.5299789,0.51772445,0.48605368,0.48655224,0.49550498,0.48334238,0.5246294,0.5150703,0.47761798,0.5395144,0.52247554,0.49616465,0.5220031,0.4953094,0.4802932,0.6062406,0.48269758,0.55028796,0.5424545,0.5377127,0.4564434,0.5240774,0.5041047,0.52896035,0.5347599,0.5284101,0.5377102,0.60194504,0.48485005,0.43924454,0.6509676,0.5294856,0.61472344,0.59248513,0.6081862,0.55541945,0.69337094,0.5685974,0.50316423,0.6092777,0.60888374,0.5287006,0.52393734,0.5252917,0.7122749,0.6671499,0.5533401,0.5653468,0.5143093,0.5379304,0.5247471,0.5181087,0.5501155,0.538756,0.5132921,0.5116447,0.44649267,0.5061214,0.54473835,0.4731619,0.49491796,0.51460093,0.5408885,0.5239174,0.51443046,0.5369717,0.5351199,0.5417137,0.5483124,0.5178824,0.4873334,0.58956647,0.56588143,0.56265146,0.5887977,0.49598476,0.49748677,0.5462482,0.6381263,0.64869004,0.48031515,0.4984579,0.4458491,0.56497544,0.5366806,0.51633507,0.4952713,0.46821922,0.5026745,0.5130216,0.5331885,0.5323441,0.51838946,0.53286433,0.5127932,0.5083535,0.48637816,0.53554636,0.6201584,0.5105118,0.55374044,0.48589236,0.47113037,0.5426936,0.5697407,0.55472994,0.4503091,0.48357257,0.49123743,0.53266084,0.53853804,0.5807038,0.63626146,0.5437265,0.52568656,0.57011664,0.5909579,0.56711036,0.552297,0.55828106,0.5738741,0.6177738,0.53958577,0.50316024,0.5587758,0.5611543,0.5426872,0.531424,0.4624144,0.5063252,0.564084,0.50475705,0.52411,0.5472402,0.53466237,0.60459566,0.6199921,0.5478437,0.5485781,0.51573056,0.4902378,0.45200866,0.49664086,0.5094341,0.51307,0.53209275,0.5078907,0.66663986,0.7225631,0.6435204,0.7523577,0.64040065,0.7020687,0.74113566,0.6412804,0.6401665,0.71067953,0.61754894,0.6208316,0.52866757,0.6159079,0.5266044,0.5227177,0.5658698,0.55427814,0.5476506,0.6992444,0.51798445,0.6291894,0.5051683,0.65705544,0.6748241,0.5197484,0.4888915,0.4830952,0.48772395,0.50648224,0.5439346,0.47669524,0.44785026,0.50300163,0.4934478,0.47856757,0.47243524,0.48013413,0.4950941,0.5381717,0.5073425,0.45861462,0.5440507,0.4891938,0.510696,0.50257176,0.521602,0.4498709,0.5637681,0.44364852,0.5786278,0.53160655,0.49979648,0.48768708,0.50284046,0.50577605,0.5127598,0.51938146,0.51179385,0.52502745,0.6167162,0.47063005,0.44190732,0.635392,0.51134163,0.6265309,0.6504058,0.65255374,0.6000887,0.6895851,0.56169677,0.50844926,0.58059573,0.5550858,0.5296663,0.5148134,0.5362544,0.70485324,0.6507974,0.5764166,0.5212541,0.5207944,0.5101283,0.53797084,0.5103995,0.53682715,0.5181401,0.5040862,0.5172904,0.43369696,0.5143236,0.5444223,0.49831092,0.4880597,0.5237016,0.51573694,0.50547945,0.50879806,0.5250695,0.51498294,0.5444549,0.5658088,0.5088881,0.49216154,0.55095536,0.5546879,0.561394,0.57935447,0.47231877,0.47516453,0.5247202,0.5934544,0.64006615,0.46952087,0.47238886,0.44748226,0.5817266,0.52682245,0.5281975,0.5062704,0.53958404,0.57199377,0.5142813,0.54481506,0.5223118,0.48260447,0.5196043,0.5224518,0.5121323,0.48878965,0.50966686,0.6121413,0.5590162,0.5229064,0.4511382,0.45102847,0.51454616,0.5755959,0.5772965,0.46044248,0.49631178,0.49321392,0.52681196,0.5146664,0.55255085,0.520409,0.52906,0.52320075,0.5192735,0.52989227,0.5338148,0.5442315,0.5511901,0.5461497,0.5465554,0.5157955,0.5210412,0.5527106,0.5298931,0.57413214,0.577783,0.5577294,0.5561694,0.56315655
837,0.6484658,0.54996604,0.549853,0.5876348,0.5857396,0.5667288,0.52680844,0.5618182,0.5678004,0.5748142,0.57341665,0.54771,0.5727661,0.5657164,0.5334236,0.540907,0.49888733,0.51483464,0.56279767,0.5341357,0.5397747,0.55464804,0.5306979,0.6268944,0.56001824,0.5543087,0.5659808,0.52158856,0.46104673,0.49790502,0.5004346,0.57382345,0.5100236,0.54785067,0.55981493,0.65535456,0.7338325,0.6295904,0.7306522,0.6530162,0.7269781,0.7398248,0.63803446,0.61708957,0.6761196,0.5363345,0.58244604,0.5434044,0.54113454,0.52536005,0.50417274,0.54124606,0.5611451,0.5368216,0.677455,0.5123091,0.62377226,0.50379366,0.65790963,0.6824486,0.5301376,0.5034621,0.50294983,0.5135302,0.54428893,0.59808606,0.5144985,0.4671202,0.5761344,0.5474033,0.5175753,0.5143003,0.5218412,0.49363336,0.5600713,0.5487047,0.49545288,0.52475274,0.56078315,0.49009243,0.55091417,0.50832886,0.4791663,0.6012436,0.47587562,0.568322,0.5821499,0.5764907,0.46793514,0.55001575,0.51681304,0.5378359,0.53758943,0.5518683,0.5177831,0.58049625,0.47624996,0.44042242,0.66139865,0.53684264,0.6159822,0.60848814,0.62527055,0.5735091,0.6955254,0.5726303,0.5234451,0.6154382,0.62825024,0.5341994,0.5303133,0.5488658,0.71371245,0.680013,0.53451145,0.5358648,0.4817276,0.5452773,0.5296808,0.5329884,0.5661689,0.5398937,0.5454883,0.5297785,0.4678233,0.5114547,0.53000635,0.50259674,0.5230997,0.539601,0.563243,0.56840605,0.52023864,0.5428812,0.5366745,0.5413922,0.5417942,0.5044412,0.51199555,0.58736,0.57262677,0.5524152,0.55930626,0.47861493,0.47540733,0.5206722,0.6242917,0.63508576,0.48738793,0.5312298,0.45357978,0.5813191,0.5509036,0.52834576,0.47936863,0.50249344,0.50688297,0.54388887,0.5642657,0.5308464,0.5474401,0.52780974,0.5232279,0.51605,0.49708024,0.536144,0.63291276,0.5158048,0.57216656,0.49893695,0.47582492,0.5590392,0.5930618,0.5748049,0.47278738,0.52513003,0.5047056,0.5527205,0.5549392,0.6081894,0.6507377,0.56250066,0.5401614,0.5814228,0.6093248,0.5923596,0.57479644,0.5597703,0.5778614,0.63077694,0.54496497,0.53595775,0.58178693,0.56264377,0.5335229,0.55422944,0.4804034,0.52572656,0.5890786,0.53944904,0.5696729,0.58566356,0.55769324,0.6291881,0.6341327,0.5823592,0.5511872,0.5425121,0.4519511,0.49326414,0.49845695,0.54501545,0.56040627,0.54513,0.5378067,0.6558718,0.72010976,0.63358516,0.74522305,0.63579965,0.70123184,0.7276421,0.6395779,0.6341525,0.67493665,0.564176,0.5975244,0.543097,0.6062202,0.5036007,0.5185435,0.5586814,0.5553425,0.5390325,0.6917231,0.5183203,0.6430532,0.51172334,0.6661596,0.67855555,0.5447164,0.5162048,0.50681996,0.5084435,0.54094553,0.5829185,0.5050449,0.48547,0.5558853,0.5362524,0.5400479,0.49899513,0.51879835,0.5209353,0.59089524,0.54689723,0.4905652,0.53562135,0.5202542,0.51401496,0.5303814,0.52665555,0.45715368,0.559451,0.45468938,0.600018,0.5621977,0.54417765,0.5009165,0.52374816,0.52551645,0.53018874,0.5279984,0.55241114,0.5065341,0.5932413,0.46013898,0.4646902,0.6428656,0.5191608,0.6326756,0.666046,0.6684662,0.613822,0.67834485,0.56720763,0.52359366,0.5894017,0.57631326,0.53760356,0.5331915,0.56037414,0.71006435,0.66612136,0.5669904,0.50303006,0.49028507,0.51154417,0.54598904,0.5268664,0.54861456,0.5216646,0.54354763,0.5336532,0.4609231,0.5130021,0.5399801,0.5424014,0.524959,0.5666895,0.53985083,0.5330021,0.52295727,0.53488535,0.5197322,0.5455889,0.56044894,0.5219168,0.5250765,0.56098855,0.56112725,0.5547845,0.5422465,0.45698577,0.4607096,0.5083808,0.5790212,0.62932336,0.489992,0.51305306,0.46213046,0.596776,0.5419137,0.5524962,0.48716968,0.5762286,0.5757691,0.5483715,0.5721248,0.53834265,0.51088554,0.50344217,0.5375621,0.52344227,0.5053785,0.5117077,0.6273396,0.56553274,0.5455894,0.46112484,0.47898895,0.5171697,0.59920675,0.6017652,0.48284265,0.53434885,0.51056033,0.5352857,0.53559977,0.5770395,0.5301499,0.5360314,0.52713674,0.52574474,0.54895794,0.5482518,0.55707043,0.5625619,0.55275697,0.55220985,0.5259642,0.5294154,0.55178785,0.533071,0.590684,0.59187025,0.56323034,0.5615789,0.57055354
838,0.6513492,0.5759628,0.5586524,0.59221137,0.59286624,0.580772,0.53982645,0.56545657,0.5743305,0.58555394,0.58345264,0.57215524,0.5842341,0.5758116,0.5374283,0.56207216,0.5116211,0.5277769,0.57209,0.56686443,0.56655675,0.5691203,0.56277674,0.6409255,0.5893709,0.5691385,0.57637167,0.5491491,0.44584596,0.5243679,0.5066104,0.60475165,0.535497,0.5710597,0.5861557,0.6536162,0.7266137,0.6326371,0.72213566,0.6544043,0.72605634,0.72865146,0.63737774,0.61237323,0.6545648,0.49447265,0.57955736,0.5574631,0.5356205,0.50307643,0.5107346,0.5456241,0.56612635,0.54923284,0.6696579,0.51875985,0.6461584,0.51816696,0.6697258,0.68791693,0.5498467,0.53404665,0.51741284,0.5388571,0.57366663,0.6275971,0.53900176,0.49182105,0.61667395,0.56965077,0.5460814,0.53646463,0.55069333,0.50283843,0.58643544,0.57703286,0.51056427,0.52011245,0.58933353,0.48776218,0.5729937,0.5213441,0.48340693,0.6012493,0.47785333,0.5875216,0.61449635,0.6049521,0.48705682,0.5752816,0.5332872,0.5436068,0.5395769,0.5733365,0.5091208,0.568172,0.47415313,0.44710246,0.662466,0.54520553,0.6181084,0.61877507,0.6393632,0.58781564,0.69534624,0.5794257,0.5454844,0.61868536,0.64262223,0.54442155,0.5387176,0.5762109,0.7074833,0.68586135,0.52762794,0.52588326,0.47151974,0.5505685,0.53223616,0.54771787,0.57124484,0.5410808,0.5741073,0.5485694,0.49367344,0.5104845,0.5157708,0.5338906,0.5492307,0.56448495,0.58170825,0.6032667,0.5245979,0.5488,0.53758484,0.54288596,0.54200107,0.5005196,0.5392812,0.5936848,0.58072245,0.54301536,0.5355774,0.47660044,0.46688527,0.50200886,0.61783713,0.62913305,0.5006337,0.56198853,0.4652213,0.59058636,0.55763495,0.5332763,0.46487468,0.5335657,0.5203092,0.56277406,0.5846323,0.523788,0.5821916,0.5311198,0.5315781,0.52320266,0.5111052,0.537369,0.64510834,0.523172,0.58734477,0.5172667,0.480564,0.5717189,0.6122584,0.5923828,0.49873495,0.56104755,0.5209897,0.57553685,0.56952024,0.6349889,0.6563733,0.58006215,0.54861623,0.58830523,0.6209673,0.6090242,0.5868557,0.5619305,0.57951856,0.63951826,0.553895,0.5690072,0.5932907,0.57252795,0.54058915,0.5688627,0.49899873,0.5453093,0.60112494,0.5595967,0.60409045,0.61366695,0.5781155,0.64527375,0.6488536,0.6140898,0.56179744,0.5741395,0.43736482,0.5405834,0.5016375,0.5861179,0.60250187,0.56541127,0.5757174,0.6448519,0.71310085,0.6276506,0.73535293,0.6292903,0.696149,0.7152719,0.63420886,0.6319955,0.64402187,0.52410734,0.58802193,0.55427444,0.5993791,0.49304578,0.52196795,0.5604629,0.5568825,0.5416662,0.6822993,0.52637017,0.6573961,0.52441156,0.66870385,0.67734474,0.5736319,0.5499863,0.53661484,0.5368489,0.5714465,0.61418146,0.54099095,0.527879,0.6079936,0.5802084,0.60364896,0.5318269,0.56459844,0.55173737,0.6380552,0.5834957,0.5253986,0.5373704,0.55553675,0.52786475,0.5605188,0.5405257,0.47785622,0.56510144,0.48133305,0.6243266,0.59279794,0.5845056,0.52869093,0.554503,0.55325454,0.54775846,0.5372573,0.59053904,0.50591606,0.57868207,0.46525416,0.49707547,0.64442945,0.5282689,0.63566214,0.673596,0.6802496,0.6226805,0.66537374,0.57532513,0.54150987,0.59871376,0.5967391,0.547236,0.55595493,0.5881772,0.7072131,0.6725943,0.562534,0.50068086,0.47871646,0.5147861,0.5546266,0.54385877,0.554386,0.52493453,0.58489656,0.5511861,0.49395585,0.5062128,0.5312109,0.5833493,0.56473,0.61133945,0.56124383,0.5573744,0.5411135,0.5445651,0.5251428,0.5548273,0.56594557,0.5353119,0.5607728,0.5799429,0.57254255,0.5483494,0.5147671,0.46319354,0.4668351,0.49764237,0.5710178,0.6243813,0.5225839,0.5575603,0.4862951,0.6051202,0.5493565,0.5657363,0.46806726,0.6049909,0.583861,0.5681981,0.5881191,0.54372114,0.5526075,0.49927995,0.5470572,0.53274554,0.5253512,0.5130101,0.64131755,0.57345235,0.57190204,0.485705,0.5137797,0.5220453,0.6175822,0.6197877,0.51146495,0.57009447,0.5286441,0.54547846,0.5625433,0.60132027,0.5402821,0.54508233,0.53166103,0.53365636,0.56647635,0.56279504,0.5706378,0.57349825,0.5568101,0.5568529,0.53668237,0.53865016,0.5509133,0.53526026,0.60411143,0.6038107,0.5683297,0.5667678,0.5754391
839,0.64437956,0.5970557,0.5649499,0.5921441,0.593375,0.5850345,0.54474616,0.5704946,0.5815098,0.5931246,0.59290177,0.5900687,0.5876572,0.5907556,0.5532733,0.5764496,0.5286241,0.5389494,0.57241887,0.5834017,0.57960343,0.57600987,0.5868018,0.64728564,0.61233014,0.578114,0.5941852,0.5762619,0.4529573,0.5478727,0.50817776,0.6332975,0.5568421,0.59027416,0.61224407,0.65499544,0.7177412,0.63831925,0.7134822,0.6537683,0.71775115,0.7210174,0.6341687,0.6134171,0.6440424,0.48480365,0.5904019,0.5690861,0.54155225,0.507678,0.5264484,0.56075364,0.57218,0.56933886,0.66152614,0.53511953,0.6616375,0.53258234,0.6761476,0.68665904,0.5652688,0.55888927,0.52819324,0.56107575,0.58956146,0.63683236,0.5552264,0.510768,0.6453792,0.5798203,0.56582475,0.54560363,0.5771512,0.50691795,0.6003588,0.5950919,0.5177312,0.52500993,0.60354203,0.4885094,0.58571625,0.529128,0.4884588,0.60570097,0.48600507,0.6063188,0.6351026,0.6178208,0.5088699,0.59449065,0.54933167,0.5417875,0.5396343,0.5882337,0.5133652,0.568411,0.4771436,0.45771086,0.65478307,0.55401725,0.6205338,0.6230561,0.64839125,0.597933,0.69149584,0.5873833,0.56442624,0.62000316,0.64978397,0.55670655,0.5477643,0.6006501,0.69429225,0.68364376,0.53340054,0.53759164,0.4866522,0.55235326,0.5318137,0.55819404,0.5665131,0.54070497,0.5948988,0.5660133,0.52021116,0.5059573,0.5066773,0.5627636,0.5711084,0.5849072,0.59309655,0.6235096,0.5248354,0.5531381,0.5367399,0.5438814,0.5479361,0.50769085,0.56474125,0.60766655,0.59144235,0.5401179,0.5266299,0.4869123,0.46995434,0.49530023,0.61855847,0.6320821,0.5157845,0.58608484,0.47641745,0.5945617,0.5587744,0.53252196,0.45533097,0.55727804,0.5417511,0.57034886,0.59454197,0.51638436,0.61610043,0.54169226,0.5372246,0.52789414,0.5248767,0.53739136,0.65312606,0.53363895,0.5966234,0.53501636,0.48039585,0.5796044,0.6248438,0.6063108,0.52405924,0.58615404,0.53606445,0.59562886,0.5801037,0.6561862,0.6521503,0.59530956,0.55289364,0.5898922,0.6236745,0.6147982,0.58728945,0.5667311,0.5810706,0.645133,0.56719536,0.59806275,0.5948187,0.58888054,0.5615443,0.5764463,0.51844686,0.56244445,0.60231435,0.5654519,0.6231207,0.6282745,0.59572595,0.6521508,0.6631095,0.6391188,0.5817746,0.60737616,0.44982225,0.5831824,0.5066231,0.62155646,0.63120866,0.58454835,0.6119059,0.63755625,0.7041284,0.6272007,0.7242061,0.6226153,0.6878762,0.7056452,0.6270631,0.635237,0.6284906,0.51241493,0.5946831,0.56543547,0.6012557,0.5006226,0.53471637,0.5717966,0.56151026,0.5544793,0.6728867,0.54145664,0.6699237,0.53912514,0.665126,0.6733499,0.6004463,0.58114845,0.5643251,0.567305,0.58990586,0.6301593,0.57509136,0.5649266,0.6495785,0.6141487,0.6567849,0.5606987,0.6086584,0.5794254,0.67307794,0.6076392,0.5527117,0.5483299,0.58987653,0.55043685,0.5859535,0.5579169,0.5044792,0.58066565,0.5144008,0.6487675,0.61638665,0.61148,0.56378496,0.58733135,0.58212763,0.55812293,0.544715,0.6176606,0.5234766,0.5779672,0.48158523,0.5302599,0.6394606,0.5380053,0.6342136,0.67231166,0.68706113,0.62646705,0.6518974,0.5842742,0.5582474,0.60886836,0.61225784,0.55596536,0.57796013,0.61368537,0.69642717,0.6695239,0.5631542,0.51434255,0.48955294,0.5182915,0.5624645,0.55731744,0.5554076,0.52738595,0.6203394,0.56866133,0.526945,0.49777418,0.52349234,0.6148418,0.6017877,0.6496064,0.5758862,0.57376105,0.5570201,0.55148757,0.52985394,0.57039475,0.5808256,0.5495484,0.593949,0.6051651,0.58985406,0.5471803,0.5068439,0.48627266,0.4880826,0.49872646,0.5713462,0.6266706,0.55895835,0.5964503,0.512287,0.6084162,0.55055684,0.5690609,0.4550321,0.6226106,0.59662354,0.57555705,0.5943,0.5416095,0.598015,0.50887126,0.5516481,0.53684354,0.5434446,0.51255715,0.651565,0.5823987,0.59606713,0.5186447,0.54378074,0.52784204,0.629147,0.63020945,0.54115194,0.5967428,0.5426685,0.5551086,0.5900824,0.6200248,0.5479671,0.5534866,0.53528637,0.5408433,0.5779734,0.57352483,0.58245647,0.5820024,0.55756843,0.5595118,0.54485554,0.5461923,0.54974586,0.5356934,0.61156845,0.6108127,0.5722674,0.5709827,0.57710546
840,0.62794876,0.61058867,0.56940967,0.58733654,0.5871196,0.57899046,0.5421992,0.57614064,0.5883508,0.59741247,0.5996772,0.59971344,0.58551586,0.6057019,0.5749415,0.58432376,0.54944503,0.5463975,0.5663951,0.5858965,0.5802517,0.57451594,0.6004613,0.64592266,0.6268546,0.58155465,0.6174461,0.59959006,0.47971258,0.563377,0.505563,0.6539981,0.5709459,0.5994887,0.63276696,0.6576006,0.7081262,0.6450367,0.70372313,0.6504071,0.7015117,0.71617144,0.6287488,0.61965543,0.64677614,0.50765413,0.6122082,0.57947606,0.56001043,0.5362166,0.5483807,0.5831249,0.5784932,0.5928327,0.65249324,0.55828744,0.66808736,0.54291815,0.6765325,0.680029,0.5741538,0.57450306,0.53130484,0.5781626,0.5916254,0.6248417,0.5608283,0.52097356,0.6605038,0.57670623,0.574722,0.5389306,0.59766155,0.50207037,0.6007048,0.6009291,0.5139515,0.53566056,0.60209453,0.49010226,0.5877043,0.527446,0.48984784,0.612873,0.49623343,0.6233977,0.642767,0.61437434,0.5278842,0.6046009,0.56178755,0.5303218,0.53735936,0.59399116,0.5267572,0.5799734,0.48228258,0.47019428,0.639987,0.56172127,0.6220589,0.6211528,0.65096694,0.6033273,0.683121,0.59415495,0.5767193,0.6201108,0.6489205,0.5675211,0.5556261,0.61768824,0.6758911,0.6737969,0.5491097,0.567102,0.52304035,0.54994166,0.5282907,0.56172246,0.5548994,0.537408,0.60589844,0.5800731,0.54339314,0.5015754,0.5049454,0.58564353,0.58686334,0.59766734,0.59626055,0.6288614,0.5199268,0.5549396,0.5333807,0.54205024,0.55677533,0.52407986,0.5851652,0.6262073,0.604235,0.5460943,0.535623,0.5025724,0.47852072,0.5013462,0.62418425,0.6421196,0.52827436,0.60086596,0.48378772,0.5950286,0.5569412,0.52852875,0.45287544,0.5721072,0.5679956,0.5696391,0.5961897,0.51342726,0.6429606,0.55626804,0.5405435,0.52948254,0.535784,0.5358219,0.6544537,0.5459497,0.5984032,0.54616475,0.47166917,0.58267456,0.6296269,0.6152374,0.54507214,0.5991848,0.54697907,0.60930955,0.5858386,0.6693013,0.63857955,0.60738873,0.55486524,0.58626926,0.6174353,0.61020947,0.5777127,0.5730297,0.58233696,0.64863276,0.58335197,0.62001115,0.5897037,0.6068849,0.5889199,0.57930636,0.53894395,0.57547086,0.596818,0.560787,0.62776965,0.6303457,0.6102853,0.6503733,0.6758637,0.6547779,0.60902196,0.63858235,0.48481053,0.61318386,0.512909,0.64348817,0.64322954,0.59491616,0.6385586,0.6332341,0.694634,0.63181186,0.7112499,0.6156097,0.67668843,0.69866747,0.6193289,0.6432355,0.6327084,0.5331283,0.614627,0.57881165,0.6142513,0.52591866,0.5542885,0.5897584,0.5683774,0.5735104,0.66316086,0.5605555,0.67861176,0.5513641,0.65726054,0.6684583,0.6212571,0.6026258,0.5829819,0.59495556,0.5929467,0.62776595,0.59976864,0.5902352,0.6764258,0.6312597,0.69315004,0.5775494,0.6441457,0.59667385,0.69269335,0.6142529,0.5656315,0.564445,0.61871433,0.5773305,0.60133785,0.57313776,0.5282966,0.60335815,0.544035,0.6709539,0.628044,0.62150216,0.5985153,0.6152559,0.6059585,0.55662036,0.54873544,0.62960285,0.5530594,0.5912701,0.50157833,0.5565184,0.62825805,0.54680115,0.62747586,0.6620829,0.6882892,0.6251612,0.63873273,0.5918817,0.5709122,0.6194637,0.62019604,0.5615683,0.59454364,0.6324069,0.6792904,0.65817106,0.5672255,0.5405332,0.5200981,0.5207503,0.56783545,0.5645077,0.5531409,0.52850467,0.64491993,0.5843029,0.5547783,0.49172303,0.52112895,0.63387036,0.6313056,0.6763492,0.5821912,0.5805926,0.5658788,0.55411214,0.5330375,0.5884713,0.6007188,0.56473833,0.6202477,0.63208187,0.6112321,0.55332285,0.52129287,0.5168499,0.51468223,0.5136254,0.5797528,0.6352049,0.5905343,0.62334,0.53303856,0.60845155,0.5480387,0.5656389,0.45203578,0.6291305,0.61284643,0.5750019,0.593765,0.536512,0.6368597,0.5292504,0.5531966,0.53487134,0.55600137,0.5108813,0.65640473,0.59032834,0.6125724,0.5517244,0.5600095,0.53323466,0.63316894,0.6329158,0.56724054,0.6116109,0.5499078,0.5626954,0.6133453,0.63035715,0.5520531,0.5592066,0.53679496,0.54543483,0.5809655,0.57785356,0.5908287,0.5867099,0.555049,0.55966806,0.54832196,0.5500031,0.5481617,0.53429264,0.6115372,0.61113375,0.5738212,0.5730539,0.575358
841,0.60472035,0.6161272,0.57239354,0.5790773,0.5760403,0.56545556,0.5355231,0.5792564,0.5916195,0.59847885,0.6030062,0.6013531,0.580763,0.61631656,0.59589607,0.58709204,0.5723727,0.5496003,0.5581242,0.5799243,0.5732529,0.5665067,0.6039922,0.6375016,0.6328776,0.57991093,0.6421625,0.61652833,0.51978385,0.56939775,0.50066346,0.66403425,0.57734954,0.59577614,0.64482564,0.6563737,0.697303,0.6510016,0.6899944,0.64236706,0.67762816,0.71150315,0.621453,0.62868863,0.6600687,0.5529447,0.6379895,0.58937615,0.58735675,0.5778679,0.5701896,0.60606354,0.58199733,0.61388373,0.6405753,0.582889,0.6647547,0.5463349,0.67168885,0.6700424,0.57667804,0.58088654,0.5257394,0.5909111,0.58329636,0.5949692,0.5566226,0.5233841,0.663218,0.56195325,0.5739958,0.51900923,0.61105365,0.48750696,0.58877075,0.59528494,0.49918166,0.54705065,0.5868892,0.4901033,0.57950735,0.51505435,0.48595208,0.62148446,0.5059287,0.63829845,0.6385572,0.59717196,0.54080313,0.6050339,0.56969565,0.5104767,0.53298277,0.5905738,0.54275954,0.5979517,0.48720556,0.483641,0.6204416,0.566453,0.6204929,0.61272633,0.646354,0.6031673,0.66984916,0.59738237,0.58109254,0.62020195,0.6411437,0.57394934,0.5618034,0.6267532,0.654969,0.6582987,0.5690167,0.604976,0.56984437,0.54370755,0.5223006,0.5577711,0.54026824,0.53068984,0.607661,0.5886721,0.56016695,0.5008286,0.5099281,0.6005742,0.59543604,0.60142106,0.5919989,0.6216871,0.5103723,0.5541251,0.5275831,0.5362803,0.56465775,0.545034,0.5991416,0.64527625,0.61690396,0.5598016,0.55939215,0.51660305,0.48593643,0.51722705,0.63081455,0.6553463,0.53561425,0.6061682,0.48667744,0.5935967,0.5547013,0.52437764,0.45799616,0.57924455,0.5949148,0.5653997,0.5934392,0.5178488,0.6590704,0.57141876,0.54261655,0.5287194,0.54274315,0.5333595,0.64854395,0.5567944,0.5934201,0.54812706,0.45374244,0.58195543,0.626579,0.6178654,0.5591088,0.6017367,0.5523204,0.6154752,0.5878121,0.6743846,0.6181007,0.6161517,0.5557308,0.5789354,0.6048827,0.59881365,0.56288815,0.57703286,0.58073115,0.6505547,0.599114,0.6336981,0.5820888,0.621347,0.61403507,0.57990015,0.5596329,0.5842784,0.58957535,0.5519227,0.6227412,0.62410927,0.6212013,0.6412156,0.6864447,0.660166,0.6385598,0.66466534,0.5316386,0.6275076,0.5197162,0.6490993,0.63923156,0.5925187,0.65202284,0.62694436,0.68434066,0.63951933,0.69393736,0.60606855,0.66211975,0.6920971,0.6115059,0.653819,0.65255564,0.57797986,0.6398446,0.59433347,0.63547945,0.5615815,0.5741906,0.60810244,0.57356113,0.592174,0.6508343,0.5791861,0.6818778,0.5578791,0.64755553,0.66394794,0.63505644,0.61201024,0.5891725,0.61740804,0.58197707,0.6075041,0.6118535,0.602354,0.6884611,0.63000494,0.7118537,0.5792367,0.6676384,0.59991825,0.69678664,0.6029847,0.56228685,0.58036923,0.6393149,0.60310715,0.6046245,0.58222246,0.54350495,0.629311,0.56370753,0.68964934,0.62633026,0.61534965,0.628142,0.63379556,0.62150466,0.5426956,0.5485858,0.6261413,0.5851169,0.6136562,0.5181948,0.57196546,0.61213046,0.5527163,0.61437726,0.6429747,0.6833302,0.6184487,0.6255019,0.5961367,0.578091,0.6300471,0.62017053,0.5628172,0.60384136,0.64250743,0.6587317,0.6412537,0.5720022,0.5719997,0.56112695,0.5213005,0.5691746,0.5646067,0.54874104,0.52783626,0.65746945,0.5958146,0.5740953,0.49112463,0.5258247,0.6404954,0.6504719,0.68959206,0.5809632,0.57907933,0.5654865,0.5522743,0.5346407,0.6050083,0.61993665,0.5801645,0.63747,0.6559208,0.63289225,0.56541884,0.5534706,0.5444608,0.5367936,0.53928703,0.59255934,0.64690363,0.6119953,0.63620865,0.5447735,0.6066943,0.5448359,0.5596437,0.46004477,0.6272468,0.63001686,0.57183313,0.59053403,0.532843,0.66263354,0.5544635,0.55397165,0.52812976,0.56144893,0.5093445,0.6551621,0.59418154,0.61850065,0.57850754,0.55909187,0.53721845,0.62965274,0.62851566,0.58624756,0.6153453,0.54967755,0.5678756,0.6300111,0.632745,0.55320644,0.5615216,0.5354884,0.5462083,0.57604146,0.575729,0.5951221,0.5873943,0.55000687,0.55740076,0.54642695,0.549154,0.54637146,0.5317057,0.6043525,0.60467803,0.57184446,0.57174194,0.57065433
842,0.5800729,0.6153099,0.57447296,0.5701085,0.56394047,0.54990834,0.52964026,0.5768847,0.58842593,0.5972377,0.60338837,0.59736204,0.5765214,0.62046355,0.6118,0.58709383,0.5938635,0.5494025,0.55215955,0.57291484,0.56492984,0.55581295,0.60017276,0.62352943,0.6317984,0.5744567,0.6638511,0.6252898,0.5648339,0.5676069,0.49668998,0.6630036,0.5780667,0.5798093,0.647764,0.6466544,0.68437743,0.65478647,0.66941845,0.6278088,0.6478187,0.70311654,0.6130568,0.637802,0.6776519,0.60427165,0.6588681,0.5990454,0.616558,0.6183377,0.585006,0.6220895,0.5797998,0.6266372,0.62402666,0.60277295,0.652131,0.54187477,0.66359603,0.65935934,0.57444596,0.5807941,0.51398206,0.60118437,0.5700511,0.5546254,0.54571384,0.52153885,0.65595084,0.5391866,0.566861,0.49238664,0.61800706,0.46647465,0.5683203,0.58077407,0.4762036,0.5549312,0.56262213,0.48748282,0.56403637,0.49460882,0.47836637,0.63073945,0.5144798,0.65129495,0.6252132,0.5710949,0.5472038,0.5970545,0.5738909,0.48653248,0.5271757,0.5800009,0.55538607,0.6158292,0.4912491,0.49841455,0.5991473,0.5667922,0.6130931,0.598018,0.6345681,0.596639,0.6512404,0.5954648,0.57765687,0.6218145,0.6291917,0.57448465,0.56714106,0.62950814,0.6344467,0.6401511,0.585834,0.63904536,0.6126669,0.53508,0.5154429,0.54776317,0.52702445,0.5210669,0.6020825,0.5896437,0.5686355,0.50605214,0.5192587,0.606964,0.596854,0.59668237,0.5822396,0.6053899,0.49797818,0.5511866,0.5202891,0.5271502,0.5682566,0.5648761,0.6061528,0.66072345,0.62683153,0.57781374,0.59063,0.52471614,0.4879756,0.5377036,0.6336329,0.6672648,0.53787905,0.6037283,0.486833,0.59159595,0.5541314,0.52314174,0.46994203,0.5814461,0.6179601,0.5627166,0.5911012,0.53018326,0.66348374,0.5848186,0.5444708,0.52710605,0.54589957,0.5307866,0.6365646,0.5625538,0.5846203,0.54270804,0.4295901,0.5788539,0.6163438,0.6133715,0.5640717,0.596628,0.5519019,0.6144381,0.5885865,0.6730338,0.59555215,0.6218009,0.55629474,0.57078475,0.59059954,0.585983,0.5493567,0.57495594,0.5737769,0.6510457,0.61085784,0.6398486,0.57633525,0.6290556,0.6305245,0.5802085,0.577905,0.5894564,0.58495,0.54599047,0.6137149,0.6153854,0.62793,0.62657183,0.69401854,0.6564653,0.6646338,0.68336767,0.57689595,0.62674475,0.5268045,0.6393655,0.6225331,0.5774871,0.65202826,0.61345714,0.67206746,0.6474057,0.6693729,0.5914075,0.6437262,0.6820733,0.6038803,0.6641381,0.6780956,0.63025445,0.65980244,0.6097318,0.657661,0.59614664,0.5870174,0.61948705,0.5729988,0.6030608,0.63342625,0.5925227,0.6786013,0.557461,0.6383145,0.6605703,0.64243776,0.6107617,0.58312345,0.6341645,0.56178564,0.57331085,0.6117967,0.60281444,0.6871523,0.6124914,0.71443456,0.56694895,0.6782845,0.58975744,0.68763506,0.5770974,0.544634,0.5911394,0.65060586,0.62281334,0.5968804,0.5835825,0.5481938,0.65439063,0.5707718,0.70447314,0.61314577,0.59618735,0.6508261,0.64068884,0.6281904,0.5196714,0.5442722,0.6097621,0.6106991,0.6368811,0.5271156,0.5761655,0.59336317,0.55413556,0.5939437,0.6161008,0.67174184,0.6059193,0.6102735,0.59549344,0.57881624,0.64022017,0.6136995,0.55949044,0.60663366,0.6441552,0.63809955,0.62224036,0.5741391,0.59887075,0.5992628,0.51957726,0.565769,0.5584445,0.54346704,0.52512336,0.6591276,0.6005917,0.5827965,0.49743336,0.53658473,0.6364738,0.65858996,0.689377,0.5743018,0.5718553,0.5560691,0.5467853,0.53500026,0.616794,0.6330709,0.59391123,0.64526296,0.67274827,0.65061617,0.58018744,0.5933108,0.56094754,0.5477475,0.56884223,0.6031614,0.65744907,0.6216196,0.6360629,0.54683447,0.6041618,0.5438831,0.55503917,0.4772487,0.6209021,0.6445166,0.5704806,0.58869046,0.5339134,0.67310655,0.57807004,0.55571353,0.51887333,0.5597421,0.509148,0.64785147,0.5913503,0.6139733,0.5961295,0.5424876,0.53908414,0.6192294,0.6179944,0.5952303,0.61018467,0.54276794,0.57048875,0.6402661,0.62972003,0.55288386,0.5607287,0.5312173,0.5427349,0.5663908,0.5693699,0.5956361,0.5849688,0.5438665,0.5534339,0.53988737,0.54394275,0.54464895,0.52885115,0.5920005,0.59294003,0.5662393,0.56664896,0.5641505
843,0.56129795,0.6108268,0.57635975,0.5638667,0.55536705,0.5386788,0.5291482,0.5681092,0.57822186,0.59528613,0.6018777,0.5908004,0.57526463,0.6189611,0.6214266,0.5865381,0.60909426,0.54738605,0.55172324,0.57119125,0.56059057,0.5468254,0.5934116,0.60624665,0.6251734,0.5671151,0.6788628,0.6247544,0.60636866,0.56165296,0.49782535,0.65247595,0.5772461,0.5563831,0.6428624,0.6266269,0.66900605,0.6555904,0.6408988,0.6067272,0.6156044,0.68709373,0.60483277,0.64496744,0.6922373,0.64581585,0.66732657,0.6078608,0.63972,0.64600194,0.58834636,0.62579566,0.5709634,0.6273632,0.6029122,0.61297363,0.6322354,0.53122324,0.65491474,0.65088004,0.5697844,0.5785398,0.50094867,0.6106121,0.55818933,0.51504177,0.5322223,0.51974976,0.6417331,0.5130759,0.55730754,0.46746328,0.6200812,0.44517174,0.54483056,0.56112856,0.45011887,0.5572288,0.5356349,0.48352638,0.5460283,0.47218865,0.4705853,0.63960606,0.52227974,0.66264665,0.6067806,0.54278415,0.54862225,0.5830275,0.5758126,0.46451214,0.52087855,0.5655932,0.5613802,0.62787336,0.4953931,0.5152319,0.5793815,0.5620921,0.5981221,0.578607,0.6166169,0.5833291,0.62692463,0.58821243,0.56705886,0.62577474,0.61658674,0.5692155,0.57272947,0.62798625,0.6168006,0.6225517,0.5934457,0.65917754,0.63956565,0.52639747,0.5102534,0.5348008,0.5192692,0.5102319,0.59120226,0.58102,0.5676411,0.5177505,0.5304833,0.60493225,0.59166837,0.58545077,0.56927115,0.5839014,0.4857003,0.5468313,0.51316446,0.51693785,0.5661357,0.5790409,0.6055549,0.668879,0.63222265,0.59583306,0.62073255,0.52625513,0.4845052,0.557085,0.62846667,0.6741262,0.536815,0.59623975,0.4873048,0.5894704,0.5562482,0.5269241,0.4873176,0.5815184,0.6327817,0.5648261,0.59287,0.5484278,0.6577141,0.5956815,0.5466766,0.52613693,0.546165,0.52851003,0.6209287,0.5609254,0.5760161,0.5349396,0.40492633,0.574149,0.59999025,0.60161173,0.5582362,0.5870596,0.5463718,0.6068688,0.59098506,0.6676426,0.57765836,0.62429386,0.5570144,0.5653503,0.5796377,0.5769564,0.5430239,0.565219,0.56114614,0.65000355,0.6161547,0.6402324,0.575679,0.6299712,0.63618034,0.5811882,0.5898348,0.59136057,0.5851313,0.54807717,0.60489887,0.60911715,0.63025355,0.6088789,0.69706166,0.64642733,0.6827051,0.6930185,0.609672,0.6140439,0.5351063,0.6182273,0.59914976,0.5541562,0.64107054,0.5902989,0.6568679,0.6524317,0.63617384,0.5708751,0.62208587,0.66472375,0.5969815,0.6714702,0.6985572,0.6726565,0.66563326,0.62153304,0.67237455,0.61914176,0.58781016,0.61862355,0.56489277,0.60117453,0.6102899,0.59693855,0.66851103,0.5512431,0.63119394,0.6587141,0.6445957,0.6026076,0.5680101,0.64567876,0.5395652,0.53371423,0.60221547,0.5946752,0.6746637,0.58349806,0.70358163,0.545167,0.6769349,0.570098,0.66950005,0.5428004,0.5172771,0.5936153,0.6523699,0.633367,0.58160543,0.57800454,0.5433807,0.67461914,0.5656062,0.7151256,0.5929176,0.56930834,0.6661602,0.6356045,0.62684476,0.49372575,0.5365624,0.58524567,0.62440753,0.65278363,0.52741,0.57071996,0.5749758,0.5501419,0.56690544,0.5846059,0.6537528,0.58761346,0.5906127,0.589279,0.57209086,0.6492397,0.6035823,0.552323,0.605085,0.6389093,0.62024987,0.6045748,0.57086605,0.61217093,0.6224897,0.5159878,0.5585144,0.5482888,0.5389737,0.5207348,0.6520461,0.5961413,0.57966065,0.5101616,0.5506194,0.6243696,0.6564001,0.6771045,0.5647213,0.56198424,0.54004294,0.5389719,0.53456813,0.6219804,0.63642216,0.60312676,0.6442093,0.6799399,0.66116714,0.59403366,0.6290593,0.5627068,0.54576105,0.59423274,0.6047448,0.6625857,0.6199993,0.6257929,0.54071426,0.6011263,0.5469354,0.55437684,0.49985954,0.6136855,0.6523902,0.57297045,0.59069926,0.5409009,0.66954446,0.5954774,0.55899143,0.5094662,0.55219406,0.5106865,0.63509816,0.58079404,0.60187066,0.604898,0.5150241,0.53848606,0.6030494,0.60250056,0.59158885,0.59930813,0.5311079,0.5697957,0.64584994,0.6247298,0.5523401,0.55774057,0.5244219,0.53562826,0.5564741,0.56219804,0.5932753,0.5810028,0.5384186,0.54897404,0.53060997,0.5358971,0.5430913,0.5264222,0.57771456,0.578827,0.55849504,0.5588925,0.55745333
844,0.5549859,0.6052811,0.57851994,0.56314635,0.55391914,0.5366755,0.536632,0.55405813,0.56278247,0.59419006,0.59952533,0.58411664,0.5777937,0.61517215,0.626186,0.58646643,0.6139598,0.5451781,0.557395,0.5773155,0.56255305,0.5430618,0.58809346,0.58837855,0.61444235,0.559801,0.68514097,0.6151224,0.6379805,0.5562072,0.50788873,0.6362438,0.57990676,0.5341763,0.6334704,0.59782565,0.65175885,0.6533314,0.6062212,0.5817066,0.5860584,0.66144603,0.59818655,0.6491036,0.69794136,0.6679526,0.6593739,0.6141042,0.65053135,0.6550901,0.5791368,0.61539084,0.5566147,0.6158906,0.5795882,0.6111685,0.60895896,0.51878977,0.64823574,0.6467767,0.5653366,0.57856786,0.49247995,0.62005645,0.55324113,0.48828322,0.5207691,0.5220194,0.6244276,0.48900437,0.5494778,0.45221373,0.6194273,0.4308262,0.5243907,0.54117495,0.42785123,0.5544063,0.512687,0.48126176,0.53097785,0.45546937,0.4667745,0.64665973,0.53027606,0.67193425,0.58822733,0.51962066,0.5479294,0.5663308,0.5768195,0.45031393,0.51535016,0.55155176,0.56066483,0.63082373,0.50175494,0.53429776,0.563973,0.552536,0.5764087,0.5574462,0.5947648,0.563824,0.5978436,0.577026,0.55081356,0.6312975,0.6066433,0.55965877,0.57910985,0.6241197,0.6038011,0.60821605,0.58918893,0.6601819,0.64479536,0.5204212,0.50956154,0.52327406,0.5196855,0.50095963,0.57737315,0.5622756,0.55731195,0.534262,0.5416065,0.5955758,0.5809443,0.5712983,0.5556693,0.5619544,0.47726998,0.54202235,0.50821066,0.50882876,0.55919486,0.58521414,0.59713745,0.6674203,0.6326323,0.6097962,0.64220554,0.52400815,0.47949007,0.57095003,0.6135333,0.6736382,0.535271,0.58708274,0.49172136,0.58660656,0.560843,0.53603154,0.5081125,0.5813468,0.63634306,0.5717695,0.599353,0.56843066,0.64581853,0.6046242,0.5493507,0.5267867,0.5450198,0.52686995,0.6048434,0.551647,0.5712582,0.53092945,0.38672507,0.56787735,0.57940876,0.58350426,0.5415939,0.57662976,0.5375504,0.59402305,0.59676385,0.6608958,0.57076347,0.6232325,0.5578384,0.56545734,0.5758064,0.57518446,0.5471087,0.54888755,0.54468,0.64716625,0.61460173,0.6370563,0.58081645,0.62678516,0.6329568,0.58259654,0.59196323,0.5901348,0.58935094,0.5590852,0.59827083,0.60766184,0.6281884,0.59085923,0.69387996,0.63358265,0.6903379,0.6927276,0.62504715,0.59519315,0.54632044,0.5929988,0.5775588,0.53077215,0.62472665,0.5585138,0.6387409,0.652452,0.59593683,0.54663247,0.5993644,0.63837785,0.5915376,0.6738716,0.7061952,0.6940671,0.6529749,0.62641615,0.673359,0.62472665,0.57550746,0.60429245,0.55016017,0.5862929,0.5836741,0.5913258,0.65291786,0.5424806,0.62691015,0.6582397,0.64311785,0.5925989,0.5496615,0.6529006,0.5233201,0.5006252,0.58770627,0.5826882,0.6547625,0.55071515,0.68367594,0.52133495,0.6665198,0.5474778,0.6484589,0.5088648,0.48765436,0.58749926,0.6451723,0.6342378,0.5641874,0.568435,0.5327941,0.68696815,0.5520719,0.72103375,0.5716953,0.5423044,0.6745166,0.62076205,0.61937785,0.47208282,0.5272415,0.55958474,0.6251925,0.6562377,0.5217965,0.5591879,0.5600685,0.54080623,0.53717077,0.55367994,0.6308408,0.5648136,0.5657465,0.5782512,0.5580585,0.65577644,0.5934404,0.543027,0.6019056,0.62963605,0.6071519,0.59097284,0.5613233,0.6072504,0.62444824,0.5120395,0.54999924,0.5377099,0.5370391,0.51593447,0.6394652,0.5812308,0.56541,0.52690536,0.5643616,0.60781914,0.64596754,0.6561786,0.5549655,0.55259013,0.5221858,0.5306896,0.53392386,0.62015283,0.6290613,0.60508406,0.63576126,0.67659307,0.66300374,0.6040018,0.6514261,0.5517877,0.5344679,0.60905206,0.59336656,0.65950406,0.609871,0.6102922,0.5302168,0.59722275,0.5538722,0.5582597,0.52298594,0.60784876,0.6506137,0.57844245,0.5963285,0.55245924,0.65658194,0.6051332,0.56315416,0.5021189,0.541715,0.51350415,0.618473,0.5635922,0.58729815,0.6073063,0.48487753,0.5357642,0.5830411,0.5836035,0.5746267,0.58700675,0.5180285,0.5649808,0.6490376,0.6211218,0.5522006,0.55387795,0.5162348,0.5265752,0.55049366,0.5576189,0.5893748,0.57718664,0.53524464,0.5453595,0.52152044,0.5276104,0.54175955,0.52477336,0.5653253,0.5661647,0.55123293,0.5508498,0.5522052
845,0.56376696,0.6004068,0.5810301,0.5688732,0.5607663,0.5455134,0.5517419,0.5369604,0.54494154,0.5947952,0.59711564,0.57896304,0.5831547,0.61310744,0.6285927,0.58678055,0.6069871,0.5440861,0.56734365,0.58967465,0.5698877,0.5460278,0.58679926,0.5724501,0.601681,0.553782,0.6824275,0.59906226,0.6567623,0.5557434,0.5281265,0.6198338,0.58928573,0.5227978,0.62424564,0.5645792,0.6337935,0.648418,0.5700562,0.55704665,0.5643922,0.62774813,0.59411174,0.64975464,0.6916291,0.667733,0.6352182,0.61561525,0.64551085,0.6450658,0.55930436,0.5927199,0.5391462,0.59549767,0.55773115,0.5981826,0.5873957,0.5101126,0.64496005,0.64727813,0.56330705,0.58354926,0.4934884,0.62923276,0.55795926,0.48214358,0.51589334,0.53130156,0.6084558,0.4724603,0.54687333,0.4521225,0.61850286,0.42953837,0.51220495,0.52625686,0.41668263,0.5488857,0.4996682,0.48376662,0.52370316,0.4510291,0.47091365,0.6506822,0.5400501,0.6779095,0.57419735,0.50761855,0.5488033,0.55127794,0.5780428,0.44799942,0.51208377,0.5420629,0.5555709,0.62431943,0.5127301,0.5547878,0.5545713,0.53932214,0.5514236,0.53785986,0.57218623,0.54023236,0.5672882,0.5642667,0.5319801,0.636232,0.6014343,0.54834986,0.5859161,0.6195846,0.5964557,0.5988443,0.5744318,0.6418706,0.628628,0.51935583,0.5151609,0.5175387,0.52877724,0.49622157,0.5638887,0.53573835,0.54032123,0.5522543,0.5506505,0.58175683,0.56699204,0.5590096,0.5442733,0.5446274,0.47622153,0.5379654,0.506996,0.5054654,0.5501453,0.5831969,0.5827704,0.6562953,0.62866753,0.6166874,0.6502556,0.5229683,0.4790325,0.5770544,0.59046775,0.6652439,0.5367111,0.5800427,0.5034072,0.582185,0.56690687,0.5487912,0.5294291,0.5817468,0.62792486,0.58094406,0.6081596,0.5852291,0.6335237,0.61288106,0.5522522,0.52939206,0.54436177,0.52642494,0.59142053,0.536388,0.57230616,0.5353419,0.38145572,0.5601756,0.5575217,0.56136143,0.5174886,0.568993,0.5287271,0.57836735,0.6055784,0.6547926,0.57765675,0.6183513,0.55846214,0.5719671,0.58035004,0.58139426,0.56124043,0.52891314,0.5271042,0.6424054,0.60761285,0.6326973,0.589957,0.6230299,0.6253931,0.5835416,0.5830784,0.58633083,0.5948296,0.5757952,0.5942821,0.61062723,0.62198764,0.57481235,0.6838707,0.6213922,0.6872021,0.6831592,0.6240052,0.57805765,0.5613815,0.57319,0.5659233,0.51702636,0.6107231,0.5222103,0.6187012,0.6468496,0.55371016,0.52286357,0.5787669,0.6051936,0.5880836,0.67062163,0.69739306,0.69019425,0.62277246,0.62243146,0.658009,0.6121331,0.5526931,0.57950276,0.5315384,0.56288224,0.5579739,0.5775528,0.634732,0.5353094,0.6250384,0.65815574,0.6396459,0.58596903,0.53546405,0.6567704,0.5191313,0.4841647,0.5746233,0.57305914,0.63324386,0.5237476,0.6608275,0.5044133,0.6522219,0.5298134,0.6310325,0.48477238,0.46530387,0.5756151,0.63102996,0.6272762,0.550895,0.5591918,0.5229729,0.69022465,0.5377656,0.72150725,0.55577844,0.523312,0.67685044,0.6010627,0.6089448,0.46077815,0.5189724,0.5403648,0.6158067,0.646187,0.5161769,0.547402,0.55095077,0.5276287,0.51088554,0.5289612,0.605602,0.54039145,0.53801703,0.5646877,0.53932023,0.6582737,0.58675945,0.5340018,0.59962755,0.6198314,0.59978074,0.58288234,0.54723746,0.5851231,0.60517836,0.51005834,0.5434628,0.5307243,0.538918,0.5124797,0.6257645,0.5572329,0.5440187,0.54406416,0.5741902,0.5916537,0.6308783,0.632321,0.5477247,0.5463438,0.5089656,0.5242615,0.5336748,0.6122541,0.61317605,0.5983713,0.6228353,0.6639457,0.6563977,0.60821927,0.65576005,0.5354733,0.52186733,0.6102378,0.569746,0.6478216,0.59656054,0.5961525,0.5215777,0.5921986,0.5631153,0.56556994,0.5416889,0.60420394,0.6381756,0.58411205,0.6033278,0.5655089,0.64148647,0.6082472,0.5667423,0.49868453,0.5324166,0.51674426,0.6005825,0.5428245,0.5759782,0.60692626,0.46272406,0.5320313,0.56187123,0.5634513,0.54756135,0.5779215,0.508063,0.5563517,0.65149754,0.6207372,0.5524823,0.5505608,0.5084663,0.51787055,0.55097,0.5578474,0.58551145,0.5748594,0.53508717,0.54358685,0.5158437,0.5220299,0.5408776,0.5240856,0.557985,0.55838007,0.54681957,0.5449143,0.549588
846,0.5851156,0.5970922,0.58378094,0.57997745,0.5745818,0.5633901,0.57153755,0.5192762,0.527197,0.5971868,0.59549546,0.576668,0.5896912,0.6156379,0.6311219,0.58729756,0.5900042,0.54525685,0.5791282,0.6045011,0.57993555,0.5550471,0.58983856,0.55965674,0.5896996,0.54914963,0.6719555,0.5816632,0.6632226,0.56339204,0.55661255,0.60816085,0.6053905,0.5290383,0.6192822,0.532561,0.61611533,0.6413733,0.53823805,0.5366684,0.55375826,0.59079653,0.59282684,0.6465952,0.67293286,0.6469649,0.5989055,0.61136013,0.624404,0.6195145,0.53273636,0.56221306,0.5212031,0.57123995,0.5405448,0.5773901,0.57178074,0.509638,0.6445766,0.6502119,0.5646927,0.59308153,0.5063777,0.6368326,0.57166153,0.49777022,0.5206646,0.54888505,0.59707797,0.46725497,0.5510922,0.469485,0.6191198,0.44517633,0.5110911,0.5200403,0.42197508,0.5442803,0.50017834,0.4932901,0.52724946,0.4628557,0.48640406,0.6513101,0.55354035,0.67877233,0.5669975,0.5093337,0.5543902,0.5416784,0.5800987,0.45930827,0.51230663,0.5395851,0.55019754,0.61032003,0.530268,0.5749635,0.55115783,0.5245645,0.52737975,0.52203524,0.55176747,0.51570415,0.539848,0.5522775,0.5148192,0.6381476,0.60110563,0.53834474,0.591746,0.6151937,0.5946094,0.59466654,0.5535057,0.6082032,0.59617585,0.5240899,0.5269588,0.52028966,0.5449369,0.49828392,0.5545465,0.5061683,0.52189755,0.56828547,0.5559632,0.5679311,0.5533856,0.55291545,0.53747815,0.53547144,0.48491743,0.53572524,0.5101773,0.50832665,0.5427995,0.57463825,0.5668521,0.6379315,0.6215776,0.6152519,0.64361316,0.5288989,0.48924616,0.57594776,0.56358653,0.6501678,0.5441651,0.5782554,0.52458894,0.5761934,0.5731764,0.5624141,0.54838157,0.582968,0.60951596,0.5892684,0.6161408,0.5949717,0.62593997,0.62171847,0.5549707,0.5340154,0.54620296,0.5278511,0.58267623,0.5179323,0.57882464,0.55019176,0.3937912,0.55184966,0.53728944,0.5382849,0.49205646,0.5668382,0.5236469,0.5633287,0.6149438,0.64948833,0.596184,0.6101759,0.55876607,0.58360684,0.5918684,0.5937587,0.58208835,0.5088902,0.5105403,0.63612795,0.59786874,0.6293433,0.6004651,0.62156916,0.6187041,0.58341527,0.5649805,0.58120346,0.598865,0.59325826,0.592714,0.6160084,0.61242294,0.56159806,0.6681205,0.6121274,0.6747664,0.6668404,0.61157984,0.56999123,0.57984203,0.5665987,0.5685874,0.5207786,0.6060897,0.48708516,0.59826493,0.6364048,0.5161842,0.50351405,0.5628955,0.5705622,0.5865535,0.6621006,0.6720536,0.6612729,0.5806254,0.60982984,0.62738436,0.5849169,0.5241923,0.54981947,0.51214546,0.5374539,0.53737396,0.5596104,0.6171708,0.5330966,0.6240889,0.6566134,0.6352391,0.58619416,0.53164905,0.6576943,0.52968025,0.48874182,0.5690193,0.5713229,0.615747,0.51068085,0.64045805,0.5017412,0.6395285,0.5239575,0.62146324,0.47746623,0.4585156,0.5631716,0.61357075,0.61602753,0.5474113,0.5549151,0.5217579,0.6850705,0.53135365,0.7158498,0.5499643,0.51794016,0.67384875,0.581992,0.5990254,0.46348256,0.5143401,0.53263605,0.6021706,0.624993,0.5178562,0.5418171,0.54842573,0.5133234,0.4930781,0.5140123,0.5805939,0.5178105,0.5117109,0.5515896,0.5204608,0.655566,0.5855418,0.527739,0.5994845,0.6120861,0.5978401,0.5801794,0.5322534,0.5516644,0.5701675,0.5122076,0.54134566,0.5303392,0.5448493,0.5120004,0.6153383,0.5280507,0.5220506,0.55829597,0.5773821,0.580628,0.6154566,0.61154926,0.54483175,0.54449767,0.50661117,0.521792,0.53431463,0.60081065,0.5936404,0.5836747,0.60958374,0.64525086,0.6434279,0.60636353,0.64212334,0.5238098,0.517729,0.59866244,0.53856397,0.6296118,0.58664554,0.5895562,0.52183914,0.5866928,0.57273877,0.5742505,0.55266,0.6026422,0.6164643,0.58715415,0.60937935,0.5768549,0.63193125,0.60804933,0.56827635,0.50039303,0.52824384,0.5196917,0.58433574,0.52230763,0.57197917,0.60701627,0.45820278,0.52869225,0.5419225,0.54410887,0.51721555,0.575058,0.5054163,0.54577845,0.653298,0.6230204,0.5529421,0.5488895,0.5033213,0.5117427,0.55819434,0.56335795,0.58306617,0.5747008,0.5376676,0.5439786,0.5160484,0.52147955,0.54071623,0.5244586,0.55695844,0.55711985,0.54627967,0.5423355,0.5499819
847,0.61281604,0.5955839,0.58635926,0.59394324,0.59241503,0.58643687,0.59206307,0.50304145,0.51105493,0.6009387,0.59583557,0.57808405,0.59578955,0.6234151,0.63543713,0.5881112,0.56775236,0.5496845,0.5912163,0.6182589,0.590082,0.56817985,0.5957784,0.5499109,0.5807563,0.545108,0.6557608,0.56816715,0.6601395,0.5799201,0.58929074,0.6032927,0.625432,0.55433965,0.62040806,0.5065592,0.599348,0.6327965,0.51506734,0.52253616,0.5539677,0.5565355,0.59370106,0.63961643,0.6440799,0.61170524,0.55760837,0.6024333,0.5907793,0.5859771,0.50409,0.5294939,0.50489885,0.5480007,0.52955854,0.553761,0.56375283,0.51932615,0.6451578,0.6520349,0.56932265,0.6047134,0.53083074,0.641314,0.5910772,0.5306329,0.53570396,0.5739177,0.59125274,0.47454017,0.561492,0.5033638,0.62173724,0.47915056,0.52097136,0.52320063,0.4455751,0.5446497,0.5144192,0.51110995,0.54220855,0.49181426,0.51527727,0.6490542,0.5719555,0.67283356,0.56599826,0.5233232,0.56605226,0.5392216,0.5828601,0.48376125,0.5164917,0.54428047,0.5493678,0.5925364,0.55518144,0.59311247,0.55212396,0.51075804,0.50743747,0.5105543,0.5353911,0.49348173,0.5192638,0.5430323,0.50337446,0.63531446,0.6041368,0.53242016,0.5950456,0.6108434,0.5966185,0.5944499,0.532391,0.5670728,0.556871,0.5340837,0.5432122,0.5316757,0.5650079,0.5082832,0.5519068,0.4789056,0.5075395,0.5802296,0.55762285,0.5582205,0.5434089,0.5551717,0.53634816,0.5352739,0.5037571,0.53593975,0.51752585,0.5178676,0.54110456,0.5631528,0.5541868,0.61637133,0.6129976,0.6063443,0.6249195,0.54627347,0.5140765,0.570998,0.5382073,0.63132167,0.5591121,0.5830344,0.55553305,0.569342,0.5785207,0.57455814,0.5637867,0.5849775,0.5858013,0.59503293,0.6213191,0.59651965,0.62548393,0.6320157,0.5574104,0.54067665,0.5521976,0.5314521,0.5792928,0.4994121,0.5886205,0.57493675,0.4258857,0.5439929,0.5208684,0.5172716,0.47150677,0.57086277,0.5249653,0.5521867,0.6216693,0.6434756,0.62055814,0.60006815,0.55864584,0.59760207,0.60710293,0.609027,0.60520977,0.49185878,0.4959158,0.62912667,0.58871,0.6280303,0.6100288,0.62377816,0.61685914,0.5821423,0.5424051,0.57636255,0.600358,0.6075754,0.59311974,0.621675,0.6007474,0.5508932,0.6488234,0.60620636,0.6557662,0.6471933,0.594891,0.5747624,0.60029083,0.57577956,0.5844322,0.54524946,0.6138925,0.45804065,0.5789635,0.6228938,0.4884332,0.4905633,0.5526064,0.5406992,0.5860568,0.6494691,0.63356,0.6123413,0.535392,0.59134233,0.5864641,0.55058867,0.49531013,0.5211202,0.49446845,0.5156646,0.5239843,0.5421284,0.60247946,0.5375208,0.6220504,0.6515308,0.6301926,0.59390056,0.5409977,0.6556368,0.5540678,0.51293755,0.5741226,0.579898,0.60505795,0.5152457,0.62483346,0.51636136,0.63161814,0.5335866,0.61989945,0.48952824,0.47118026,0.55605215,0.59675,0.60465133,0.5571204,0.55928016,0.53498816,0.6734949,0.5382134,0.7034897,0.55640316,0.5274372,0.66541576,0.56713206,0.59200233,0.4812338,0.5147834,0.5373077,0.59172654,0.59768486,0.5325842,0.5467768,0.551532,0.5008524,0.48550433,0.5092295,0.5577637,0.49983913,0.49080193,0.54169726,0.50626373,0.6473169,0.58965975,0.52608997,0.6012803,0.6071438,0.5995924,0.58133936,0.520653,0.5159301,0.5294062,0.51941615,0.54453605,0.53732586,0.5539624,0.5155584,0.6107105,0.49884093,0.50580746,0.56782144,0.57359445,0.57715106,0.60282964,0.5974755,0.5466067,0.5466187,0.51875913,0.52436745,0.5361999,0.58971554,0.57664454,0.5642818,0.5994494,0.62474763,0.6276617,0.59988576,0.61517936,0.5253657,0.5295816,0.5790576,0.50644684,0.60879517,0.5850484,0.59369147,0.53587085,0.581988,0.58120555,0.58243626,0.5557628,0.60249734,0.58937895,0.5863104,0.613444,0.5847072,0.63282835,0.6084687,0.5674004,0.50747085,0.5314648,0.52180815,0.57199556,0.5053382,0.57656205,0.60954535,0.47626317,0.5267569,0.5248776,0.5271268,0.49110818,0.5784011,0.5123271,0.53592926,0.6531858,0.6257653,0.5533095,0.5493272,0.5024987,0.5095383,0.57082456,0.5732433,0.5827501,0.5766607,0.5420969,0.5462339,0.52295905,0.52683824,0.54138047,0.52593625,0.5615582,0.5619751,0.54940677,0.5431238,0.5529746
848,0.63907635,0.5952035,0.5873195,0.60696495,0.6099986,0.60961986,0.60951203,0.4897263,0.49760282,0.60472983,0.5987341,0.5822744,0.5994405,0.63438237,0.6414979,0.58846754,0.5467298,0.55752635,0.60243636,0.6281157,0.59803367,0.5829286,0.60173774,0.5428732,0.5746989,0.54079866,0.63623536,0.56100285,0.6515226,0.60256255,0.62062955,0.6044249,0.6447206,0.59323746,0.62649137,0.48916543,0.5843459,0.6237318,0.50186545,0.5147307,0.5616433,0.5302871,0.59517324,0.6300414,0.6106161,0.57324594,0.5208955,0.5914396,0.5527542,0.5557444,0.47836146,0.5006856,0.49182692,0.52983236,0.52464014,0.533348,0.5623386,0.5382775,0.644485,0.6494929,0.5764444,0.6160919,0.56385183,0.6417159,0.6113681,0.5717906,0.5587609,0.6027801,0.59020877,0.4929563,0.5759167,0.548357,0.6254061,0.52854925,0.53867495,0.53400296,0.48446536,0.5534115,0.5380993,0.53657186,0.56555545,0.53413594,0.55593735,0.64477986,0.59413266,0.6594582,0.56876683,0.54465795,0.5828952,0.5431184,0.58565426,0.51797706,0.5240925,0.5546756,0.55651844,0.5763114,0.58593583,0.6083068,0.5547613,0.50026876,0.49359712,0.50322247,0.52415603,0.47624323,0.50723296,0.5383843,0.4996809,0.6270153,0.608031,0.5320408,0.59526813,0.6061238,0.59949476,0.595826,0.5180536,0.5303486,0.5236919,0.5474095,0.56102777,0.5491062,0.584497,0.52567047,0.5551748,0.45830962,0.49999297,0.587224,0.5581762,0.55390275,0.53795344,0.5649615,0.540056,0.5423452,0.5303913,0.5387517,0.52789354,0.5332855,0.5478835,0.5543413,0.5469841,0.5960572,0.60468096,0.5925638,0.60084516,0.5754066,0.5523885,0.56718224,0.5196728,0.6132887,0.58057874,0.59306645,0.59298056,0.56183165,0.5817453,0.58390313,0.5765642,0.5869726,0.5637663,0.59766495,0.62260836,0.591584,0.6310748,0.6434176,0.55999684,0.5490188,0.56308174,0.5366051,0.5807892,0.48422912,0.59826803,0.6060781,0.4755176,0.5371328,0.50964636,0.50072175,0.4594272,0.57907104,0.533417,0.54672843,0.62356144,0.6351282,0.64347786,0.58953685,0.55726886,0.61007696,0.6213993,0.62326026,0.62608325,0.47989348,0.48375523,0.6217837,0.5832664,0.6275588,0.6161381,0.62904006,0.62106264,0.57933027,0.5221585,0.57303095,0.5994924,0.61661714,0.594532,0.62584245,0.5882485,0.5424466,0.6282918,0.6024917,0.63380975,0.6270312,0.58162457,0.5910344,0.62032884,0.5973441,0.6072438,0.586429,0.6314759,0.43788406,0.5623056,0.6089533,0.47218838,0.48392937,0.54722047,0.5205907,0.5849198,0.63477355,0.5901267,0.5563229,0.49769616,0.5715479,0.5445573,0.520025,0.47108644,0.49858603,0.48054054,0.5015343,0.5178482,0.5294167,0.59182674,0.5485065,0.61707,0.64152354,0.62446964,0.6073603,0.5621061,0.65084964,0.58722264,0.5503276,0.5892513,0.59717417,0.60083836,0.5361594,0.613822,0.5458666,0.62871546,0.55797213,0.6227408,0.51881164,0.50144696,0.5587568,0.5829739,0.59691507,0.57925946,0.5736182,0.5629888,0.6583704,0.557764,0.68461704,0.57398814,0.5484786,0.65163994,0.55790037,0.58878744,0.5117965,0.5201214,0.55188745,0.5905503,0.5717977,0.56140167,0.5628863,0.5577188,0.49259147,0.48705676,0.5125921,0.5389682,0.48803538,0.47786638,0.5370291,0.49993432,0.63408583,0.5969938,0.5294905,0.6043041,0.6043041,0.6020018,0.5838277,0.51635695,0.48853868,0.49601653,0.5308121,0.5523709,0.5496846,0.56420356,0.52321744,0.6110544,0.4746275,0.49842906,0.5724587,0.5656266,0.57951635,0.5933263,0.5906202,0.551666,0.5512944,0.5445685,0.5316535,0.53947467,0.5831765,0.5679037,0.5459975,0.59292144,0.60647315,0.613284,0.5914365,0.5843764,0.54355294,0.55879474,0.55916977,0.48071745,0.59058386,0.5929861,0.6074838,0.56362355,0.5786049,0.5869717,0.58874214,0.55401134,0.60224277,0.56322044,0.5819502,0.61512774,0.5887511,0.6438972,0.61226165,0.56534666,0.51867765,0.541899,0.5224656,0.56458145,0.49456477,0.58824354,0.6150811,0.5149052,0.5264772,0.5122191,0.5135243,0.4743697,0.5851354,0.52835345,0.5288603,0.6500301,0.6266771,0.5532011,0.5516312,0.50607026,0.51103985,0.5863903,0.58559895,0.58441395,0.5799592,0.5472844,0.549635,0.5352093,0.53701246,0.5426803,0.52841926,0.569678,0.5708745,0.5553589,0.5466256,0.55748695
849,0.6567601,0.5946139,0.5843784,0.6147192,0.62238884,0.62750274,0.6205225,0.48088765,0.48840678,0.6063201,0.6030423,0.58606,0.59844637,0.6446742,0.64734495,0.5867221,0.53312325,0.56759864,0.61100537,0.6318931,0.6016617,0.59616,0.6047163,0.53770345,0.56875443,0.53553206,0.6156829,0.55891055,0.641545,0.6251571,0.6447314,0.6085868,0.6583878,0.6347171,0.63352394,0.48134637,0.5719217,0.61529005,0.4973918,0.5121023,0.5708696,0.5148272,0.5947712,0.6199207,0.58027184,0.5456847,0.49773306,0.5813677,0.5213276,0.5407761,0.4607215,0.48145533,0.48354447,0.5195024,0.5243309,0.52169484,0.56485415,0.56324345,0.64038366,0.64040065,0.5846314,0.62507,0.5991732,0.63779277,0.6275974,0.6105925,0.58432186,0.62926054,0.5915503,0.518008,0.59095544,0.5945307,0.6277894,0.5839602,0.55819595,0.54853,0.5301004,0.57152593,0.5630389,0.5667632,0.59079283,0.58138347,0.6016888,0.6388064,0.6159813,0.63938856,0.57207084,0.56631917,0.60136235,0.5501021,0.58733493,0.55562556,0.53339237,0.567387,0.57230365,0.56691074,0.6180696,0.61970073,0.5557943,0.4947769,0.48656508,0.4997117,0.5180429,0.4653329,0.5026078,0.5395779,0.5026376,0.61320126,0.6097072,0.53672355,0.5923053,0.59997416,0.5991997,0.59562945,0.51631624,0.51014435,0.50902086,0.56101257,0.5768884,0.5679594,0.59835947,0.5477548,0.56016886,0.44660336,0.49859324,0.58886564,0.5611437,0.5530634,0.53530383,0.5783801,0.5458595,0.55295676,0.5601017,0.54351807,0.5393232,0.55248225,0.5639441,0.55426425,0.54427063,0.5806275,0.5981816,0.57720757,0.5802032,0.61141825,0.597317,0.56921005,0.5115265,0.600813,0.6044505,0.6042658,0.62991387,0.5529769,0.5813473,0.58939105,0.588299,0.5875606,0.55056274,0.59697443,0.6192019,0.58305407,0.6381362,0.6537136,0.5629691,0.5579111,0.57799786,0.5417588,0.58512986,0.47570863,0.6038672,0.63707227,0.5341851,0.5309254,0.5036154,0.48972046,0.45599514,0.58732015,0.54705024,0.5460996,0.61969805,0.62338,0.6582843,0.579854,0.5532477,0.6169361,0.62962323,0.6321978,0.64005524,0.4745113,0.4752495,0.61353415,0.583421,0.62500185,0.6161036,0.6351721,0.6294449,0.57411677,0.5110875,0.5713106,0.59653485,0.6196265,0.5949306,0.6266322,0.5762518,0.5359581,0.60804117,0.59870714,0.61268973,0.6077976,0.5777429,0.61248547,0.6366867,0.62313277,0.6283449,0.63316184,0.6512924,0.42800987,0.54925114,0.5969985,0.4661786,0.48229483,0.54482514,0.5120197,0.58108205,0.62008697,0.5532349,0.5118997,0.47626802,0.55525464,0.5123825,0.5045187,0.4560641,0.48595965,0.47244644,0.4970678,0.51745397,0.52434933,0.5851545,0.5642701,0.60770977,0.62619406,0.6175173,0.62244993,0.5891281,0.64375806,0.6208137,0.59150755,0.60924983,0.61781925,0.60013354,0.5667003,0.6062174,0.5823812,0.6286975,0.590722,0.6244864,0.5576454,0.5412377,0.5721555,0.57239354,0.59549886,0.60820335,0.59616745,0.59890485,0.64244246,0.5835624,0.6602924,0.5976435,0.574108,0.63326865,0.55375564,0.58866084,0.5494808,0.5285695,0.5711872,0.60083026,0.5550117,0.59876645,0.58585733,0.56337875,0.48971727,0.49445277,0.5205311,0.5253578,0.48238423,0.47308505,0.538302,0.50160134,0.61684626,0.6038722,0.5365777,0.606952,0.6017362,0.60097665,0.584495,0.5211619,0.47810552,0.4817907,0.5438812,0.5627538,0.56331223,0.5726782,0.53387296,0.6124712,0.45873922,0.49920493,0.5726887,0.5578406,0.5826803,0.58486456,0.58865833,0.55717564,0.5564221,0.5783182,0.541714,0.5439134,0.58422315,0.57070506,0.535278,0.5877616,0.5933058,0.60369873,0.58358455,0.5612866,0.5751981,0.59933245,0.547406,0.46714643,0.5795209,0.6070595,0.6255678,0.59874237,0.575509,0.58809114,0.59157693,0.551671,0.5997402,0.544711,0.5754222,0.61366224,0.588983,0.6594913,0.6196735,0.5637917,0.5312996,0.5569773,0.5212277,0.56122553,0.49163282,0.6031252,0.6222405,0.56405103,0.5274019,0.50462234,0.5032003,0.46825978,0.5908415,0.5498813,0.5248151,0.64311504,0.62400234,0.55216306,0.5549447,0.512536,0.51485527,0.6012528,0.59743816,0.5869346,0.5831267,0.55204713,0.55311966,0.5495571,0.5491559,0.54397047,0.53133994,0.57821167,0.58049476,0.56284255,0.55182767,0.56189
850,0.66073066,0.5925905,0.5757336,0.6137829,0.62541026,0.6355353,0.6227697,0.47796163,0.48473004,0.6035223,0.606233,0.58520603,0.5914889,0.64986145,0.6495381,0.58171463,0.53106654,0.57775825,0.61486894,0.62843657,0.5995432,0.6044243,0.60319626,0.5323566,0.5595053,0.5281579,0.5953142,0.55874795,0.6328639,0.6403367,0.65685725,0.61078334,0.6624762,0.66695446,0.63565844,0.48242536,0.5611138,0.6072071,0.49817544,0.5123638,0.57433397,0.50871605,0.5896419,0.6099322,0.55875856,0.5390884,0.49236178,0.57478744,0.505973,0.5481106,0.45514125,0.47515818,0.48106402,0.5175664,0.5258064,0.52157927,0.5673739,0.58941233,0.63011813,0.62308097,0.59120196,0.62825626,0.62815154,0.62915266,0.63579535,0.6383115,0.6047761,0.6465334,0.59087074,0.5422006,0.60186714,0.6311057,0.62533915,0.63230157,0.5723538,0.5608894,0.5712842,0.5961959,0.580436,0.59748966,0.6103892,0.6237576,0.64303994,0.6302459,0.63216543,0.6136672,0.5721331,0.5813687,0.615818,0.5550276,0.5860452,0.589385,0.5418833,0.57701427,0.59456986,0.5665383,0.6453573,0.62533057,0.552132,0.49478123,0.4852754,0.49917132,0.51533836,0.46054262,0.5016145,0.54607505,0.50908595,0.59397876,0.6058432,0.5441134,0.5851303,0.590042,0.5917243,0.590583,0.52911276,0.5129343,0.5192193,0.5715689,0.587331,0.5831055,0.6024102,0.5702171,0.561899,0.44394824,0.5013194,0.5848855,0.56845826,0.55252415,0.53263843,0.58934075,0.5499499,0.56183314,0.58733994,0.5486092,0.54956377,0.57259613,0.58735114,0.56633216,0.54391664,0.5718709,0.593976,0.56296897,0.56960607,0.64639944,0.6392753,0.5796597,0.51356834,0.59579706,0.6242672,0.61079997,0.65827614,0.54219234,0.5760878,0.5899034,0.5993939,0.5859829,0.5504925,0.59326917,0.61067915,0.5733164,0.6397983,0.6591858,0.56579554,0.56543547,0.5940549,0.5450893,0.5885003,0.47584128,0.602048,0.6602084,0.58942944,0.52455926,0.50102925,0.4838231,0.45970064,0.5910169,0.56116945,0.54733473,0.60921305,0.60682905,0.66015583,0.57233065,0.5457605,0.6151402,0.6277433,0.6321362,0.6431017,0.47644234,0.4716495,0.6032367,0.58918774,0.617177,0.60825574,0.6389611,0.63775766,0.566175,0.51394564,0.57022375,0.59142077,0.6168434,0.591935,0.6220314,0.5662352,0.5300801,0.5885119,0.5913943,0.59477174,0.589845,0.58492434,0.62984926,0.645822,0.6427248,0.63972795,0.6719974,0.66401535,0.42849827,0.5389988,0.58742535,0.46663627,0.4837679,0.5422177,0.51249427,0.5727054,0.6058173,0.5315352,0.49378622,0.47420308,0.5460154,0.4971486,0.51125306,0.453241,0.4844624,0.4715521,0.501672,0.5197364,0.5272808,0.58038986,0.58124024,0.59269315,0.60549295,0.60749125,0.63261884,0.6131171,0.6336769,0.6463949,0.62722796,0.62568974,0.63441443,0.5978074,0.59614885,0.59907126,0.6151168,0.62766194,0.62115073,0.61941826,0.59428656,0.5788074,0.5926765,0.5633925,0.6012344,0.6353609,0.6223293,0.6316716,0.6268559,0.6064486,0.6312793,0.6191765,0.5961992,0.6106865,0.55202496,0.5889682,0.5866192,0.5374216,0.58797157,0.620081,0.5511665,0.63459736,0.6073449,0.56476086,0.4919528,0.5030109,0.5283267,0.51605314,0.48132697,0.47405463,0.54428434,0.5086826,0.59635186,0.6061012,0.54473794,0.6058479,0.5963881,0.5923665,0.58034784,0.5337059,0.4877787,0.49240422,0.55534405,0.572248,0.5735431,0.57641184,0.54566765,0.60994875,0.45228505,0.5054425,0.56905127,0.5536369,0.58120006,0.5745378,0.5868347,0.5598307,0.5592108,0.6114568,0.55140215,0.5488352,0.5933072,0.5843825,0.536407,0.5812984,0.5861863,0.60015523,0.57759076,0.55410165,0.6121199,0.6405405,0.5494907,0.46767318,0.57678926,0.62019634,0.6399252,0.63082135,0.5708339,0.5829752,0.5893473,0.5520588,0.59341574,0.538004,0.5687092,0.6080246,0.58526474,0.67104733,0.6283122,0.56347805,0.54196054,0.5725431,0.5182752,0.55918723,0.496168,0.6158307,0.6273316,0.6089701,0.5287497,0.50109744,0.49497584,0.47130984,0.59095407,0.5707407,0.5226784,0.6308512,0.6158227,0.549824,0.5577923,0.5200485,0.51958895,0.6109243,0.6048248,0.5881218,0.5840577,0.55509937,0.55522406,0.5620317,0.55963475,0.54423225,0.53361833,0.58362645,0.5869846,0.5697437,0.55703706,0.5641238
851,0.64774877,0.5881577,0.56065196,0.60227305,0.6166002,0.6310777,0.61566955,0.48069465,0.4857036,0.5948654,0.6058598,0.5758454,0.57816744,0.6458657,0.64414406,0.5729653,0.5418773,0.5857225,0.61244196,0.6175919,0.5916026,0.6052786,0.59694135,0.52441543,0.5447155,0.5168037,0.5748861,0.557598,0.6256768,0.6425336,0.65424657,0.60558623,0.6540231,0.68179786,0.6277439,0.4889427,0.5487115,0.59747255,0.4987531,0.5122405,0.5656501,0.50728816,0.57749134,0.59846586,0.5471697,0.5549201,0.50315607,0.57297707,0.5109424,0.5763693,0.46218684,0.48129356,0.48361176,0.52205217,0.52526695,0.53224945,0.56543636,0.6114167,0.6108098,0.59616035,0.59303725,0.6217674,0.64311075,0.615087,0.6333414,0.64978755,0.6137476,0.6499986,0.58365077,0.55821085,0.604003,0.65112346,0.614421,0.6634215,0.5751044,0.5653544,0.59935194,0.6217223,0.5839774,0.62392694,0.61814106,0.6535612,0.67217475,0.6176884,0.638536,0.58285534,0.5654122,0.58500624,0.6210584,0.55309755,0.57977974,0.6134628,0.547285,0.57839257,0.61864716,0.5733927,0.66202986,0.6227294,0.5418685,0.4994486,0.4871138,0.49966526,0.513231,0.4607349,0.49989244,0.55538327,0.5160294,0.5696091,0.5937773,0.5508817,0.5720909,0.5741242,0.5749986,0.57845944,0.5539778,0.5374304,0.55262876,0.57660836,0.58981,0.59055996,0.5941623,0.58856523,0.55696124,0.4494729,0.50634193,0.575482,0.5793663,0.5495634,0.5270883,0.59195435,0.54903865,0.5639364,0.6072315,0.552024,0.55669874,0.5905604,0.6131715,0.58918154,0.54423016,0.5693352,0.59066623,0.5509876,0.570272,0.6727632,0.6697221,0.597626,0.52236956,0.59622383,0.63403994,0.6074163,0.6724422,0.5293548,0.56564254,0.5848369,0.6086724,0.58258706,0.563655,0.5873594,0.59686655,0.5638582,0.62988544,0.65608835,0.56758416,0.5696237,0.6072334,0.545518,0.5865107,0.48414645,0.5906998,0.6693159,0.6307662,0.5171492,0.49960917,0.48170692,0.46914363,0.586867,0.57047033,0.54758763,0.5908645,0.5837496,0.6460109,0.5681691,0.5347874,0.60316235,0.61386645,0.6211117,0.63330746,0.4844755,0.47251278,0.5898946,0.5987298,0.6015927,0.59229517,0.6366568,0.64089715,0.5558706,0.53210044,0.56860834,0.58396304,0.60911274,0.58462065,0.6109253,0.5591498,0.52270365,0.5697224,0.5766871,0.58002687,0.57308424,0.6002274,0.63507175,0.6447831,0.64749753,0.6360264,0.6933136,0.66247386,0.43679783,0.528874,0.5786079,0.46798944,0.48601353,0.5356625,0.5168914,0.5586392,0.59068125,0.5267394,0.50609314,0.48897645,0.545317,0.50054604,0.5403648,0.4624617,0.49227569,0.4770597,0.5125045,0.5205542,0.5361723,0.5739635,0.5948626,0.5711561,0.5794201,0.59215754,0.6315118,0.6259145,0.6189225,0.65834177,0.6505889,0.6311794,0.64076006,0.58893496,0.614972,0.58832157,0.63534975,0.6212918,0.63950866,0.6028441,0.61834055,0.60459507,0.6143149,0.55325454,0.6124204,0.65289694,0.6462901,0.65215355,0.6112235,0.6192563,0.5976764,0.63094825,0.60870546,0.58393973,0.54914826,0.5861955,0.61619055,0.5442337,0.59555054,0.64237314,0.5590451,0.6597008,0.61941826,0.5591366,0.49786493,0.50813556,0.53093076,0.5084925,0.48253164,0.477437,0.5522654,0.51812255,0.57310337,0.6006708,0.55130583,0.5971455,0.5853449,0.57388103,0.5696221,0.5506954,0.515095,0.5262637,0.56254077,0.57695925,0.5767239,0.5729054,0.5566306,0.5996227,0.45476273,0.5144964,0.5623382,0.5543926,0.5716888,0.5597658,0.5799682,0.5574199,0.55730295,0.6362897,0.5576843,0.553336,0.6079416,0.6046312,0.55001247,0.5718062,0.58390486,0.60136086,0.5729569,0.56430805,0.6451641,0.6722478,0.5660792,0.48067328,0.5800193,0.6253132,0.6435379,0.65096414,0.56281024,0.5712376,0.5815513,0.556629,0.58305377,0.54343295,0.5637929,0.5975194,0.5778091,0.6710574,0.63435405,0.56416005,0.5481451,0.5844214,0.5144529,0.55527025,0.50546354,0.6212466,0.626123,0.6381056,0.5298693,0.49959537,0.48766133,0.48146924,0.5824033,0.58490807,0.5215919,0.6109324,0.60026056,0.54612404,0.55840546,0.5273494,0.52444565,0.61141413,0.6041024,0.5854702,0.5805393,0.55529064,0.5543668,0.5692934,0.5652612,0.5426415,0.534279,0.5829426,0.58713347,0.5732015,0.55985,0.56218857
852,0.6170502,0.5805899,0.53953063,0.5803025,0.59594494,0.6142585,0.60072017,0.4865288,0.48804602,0.57999265,0.6007391,0.5561311,0.5588819,0.6303301,0.6284124,0.5605591,0.5634801,0.58981025,0.6034737,0.60069686,0.57964975,0.598548,0.58631647,0.51274174,0.524232,0.49998248,0.5536251,0.55376184,0.6182776,0.6300449,0.63698363,0.5899193,0.6322741,0.67636096,0.6079304,0.49523667,0.53112596,0.58367175,0.49358162,0.508445,0.54205936,0.5051572,0.55756307,0.58290434,0.54255784,0.5859135,0.5237534,0.5755925,0.5339395,0.6159769,0.47789502,0.49514583,0.4884186,0.5289207,0.5193311,0.54951966,0.5556435,0.6248071,0.58138436,0.5598312,0.5884971,0.6040151,0.64038795,0.59592813,0.6200685,0.6439734,0.60889196,0.6392366,0.5682361,0.56239337,0.5951722,0.6535373,0.5932466,0.67349845,0.5636227,0.55901027,0.61099,0.64179206,0.5716243,0.6416028,0.61084497,0.6669515,0.68563515,0.60052514,0.63357913,0.5479558,0.5501348,0.576081,0.61479115,0.5421651,0.56777596,0.62526995,0.548497,0.56933564,0.6385033,0.5828466,0.66474503,0.6109593,0.52498406,0.50668806,0.4885941,0.4985873,0.5092515,0.464449,0.4944216,0.56397974,0.52188534,0.54115885,0.57281464,0.55415475,0.5526966,0.5525796,0.54996157,0.5590551,0.5846867,0.5750568,0.59967077,0.57533616,0.58367014,0.5887111,0.57369435,0.59967923,0.54462767,0.4616991,0.5121979,0.56211495,0.591198,0.54287314,0.5166481,0.5831089,0.54180485,0.55683464,0.61690795,0.55242026,0.5597401,0.6037858,0.63485014,0.61695397,0.5441762,0.5704967,0.5855201,0.5408403,0.57830685,0.68557924,0.683618,0.61878604,0.53261876,0.59752584,0.63079476,0.5918835,0.6708596,0.51480764,0.5509645,0.5747482,0.61451805,0.5782916,0.58606005,0.58060986,0.57831013,0.5555857,0.6058092,0.64256155,0.56771153,0.5696921,0.614316,0.5433767,0.57622355,0.49745786,0.56983155,0.6615777,0.6536074,0.5080991,0.49795714,0.4818734,0.4831366,0.5743103,0.5717609,0.5458279,0.56454486,0.55387837,0.6151319,0.5677513,0.52076846,0.58132684,0.5889964,0.6000807,0.61204654,0.4951566,0.47527868,0.57324123,0.60884476,0.5773163,0.56933045,0.625281,0.6346641,0.5440039,0.56274253,0.56580174,0.5744598,0.5982418,0.57477194,0.5945139,0.55475557,0.5124918,0.5518816,0.5521941,0.56663185,0.5573679,0.61745745,0.62447584,0.6324118,0.63360065,0.6158602,0.6935294,0.6440241,0.44767493,0.51582015,0.5682847,0.46487388,0.4865362,0.52253115,0.51987964,0.5387347,0.5728793,0.53394765,0.5418744,0.51374817,0.55226296,0.5191303,0.5840423,0.47959995,0.50468504,0.48573622,0.5251062,0.5160845,0.5472025,0.5626964,0.601274,0.54366076,0.54856294,0.5712528,0.6162067,0.6232788,0.5986673,0.65523887,0.65827346,0.6226557,0.6343245,0.5715678,0.61883646,0.5709344,0.639403,0.60651565,0.64081633,0.5727227,0.624873,0.61470866,0.63116497,0.5393089,0.62490517,0.6564434,0.6630498,0.65643823,0.5946889,0.61906254,0.5601297,0.62922955,0.60945886,0.5540631,0.54227215,0.57774234,0.63403845,0.5475936,0.5907069,0.6605915,0.57345986,0.6692395,0.6181937,0.5456821,0.5051853,0.50661784,0.5246522,0.50016075,0.48388433,0.48034188,0.55919045,0.5279911,0.5477995,0.58701205,0.5546161,0.5790106,0.56792754,0.5463696,0.55242306,0.5680641,0.5526513,0.5744775,0.5644735,0.5742169,0.5714327,0.5609545,0.5651403,0.58038783,0.4645143,0.52434283,0.5540592,0.55955267,0.55402213,0.5392018,0.5648986,0.549891,0.55017555,0.64850754,0.5589246,0.5566489,0.6235605,0.62508327,0.57311815,0.5587057,0.583417,0.60408366,0.56792986,0.5868069,0.66738,0.6881199,0.5923695,0.5014916,0.5847585,0.6184132,0.6331869,0.6551946,0.5506428,0.55406034,0.5694551,0.56502783,0.5699506,0.55780727,0.56211597,0.5825845,0.56769377,0.65565073,0.6341838,0.56530213,0.5495968,0.5899584,0.51115596,0.54746073,0.5152707,0.6161154,0.6161094,0.6472805,0.5304192,0.4983936,0.4809975,0.4967551,0.56504583,0.5890302,0.52178675,0.5823846,0.5773665,0.54165804,0.5555774,0.5338893,0.5290799,0.60108036,0.59371454,0.5775071,0.5714289,0.5522117,0.54964864,0.56976956,0.5644528,0.53912735,0.5331327,0.5748615,0.5795335,0.570827,0.55805683,0.5551321
853,0.57191753,0.57002264,0.51441795,0.55052483,0.5664486,0.5884239,0.58137906,0.4921702,0.48817965,0.5600625,0.59117585,0.52776444,0.5356247,0.60364723,0.6020781,0.5460263,0.59031713,0.5893831,0.58976805,0.58142203,0.56718415,0.5863257,0.5724909,0.49836588,0.50011784,0.4782405,0.5309994,0.5469564,0.60807145,0.60519874,0.6085383,0.56445026,0.6001166,0.65236896,0.5782058,0.49635723,0.5065152,0.5642421,0.47976145,0.49914315,0.5058461,0.49779877,0.5311419,0.56127435,0.5391996,0.61890423,0.5451967,0.58119524,0.56678665,0.65311015,0.49549374,0.5095623,0.49224633,0.53343236,0.5065609,0.56684715,0.5370651,0.62729514,0.5439062,0.5169735,0.57820976,0.5774038,0.6213545,0.573672,0.5988844,0.62406015,0.59232956,0.6181671,0.54654354,0.55567664,0.5769439,0.64232194,0.5632907,0.6641146,0.5395579,0.5427896,0.6079237,0.6515974,0.5464503,0.64794916,0.58938855,0.6641312,0.68402064,0.5791199,0.6186647,0.51150584,0.5272313,0.5573371,0.5985266,0.5234745,0.5513323,0.6256789,0.5458694,0.5514067,0.6487796,0.589177,0.6535281,0.59211534,0.5033914,0.5138708,0.4865861,0.49400896,0.50246936,0.47038463,0.4840907,0.56840414,0.52652216,0.51093006,0.5448916,0.5525473,0.5288827,0.52858144,0.5197078,0.5341505,0.6127009,0.6124418,0.6455675,0.56866044,0.57049537,0.5786384,0.54450876,0.6024474,0.5268448,0.4786366,0.5180298,0.54761183,0.6005699,0.5329132,0.50138724,0.5635948,0.52921623,0.5416785,0.6162845,0.54958004,0.5587945,0.6106676,0.64661705,0.6416756,0.54334044,0.5713015,0.5758923,0.5312736,0.5870341,0.6830844,0.67999345,0.6368934,0.5383436,0.5943789,0.6152952,0.56591034,0.65567493,0.49986854,0.5344532,0.5615888,0.6157086,0.5741332,0.61081934,0.5750578,0.55738163,0.5491006,0.56945395,0.6193931,0.5659692,0.5664506,0.61410934,0.53990364,0.5574032,0.51114917,0.542239,0.63831776,0.65906906,0.4975666,0.4961346,0.48331687,0.5003474,0.5556496,0.56515014,0.542707,0.53280944,0.5196118,0.57066566,0.57022476,0.50497913,0.5523444,0.55722934,0.5731425,0.5841365,0.50447065,0.4770376,0.5539279,0.6158553,0.54580325,0.5423964,0.6038812,0.6168427,0.5321568,0.59917253,0.56161046,0.5642804,0.5873644,0.5660725,0.57628584,0.55192965,0.5001022,0.5350474,0.5186253,0.5519901,0.5425001,0.62913936,0.59922457,0.6099429,0.6026578,0.58233136,0.67371166,0.61068594,0.4558477,0.49795324,0.5543287,0.45457968,0.48364568,0.5025535,0.51705337,0.5140472,0.5508492,0.543759,0.5854265,0.5388593,0.56390953,0.5453345,0.6287512,0.4981509,0.5155982,0.49361247,0.5344955,0.5043971,0.555826,0.5450616,0.59857446,0.51242787,0.5144143,0.54733425,0.5885486,0.6055726,0.574153,0.6393875,0.65064526,0.6016301,0.61646175,0.5472334,0.6086162,0.5462787,0.62835544,0.58246875,0.62517905,0.5311221,0.6144886,0.6103796,0.638735,0.5205993,0.6332539,0.64538336,0.6693032,0.6452584,0.5763254,0.6066863,0.5207072,0.6147665,0.59967196,0.52358687,0.5301003,0.56303084,0.63946986,0.54724866,0.5744866,0.6685266,0.586849,0.6626268,0.6043702,0.5257213,0.5114553,0.49749255,0.5088669,0.4900048,0.4843466,0.48063725,0.5623912,0.5374771,0.5216042,0.5669189,0.55424744,0.5530072,0.5460348,0.51319075,0.5305234,0.58131796,0.58957577,0.6227449,0.5618122,0.5637872,0.55894643,0.541741,0.5700862,0.5541292,0.4792682,0.5335626,0.5461795,0.5667849,0.53120476,0.5135663,0.54158056,0.5390224,0.5393148,0.64733726,0.55522835,0.55816084,0.6348444,0.63893545,0.5999673,0.5426618,0.58065665,0.6042355,0.560453,0.61192864,0.67481846,0.6858663,0.6198338,0.5229718,0.5856927,0.59935117,0.6098691,0.6441315,0.5353295,0.53424144,0.55590105,0.5750651,0.55650425,0.5753947,0.5644621,0.56541145,0.5569426,0.6248706,0.6252972,0.56646246,0.54817814,0.5885429,0.5098394,0.5354235,0.5215754,0.5999012,0.5975206,0.6384065,0.5302049,0.49709433,0.4759016,0.5150065,0.54185724,0.5831734,0.52396476,0.5471398,0.55001557,0.5374284,0.5492552,0.53947705,0.53321946,0.5815556,0.57505625,0.5644138,0.557348,0.5465367,0.54144,0.5640516,0.5577882,0.534341,0.5308003,0.56030315,0.5650224,0.56201214,0.55076706,0.54365987
854,0.52036536,0.558332,0.48940167,0.517915,0.5336928,0.55947095,0.56229544,0.49583077,0.48496342,0.53776276,0.57839966,0.49601433,0.51252615,0.5691225,0.5676948,0.53285265,0.61490726,0.58507293,0.5748828,0.56520426,0.55810356,0.5719976,0.5580718,0.4841783,0.47587082,0.45504496,0.5069353,0.5380924,0.59241354,0.57338774,0.5750596,0.53342795,0.56389165,0.6156669,0.54344904,0.4908619,0.4759955,0.5391223,0.45859626,0.48525944,0.4640128,0.482659,0.50154394,0.5335678,0.530254,0.63999903,0.5594116,0.5878711,0.5984233,0.67575806,0.5093829,0.5187888,0.49344406,0.5325689,0.48838714,0.5780876,0.5120419,0.6194473,0.50337857,0.4730175,0.56461596,0.54816496,0.5922702,0.5512561,0.57498765,0.59706664,0.5695982,0.5935769,0.5229578,0.54271734,0.55453724,0.6243545,0.5293829,0.6406525,0.5090338,0.52126926,0.59562397,0.6489015,0.5161372,0.64307404,0.55895907,0.6486115,0.67047656,0.55416477,0.5974713,0.4775325,0.50052744,0.5345516,0.5770123,0.5012841,0.53352153,0.618111,0.54079264,0.5292417,0.6463461,0.58746225,0.63173705,0.5711857,0.48060685,0.5191594,0.48029864,0.48609468,0.493922,0.47783747,0.46996698,0.56640095,0.5307126,0.4821294,0.51430845,0.5464657,0.50489175,0.5064558,0.48801574,0.5069296,0.63019973,0.63707626,0.6768835,0.5586834,0.55359024,0.5637255,0.51319325,0.5975812,0.50733054,0.49813586,0.5238251,0.5350106,0.60436094,0.5215553,0.48400986,0.53784734,0.513979,0.522824,0.60792714,0.54421884,0.554799,0.6106711,0.64527893,0.65654147,0.54200953,0.5675356,0.5607162,0.5210345,0.58957106,0.6661748,0.6613725,0.6458647,0.5351683,0.58235985,0.59162486,0.5346133,0.6316405,0.48702103,0.51953435,0.54838055,0.6113532,0.57136536,0.63081896,0.5728528,0.5383708,0.5446454,0.52673393,0.5894408,0.5625788,0.56151646,0.6076515,0.5360771,0.53270453,0.52136946,0.51312125,0.60511935,0.6520327,0.4867069,0.495466,0.4860414,0.5193394,0.53493685,0.5537384,0.53931123,0.50091887,0.48573047,0.5202303,0.57393473,0.4900567,0.5211403,0.5245679,0.5461654,0.5563671,0.5102063,0.4768167,0.5333454,0.6167076,0.5109676,0.5163158,0.5741776,0.5878736,0.5227479,0.63314444,0.5562177,0.5556063,0.5800525,0.56191534,0.56030226,0.5497325,0.48813888,0.51858026,0.4804318,0.53366053,0.5281624,0.62878764,0.56483597,0.58068097,0.5618378,0.54251754,0.63859093,0.56855506,0.45913723,0.4755174,0.53519475,0.43836,0.477687,0.478282,0.5057476,0.48706266,0.5240085,0.54554987,0.61851335,0.55522406,0.5763193,0.5698235,0.6613143,0.512804,0.52065104,0.498359,0.53744304,0.48663962,0.5587588,0.5217265,0.5874297,0.4805901,0.47947845,0.5245834,0.5550631,0.5776253,0.5486408,0.61561954,0.6314295,0.5733659,0.5917562,0.52013123,0.5890705,0.5171293,0.6070824,0.551166,0.59716964,0.4844566,0.59214973,0.59642583,0.6345792,0.49892503,0.63268083,0.6220801,0.66344357,0.62260896,0.555187,0.58592457,0.48273814,0.5917436,0.58290046,0.49594763,0.5138252,0.5440166,0.6346572,0.5440487,0.55160886,0.66217,0.5917629,0.6424373,0.58254755,0.50258714,0.5151576,0.48301226,0.48685512,0.47889155,0.48439515,0.47749603,0.56011504,0.546157,0.49620363,0.54375964,0.5506335,0.5240932,0.52308065,0.4787687,0.50694233,0.5865711,0.6157207,0.6575376,0.55620766,0.54811805,0.54293317,0.5192982,0.57094014,0.52477396,0.4968286,0.54144627,0.5401106,0.57260114,0.50792575,0.48597044,0.5132047,0.52730983,0.527543,0.63478297,0.54807454,0.5574063,0.6372076,0.6406352,0.6238479,0.52550626,0.5721653,0.5983165,0.5490734,0.62888426,0.66631144,0.66649336,0.63957524,0.5380657,0.5781035,0.5716644,0.5783022,0.6218141,0.5195907,0.51561,0.54436976,0.5829298,0.5455085,0.5899993,0.5708405,0.5495483,0.5479104,0.5825822,0.6065215,0.56736994,0.5463029,0.5815133,0.51113546,0.5201653,0.5225707,0.575195,0.5733906,0.6173811,0.5290419,0.4966794,0.47394624,0.5339604,0.5178509,0.57043254,0.5280947,0.5103385,0.5229307,0.53402436,0.5404717,0.5438932,0.5365007,0.55730987,0.55200535,0.54773813,0.5403547,0.53970057,0.5312831,0.55456877,0.54778445,0.5291395,0.52816933,0.5421795,0.54639894,0.54833305,0.53900987,0.52986693
855,0.4731015,0.5488383,0.4695318,0.48836422,0.50417656,0.5340679,0.54794383,0.497879,0.4803339,0.51696104,0.5643664,0.46774614,0.49449277,0.53289425,0.530593,0.52491874,0.63085914,0.5787708,0.5626486,0.55665565,0.5550231,0.55929834,0.5467283,0.47423768,0.45537576,0.43576932,0.4823189,0.5290076,0.56971914,0.5419475,0.5439607,0.50360835,0.5317136,0.57621765,0.5105387,0.4809932,0.44393033,0.51045626,0.4349746,0.47063935,0.4262121,0.46058166,0.4737904,0.50255734,0.5108121,0.6395392,0.5622498,0.5935922,0.6194028,0.6774572,0.5177445,0.52129364,0.4926371,0.52688104,0.46900824,0.58032423,0.48604524,0.6048539,0.4666198,0.43481043,0.55143684,0.5244702,0.5628831,0.5319873,0.5546209,0.5726353,0.54787105,0.57263136,0.5030292,0.53021157,0.5350841,0.6073285,0.4983635,0.6115443,0.48087695,0.5014646,0.5816778,0.6344455,0.49023643,0.62971616,0.52806216,0.6264314,0.6498008,0.52690905,0.57485247,0.45037493,0.47609076,0.51510364,0.55641526,0.4815557,0.5180913,0.6073138,0.5351082,0.50931364,0.63121504,0.5754844,0.6052794,0.5538548,0.46130592,0.5224486,0.47252575,0.4776467,0.48646742,0.4869793,0.455719,0.55818695,0.5357931,0.45814407,0.48697013,0.5379711,0.4861361,0.49046814,0.45914516,0.48183265,0.63331115,0.64233595,0.68671525,0.5483062,0.5372384,0.54885304,0.48729116,0.5875162,0.4904234,0.51843596,0.5299947,0.526387,0.6009944,0.51131797,0.46880946,0.5126398,0.4998296,0.50661683,0.5961463,0.53771126,0.5493628,0.60458803,0.6310841,0.65825486,0.5409836,0.55686563,0.5415333,0.5096477,0.58117455,0.6384835,0.633373,0.6420063,0.52286357,0.55990446,0.56610125,0.505076,0.6052136,0.47887474,0.5094224,0.53833866,0.6013467,0.571226,0.64141613,0.5750542,0.5256593,0.54195476,0.48654115,0.55708987,0.5584553,0.5564485,0.59798,0.53228545,0.5073895,0.5267539,0.48879135,0.5708068,0.63927627,0.47738883,0.49813184,0.4912318,0.53875625,0.5169167,0.5422501,0.5365933,0.47536185,0.4583501,0.47400978,0.5772862,0.47922242,0.49343726,0.49690482,0.5246595,0.53505063,0.5126697,0.4759993,0.513635,0.6102897,0.47825244,0.49598885,0.54101896,0.55189145,0.517904,0.65819407,0.5503841,0.55034524,0.57852495,0.5638371,0.54949796,0.54806453,0.4803881,0.5018621,0.44473067,0.5106761,0.51416653,0.61304355,0.53016603,0.5497297,0.5226212,0.50606775,0.5971478,0.5270491,0.4587318,0.45130906,0.5111601,0.42061484,0.4712701,0.45471254,0.48648354,0.46180743,0.49397615,0.5318216,0.6282905,0.55806446,0.58592474,0.58501416,0.67439425,0.5217392,0.51949114,0.50011927,0.5343683,0.46709627,0.5557129,0.49597648,0.5712319,0.4518613,0.44763657,0.50729394,0.52518165,0.5479628,0.52658725,0.5908459,0.60782987,0.5454879,0.56702596,0.49611247,0.5675782,0.489657,0.5833213,0.51775175,0.5651632,0.44174284,0.5662428,0.57982975,0.6191507,0.4783328,0.62125146,0.5918005,0.64613134,0.5948855,0.5310184,0.5627697,0.45005512,0.5663841,0.5647333,0.4743804,0.4973449,0.5247758,0.6238232,0.5398407,0.5293209,0.64085406,0.58391863,0.613967,0.55967444,0.4812472,0.5164735,0.4689312,0.46513927,0.46957952,0.48588634,0.47234142,0.55240726,0.55392724,0.47388142,0.52197546,0.544886,0.49934295,0.5032848,0.44817647,0.48590305,0.5826076,0.625949,0.6717835,0.54965276,0.53171754,0.5283632,0.49939728,0.5681415,0.49725303,0.5154933,0.54805297,0.5362163,0.5741827,0.48889488,0.46112186,0.48557425,0.5172469,0.5182392,0.61529785,0.5397318,0.55454105,0.62850845,0.6278518,0.63961744,0.50974154,0.55700034,0.58508676,0.5339109,0.629763,0.6439037,0.63466454,0.64575636,0.54328585,0.5600811,0.54173183,0.5460527,0.59495085,0.5066743,0.5017473,0.5378058,0.58485013,0.5393188,0.597452,0.5802622,0.5384129,0.54235536,0.5368549,0.5788093,0.56811893,0.5456596,0.5720953,0.5142832,0.504027,0.51945233,0.54785734,0.5486953,0.5926579,0.5268874,0.49905777,0.47690162,0.55172,0.4985658,0.5559173,0.53316987,0.47910437,0.5013368,0.5313691,0.5310144,0.54679483,0.5386781,0.5343251,0.5297479,0.52988875,0.5232001,0.53332883,0.52134454,0.54484874,0.5380258,0.52417904,0.52596354,0.5248023,0.5278962,0.533083,0.52554214,0.51648754
856,0.43953472,0.5446788,0.4589145,0.46696687,0.48343486,0.5178651,0.54142004,0.49997318,0.477703,0.5018462,0.55181783,0.4492945,0.48497826,0.50293136,0.4982066,0.524357,0.6351232,0.5732542,0.55580485,0.5575398,0.55850285,0.55161774,0.54177594,0.47246838,0.4423453,0.42554858,0.45920545,0.5221668,0.5406737,0.519018,0.52269703,0.4821136,0.511565,0.54647684,0.4869421,0.47084922,0.41629297,0.4823687,0.41498893,0.4603405,0.4012101,0.43567196,0.45339465,0.4729349,0.48020765,0.61377877,0.55370545,0.59658426,0.62459636,0.65698636,0.5218989,0.51909953,0.4919853,0.51976436,0.453773,0.5746077,0.4658655,0.5894579,0.43995938,0.40832406,0.54284686,0.5130847,0.54336196,0.51906204,0.5436692,0.560508,0.5339706,0.5608572,0.49185714,0.52465564,0.5249043,0.5982681,0.4768339,0.58737487,0.4639746,0.49050897,0.57383084,0.6119631,0.47683796,0.61302006,0.5063165,0.60558665,0.6283748,0.49956492,0.55562055,0.4328233,0.46052432,0.5060676,0.54209214,0.46985117,0.5079443,0.598415,0.53065014,0.4978608,0.6071004,0.5544555,0.5814199,0.54381764,0.45020005,0.5251797,0.46812725,0.47307384,0.48354182,0.49853837,0.44630018,0.546613,0.5433976,0.44148895,0.4686336,0.5301299,0.47705737,0.4838467,0.4375788,0.46377367,0.6228451,0.627785,0.67438877,0.54072905,0.5260177,0.5392419,0.47281522,0.57633525,0.48043394,0.53822535,0.53704596,0.5226978,0.59140503,0.504956,0.4600996,0.49507657,0.4907893,0.49946752,0.5858354,0.53181833,0.5445696,0.5948316,0.6079546,0.6473878,0.54120994,0.5399184,0.522296,0.49781466,0.5606979,0.6070431,0.60453534,0.6255514,0.50526696,0.52915084,0.545656,0.4845864,0.5840263,0.47689578,0.50579923,0.5337718,0.58745164,0.574283,0.6410999,0.5811255,0.52161646,0.5402486,0.45831525,0.5278421,0.5552002,0.55257994,0.5892083,0.528975,0.4877394,0.52864355,0.47486854,0.545071,0.6281058,0.47170025,0.5061578,0.5004904,0.5574976,0.50653416,0.535089,0.53546613,0.46126828,0.44255945,0.44100302,0.5791725,0.47490877,0.4739711,0.47850576,0.51225716,0.5242421,0.51375127,0.476968,0.49736938,0.59821403,0.45342612,0.48452446,0.5117571,0.51689464,0.51829845,0.6714628,0.54549336,0.5491403,0.58281916,0.5712593,0.5451018,0.5472295,0.48025948,0.48524618,0.41876182,0.48455402,0.50084734,0.58316535,0.5052081,0.5239147,0.496824,0.48316637,0.56203485,0.4968514,0.457156,0.42969963,0.48487997,0.4064418,0.46784142,0.43749985,0.46308768,0.44289026,0.46441206,0.5008612,0.60989296,0.54746145,0.59032273,0.58688015,0.66706914,0.52602524,0.5149207,0.5007192,0.5285683,0.45142388,0.54936,0.4728788,0.55524653,0.429912,0.42319557,0.4983863,0.50733465,0.5261767,0.5118769,0.573646,0.58969533,0.5254873,0.54977435,0.4809695,0.5523278,0.4711691,0.5659057,0.48937324,0.5393258,0.41182402,0.5469747,0.56814355,0.59627265,0.4635928,0.6011623,0.5629072,0.6213197,0.5699761,0.5047734,0.5438337,0.42537296,0.54534405,0.5523144,0.46032786,0.48552924,0.5096517,0.6124707,0.5369691,0.5151532,0.6085291,0.56351304,0.58494866,0.5426811,0.46712467,0.5171957,0.4622303,0.45110342,0.46541932,0.4910728,0.46821728,0.54146475,0.5612532,0.45687604,0.5061937,0.5388408,0.4850456,0.49066094,0.42654482,0.4720567,0.57176125,0.62062466,0.6648998,0.544238,0.5196121,0.5199357,0.48739895,0.56346893,0.47688058,0.53378594,0.5542537,0.5342253,0.57094777,0.47806215,0.44378665,0.46532792,0.51121104,0.5144405,0.5955016,0.5326733,0.5507255,0.6100752,0.602836,0.64510447,0.4980611,0.53731465,0.5664196,0.5171287,0.6117361,0.61369115,0.59946877,0.6370513,0.53936434,0.5335527,0.51683545,0.5218975,0.5720462,0.49895588,0.4948187,0.53775173,0.5792818,0.5389739,0.5962877,0.59088534,0.53388214,0.540904,0.49891713,0.54653734,0.569167,0.547096,0.5648865,0.5175531,0.490292,0.5155763,0.5259291,0.52842504,0.57355064,0.52399236,0.50603026,0.4860659,0.5671176,0.4887835,0.545152,0.5377728,0.45932004,0.48920327,0.529235,0.5230007,0.5480716,0.5399607,0.5182622,0.5132321,0.5136665,0.5086847,0.52884257,0.5137848,0.53860074,0.5319935,0.5199173,0.52469224,0.51271087,0.5141073,0.52022254,0.5138768,0.50615263
857,0.42497325,0.54751605,0.45975935,0.4571625,0.4750328,0.51443195,0.5439481,0.5041881,0.48024684,0.4956119,0.543501,0.44545555,0.48539746,0.48594803,0.47743487,0.5314223,0.6285745,0.57133275,0.55590576,0.5670674,0.56758326,0.5512669,0.5448244,0.48063758,0.43994403,0.42803913,0.44019645,0.52000964,0.50872135,0.51140815,0.51682025,0.4738852,0.5087014,0.53674597,0.47823602,0.46482906,0.3979772,0.4592814,0.40389243,0.45846683,0.39422286,0.41371486,0.44456673,0.44930398,0.44228017,0.56544805,0.5371471,0.5959574,0.6135236,0.61764556,0.52464473,0.51577425,0.4942407,0.5154129,0.44715765,0.56504625,0.45717815,0.57968116,0.4268494,0.3965614,0.5418591,0.51677424,0.5410047,0.51440495,0.5455035,0.56664747,0.5327996,0.56128925,0.49264365,0.53078234,0.52765435,0.60197777,0.46920937,0.57820666,0.46516144,0.49360257,0.57800937,0.5874972,0.48104548,0.5992943,0.5015341,0.5942223,0.6133001,0.4748314,0.54377294,0.4251485,0.4590782,0.5119582,0.5373355,0.46981633,0.5041187,0.5957406,0.528847,0.4987793,0.58084095,0.5286038,0.56712055,0.54200023,0.4503599,0.529525,0.4711691,0.47641647,0.4872414,0.51302886,0.4454537,0.53578264,0.55480146,0.43307254,0.46266526,0.52593917,0.47931364,0.48757994,0.4264847,0.45622823,0.60310346,0.59779555,0.6438304,0.538422,0.52347153,0.538989,0.47311324,0.5687094,0.48114958,0.556318,0.54588294,0.52414465,0.578631,0.5053376,0.46157637,0.4907197,0.49024507,0.5058926,0.58114386,0.5281825,0.54222965,0.5846953,0.58255285,0.6275701,0.54377437,0.5199075,0.5076137,0.48724428,0.530902,0.5810862,0.58442587,0.6007797,0.48805323,0.49486834,0.5360692,0.4790516,0.57528645,0.4814803,0.5085848,0.53558713,0.5732453,0.5803126,0.63108224,0.5897055,0.5261077,0.5387332,0.44878215,0.50687456,0.55456114,0.55105525,0.58481693,0.526884,0.47828063,0.53017575,0.47449872,0.53533083,0.62510425,0.4716044,0.5199297,0.514385,0.57497454,0.5079655,0.5350958,0.5365233,0.46047583,0.44003615,0.426309,0.5790783,0.478382,0.46560264,0.47156313,0.5103833,0.52529144,0.51597,0.48185286,0.48655042,0.58403075,0.441222,0.4829532,0.49331602,0.4917461,0.5235746,0.6735925,0.5432616,0.5515704,0.5914674,0.5821599,0.54697543,0.5472608,0.48876938,0.46990764,0.40782103,0.4589746,0.48916885,0.5455731,0.4980463,0.5101516,0.49192488,0.4813667,0.5450246,0.48603177,0.45725712,0.4148314,0.4602743,0.4000608,0.47010562,0.43090162,0.44125575,0.43376997,0.4392633,0.45723185,0.565739,0.5273444,0.58874804,0.5752192,0.643098,0.52816397,0.5106683,0.5027302,0.52402794,0.44439283,0.54403627,0.4572507,0.5446269,0.41698727,0.4088218,0.49806464,0.5056647,0.519423,0.5059734,0.5714525,0.58571047,0.5183522,0.5460347,0.47862163,0.5500049,0.4670896,0.5619428,0.4726575,0.52824014,0.40102255,0.543293,0.56772184,0.57233745,0.45868483,0.5778295,0.54478437,0.5957265,0.5555459,0.47840288,0.5345873,0.40913206,0.53405464,0.5520922,0.45286536,0.4820524,0.50138265,0.6059415,0.537402,0.5142146,0.5734846,0.5347856,0.56395227,0.536748,0.4641968,0.5201802,0.46762747,0.45035428,0.46813738,0.50135815,0.46800685,0.53091955,0.56887376,0.44639602,0.49961007,0.5346774,0.48411325,0.48730814,0.41725546,0.4685658,0.5587941,0.60417706,0.64090455,0.54193985,0.51561344,0.52083546,0.48683482,0.5595536,0.46834606,0.5501566,0.5616565,0.5338851,0.56453377,0.47820386,0.43763635,0.4577633,0.5111798,0.51787347,0.5825067,0.52904266,0.5476818,0.5862483,0.5721051,0.6410974,0.49287972,0.5171859,0.5464181,0.5022317,0.5774452,0.58497554,0.5724702,0.616307,0.52987754,0.5033481,0.5030157,0.51328045,0.5613099,0.49753824,0.49533272,0.54411125,0.5677689,0.5438683,0.5872126,0.6007618,0.5359588,0.543208,0.47889248,0.51690584,0.57107836,0.55089825,0.56407607,0.51922995,0.48183995,0.51501447,0.516557,0.5159621,0.56803626,0.5209261,0.51796323,0.5010109,0.5798515,0.49134928,0.54231256,0.54058605,0.45297676,0.4873416,0.52758574,0.5182194,0.5481781,0.5410037,0.51277816,0.5058126,0.5017381,0.49918807,0.5271493,0.5102314,0.538773,0.5321989,0.51679486,0.5247091,0.5090354,0.508347,0.5131238,0.5070322,0.5008655
858,0.43049285,0.5572843,0.47253987,0.4606836,0.48046204,0.5247632,0.5549555,0.51247454,0.49009654,0.49954826,0.5411114,0.4587638,0.49603525,0.48452055,0.4716139,0.54573727,0.61550266,0.574836,0.5639135,0.58319014,0.58084744,0.5590864,0.55524397,0.49724025,0.44981438,0.44499198,0.42739707,0.52385426,0.47898403,0.52175903,0.52785504,0.48001403,0.5231875,0.55065703,0.48604512,0.4667742,0.39157853,0.44423303,0.40534487,0.4672021,0.4066392,0.4006494,0.44911125,0.43473822,0.404064,0.5047325,0.5188052,0.5924986,0.59009933,0.56785506,0.5291453,0.51515025,0.5019814,0.5172785,0.45177263,0.5570863,0.46298578,0.5799944,0.42738715,0.39937612,0.5489126,0.5340038,0.55822486,0.51754725,0.5593621,0.5905822,0.54603815,0.5739566,0.505883,0.5506795,0.5435758,0.61944044,0.47665778,0.5898545,0.48766008,0.51274455,0.59639746,0.5677791,0.5045466,0.5937499,0.5173782,0.5975973,0.6100613,0.45509595,0.5417502,0.42559308,0.4740711,0.5329975,0.5430044,0.48235086,0.5057241,0.6014691,0.5304663,0.51260316,0.56022656,0.50409245,0.5668314,0.54727846,0.4622695,0.53760463,0.48336288,0.48983124,0.49743587,0.5302102,0.45440584,0.5294746,0.57014203,0.4324579,0.46918198,0.5273795,0.49171817,0.4999798,0.42652348,0.46007776,0.58051825,0.5608766,0.6034877,0.54227304,0.5305388,0.54971933,0.4889166,0.568208,0.4947529,0.5716142,0.55769485,0.5304825,0.5666826,0.514643,0.47585523,0.5020327,0.49987713,0.52694494,0.58405614,0.5277421,0.5431538,0.5770255,0.56188256,0.6044157,0.5498784,0.50117606,0.50054306,0.48030493,0.49777538,0.56833273,0.5798798,0.57471293,0.47664756,0.46253642,0.5401125,0.49130735,0.5826644,0.49284685,0.51687723,0.5437116,0.5626388,0.58876926,0.6150108,0.5997852,0.5375149,0.53759664,0.45982164,0.49707818,0.5578621,0.55260396,0.58620423,0.5264422,0.4801502,0.5349822,0.48752248,0.54440004,0.63438255,0.47853622,0.5376402,0.5316722,0.5910697,0.5228018,0.5431501,0.5395983,0.47153026,0.44884247,0.43093967,0.5772349,0.490168,0.46937606,0.47648624,0.5187045,0.5373169,0.5218885,0.4920925,0.48200706,0.57158184,0.4437535,0.49119335,0.48913977,0.48190135,0.5337095,0.66791695,0.54525304,0.55745053,0.6027381,0.5943218,0.55441254,0.54800427,0.50388813,0.45701593,0.41428307,0.43821162,0.4801192,0.5100963,0.5118444,0.51260215,0.5086452,0.50239503,0.5515799,0.496743,0.46241298,0.40968674,0.44100735,0.40483785,0.47969484,0.4369621,0.42706317,0.4357339,0.4213175,0.4106141,0.50614613,0.50483924,0.58279115,0.55415744,0.6100517,0.5311952,0.5101259,0.5088294,0.52399945,0.44880208,0.5440666,0.45206493,0.54252166,0.4133913,0.40475932,0.5037555,0.5193452,0.5300565,0.50735307,0.5866475,0.59914976,0.52520293,0.55782944,0.48979563,0.56347805,0.47863868,0.5739365,0.47081706,0.5359361,0.4115897,0.559323,0.58154356,0.55423284,0.46547976,0.55719984,0.54372805,0.57610613,0.55649006,0.45427585,0.53760654,0.39994228,0.53528357,0.56661075,0.44949597,0.4879404,0.50035334,0.6076252,0.5420023,0.5275936,0.5451204,0.5048058,0.5572678,0.5440294,0.4736652,0.52841604,0.48596606,0.4654048,0.47701302,0.51675355,0.47348025,0.5247262,0.57723266,0.44236574,0.5029494,0.5342276,0.49566925,0.49255836,0.42073703,0.4758402,0.5491599,0.58390677,0.6079631,0.54400957,0.5214011,0.5321121,0.49919415,0.5587431,0.47396398,0.56329364,0.57182306,0.53541887,0.558057,0.4901541,0.44443974,0.46497723,0.5179474,0.5282232,0.5809637,0.5301314,0.54681873,0.5628174,0.54399085,0.6309853,0.49543083,0.5006008,0.5294175,0.49289978,0.53458446,0.566654,0.5626352,0.5897109,0.5199738,0.47531822,0.5030805,0.52330196,0.5672879,0.5029873,0.50280815,0.55569607,0.5542939,0.5524649,0.5731174,0.60888195,0.54357123,0.54876083,0.48117164,0.49679783,0.57453346,0.55688703,0.57117194,0.51821315,0.48011118,0.5213194,0.5227182,0.51245093,0.5800878,0.5184689,0.533428,0.51911944,0.5901884,0.50602925,0.5488556,0.540795,0.4582123,0.49322122,0.52643627,0.5174755,0.54796904,0.542491,0.5187244,0.50861275,0.49594617,0.4962109,0.5284597,0.5114323,0.5467519,0.53981626,0.5152604,0.52618206,0.51444364,0.51156014,0.5136993,0.5067081,0.50170034
859,0.45346507,0.5724022,0.4960224,0.47707683,0.49874845,0.5468273,0.57239336,0.52583915,0.507805,0.5129307,0.5448419,0.48823515,0.5162352,0.4967137,0.47973183,0.5663938,0.6019127,0.5838093,0.5799347,0.6035777,0.5970713,0.5744453,0.5706007,0.5185464,0.47084084,0.47568986,0.42174068,0.5329517,0.4559326,0.5470188,0.5524002,0.4977203,0.5495903,0.58384234,0.50774515,0.47882396,0.39769578,0.43816116,0.42074904,0.48652756,0.4365735,0.40085226,0.46620932,0.43035936,0.37297714,0.4464203,0.50571585,0.5886685,0.56173146,0.51958525,0.53768426,0.5200492,0.5166436,0.52687263,0.46791688,0.5551337,0.4828355,0.5908777,0.4393524,0.4146798,0.5617562,0.56014097,0.5917422,0.5255228,0.58064014,0.6258091,0.57145417,0.59543157,0.5292364,0.5830051,0.56952727,0.64689404,0.4968775,0.6211184,0.5295175,0.5460039,0.6262068,0.5575704,0.54476106,0.5981935,0.55197054,0.6154017,0.6197246,0.44179466,0.54930466,0.43164954,0.50395995,0.564921,0.55741346,0.5053804,0.5107126,0.61455387,0.5355378,0.5367419,0.55082554,0.48681495,0.5804791,0.5570657,0.48416892,0.55058444,0.50394386,0.51294714,0.51234317,0.54906785,0.47198105,0.53010476,0.5879258,0.43855265,0.4857623,0.5347224,0.51131296,0.51747024,0.4362385,0.47405565,0.5617232,0.52724886,0.56473607,0.55148363,0.5450366,0.5697886,0.51817775,0.5757542,0.52024484,0.5834263,0.5726863,0.5409546,0.55920166,0.53272337,0.50312173,0.52747256,0.518787,0.559677,0.59352374,0.530435,0.546964,0.57310665,0.55020565,0.5838255,0.5600368,0.4871533,0.5015248,0.47935238,0.4683888,0.5712826,0.59173024,0.5543125,0.4747468,0.4365348,0.5563834,0.5197716,0.60394853,0.51092535,0.5298469,0.557538,0.5580723,0.59914595,0.598094,0.6112218,0.55386883,0.5384799,0.48837772,0.4980254,0.5655465,0.5570054,0.5923395,0.5272436,0.49139315,0.54579,0.5106348,0.5697864,0.6554675,0.49267665,0.5563619,0.5499128,0.6054756,0.54864985,0.55808824,0.5437255,0.49090624,0.4650528,0.45241293,0.5747303,0.5098957,0.48437613,0.4919565,0.5355133,0.5578522,0.53317773,0.5081199,0.48370537,0.5636847,0.4594489,0.5085356,0.49849534,0.4876997,0.5490911,0.65940076,0.55222553,0.5676176,0.61568594,0.6065276,0.56681705,0.5497139,0.5220995,0.44726,0.4369942,0.42530394,0.4738682,0.48557213,0.54331005,0.5305725,0.5412262,0.5407545,0.578599,0.524587,0.4756228,0.41586012,0.42955914,0.422843,0.4970683,0.45545888,0.42531303,0.44796363,0.4118707,0.37195882,0.44754666,0.48820403,0.576451,0.5317646,0.577987,0.5376465,0.51559496,0.52090085,0.53013706,0.46516982,0.5519232,0.45781243,0.5490355,0.4183351,0.40985224,0.51154053,0.54357845,0.5550357,0.51254964,0.6148494,0.6264399,0.5431081,0.58176094,0.51155305,0.5903497,0.5023429,0.59850115,0.48233277,0.56049395,0.44075298,0.5922199,0.6075829,0.54654497,0.48252255,0.5430874,0.55968916,0.56593156,0.5726512,0.43454254,0.55135036,0.3960244,0.54817766,0.59287107,0.44761717,0.50134534,0.5051036,0.6175373,0.5503122,0.55236167,0.529511,0.4811812,0.5660216,0.56257737,0.49390894,0.5435474,0.51471025,0.495322,0.49012277,0.5360768,0.48521206,0.5258999,0.5860162,0.44388297,0.5146525,0.5381765,0.5161494,0.50370485,0.43498802,0.4920267,0.54715645,0.5676937,0.576866,0.55025154,0.5363037,0.5521726,0.5236079,0.5620636,0.4920471,0.5726496,0.5847419,0.5394856,0.5553266,0.5118024,0.46317,0.485068,0.53041756,0.54326916,0.59087473,0.53595656,0.5485884,0.5447432,0.5248187,0.61995524,0.504741,0.48985133,0.5183398,0.4919731,0.4935323,0.56293565,0.57192564,0.5650651,0.5149279,0.45436785,0.51542646,0.549036,0.5884027,0.51557565,0.51639616,0.5711724,0.54358786,0.56353986,0.55894804,0.61594754,0.55561185,0.5577294,0.50309765,0.4893678,0.58047116,0.5641852,0.5839255,0.5140551,0.48498517,0.53638,0.54196215,0.51689506,0.60751206,0.5172791,0.55024225,0.5369246,0.59816575,0.5291399,0.5632713,0.5383236,0.4710329,0.5027973,0.52551633,0.52020156,0.5480627,0.54451156,0.5340525,0.5203342,0.49666134,0.4998586,0.5323266,0.5170299,0.56169546,0.55425805,0.5155484,0.52901155,0.5271643,0.5223162,0.5219893,0.5129685,0.50854576
860,0.48761883,0.59038997,0.52700764,0.50297505,0.5258516,0.5755992,0.59326994,0.54372376,0.5320282,0.5334825,0.5534751,0.5286829,0.5438128,0.517199,0.49749404,0.5913167,0.59323967,0.59636784,0.6025297,0.6262107,0.6150848,0.59510607,0.58778596,0.54066277,0.49917537,0.5165417,0.4230604,0.5449272,0.44182816,0.5794637,0.58300376,0.5211935,0.57895637,0.6255664,0.5373059,0.5004161,0.4150628,0.4398251,0.4484126,0.5138703,0.47875375,0.41526923,0.4925744,0.43533677,0.3538127,0.40282345,0.5024197,0.58755946,0.536918,0.4833152,0.5507016,0.53115493,0.53777385,0.54306215,0.4931298,0.56069255,0.51250494,0.6083948,0.45889816,0.43925834,0.576121,0.5885382,0.6331786,0.53359437,0.60244465,0.6624188,0.6034318,0.61941576,0.5577901,0.62262076,0.59975296,0.6764102,0.5247171,0.66369313,0.5830342,0.5875475,0.6605891,0.55744046,0.5946006,0.6103502,0.5979714,0.64144045,0.637904,0.43485442,0.56315833,0.44105607,0.5433501,0.6004784,0.5766458,0.5345288,0.51670676,0.63061494,0.5432396,0.566168,0.5540598,0.4799296,0.60332257,0.5677734,0.51283336,0.5678857,0.5301401,0.5428692,0.5293902,0.56823325,0.49518597,0.5379097,0.6053571,0.4498115,0.50827366,0.5461456,0.5341284,0.5353066,0.45297164,0.49545348,0.55099064,0.50444907,0.53720945,0.5638082,0.5625961,0.59442294,0.55583966,0.58897364,0.55301285,0.591853,0.58928394,0.5540468,0.5580734,0.5564105,0.54007965,0.5618001,0.54341084,0.5979814,0.6060821,0.53523475,0.5522394,0.57216567,0.5475731,0.5700823,0.573297,0.47921276,0.50906515,0.48586398,0.448342,0.58641744,0.6145453,0.5439747,0.48320407,0.41888133,0.5798854,0.5585334,0.63185346,0.5345375,0.54676956,0.57580966,0.5595123,0.6109649,0.58538043,0.62455493,0.5734064,0.54368603,0.52754074,0.5062563,0.57690734,0.5626239,0.6002507,0.52807283,0.5079216,0.5632936,0.53829676,0.6044072,0.682835,0.5125021,0.5735588,0.56689215,0.6174083,0.5795808,0.5768372,0.54744905,0.51402557,0.483953,0.48495364,0.5734004,0.5356634,0.5073503,0.5145881,0.5577302,0.58320934,0.5497132,0.52905905,0.4912059,0.56160355,0.4835558,0.53327435,0.5173588,0.50526386,0.56933486,0.65325,0.5635414,0.58326167,0.63033295,0.6185509,0.5833833,0.55332243,0.540466,0.4409888,0.47111407,0.4212644,0.46997163,0.4762649,0.58361477,0.5584577,0.5793464,0.58507043,0.61553293,0.5601841,0.49770296,0.43299004,0.42669326,0.45331275,0.52081794,0.48372567,0.43761623,0.46803707,0.4108246,0.34888077,0.40524516,0.48316374,0.57462895,0.51696557,0.5562634,0.54850703,0.5274861,0.5391388,0.54182756,0.49138716,0.56705576,0.47231266,0.5610775,0.4305242,0.4225807,0.5173013,0.5708809,0.5870019,0.5175175,0.64650327,0.6587586,0.5660512,0.61020696,0.5379059,0.6233651,0.53147656,0.62753755,0.50210553,0.59460074,0.4808408,0.6329134,0.63935214,0.54962194,0.5051927,0.5363527,0.5861151,0.5638403,0.59841734,0.42051786,0.5706903,0.39607123,0.56804115,0.623513,0.44552138,0.51864785,0.51323956,0.63189065,0.56077504,0.5823113,0.52753955,0.4692401,0.5856674,0.58666974,0.5211541,0.5646961,0.54906285,0.53561443,0.5056818,0.55746734,0.50242555,0.5351232,0.5940426,0.44968948,0.5313752,0.54537386,0.5403359,0.5168566,0.45655197,0.51412815,0.554109,0.56068814,0.55683327,0.558863,0.5573116,0.5766069,0.55637264,0.56884706,0.51691514,0.5787995,0.5982791,0.54666746,0.55966634,0.5381287,0.4899308,0.51284254,0.5456219,0.5596175,0.6078531,0.54511255,0.5522965,0.5342913,0.5164529,0.6132237,0.51782095,0.48529872,0.51441354,0.50070566,0.46340892,0.5717742,0.5948479,0.54927427,0.51817995,0.44299257,0.5346813,0.5825959,0.6175238,0.5344721,0.5348028,0.5894937,0.53929836,0.57664275,0.55012375,0.6242199,0.5713354,0.57090586,0.53660613,0.4930397,0.5897501,0.5707683,0.59731877,0.5068812,0.49486652,0.5595266,0.567696,0.5264682,0.6421862,0.5174507,0.56668097,0.55211097,0.6033575,0.5545857,0.5818628,0.5337265,0.48669946,0.5119162,0.52394354,0.524444,0.5483263,0.5462883,0.5541502,0.53729296,0.502551,0.5085657,0.5377347,0.5255207,0.58032763,0.57275367,0.5173872,0.5327311,0.54364246,0.5373773,0.53595287,0.52412695,0.51988494
861,0.5242732,0.608622,0.56091976,0.5327606,0.55556923,0.6046103,0.6143924,0.56450665,0.56006575,0.5579562,0.5645772,0.57232296,0.5753122,0.53868383,0.5187401,0.6177739,0.592672,0.6094759,0.62896633,0.64943445,0.6332614,0.6171672,0.6040548,0.5606081,0.5298066,0.56159127,0.43022227,0.55725104,0.43676436,0.6098012,0.6113315,0.54246086,0.6023673,0.6630426,0.5664565,0.5284141,0.44000328,0.44599473,0.4834332,0.54434437,0.52453977,0.44032145,0.5229977,0.44681466,0.3473922,0.3793857,0.50903594,0.59155047,0.5221806,0.46384975,0.56730044,0.5471648,0.56331587,0.5626305,0.5224644,0.57219005,0.544746,0.6261596,0.48043206,0.46841174,0.58662194,0.611349,0.6719346,0.53643984,0.61767673,0.69085014,0.6345349,0.6388223,0.5845153,0.66146857,0.6271442,0.6988331,0.55353934,0.705955,0.63725835,0.6287823,0.69167733,0.56375897,0.64454997,0.6257665,0.6453069,0.6668374,0.65699404,0.43225837,0.5781992,0.4515031,0.58409667,0.63191396,0.59531474,0.56398207,0.5209238,0.64362055,0.55182266,0.59406376,0.56767726,0.4828149,0.6282464,0.57561994,0.5440227,0.5874037,0.55800736,0.57494265,0.5455311,0.58647025,0.51966065,0.55045354,0.6195311,0.46388933,0.5312326,0.5581235,0.5553674,0.5476229,0.4729662,0.5201056,0.5485752,0.49455824,0.5246794,0.57600754,0.57853866,0.61727875,0.5951074,0.60331994,0.5867866,0.59779555,0.6052608,0.5678336,0.56292826,0.58110976,0.5808551,0.5975026,0.5685738,0.6343029,0.61761546,0.5403539,0.556992,0.57192606,0.55092865,0.5647464,0.5875619,0.4768355,0.52102524,0.50002474,0.44058463,0.6065479,0.639912,0.54513556,0.49935234,0.4085912,0.60378677,0.5991285,0.6577271,0.56150424,0.56646633,0.5964557,0.56502604,0.6235006,0.57975674,0.6403665,0.5945576,0.55468816,0.5679073,0.51655465,0.5902158,0.5667546,0.60588545,0.5273044,0.5243625,0.5859961,0.5643834,0.63896245,0.7084906,0.5353047,0.5875408,0.5815703,0.62640285,0.6086392,0.5947689,0.5491367,0.53565097,0.49991453,0.52053547,0.57494664,0.56435657,0.5333327,0.5392937,0.5810313,0.6088986,0.56976426,0.5530474,0.5034185,0.5650261,0.51032,0.56260425,0.5395601,0.52813345,0.5928653,0.653168,0.5770419,0.6044252,0.6466295,0.62970996,0.6018289,0.55974644,0.55709386,0.43809888,0.50916654,0.42541307,0.46821305,0.48160934,0.62164634,0.5885139,0.61116993,0.62294865,0.6489007,0.592353,0.52668095,0.4579866,0.43094048,0.49161422,0.5475516,0.5166177,0.46106008,0.4924011,0.4164311,0.34378895,0.38707432,0.49035874,0.5806927,0.5151372,0.550078,0.5633445,0.54417324,0.56205857,0.55647403,0.5227204,0.58628654,0.49084833,0.5734056,0.44750178,0.44071746,0.5167996,0.5924548,0.61675537,0.5181486,0.67138594,0.6861748,0.5864468,0.63457024,0.5612968,0.6529809,0.5579986,0.6514599,0.52372086,0.6282532,0.5218378,0.6700878,0.668495,0.5597059,0.5280829,0.53585255,0.61339515,0.56480825,0.6249115,0.41193968,0.58875644,0.39844108,0.5873701,0.6501167,0.4416565,0.5355084,0.5213312,0.64452976,0.5711784,0.6091947,0.536256,0.4701385,0.60828817,0.6087561,0.55024666,0.5888191,0.58318216,0.5788869,0.52177936,0.57883567,0.52263767,0.54995984,0.5996574,0.45813587,0.54828286,0.5530711,0.5618423,0.5270223,0.48078072,0.53836757,0.56762767,0.563436,0.55159086,0.56711143,0.5796113,0.5994113,0.5918278,0.57728165,0.54130346,0.5832563,0.60972244,0.5569919,0.57246083,0.56333816,0.5194166,0.5413892,0.559717,0.5733229,0.6253543,0.55501246,0.55643535,0.5307295,0.5166593,0.6136728,0.5313898,0.48590052,0.51759934,0.518411,0.44940037,0.5866158,0.6218615,0.546383,0.5297242,0.4403981,0.55352956,0.61439854,0.64533263,0.557357,0.55594385,0.60944676,0.54318327,0.5910786,0.5497826,0.63606817,0.5898873,0.5886306,0.5713511,0.5035272,0.6022494,0.57370377,0.6060018,0.49742642,0.5066354,0.58747745,0.5921961,0.53666174,0.67332596,0.5183806,0.5815005,0.5642171,0.60560894,0.5761456,0.59972984,0.5277732,0.49997306,0.5160857,0.52033687,0.5274313,0.5481075,0.54675144,0.572931,0.55408627,0.51079667,0.51932704,0.54322755,0.5346351,0.59792364,0.5909332,0.51995605,0.5364916,0.559447,0.5524719,0.5517774,0.53703976,0.532948
862,0.55503196,0.6245798,0.59312624,0.56051105,0.5817589,0.6281183,0.6328771,0.58623654,0.58876806,0.5825078,0.57496405,0.61184955,0.6068921,0.5538807,0.53702956,0.6431046,0.6004948,0.619991,0.6558549,0.6713488,0.6494821,0.6359496,0.61726534,0.57654923,0.5583562,0.604316,0.44136542,0.56817245,0.4394696,0.6305969,0.63138473,0.55366963,0.6139239,0.68628925,0.58709234,0.55807495,0.46689168,0.4524965,0.5190036,0.572248,0.5642196,0.4691846,0.5516145,0.46054843,0.35164297,0.3758213,0.52220476,0.6012009,0.52033097,0.46013024,0.5862051,0.56576645,0.59043604,0.5817082,0.55009085,0.5862255,0.57173973,0.6380525,0.49763143,0.4962095,0.58839554,0.62170625,0.69934344,0.5300213,0.6209639,0.7045949,0.65800637,0.6482981,0.60244447,0.69166064,0.64538336,0.7072235,0.57723063,0.73825705,0.68264323,0.6614185,0.71353096,0.57062346,0.68613267,0.6397633,0.68511826,0.6838508,0.6697229,0.43080914,0.5893494,0.46050304,0.618163,0.6532321,0.6081073,0.58791083,0.5204358,0.64819413,0.5590546,0.61367536,0.5868897,0.49205184,0.6485886,0.57783973,0.5731769,0.6065981,0.5835646,0.6043333,0.5579559,0.6030887,0.5406782,0.5634683,0.6286779,0.47788882,0.54890436,0.5667331,0.5704244,0.54890627,0.49158597,0.5429389,0.55133486,0.49498156,0.5249766,0.58475,0.5894072,0.63275075,0.6296821,0.61413217,0.6162925,0.6028527,0.61924213,0.5806602,0.5717248,0.60298884,0.61931163,0.6272799,0.58940536,0.66211027,0.62461406,0.5438121,0.5593723,0.5695921,0.5558015,0.5664418,0.6005989,0.47830614,0.5351126,0.5207263,0.44544086,0.62387705,0.6600827,0.55659664,0.5178433,0.40240067,0.62159073,0.6335914,0.67502755,0.5893479,0.5870134,0.6168662,0.5720607,0.63550574,0.5809108,0.6583034,0.61547905,0.57130086,0.60033053,0.5237927,0.60320187,0.56679493,0.6053736,0.52361214,0.53544354,0.61106235,0.5839534,0.66538095,0.7254266,0.5583451,0.5975046,0.5941803,0.6331087,0.6305688,0.60702175,0.54759485,0.55096406,0.5074304,0.5511386,0.57977676,0.59267944,0.55717945,0.5607716,0.6008029,0.63060915,0.5907872,0.5778573,0.51816195,0.57212883,0.5350356,0.5930225,0.55836815,0.5491477,0.61740273,0.6600443,0.5897516,0.6291499,0.6633053,0.63822806,0.61839217,0.56895065,0.57076514,0.43799114,0.54345787,0.43612835,0.4688715,0.49797806,0.648315,0.6142257,0.62718403,0.6460557,0.66778266,0.61203086,0.55858964,0.48562542,0.43907252,0.530463,0.57299984,0.5477411,0.4892164,0.51687926,0.42557433,0.3551765,0.3937112,0.5061057,0.594943,0.52646387,0.5591893,0.5810057,0.5627753,0.5871568,0.57072204,0.5530492,0.6053387,0.5075846,0.5806656,0.46555448,0.46094966,0.50660896,0.6006942,0.6363499,0.51104915,0.68249804,0.70129573,0.5975005,0.6484536,0.5751155,0.6711258,0.5750281,0.6627106,0.5415051,0.6525173,0.5553527,0.6949233,0.68794686,0.5707465,0.547311,0.53929454,0.6330894,0.56268907,0.64374214,0.40722007,0.5992042,0.40081003,0.5985767,0.66628414,0.434383,0.54779077,0.52519304,0.6493288,0.5792691,0.62525535,0.5507365,0.48120737,0.6259718,0.62227994,0.5758395,0.61226034,0.61169076,0.6171797,0.5361629,0.5983372,0.5422643,0.5657866,0.6017009,0.46726772,0.56017953,0.5582396,0.5745092,0.52920085,0.50246096,0.560497,0.5828535,0.5727074,0.55906516,0.5723949,0.5980421,0.615215,0.62426883,0.5852671,0.5594994,0.5880396,0.6175483,0.5698104,0.5925576,0.5832716,0.546794,0.56426156,0.56952673,0.5809799,0.63705087,0.56267214,0.55937636,0.5311882,0.5210319,0.62075037,0.54325646,0.4896944,0.52675503,0.54252696,0.45253935,0.5995351,0.64364696,0.5567716,0.5464152,0.44312045,0.56515986,0.6367961,0.66416705,0.5810674,0.57710963,0.6292867,0.55513203,0.6050472,0.5573892,0.6522039,0.60960674,0.6098359,0.5982712,0.5164751,0.61648774,0.5704865,0.60631657,0.48694322,0.51642084,0.6154919,0.6093043,0.5426086,0.6918602,0.5192408,0.5937573,0.5741724,0.6057889,0.5896763,0.6120537,0.52130383,0.506038,0.5110962,0.5136653,0.5266591,0.54680395,0.54528457,0.58474046,0.5652785,0.517986,0.52864754,0.547291,0.54208493,0.6101184,0.60444224,0.5222822,0.5393488,0.57045954,0.5633814,0.5650698,0.5481135,0.5445423
863,0.5742562,0.6362705,0.62009454,0.58188814,0.60033774,0.6426424,0.6465415,0.6068721,0.61515796,0.6033186,0.58196974,0.64244473,0.6351101,0.5578677,0.54757154,0.66498756,0.6143151,0.62557304,0.6797567,0.6898031,0.66183233,0.64776045,0.62611187,0.5883468,0.58211786,0.639376,0.45467627,0.57710016,0.44807288,0.63830197,0.64057416,0.55040693,0.61174977,0.690233,0.5942306,0.584568,0.49044037,0.4563226,0.5489746,0.5931343,0.5910239,0.49508083,0.5736017,0.47247854,0.36350054,0.38853633,0.5372715,0.6150666,0.5302868,0.4672767,0.6059341,0.58434665,0.6161833,0.5969767,0.5714495,0.5988601,0.5880469,0.63992816,0.50614816,0.5174776,0.57909316,0.6163763,0.71102864,0.51381093,0.6101861,0.70084524,0.66995376,0.64587224,0.60765934,0.7084428,0.6510619,0.6984993,0.59204155,0.75548565,0.71378213,0.6803258,0.7232244,0.5723593,0.71414053,0.64822334,0.71211416,0.68775845,0.6716089,0.42819864,0.5931581,0.466494,0.64044714,0.6613685,0.6117679,0.60230535,0.5137519,0.6413216,0.56306124,0.62073755,0.6056697,0.50329316,0.6598773,0.57383096,0.5968414,0.6234762,0.6039556,0.627768,0.56575114,0.618394,0.55512106,0.57303804,0.633074,0.4894914,0.55741006,0.5693874,0.5765625,0.5369683,0.5048338,0.55998224,0.55483824,0.50073105,0.5322898,0.5876913,0.5935187,0.6376909,0.65534866,0.6182712,0.6385773,0.6094202,0.6311726,0.5914953,0.58176845,0.6200666,0.6507911,0.6463618,0.60294265,0.67783034,0.62487024,0.54433006,0.5583437,0.5630521,0.55775845,0.5715855,0.6109889,0.48171964,0.5490736,0.545722,0.46098456,0.63232374,0.6698225,0.57478386,0.5329294,0.3969829,0.6291444,0.65696853,0.68064445,0.6157857,0.6062541,0.63452977,0.5784029,0.64539194,0.5860045,0.6767065,0.63426113,0.59183633,0.619127,0.52490056,0.6137786,0.5615773,0.5967112,0.51679415,0.5383033,0.6353797,0.59433925,0.67919546,0.72948325,0.57956606,0.60423934,0.6061894,0.63931745,0.6430407,0.6104185,0.5433523,0.5572839,0.5039005,0.5710864,0.5869831,0.61793005,0.5751296,0.57541096,0.61381185,0.64552236,0.61007786,0.6013401,0.5327022,0.57998395,0.55471885,0.62103766,0.56862193,0.5625594,0.6404832,0.6718763,0.5990819,0.6540478,0.6780642,0.6424752,0.62985635,0.5799885,0.58141756,0.44037786,0.568406,0.4515694,0.47273773,0.52014655,0.659233,0.63178134,0.62289536,0.6515613,0.6664618,0.6148877,0.588804,0.5107823,0.44786692,0.5631175,0.593497,0.5718677,0.5151911,0.53745186,0.4350418,0.37918317,0.4211015,0.52480453,0.61476743,0.54711473,0.5786557,0.5998631,0.58018696,0.61151487,0.5815388,0.576991,0.6201403,0.5181144,0.5793341,0.4812347,0.47979626,0.4864607,0.59196275,0.6412064,0.49542433,0.6771757,0.7004108,0.5957926,0.6492009,0.5761406,0.67377484,0.5791406,0.6577141,0.5519117,0.6620613,0.5768745,0.70319897,0.69390476,0.57672507,0.56122917,0.54362833,0.64022994,0.5529473,0.6498191,0.40494883,0.5982385,0.40167484,0.5971835,0.668957,0.42368683,0.55280066,0.52183145,0.6422826,0.5833628,0.62588364,0.5653587,0.4975943,0.6333183,0.62385964,0.5941308,0.6320769,0.6312066,0.6450806,0.54768294,0.61516815,0.55827856,0.57808274,0.60073733,0.47550207,0.5635681,0.55906457,0.5746604,0.5209294,0.51760143,0.57714385,0.59470534,0.5834253,0.57332057,0.57303613,0.60884154,0.62105393,0.6494681,0.5910191,0.5691639,0.59568256,0.62199175,0.58393717,0.6167983,0.59638,0.56880254,0.57754827,0.5736798,0.58114576,0.6386427,0.56583923,0.5600695,0.5322147,0.52501404,0.63139975,0.5525502,0.49452022,0.5398324,0.5692116,0.4703515,0.6039424,0.65369827,0.5772127,0.56354666,0.44712955,0.56567085,0.646164,0.67005336,0.60270214,0.59579605,0.6471126,0.57326645,0.61643195,0.56966376,0.6710429,0.6283363,0.63217837,0.61217165,0.5286732,0.6303353,0.56058913,0.59723794,0.4769912,0.52157515,0.63919187,0.6156061,0.5415003,0.6929366,0.5195823,0.6036768,0.58420146,0.6061238,0.59415966,0.6154716,0.5157453,0.5025132,0.49555546,0.50426406,0.5210743,0.5443008,0.5420718,0.5862375,0.567401,0.52152103,0.53393644,0.54891485,0.5463058,0.6144163,0.61056113,0.5236929,0.5406757,0.57411814,0.567208,0.5724194,0.5545552,0.5522591
864,0.5798965,0.64300615,0.6400276,0.5949465,0.61000985,0.6474244,0.65434104,0.6243764,0.63677096,0.61749345,0.5847697,0.66157603,0.65740776,0.5497505,0.5487033,0.6817298,0.6298743,0.6254437,0.69778746,0.70317733,0.66919005,0.6512348,0.6306654,0.5979553,0.59993714,0.6626981,0.4690847,0.5848795,0.46074495,0.6334739,0.639424,0.5337493,0.5979238,0.6743482,0.58735234,0.6043989,0.50782394,0.4573738,0.5697521,0.60501367,0.603171,0.51366585,0.586287,0.48011613,0.37985486,0.41154188,0.5497969,0.6303985,0.5475001,0.47863114,0.62464064,0.6003547,0.6379322,0.606273,0.5843726,0.6065399,0.59183425,0.63033664,0.50562555,0.5296223,0.56013805,0.5970577,0.70661116,0.49210113,0.5876606,0.680452,0.66977644,0.6335461,0.6003899,0.7103618,0.64443856,0.67399377,0.59717906,0.7561925,0.7285268,0.6836314,0.72042006,0.56567365,0.7263221,0.6483177,0.7243218,0.6773186,0.661996,0.4246632,0.58879876,0.46972573,0.64900994,0.6561601,0.6063597,0.6058119,0.5023307,0.62349975,0.56294686,0.6144331,0.6185254,0.5127591,0.66050684,0.5656096,0.61374944,0.6370826,0.6180473,0.64429325,0.57099485,0.6337572,0.5629404,0.57749873,0.63540566,0.49787095,0.55629283,0.5661072,0.5738662,0.5150358,0.511094,0.57016766,0.5554925,0.5064819,0.53956735,0.5841964,0.5909789,0.63204247,0.670443,0.61495715,0.6527414,0.62051076,0.64204246,0.6000435,0.5907121,0.63214195,0.6722994,0.6529915,0.60842127,0.6808646,0.61817014,0.54197735,0.5540802,0.5521704,0.5539392,0.5759534,0.6186832,0.48605722,0.5612205,0.5719164,0.48353025,0.6289406,0.66700125,0.5945605,0.5406546,0.3912308,0.6256799,0.66755444,0.6748655,0.6389341,0.6226628,0.64763236,0.5828941,0.6517768,0.5913662,0.6930644,0.6498069,0.61362785,0.6229548,0.5202577,0.620687,0.55221575,0.5813312,0.5080933,0.53418744,0.6563085,0.5952998,0.67968506,0.71963805,0.5972976,0.61069477,0.6201378,0.6474703,0.6463484,0.6047145,0.5395856,0.5548336,0.4914323,0.57809645,0.59523714,0.6383948,0.58563024,0.5822743,0.61925644,0.6529906,0.6252749,0.6216483,0.544915,0.5856424,0.56777817,0.6438405,0.5683818,0.5656131,0.659763,0.684676,0.60372406,0.6754265,0.68866104,0.64233595,0.6352833,0.5917088,0.5907839,0.44608828,0.581101,0.4699991,0.48119974,0.5421752,0.6547824,0.6400839,0.5997784,0.64107484,0.6446332,0.6019061,0.6131751,0.5302605,0.4556979,0.5857125,0.60681814,0.5865544,0.5339212,0.5510889,0.4428006,0.40975294,0.46066186,0.54068196,0.63570964,0.57076573,0.6004174,0.61784464,0.59386414,0.6322754,0.5867781,0.5913392,0.6276653,0.5211638,0.5688595,0.49275535,0.49481288,0.46099257,0.56827545,0.63072145,0.4748492,0.65714705,0.6834833,0.5826753,0.6382615,0.5654738,0.66146624,0.5710463,0.63754076,0.554098,0.6556974,0.5852431,0.69477606,0.6862072,0.5737361,0.5702084,0.5459366,0.63385314,0.5350155,0.64226186,0.40527722,0.5858932,0.40178028,0.5836837,0.6584654,0.41259724,0.5501701,0.5115698,0.6230456,0.582746,0.61077905,0.5751602,0.5137821,0.62866664,0.6141408,0.60408527,0.6465939,0.641001,0.66106737,0.5576442,0.6300325,0.5693972,0.5844147,0.5997041,0.48232788,0.55825776,0.5557152,0.5627119,0.5043031,0.52496696,0.5872758,0.59974146,0.5904315,0.58672214,0.5687059,0.6107079,0.61707425,0.6653296,0.5934057,0.57135,0.60914886,0.6248427,0.5979439,0.6409006,0.60344017,0.58382666,0.5805894,0.57276344,0.57500905,0.6291284,0.56387156,0.5584599,0.53153425,0.5254037,0.64169,0.55953753,0.49903485,0.5544239,0.5943644,0.49723506,0.5963631,0.649186,0.6016224,0.57639265,0.44985032,0.5555271,0.6430907,0.6630234,0.62040895,0.6105799,0.661346,0.59421253,0.6240662,0.5822607,0.6891735,0.6444359,0.6528403,0.61238843,0.5382408,0.6418915,0.54619294,0.5809056,0.46916854,0.52235556,0.6559136,0.61064875,0.5342196,0.6763661,0.51947415,0.613399,0.59773153,0.61007226,0.5915636,0.60900146,0.51357144,0.49076724,0.47291148,0.49409065,0.51177704,0.541203,0.5380709,0.5772916,0.56004846,0.5205994,0.53436553,0.5479166,0.546813,0.6108543,0.6090669,0.52388936,0.5403149,0.570099,0.5632174,0.57236266,0.55507755,0.55522424
865,0.5730265,0.64563274,0.6529328,0.5998327,0.61168635,0.6438733,0.6565159,0.63712543,0.652054,0.62382835,0.5845708,0.66828406,0.67225796,0.5328758,0.5420988,0.69247687,0.64255124,0.6207825,0.7079992,0.7108109,0.67116636,0.6474494,0.63235533,0.6083419,0.611535,0.67135346,0.48429576,0.5934755,0.4762636,0.6198089,0.63085234,0.50996566,0.5776714,0.64241636,0.56995994,0.61617553,0.5189149,0.4582941,0.5804687,0.60834163,0.6028824,0.52327657,0.5893766,0.48318368,0.3977429,0.4375344,0.5566391,0.64400446,0.5654086,0.4881028,0.6404794,0.61187494,0.6538974,0.6090205,0.58888835,0.6073723,0.58457935,0.6110607,0.49937785,0.53295404,0.5365082,0.5700437,0.6887529,0.4727015,0.5600772,0.64816695,0.6594319,0.61665344,0.5842637,0.69819176,0.62911093,0.63973975,0.59437346,0.741174,0.7263431,0.6717546,0.7066904,0.55110747,0.7223501,0.6396024,0.7219134,0.65498424,0.64401615,0.42275223,0.5783802,0.47195137,0.6440575,0.63990813,0.595109,0.59957534,0.49034292,0.5989791,0.5589548,0.5970945,0.62231773,0.51832545,0.6517804,0.5570277,0.6245034,0.6475084,0.62621385,0.654736,0.57750535,0.65062374,0.5666344,0.57781607,0.63969153,0.5036961,0.5485062,0.55950177,0.565085,0.49100798,0.5114517,0.57518834,0.5520882,0.5086901,0.5413643,0.57544744,0.58343035,0.61862606,0.675581,0.6058091,0.6591986,0.63832515,0.6532059,0.6066812,0.597335,0.6402186,0.6824304,0.6478308,0.6067117,0.67271423,0.6065386,0.538026,0.5478862,0.5392156,0.54441214,0.57674736,0.6250034,0.49173456,0.5709602,0.59594893,0.50857973,0.61456376,0.65280133,0.61089736,0.54013526,0.38700083,0.61372054,0.6659274,0.6608585,0.65729004,0.63576156,0.6554075,0.58583295,0.65397745,0.5943543,0.70473063,0.66201115,0.6337148,0.61378396,0.5134927,0.62381744,0.5417814,0.56426203,0.4995555,0.52769303,0.6722225,0.58857477,0.6688038,0.697961,0.6098479,0.6207054,0.63834333,0.6595504,0.6425494,0.5926184,0.5408592,0.54622406,0.47590414,0.5730347,0.60337144,0.6534712,0.5891783,0.5825536,0.61836326,0.6540755,0.63495827,0.63745433,0.5539313,0.5875673,0.57384354,0.65958685,0.5593059,0.5590872,0.67324495,0.6939871,0.60397875,0.69014674,0.6936097,0.6391439,0.6358103,0.6031936,0.6015044,0.4565852,0.58106697,0.48981124,0.4957711,0.55901337,0.6391432,0.64036673,0.5652723,0.61941403,0.60762537,0.5787468,0.6289549,0.5429934,0.46278462,0.59737974,0.61236507,0.5920349,0.5427614,0.556466,0.44858617,0.4392387,0.5003936,0.54922265,0.652939,0.59048355,0.6162109,0.6329704,0.60247016,0.6473461,0.58576596,0.5953745,0.6269169,0.51850146,0.5519918,0.49998355,0.5050721,0.43841046,0.5373179,0.60833365,0.45671073,0.62841296,0.6543819,0.56385654,0.6208887,0.54802966,0.6388742,0.555141,0.6080172,0.5500072,0.63623905,0.581467,0.6728006,0.6680264,0.56157863,0.576096,0.54502803,0.616881,0.5131187,0.6242989,0.40997505,0.5663213,0.4038069,0.5633812,0.6382483,0.40622342,0.5420497,0.49842408,0.59557104,0.5779092,0.5840144,0.5775171,0.5252558,0.6143668,0.59766644,0.6072318,0.6555106,0.64252144,0.66659045,0.56886584,0.64435774,0.57590437,0.5851069,0.6027452,0.48843014,0.5475024,0.55003065,0.54337656,0.4856107,0.5259916,0.59225297,0.59724814,0.59035456,0.5927561,0.5605708,0.6050197,0.6063294,0.6719778,0.59215105,0.5693259,0.6303653,0.6286863,0.6104752,0.66056365,0.6066163,0.5918094,0.5756021,0.5686323,0.56577766,0.6112933,0.55791295,0.55546063,0.52911973,0.5213229,0.6482319,0.5654038,0.5034209,0.5685109,0.6147768,0.5256749,0.57763404,0.63134366,0.62308913,0.58179367,0.4510174,0.53959453,0.6315573,0.6467729,0.6333797,0.6213619,0.67084754,0.6139995,0.62802917,0.5913042,0.7024848,0.65713376,0.66928446,0.6021236,0.544736,0.649862,0.5313628,0.562366,0.46465787,0.52165437,0.665164,0.59690523,0.5250431,0.6468451,0.5192116,0.6257898,0.61761147,0.62098384,0.585656,0.59443235,0.5174915,0.47557476,0.4504089,0.48579144,0.5016261,0.5386738,0.53462434,0.56075495,0.5457284,0.5162522,0.5307509,0.5447893,0.54411536,0.6017893,0.6021195,0.52276367,0.5384682,0.56019443,0.5529287,0.56551373,0.549981,0.5540113
866,0.5574292,0.6462373,0.66040665,0.59849423,0.6078238,0.6348774,0.65445125,0.6448024,0.66108155,0.6234268,0.5838101,0.6639932,0.6795885,0.51326203,0.5316138,0.69756365,0.64939994,0.61448056,0.70990044,0.7131054,0.6681273,0.6392233,0.633499,0.6213466,0.61784446,0.66490114,0.50052613,0.60510874,0.4942639,0.6024144,0.6190351,0.4876093,0.5571468,0.60235965,0.547922,0.62113386,0.5254364,0.46274015,0.5828714,0.60557324,0.5945962,0.5247195,0.5849079,0.4837146,0.41494107,0.46062472,0.5570675,0.6533118,0.5782562,0.4927637,0.6526137,0.6185493,0.6638771,0.6067279,0.58683413,0.602299,0.5707683,0.5872972,0.4924641,0.5302302,0.5145581,0.5436811,0.6625191,0.46299243,0.535822,0.6119817,0.6426092,0.60151017,0.5647154,0.674612,0.6107859,0.6047759,0.5871865,0.71356225,0.70849454,0.6474085,0.6850581,0.5330962,0.7042531,0.6249271,0.7070893,0.62693447,0.62343895,0.42572555,0.56631696,0.47552937,0.6278444,0.61689144,0.5827675,0.5866027,0.48244917,0.5742019,0.55225897,0.57335055,0.61755645,0.52023715,0.63740516,0.5519522,0.6304884,0.65557146,0.6298836,0.66079307,0.588024,0.6691439,0.5694039,0.57665515,0.6490071,0.50865674,0.53908813,0.55336356,0.55441934,0.47336367,0.5086194,0.5779867,0.54617876,0.50717705,0.5363039,0.56396174,0.5733688,0.60216594,0.6732497,0.59412915,0.65981996,0.6623395,0.6658882,0.61212456,0.60178334,0.6463458,0.68232703,0.63370645,0.5998878,0.65644735,0.5935098,0.5340999,0.54163843,0.52792317,0.5327078,0.5741343,0.63231456,0.50050974,0.57909334,0.61531466,0.53237396,0.59369683,0.63162845,0.6209148,0.5336868,0.38786846,0.5980078,0.6545287,0.643442,0.6701227,0.6459633,0.6583054,0.5885803,0.65257484,0.5946866,0.709949,0.67132014,0.6496962,0.59568113,0.5095336,0.6241776,0.53372484,0.55180615,0.49284372,0.52404505,0.68288344,0.5773339,0.65014243,0.669461,0.6163158,0.6362569,0.6610231,0.675942,0.6348766,0.5784104,0.55023146,0.5353836,0.46398112,0.5595617,0.6107287,0.66374946,0.58793676,0.57873344,0.61347014,0.6506547,0.63941044,0.6484971,0.56026405,0.58649653,0.57469004,0.6678612,0.5456625,0.54664487,0.6800107,0.69659024,0.60166055,0.69650644,0.69245803,0.6347207,0.633419,0.61410147,0.6150892,0.4728086,0.5708994,0.5099368,0.5173391,0.5685613,0.6188279,0.63560134,0.53040266,0.593271,0.56572735,0.55367047,0.635984,0.5496919,0.47045526,0.59994584,0.6113508,0.59052974,0.5418876,0.55457425,0.45387635,0.46136796,0.5297967,0.5488319,0.6630444,0.6013569,0.621055,0.6444227,0.6064521,0.65633875,0.5799146,0.59092796,0.61964947,0.5139373,0.5340711,0.5038611,0.5112294,0.42618006,0.5094949,0.58089644,0.44864672,0.599486,0.62059397,0.5469065,0.6043631,0.5306802,0.6134577,0.53815967,0.5780991,0.5439783,0.61014694,0.5689443,0.64315385,0.64498574,0.5441292,0.58177954,0.542611,0.5954706,0.49444154,0.6023423,0.42129514,0.54643434,0.41093522,0.5440918,0.61398214,0.4090494,0.53231424,0.48803863,0.5668932,0.570497,0.55292374,0.5733866,0.5301799,0.59596694,0.58136773,0.60644436,0.6598051,0.63849396,0.6647021,0.58326995,0.65896726,0.5788411,0.58267117,0.61259717,0.49532276,0.5365233,0.5445303,0.5238282,0.472213,0.5235302,0.59456265,0.5893046,0.58301634,0.5886723,0.55091584,0.5952815,0.5937287,0.6715896,0.58793503,0.5673928,0.6582622,0.6359155,0.6204956,0.67282444,0.6087818,0.5949547,0.5670192,0.56348604,0.55694395,0.5908852,0.5503059,0.5524656,0.5271062,0.5146149,0.6492381,0.5723112,0.5094525,0.58128655,0.6291021,0.54913205,0.5530163,0.6055876,0.63679254,0.57936275,0.45224908,0.52525336,0.6174313,0.6274365,0.641772,0.6290271,0.675015,0.6294458,0.62946004,0.59479207,0.7078737,0.66633683,0.67987025,0.5871271,0.54942554,0.6536959,0.5198013,0.5475219,0.4637717,0.52313817,0.66849995,0.57928103,0.5195056,0.6133826,0.5190484,0.6421073,0.6436247,0.64001447,0.5802656,0.5758302,0.5287575,0.46316728,0.43523365,0.4813004,0.49387684,0.5378797,0.5329111,0.54144055,0.52885014,0.51075804,0.5250279,0.5403312,0.5394647,0.5909364,0.5932882,0.52039367,0.5356003,0.54768807,0.5396439,0.55423623,0.54099655,0.550152
867,0.5391325,0.6475808,0.66505545,0.59452784,0.602173,0.6244012,0.6502436,0.6489596,0.66589296,0.61953527,0.5851881,0.6535697,0.6811682,0.49690223,0.5213658,0.69870645,0.6501209,0.6100958,0.7048298,0.71138525,0.66152596,0.63020027,0.63681585,0.6367271,0.62183,0.64664996,0.5181911,0.6214084,0.5146091,0.58599055,0.60810804,0.47368634,0.5410497,0.56419766,0.52716744,0.6230837,0.5303296,0.4737241,0.58137876,0.6006586,0.5838458,0.5214269,0.5768634,0.48533142,0.43082494,0.4784289,0.55310345,0.6573255,0.58327293,0.4935831,0.6618606,0.62199235,0.6695289,0.6028831,0.58169866,0.59474456,0.55727935,0.56643534,0.48974553,0.5258075,0.49921137,0.52469486,0.63441515,0.4666558,0.5212543,0.580769,0.62390965,0.59266555,0.54717755,0.6442847,0.59518814,0.5773905,0.58009243,0.6795674,0.6794142,0.6158918,0.6596132,0.5180525,0.6774711,0.6099469,0.68471783,0.6018233,0.6066906,0.43609726,0.5575436,0.48250556,0.60497,0.59252787,0.5733893,0.5706156,0.481376,0.55520487,0.5445428,0.5487037,0.6081659,0.52082,0.6223009,0.5526784,0.6332808,0.6624559,0.6313056,0.6646165,0.60285586,0.6880837,0.573813,0.57714593,0.66408503,0.5148626,0.5333405,0.55097294,0.54573303,0.4669695,0.5057081,0.5814806,0.5410444,0.50473785,0.52697045,0.5527932,0.5633337,0.5878249,0.6672121,0.58380157,0.65835553,0.68933487,0.68115056,0.6169434,0.6051315,0.6535276,0.67624664,0.6153314,0.59101284,0.6363776,0.5827643,0.5314528,0.537115,0.52196765,0.5246376,0.5707487,0.6432317,0.5146605,0.5875555,0.62922454,0.5529099,0.5730774,0.6099943,0.624673,0.5256936,0.39710853,0.583692,0.6375699,0.6273015,0.6780512,0.65404856,0.65774214,0.5924874,0.6495867,0.5940979,0.70856565,0.67839164,0.6601813,0.5737491,0.5122839,0.6234378,0.5303509,0.548349,0.4886375,0.5270035,0.689377,0.56564283,0.6282083,0.6409836,0.6178202,0.6562298,0.6860397,0.69547987,0.6272991,0.5659136,0.5677379,0.52642137,0.4604825,0.5435993,0.61748546,0.67088705,0.58533305,0.57429117,0.60748523,0.6448975,0.6408507,0.6560201,0.56559557,0.5849821,0.5748227,0.6700956,0.5324461,0.5331251,0.6809967,0.6913543,0.59943163,0.6947888,0.685749,0.63075036,0.63012207,0.6249747,0.6310279,0.49470624,0.55651885,0.53030777,0.5457511,0.57209206,0.60047853,0.62955767,0.50503016,0.5696001,0.530626,0.5343207,0.6372461,0.552784,0.48033115,0.5979492,0.606887,0.58577764,0.5347939,0.54857516,0.46121156,0.47419629,0.54411566,0.5415687,0.6651005,0.602053,0.614574,0.6531382,0.6080711,0.6609125,0.5725975,0.5822692,0.6098306,0.5122228,0.52121127,0.506145,0.5153123,0.42771733,0.49318933,0.5564864,0.45479345,0.5782359,0.59135884,0.5379495,0.5950297,0.519665,0.5929588,0.52682126,0.55628455,0.5414157,0.58585995,0.55404645,0.613323,0.6234361,0.5276786,0.5906533,0.54258317,0.5773274,0.48576793,0.58382004,0.4406311,0.5329228,0.42546174,0.5328965,0.5919068,0.4227143,0.5247605,0.48467985,0.544373,0.56280124,0.52549946,0.56683856,0.5297086,0.58011985,0.57174003,0.60480237,0.6614413,0.63234055,0.65941024,0.60081387,0.673763,0.57967246,0.5805957,0.6291771,0.5046692,0.530327,0.54163015,0.51044846,0.4691113,0.5207173,0.5966224,0.5797649,0.571262,0.57588214,0.54224604,0.58582366,0.58440846,0.6677391,0.58231384,0.5701559,0.6889288,0.6481659,0.6273561,0.67683136,0.61331874,0.5978716,0.5603345,0.5593538,0.5507344,0.5744451,0.5436226,0.55074483,0.5286884,0.5092072,0.64479136,0.58325046,0.5197085,0.59341687,0.6379381,0.5644214,0.5302291,0.5800781,0.6414409,0.5714019,0.45590022,0.51917,0.6065076,0.61130273,0.6469104,0.63481385,0.673971,0.6390006,0.6303156,0.5931182,0.70438534,0.6724907,0.6841211,0.57381845,0.5550694,0.6536356,0.51320237,0.5406245,0.46587792,0.52970344,0.6689427,0.56384,0.5217336,0.586141,0.5192387,0.6612898,0.67243886,0.6654653,0.5781947,0.55799663,0.54635555,0.4586893,0.43139902,0.48131064,0.4909721,0.5395252,0.5337055,0.52466166,0.5143099,0.5068404,0.5197565,0.53546673,0.5345843,0.5821397,0.5862679,0.51726353,0.53242487,0.53653914,0.52759224,0.5420328,0.53094727,0.54570407
868,0.52489454,0.65193707,0.6691997,0.59215313,0.5989391,0.61665744,0.64585066,0.65230954,0.6696605,0.6160182,0.5907168,0.6440013,0.6798505,0.4875669,0.5139732,0.698239,0.6464154,0.6103348,0.6955037,0.70716393,0.6536949,0.6237522,0.6444625,0.6528644,0.6275343,0.6230365,0.53736037,0.6424485,0.5361416,0.5737378,0.6011142,0.47160977,0.53182316,0.53642356,0.5118296,0.6268844,0.5370244,0.4927,0.5818768,0.5980589,0.5761581,0.5187626,0.5698179,0.4916156,0.44644216,0.49180454,0.54862523,0.6567559,0.580952,0.493968,0.67009974,0.6249841,0.67353153,0.601659,0.5778863,0.58881605,0.551349,0.5555168,0.49452862,0.524072,0.4927285,0.5162174,0.61072594,0.4831949,0.51890934,0.56157196,0.60777694,0.5916973,0.535914,0.61331445,0.5860975,0.5624123,0.57706815,0.6476304,0.6469769,0.58435977,0.635053,0.51155305,0.650117,0.6008154,0.6618802,0.58775556,0.5987992,0.4546924,0.55524373,0.49364382,0.5816845,0.5721591,0.5688845,0.5548948,0.48699048,0.5458336,0.5375279,0.5280204,0.59951156,0.52326,0.6108748,0.5593342,0.63438755,0.66921306,0.6330651,0.66852665,0.6205731,0.7057253,0.58129793,0.58183473,0.6833242,0.5237996,0.534972,0.5541199,0.54113513,0.4720786,0.505236,0.58767855,0.5400724,0.50528437,0.5178697,0.54470575,0.55543905,0.57975674,0.6613386,0.57824427,0.65926826,0.7151621,0.69925267,0.62115663,0.60869807,0.6644141,0.66986966,0.59810245,0.58352506,0.61740774,0.5769448,0.5308443,0.535547,0.52381486,0.5256756,0.56975967,0.6589814,0.5354768,0.5983872,0.63824815,0.56976074,0.5589818,0.59411997,0.62431175,0.52073896,0.41630277,0.57451826,0.62026125,0.6155863,0.6826343,0.66040945,0.6552754,0.5980809,0.6475031,0.5946778,0.70166355,0.68365294,0.66456157,0.5529874,0.52318007,0.62319106,0.5323592,0.55488944,0.48690146,0.53829485,0.6934417,0.5575172,0.6075944,0.6190485,0.61714846,0.6774893,0.71022016,0.7160869,0.6235778,0.5572781,0.59095573,0.5224476,0.46737462,0.53172374,0.6243053,0.6767055,0.5849737,0.57299954,0.6033136,0.6389323,0.6424906,0.66228133,0.57185936,0.585989,0.57965523,0.66885376,0.52350295,0.5225532,0.6786184,0.6791341,0.5996282,0.68688136,0.6745881,0.6284851,0.62765163,0.6367235,0.6475328,0.5211623,0.5453581,0.55146235,0.5793731,0.57281864,0.58893925,0.6256331,0.49446654,0.5542346,0.5108837,0.5252798,0.63761514,0.5558935,0.493621,0.59748083,0.60317135,0.5821663,0.52744335,0.54237306,0.47285807,0.4802155,0.5444985,0.5321737,0.66041213,0.59447426,0.6000614,0.66111773,0.6104167,0.6639292,0.5679366,0.5749661,0.60186243,0.5177253,0.5182039,0.50897956,0.5198008,0.44223487,0.49203545,0.5415956,0.47447506,0.5696967,0.5748919,0.5397938,0.5961495,0.5189906,0.5831316,0.5257562,0.547681,0.54685587,0.5708837,0.5448181,0.59081733,0.60862774,0.5180596,0.605279,0.5488003,0.56935966,0.49114734,0.5743956,0.46745896,0.529514,0.44768524,0.53405166,0.5773205,0.44530123,0.52164197,0.48959705,0.53328353,0.5569809,0.5078998,0.5629654,0.5269032,0.57204324,0.5723913,0.6047068,0.66264576,0.6275856,0.6551124,0.6200983,0.6881364,0.5801232,0.582004,0.65009737,0.51721674,0.5319101,0.5431919,0.5064178,0.47760454,0.5200664,0.59999776,0.5726145,0.5594845,0.5585868,0.5364929,0.5802541,0.58208495,0.6640988,0.5773949,0.581309,0.7175923,0.66574067,0.63064474,0.67365265,0.62330085,0.6054574,0.56034493,0.5579611,0.5479523,0.56696576,0.5398776,0.5511397,0.53669065,0.5095519,0.6364428,0.6005767,0.5360705,0.60633236,0.64283454,0.57191986,0.516157,0.5624802,0.6386485,0.5616544,0.4639615,0.5247224,0.6029448,0.602639,0.6507965,0.6394904,0.66846687,0.64262825,0.63247377,0.58832407,0.6930222,0.67618966,0.6824341,0.56721765,0.5646781,0.65057117,0.51154757,0.5434067,0.4697576,0.5427751,0.6697706,0.5560313,0.5327494,0.5722995,0.52018243,0.681044,0.6997073,0.6937191,0.5811111,0.54480684,0.5673616,0.46446928,0.4393396,0.48566884,0.4940657,0.5437523,0.5374738,0.5147265,0.50609267,0.5068547,0.5175159,0.53126234,0.53126764,0.578324,0.5837953,0.5142994,0.52977985,0.53040344,0.5207267,0.53268135,0.52311295,0.54280955
869,0.5198028,0.6598863,0.673565,0.59438574,0.6010527,0.61455137,0.64230365,0.6571152,0.67501307,0.61549324,0.60091686,0.6410016,0.67801327,0.48597682,0.5097902,0.69777316,0.64099586,0.61593527,0.6849301,0.70136404,0.6468823,0.6218224,0.6567937,0.66758287,0.6376208,0.6013678,0.55731577,0.6660342,0.55640084,0.5669595,0.59919953,0.48104736,0.52973133,0.5230208,0.5034644,0.6359165,0.5480569,0.51901776,0.5889293,0.60100836,0.57524973,0.5218233,0.56711644,0.50458276,0.4637191,0.5037144,0.54779375,0.65343565,0.5744016,0.49803248,0.6788707,0.6298852,0.67809916,0.6059431,0.57901525,0.58759123,0.55761534,0.5586155,0.5076165,0.52772266,0.49497437,0.5180596,0.59569263,0.5088709,0.52755105,0.5575533,0.5972916,0.5974915,0.53356373,0.58777446,0.58448434,0.5606669,0.5801236,0.625385,0.6200611,0.5598601,0.6157358,0.5164954,0.6298788,0.6013967,0.6454366,0.58891314,0.6018208,0.48013163,0.5596351,0.507997,0.5640234,0.55955637,0.56896627,0.54170746,0.496884,0.5469878,0.5325009,0.51451296,0.596051,0.5303136,0.60550934,0.57015663,0.6347626,0.6761256,0.6369503,0.6741616,0.6388429,0.7203397,0.59183145,0.59175533,0.7032517,0.53541434,0.5446772,0.56276613,0.5406338,0.48556638,0.50832856,0.59682614,0.5454966,0.5122039,0.51369905,0.5413651,0.5509563,0.5798582,0.65815043,0.57940936,0.6651662,0.7360867,0.71850926,0.624151,0.6134944,0.6793436,0.6673027,0.5862459,0.5800453,0.60373664,0.5769958,0.53257203,0.5373216,0.5340619,0.53861314,0.573468,0.67806405,0.56212324,0.6125895,0.6433946,0.58360314,0.55477345,0.58742595,0.6228289,0.52201086,0.44487503,0.57182604,0.60727715,0.6093029,0.68515277,0.6646339,0.65182865,0.6049905,0.6478796,0.5977812,0.69076264,0.6869131,0.6628259,0.5371466,0.54072815,0.62435156,0.53898877,0.56935155,0.4872701,0.557333,0.6965306,0.555555,0.5918147,0.60768396,0.6169537,0.6963596,0.73043257,0.7349922,0.62580776,0.5529329,0.61598563,0.52463824,0.48367068,0.5287737,0.6316156,0.68195325,0.5890801,0.57736146,0.6029074,0.6343021,0.6468529,0.66920704,0.58008313,0.59157467,0.5923825,0.6663276,0.5203599,0.5168015,0.6753521,0.66254866,0.6033387,0.6754182,0.6602995,0.6284201,0.62715006,0.649605,0.6623387,0.54990304,0.54346263,0.5736255,0.6148347,0.5742964,0.586323,0.6257158,0.49884492,0.5504222,0.50932467,0.52709216,0.64130527,0.5623248,0.5104662,0.60334456,0.6036031,0.58308375,0.5256968,0.53888756,0.4896307,0.4845268,0.53653944,0.5260245,0.65174484,0.58270824,0.58314985,0.66991997,0.6157454,0.66788983,0.5689874,0.57362646,0.59873116,0.53275436,0.52688843,0.51393884,0.5263981,0.46589753,0.5049381,0.5392734,0.5029642,0.57499665,0.57557017,0.5518193,0.6072552,0.53001696,0.586451,0.53653944,0.55305153,0.56221986,0.56928664,0.5477296,0.58125275,0.60332274,0.51853,0.6258378,0.5631006,0.575448,0.5111343,0.57593894,0.4989953,0.5360576,0.47543728,0.5483144,0.57338727,0.47212738,0.52347136,0.5012556,0.5354784,0.55426615,0.5032151,0.56562465,0.5254935,0.57381904,0.5831084,0.60705626,0.6648774,0.62654734,0.6551877,0.6389336,0.7009666,0.58150536,0.5884479,0.6715563,0.532116,0.5413367,0.5499194,0.51134336,0.49551,0.52263844,0.60477686,0.57042295,0.55192286,0.5423513,0.53457946,0.5802526,0.5877688,0.6629976,0.57514334,0.60169184,0.7401987,0.6868019,0.63010114,0.66566664,0.6397382,0.6199138,0.5693643,0.5603871,0.5485411,0.57037514,0.5400702,0.5539877,0.55250835,0.5189561,0.6268025,0.62397885,0.558515,0.62120193,0.6452025,0.57468784,0.5143165,0.5568389,0.6318895,0.5538238,0.47747058,0.5411507,0.60830563,0.60248756,0.6548202,0.6428574,0.6595336,0.6413709,0.6366313,0.58306235,0.6761007,0.6776695,0.67571557,0.5692781,0.5797061,0.64578813,0.5140494,0.55521494,0.47415704,0.5617263,0.67303675,0.55888695,0.5503881,0.5738464,0.5223454,0.6987423,0.72159284,0.7203515,0.5893307,0.5381775,0.58775824,0.4796118,0.45665923,0.49367705,0.5028815,0.5501328,0.5442902,0.5137759,0.5062294,0.5121128,0.5201286,0.5287685,0.53081733,0.5806339,0.5868317,0.5125208,0.5283271,0.531479,0.5213885,0.5291616,0.5202695,0.54305005
870,0.5253873,0.67009413,0.6772405,0.60170376,0.60876304,0.6183863,0.6396028,0.66381145,0.68249387,0.61853284,0.61455667,0.64623857,0.6765659,0.49052814,0.5077684,0.69744503,0.6364479,0.6255423,0.67525,0.69424367,0.6422546,0.6243524,0.6719357,0.6784555,0.6516447,0.58704346,0.5765136,0.6882013,0.57286775,0.56520593,0.60148364,0.498637,0.53320503,0.522959,0.50149304,0.6501329,0.56372947,0.5496824,0.6031974,0.6098984,0.5815936,0.5328299,0.5699485,0.5239919,0.48406968,0.5174572,0.5531728,0.6492621,0.5677697,0.5087622,0.68806463,0.63719887,0.6837513,0.61581075,0.58622825,0.5921905,0.57590795,0.57511973,0.52710384,0.53710556,0.5040298,0.5277999,0.5904272,0.53803676,0.54316086,0.5672055,0.5932957,0.6071549,0.5405356,0.57166237,0.58877933,0.56954813,0.5886267,0.61643195,0.6045313,0.5468054,0.6041568,0.53254837,0.6206888,0.61164343,0.6390262,0.6039339,0.6141801,0.50915605,0.56864023,0.5236476,0.555559,0.5556828,0.5721315,0.5322097,0.5078954,0.5566161,0.52996075,0.5092599,0.59965056,0.5431335,0.60610795,0.5823891,0.63462013,0.6823742,0.64285696,0.68138725,0.6547422,0.73009044,0.6038692,0.60581255,0.7195059,0.54840076,0.56018364,0.57511646,0.54298407,0.5027648,0.51480657,0.6073484,0.55753565,0.5269914,0.51781327,0.54283065,0.54990685,0.58716017,0.65803957,0.5869804,0.67515343,0.74915975,0.7353181,0.625083,0.619682,0.6957016,0.66924983,0.581336,0.5812765,0.597283,0.5820048,0.5363123,0.5418242,0.55105305,0.56232035,0.5825334,0.6967061,0.5915447,0.62941504,0.645528,0.5954602,0.5601529,0.58958435,0.6227134,0.5305031,0.48009655,0.5746238,0.60109407,0.6075068,0.6858587,0.66589224,0.64760196,0.61219966,0.65067476,0.6037379,0.6773706,0.6875528,0.65571666,0.5280615,0.5611167,0.62690884,0.5483466,0.587599,0.48924783,0.5810235,0.6990454,0.560074,0.5825152,0.6072535,0.6182459,0.70943975,0.74392235,0.7489588,0.63334495,0.5520961,0.6383038,0.5321723,0.50594646,0.5360469,0.63921154,0.6859696,0.59756505,0.58729184,0.60645866,0.6314877,0.65437305,0.67702806,0.5900012,0.6020622,0.61223567,0.6634361,0.5223511,0.5156561,0.67244637,0.6452312,0.6101937,0.66290677,0.64445806,0.6301224,0.6287848,0.6626951,0.6729578,0.57782793,0.5531963,0.5959554,0.647678,0.5790221,0.59177417,0.6296132,0.5140981,0.55761904,0.5229833,0.5367431,0.6495863,0.5733252,0.5296104,0.6163523,0.6089929,0.5894471,0.5324613,0.5394892,0.5106422,0.49217516,0.5278133,0.5267513,0.6422617,0.5714429,0.56980306,0.67933345,0.6241328,0.6735216,0.57624155,0.57983506,0.6011473,0.55613637,0.54534495,0.52135664,0.53553647,0.49311116,0.52723914,0.54854286,0.5335156,0.5909509,0.5920583,0.5706139,0.6245614,0.5509997,0.6012754,0.5572308,0.56912696,0.5856635,0.5805404,0.56447566,0.5860677,0.6068712,0.5292198,0.6496889,0.5843867,0.5947511,0.54257995,0.58626497,0.5310443,0.54934895,0.5049289,0.5727173,0.5799113,0.49784628,0.52939993,0.51653695,0.54897326,0.55449647,0.51099265,0.5758666,0.5285473,0.58409524,0.6002689,0.61122036,0.66814476,0.6290911,0.66031796,0.654549,0.71038765,0.5840461,0.5992036,0.6891828,0.54754674,0.5561382,0.5607678,0.5224414,0.518232,0.5281287,0.6098217,0.573654,0.55109555,0.532362,0.53619903,0.5851515,0.59945893,0.66467637,0.5764219,0.62814474,0.7538762,0.70738685,0.6257972,0.6556458,0.66032356,0.63949376,0.58606595,0.5664024,0.55177534,0.5830117,0.54393834,0.5589805,0.57528013,0.5380226,0.6187015,0.6499353,0.58481735,0.63795245,0.64583373,0.57665044,0.5241375,0.5625348,0.6250789,0.550445,0.49623087,0.5642032,0.62099814,0.6086742,0.65889144,0.64412636,0.64828646,0.63678575,0.6421137,0.5797181,0.656606,0.67674553,0.6652618,0.5784281,0.59881365,0.6405579,0.51948476,0.57295793,0.47822064,0.58368224,0.67862487,0.571824,0.57059795,0.58768404,0.5258954,0.71159333,0.73509175,0.74101406,0.60123014,0.5377108,0.6035913,0.5007609,0.47904527,0.50404835,0.5157792,0.55762637,0.55340725,0.52131057,0.51433986,0.5223978,0.527905,0.5285755,0.5335316,0.58802897,0.5942766,0.5125505,0.5282452,0.5396144,0.52944565,0.5325476,0.52358174,0.546788
871,0.53933465,0.67990905,0.67860204,0.61200273,0.61958367,0.6257968,0.6370746,0.67062116,0.69009197,0.62390256,0.62889934,0.656959,0.67499226,0.49868312,0.5069386,0.6961228,0.6338162,0.6362397,0.66700685,0.68572575,0.6394196,0.6294256,0.68635637,0.6832336,0.66626424,0.581594,0.5928118,0.7046906,0.5841789,0.5667207,0.60555816,0.5192263,0.5393727,0.531766,0.50416285,0.66599494,0.58183134,0.5798844,0.6211463,0.6220097,0.59259206,0.55000794,0.57741797,0.5473006,0.50702345,0.53431904,0.56422544,0.6450566,0.5639337,0.52607304,0.69554174,0.6451018,0.6889484,0.62832177,0.59766334,0.60126555,0.60114396,0.5996212,0.5491119,0.55055094,0.5166904,0.5415328,0.5929087,0.5646329,0.56041884,0.58510816,0.59430856,0.6169768,0.5542556,0.56547016,0.59574723,0.58400565,0.5996491,0.6191319,0.6008414,0.5453017,0.5999233,0.55619085,0.62151676,0.62770355,0.6416275,0.626766,0.63122094,0.53772134,0.5793719,0.5386375,0.5561122,0.55856645,0.57653165,0.5266046,0.5176362,0.57057583,0.52962214,0.5111737,0.6089501,0.56033796,0.6106004,0.5931406,0.63369673,0.68617296,0.64874345,0.687996,0.6652808,0.7330729,0.6149175,0.6209052,0.7283127,0.56113344,0.5776464,0.588088,0.54665893,0.51907784,0.5239463,0.61685175,0.57390887,0.5479813,0.5304266,0.54761755,0.5511053,0.5982261,0.65948075,0.59825176,0.68548214,0.75235474,0.745643,0.623283,0.6261007,0.70910555,0.67333066,0.58203334,0.5857437,0.59685725,0.5895916,0.541054,0.5475971,0.5709915,0.591747,0.5953578,0.7105826,0.6192302,0.64620847,0.64502096,0.60555345,0.5719659,0.5973909,0.624597,0.54477197,0.5173908,0.5804162,0.60104704,0.6080034,0.68412626,0.66357344,0.6424092,0.61816067,0.6543677,0.611533,0.66281503,0.6849596,0.64468324,0.5255199,0.5797726,0.6298406,0.55788916,0.6047159,0.4923315,0.60449505,0.6999819,0.56915736,0.5793228,0.6146615,0.620146,0.7141921,0.7485559,0.75498646,0.64285696,0.55331653,0.65389234,0.5427715,0.52940685,0.551072,0.6460703,0.6872759,0.60822636,0.60010505,0.6123016,0.62984204,0.6629963,0.68384546,0.60036916,0.6156103,0.6349322,0.65995413,0.5276027,0.517812,0.66955924,0.6300998,0.61845106,0.65097404,0.6287522,0.63223654,0.631433,0.67393,0.67713046,0.6017737,0.5722632,0.6162296,0.6735634,0.58712965,0.6017476,0.6351581,0.53384274,0.5714843,0.54487693,0.5492916,0.6601796,0.5873672,0.54869324,0.6329759,0.6172209,0.5994627,0.5465181,0.54428566,0.5336794,0.50551206,0.5241631,0.53458285,0.63409656,0.5639615,0.5635117,0.6870969,0.6333107,0.67925185,0.58731395,0.5916102,0.607553,0.5831491,0.5683811,0.53047776,0.5465993,0.5179984,0.55225533,0.56496364,0.5597419,0.6109491,0.6175866,0.59101427,0.64226294,0.5767457,0.6219368,0.5824307,0.5897971,0.6117661,0.5998008,0.59079725,0.601313,0.61543065,0.5474363,0.67222893,0.6086825,0.6214179,0.57894784,0.6005378,0.5594517,0.56478953,0.5322259,0.60109276,0.59295493,0.51845694,0.5375189,0.5320129,0.5686749,0.5563471,0.5272709,0.5914643,0.5369906,0.5988989,0.61830837,0.61577564,0.670946,0.6328546,0.6680509,0.6642407,0.7141363,0.58693236,0.61145085,0.6991677,0.56177,0.5726358,0.5730204,0.53596646,0.5404035,0.53570926,0.6138231,0.5808407,0.55667293,0.53113616,0.5399379,0.592399,0.61301523,0.6674674,0.58035123,0.65443766,0.75692105,0.7227002,0.618262,0.64554846,0.6799989,0.6595188,0.6057631,0.5741309,0.5561141,0.600258,0.5500193,0.56496483,0.6013897,0.5636419,0.61365885,0.6731498,0.610973,0.65457577,0.6448069,0.58017826,0.5416787,0.57537514,0.6205899,0.5520984,0.51854634,0.5878792,0.63653624,0.6170193,0.661626,0.6425994,0.6358627,0.6301793,0.64735436,0.5794619,0.63734746,0.67306036,0.6525673,0.5905523,0.61812353,0.63548744,0.526106,0.5914617,0.48162577,0.6043556,0.68431354,0.5906962,0.58904576,0.6073123,0.5303554,0.71698636,0.7382183,0.7522571,0.61324024,0.541181,0.6122314,0.52337337,0.50148815,0.51494515,0.53011364,0.5647071,0.56301004,0.5344799,0.5278043,0.53582066,0.5392923,0.5304473,0.53853565,0.59761274,0.6033654,0.5143513,0.52915555,0.55228925,0.54240227,0.5414134,0.53195125,0.55293405
872,0.5566156,0.68615973,0.676104,0.6215892,0.6294545,0.6328527,0.63368446,0.6743622,0.69424427,0.62908226,0.64034665,0.66767025,0.67192185,0.50775856,0.5068979,0.6920923,0.6320334,0.6444294,0.65930665,0.67555237,0.63664645,0.6338922,0.69595116,0.68066126,0.67690057,0.58255786,0.6039664,0.71231866,0.5901152,0.56911534,0.6082648,0.5374726,0.5448334,0.54367024,0.50923556,0.67831355,0.59860134,0.60441804,0.63719445,0.632861,0.604061,0.56883675,0.5868924,0.570204,0.5299719,0.55252796,0.5775773,0.6402226,0.5632301,0.5464322,0.6981677,0.65045065,0.6908372,0.63893247,0.60939366,0.61136234,0.6255596,0.62392473,0.5689777,0.5649062,0.52914447,0.55455625,0.59898263,0.5835618,0.5742351,0.6038989,0.5974535,0.62342113,0.56969225,0.56657153,0.60179275,0.5980588,0.6091665,0.6278825,0.6047832,0.5515642,0.6003419,0.5814683,0.62763673,0.6435235,0.6484414,0.6492542,0.646947,0.5619853,0.5889605,0.551026,0.562399,0.5645241,0.58026326,0.52453953,0.52497655,0.584079,0.53075165,0.5175043,0.6200248,0.57822376,0.6158537,0.5999266,0.631537,0.68545276,0.65185124,0.6907505,0.6683651,0.72793376,0.6225867,0.6330104,0.7276472,0.571956,0.59299374,0.5981978,0.5499959,0.5309348,0.53476536,0.6232211,0.59046745,0.5705889,0.548128,0.5532818,0.552748,0.60844374,0.659848,0.6090641,0.6916594,0.7449997,0.7466056,0.61835337,0.6305397,0.7153529,0.67573667,0.58525234,0.5906148,0.5991042,0.5968154,0.54544675,0.5528356,0.588949,0.619587,0.6083524,0.71635664,0.64057094,0.6591634,0.6416025,0.612927,0.5855809,0.60642624,0.6270248,0.5614471,0.5512679,0.5863304,0.60399514,0.6083299,0.6790241,0.6575792,0.6359584,0.6210682,0.6564894,0.6188495,0.6480604,0.6787079,0.6315404,0.52758044,0.592968,0.6313126,0.5650438,0.61650187,0.4959776,0.6227941,0.6973655,0.57922375,0.5801244,0.6248118,0.6206636,0.7096357,0.7433351,0.75124425,0.6497877,0.55502737,0.66040194,0.5532071,0.549038,0.5687544,0.6504048,0.6843348,0.61765057,0.6116695,0.61757493,0.62793136,0.6690655,0.6865808,0.60926867,0.62848884,0.6544507,0.6550555,0.5337852,0.52160627,0.66526836,0.6180162,0.6253146,0.6400658,0.6144384,0.6327765,0.6328521,0.6806153,0.67374456,0.61913615,0.5943926,0.63129073,0.68923914,0.5962369,0.61136323,0.63897866,0.55169046,0.5855975,0.56677514,0.5598789,0.66869515,0.60097545,0.5650116,0.64759964,0.62451607,0.6096489,0.56371427,0.5520839,0.55561,0.52319443,0.527231,0.5467272,0.62748766,0.5610897,0.56384736,0.69005907,0.6399294,0.6820065,0.5981905,0.6045927,0.614819,0.6073482,0.58940625,0.539847,0.55805594,0.535865,0.5732276,0.5823385,0.5771903,0.62749183,0.64273477,0.6077405,0.65470976,0.60006046,0.6409538,0.60500443,0.6082635,0.633701,0.6198154,0.6181845,0.6193309,0.6238994,0.5683658,0.6884,0.63026834,0.64679503,0.6119804,0.6133911,0.58103174,0.57798153,0.55398685,0.626138,0.60650444,0.5318809,0.54543227,0.5448048,0.58823365,0.55815345,0.5457637,0.60785234,0.5491004,0.6130986,0.6319383,0.6191372,0.6709416,0.63489103,0.674223,0.6664369,0.71060693,0.58909845,0.6214307,0.6994551,0.573267,0.5869973,0.5832345,0.54807353,0.55736786,0.54438525,0.61597174,0.58928573,0.5658296,0.5374887,0.5439139,0.5986768,0.6237153,0.66860974,0.5846334,0.67385685,0.74901086,0.7288791,0.60837865,0.6358832,0.6931206,0.6744775,0.6225273,0.58070385,0.5595466,0.61637294,0.5561775,0.5700983,0.62520415,0.5897232,0.6109989,0.6886376,0.63226354,0.66756797,0.64158666,0.58504575,0.5611827,0.58968925,0.61819357,0.5574647,0.54130125,0.6066442,0.64931697,0.6233108,0.661192,0.63793916,0.6232764,0.62221545,0.6503121,0.5817413,0.6201744,0.66633445,0.6389848,0.60085934,0.63289714,0.63017726,0.53184396,0.60524416,0.48442927,0.61961466,0.68689066,0.6092726,0.60216534,0.6255042,0.53465027,0.71341604,0.7305359,0.7522735,0.62117314,0.54582703,0.61311156,0.542778,0.51948637,0.5242967,0.54280645,0.5697801,0.57068646,0.54898745,0.5425256,0.54928553,0.5512934,0.5333912,0.544099,0.6056492,0.61061615,0.51733184,0.5303719,0.56557673,0.55637115,0.5523126,0.5423746,0.55936927
873,0.5714107,0.68609995,0.66878617,0.6266837,0.6344376,0.63572377,0.6283481,0.6720963,0.69176805,0.6310177,0.645516,0.67278093,0.6658201,0.515282,0.5074766,0.68376637,0.6287218,0.6470386,0.65064085,0.66328764,0.6317111,0.63454765,0.69737345,0.67109853,0.67973953,0.58531094,0.6084272,0.7097541,0.59115165,0.57042634,0.60694534,0.54955846,0.5469333,0.5536741,0.5146052,0.6827054,0.6103197,0.6193489,0.6465097,0.63837254,0.6121176,0.58450973,0.5948426,0.588072,0.549277,0.5684356,0.5890165,0.6333099,0.56381553,0.56459296,0.6936075,0.65059036,0.6868432,0.64372736,0.6173538,0.61861926,0.64208305,0.64049083,0.5825814,0.57642514,0.5380714,0.5628444,0.60425144,0.59185404,0.5810684,0.6168601,0.60003877,0.62433356,0.5816362,0.5711416,0.60449916,0.6068033,0.61381435,0.6360562,0.61029005,0.56024855,0.6022655,0.6019729,0.6332276,0.65322256,0.6534469,0.66418386,0.65637094,0.5788922,0.5950022,0.5588717,0.57010776,0.5699383,0.5818696,0.52556396,0.529655,0.59317356,0.5325461,0.52493614,0.6280834,0.5924198,0.6189225,0.601412,0.62785983,0.6790088,0.6502777,0.68713987,0.6636347,0.7147825,0.6255746,0.6388409,0.71768063,0.5791006,0.60279137,0.6027238,0.5512408,0.53638536,0.54584754,0.6252093,0.6030211,0.5894849,0.56559,0.557385,0.5532692,0.6138618,0.6565694,0.6155432,0.69044167,0.7283735,0.7373618,0.61031973,0.6308464,0.71200144,0.6731588,0.5880406,0.593193,0.6007372,0.60125965,0.54839444,0.55601805,0.60048985,0.6391163,0.617362,0.7124808,0.6522572,0.66484493,0.63469434,0.6161372,0.59643525,0.61275166,0.6274478,0.57667124,0.576839,0.5902809,0.6064091,0.6069106,0.6698462,0.64831567,0.62801254,0.61961603,0.6545174,0.6228753,0.63343245,0.66855097,0.61808497,0.531637,0.59878856,0.6294372,0.5679895,0.6207713,0.4995232,0.63254946,0.6895657,0.5861422,0.58206284,0.6327667,0.6179556,0.69685215,0.72894096,0.73782605,0.65057015,0.55623794,0.6576633,0.5601166,0.5608591,0.5832986,0.65025824,0.6762234,0.62245214,0.61803186,0.61935586,0.6241746,0.66917807,0.68274933,0.6143943,0.6363979,0.6653298,0.64779127,0.5386285,0.5254361,0.6579573,0.60796934,0.62790406,0.6296599,0.6018721,0.6298704,0.6306106,0.6804076,0.6634641,0.6281727,0.61198443,0.6382911,0.69308037,0.60311365,0.616789,0.63805634,0.5634143,0.5944022,0.5821934,0.56550175,0.6710519,0.6104448,0.57632,0.6554732,0.6274349,0.6164849,0.5793079,0.5604074,0.5730243,0.541256,0.53479624,0.5593391,0.6211065,0.56149167,0.56746125,0.6860124,0.6413785,0.6790087,0.60530436,0.6142379,0.6197178,0.62326694,0.6029167,0.5475977,0.5676476,0.5442909,0.58555377,0.5951804,0.58402216,0.63518524,0.6593389,0.617353,0.65869385,0.6149488,0.65250653,0.6192834,0.6196052,0.64631957,0.63399744,0.63782275,0.63266885,0.6285745,0.5865186,0.69424915,0.6437125,0.66323185,0.63450867,0.6209747,0.5939069,0.58608633,0.56770766,0.64216304,0.615376,0.53780615,0.5512998,0.55312145,0.6022362,0.5587836,0.5603394,0.6200663,0.56154513,0.62235284,0.638282,0.62007886,0.66634816,0.6333371,0.67524993,0.66130275,0.6998563,0.5900691,0.62607753,0.6904429,0.58046615,0.59595466,0.5885773,0.55562764,0.56620896,0.55284643,0.61594385,0.59617853,0.5750101,0.5477168,0.546671,0.6012978,0.62801737,0.66547954,0.5867758,0.6818279,0.73167264,0.72426844,0.5972764,0.6262062,0.6957907,0.6800969,0.63195336,0.58367014,0.56064624,0.6267586,0.56047416,0.5725963,0.641098,0.60975987,0.6084998,0.69320923,0.64477265,0.67344713,0.6354156,0.58928883,0.57725364,0.60060155,0.61574227,0.56445444,0.56078285,0.6173251,0.6552844,0.62522876,0.65616065,0.6301664,0.6112387,0.6132491,0.64891773,0.58462554,0.60557747,0.6565064,0.6254762,0.605899,0.6396137,0.6236478,0.5350513,0.61090404,0.486778,0.62682927,0.68387747,0.62162346,0.6079832,0.63704556,0.5376116,0.70133245,0.7136299,0.741399,0.6223093,0.5497126,0.6075697,0.5552822,0.5299693,0.53032607,0.55116695,0.5717536,0.57444763,0.56049865,0.5542985,0.5596029,0.5606264,0.5361115,0.54833376,0.60906124,0.61318773,0.52068853,0.53127927,0.5756377,0.56747484,0.561261,0.5512502,0.56386137
874,0.57913816,0.6783042,0.6566739,0.6248321,0.63213754,0.6320778,0.6203555,0.6626303,0.6815214,0.62717366,0.64228624,0.66882515,0.6556288,0.51951164,0.50849354,0.6702436,0.62148243,0.64251757,0.6396225,0.64841485,0.6228495,0.62943006,0.6890771,0.6565285,0.6731488,0.58575225,0.6060691,0.6977468,0.5884556,0.5699916,0.6006574,0.554376,0.5448207,0.55894464,0.5189669,0.6771947,0.61465913,0.62310314,0.6467011,0.63654876,0.61465055,0.59385544,0.59827924,0.5977735,0.56188846,0.5786832,0.5955014,0.6227671,0.5627582,0.5759311,0.6816134,0.64462996,0.6761616,0.6410239,0.61910135,0.6206152,0.6468223,0.6451039,0.5875612,0.58216083,0.54169285,0.5647127,0.6059949,0.58933455,0.57960314,0.6198597,0.60077524,0.61976856,0.58705777,0.5760993,0.6035175,0.6078267,0.61229676,0.6388691,0.6123117,0.56714165,0.60371614,0.6131654,0.63378227,0.652957,0.6519936,0.66727966,0.65714204,0.58674926,0.5962891,0.56097645,0.5759012,0.5724389,0.5811847,0.5294121,0.53195333,0.5957011,0.53436303,0.53092515,0.62927765,0.5998214,0.6182509,0.59816855,0.62294877,0.6673992,0.6438477,0.67667043,0.6526754,0.6957125,0.6240255,0.63710207,0.7006464,0.58110136,0.60498273,0.6006381,0.54925585,0.5355159,0.55547726,0.6226136,0.6090362,0.6009029,0.57805836,0.5583902,0.5520029,0.61267626,0.648242,0.61554295,0.68079734,0.70595986,0.7193533,0.5998561,0.6259333,0.69903785,0.6641192,0.5889138,0.59211093,0.6001429,0.6017108,0.54946214,0.5563487,0.6029644,0.6463435,0.61923635,0.69937956,0.6530288,0.66144824,0.62406516,0.61408466,0.60144126,0.61408156,0.6234388,0.5876519,0.5911613,0.5917445,0.60623497,0.60370076,0.65645367,0.63654995,0.61851096,0.613711,0.6468027,0.6213053,0.61843497,0.65441793,0.6056849,0.5358184,0.5973861,0.62315416,0.5662738,0.6177573,0.50235355,0.6327392,0.6766181,0.58676434,0.58287185,0.635553,0.6113488,0.6789013,0.70797646,0.71708167,0.64401877,0.5570076,0.6474563,0.56132567,0.5631917,0.5902235,0.6442803,0.6631106,0.62046283,0.616763,0.61571807,0.6174605,0.66185516,0.67187536,0.6136527,0.63608366,0.664534,0.6374231,0.5405529,0.52823496,0.6465714,0.5980789,0.6244373,0.61862254,0.59037733,0.6224541,0.62315273,0.67218536,0.6485293,0.6282393,0.6195589,0.6360017,0.685342,0.60589963,0.61705565,0.6312643,0.5681508,0.59540707,0.58822364,0.565894,0.6652895,0.6133095,0.58143806,0.65446144,0.6243368,0.6178389,0.58982867,0.5663951,0.5833465,0.55520904,0.54280555,0.5693525,0.6130179,0.5625267,0.5701614,0.67490774,0.63692945,0.6694015,0.6070463,0.61772645,0.6203633,0.6282524,0.60627246,0.551937,0.5731386,0.5435505,0.58832717,0.6007822,0.581164,0.63219035,0.66290766,0.6195457,0.654517,0.6190983,0.65461683,0.6234751,0.622357,0.64804447,0.6389267,0.64425427,0.6372513,0.62871116,0.5976296,0.68803567,0.64566135,0.666661,0.64264804,0.6222365,0.5978147,0.58884,0.57235587,0.6467845,0.617093,0.5377916,0.55474114,0.55669856,0.6076476,0.5579999,0.5674438,0.62457985,0.5710888,0.6248627,0.6378766,0.6182318,0.65717524,0.62809443,0.6697304,0.65053874,0.68384236,0.5901593,0.62418073,0.67485183,0.58209896,0.59766465,0.5877985,0.55727625,0.56642646,0.5595837,0.6137168,0.5996433,0.58159554,0.557699,0.5477696,0.59922874,0.6248126,0.6567699,0.58527225,0.6771344,0.7084862,0.70983,0.5862247,0.6160141,0.6870262,0.6746895,0.6327744,0.58211464,0.55942416,0.62937313,0.56192243,0.57157004,0.64536434,0.6194039,0.6036869,0.6860279,0.646553,0.670085,0.6258524,0.59061176,0.5868452,0.60564363,0.6106189,0.571391,0.57393473,0.6200252,0.65362126,0.62322336,0.64594024,0.61965334,0.600011,0.603795,0.6416667,0.585608,0.59265524,0.6436579,0.6125037,0.60482395,0.63724446,0.615051,0.53519976,0.6082139,0.48876452,0.62539816,0.67483777,0.62417096,0.60691595,0.64032626,0.5385908,0.6832626,0.6910428,0.72228116,0.6167213,0.55233693,0.59804684,0.5594677,0.5319751,0.5321048,0.55380344,0.5704201,0.573558,0.56608474,0.56032133,0.56473094,0.565028,0.53753054,0.5499353,0.60666835,0.61005354,0.5237496,0.53157395,0.5799822,0.5730735,0.5653642,0.5558979,0.56498456
875,0.5778531,0.66322166,0.6410345,0.61572045,0.6223715,0.6217224,0.6097627,0.6471201,0.6650635,0.61644715,0.63031983,0.6553005,0.6412827,0.5200517,0.5099089,0.6517411,0.6088719,0.6311944,0.6254655,0.6306817,0.6093985,0.6185194,0.67174166,0.6400371,0.6580691,0.5821086,0.598419,0.67896086,0.5839741,0.56862396,0.59052175,0.5536962,0.53951734,0.55923253,0.5222294,0.6627539,0.6113725,0.61670417,0.63832074,0.6280468,0.61194843,0.5961521,0.5959465,0.5987166,0.5664593,0.58163726,0.5960323,0.6075564,0.5572017,0.5779039,0.66432226,0.633744,0.66035014,0.63176763,0.6146031,0.61708075,0.6397068,0.6375439,0.5839499,0.58108085,0.5401881,0.56138873,0.6040397,0.57849085,0.57064956,0.6118325,0.5999898,0.6118669,0.5859781,0.58002687,0.600356,0.60140115,0.60564893,0.63468343,0.6083348,0.5705479,0.6043716,0.6135472,0.6273323,0.64157546,0.6420776,0.65759456,0.64978456,0.5856805,0.59330344,0.5576985,0.5783452,0.5712294,0.57967067,0.5361304,0.5326727,0.5915326,0.5358336,0.5345598,0.6218462,0.5995575,0.61416024,0.5926013,0.6177237,0.652951,0.6341343,0.66115296,0.638554,0.6744898,0.6193403,0.62873745,0.68019396,0.57746184,0.59938234,0.5928747,0.5442368,0.5302718,0.5621862,0.61621755,0.60815203,0.60358715,0.58292323,0.556048,0.5493452,0.60563725,0.63528585,0.60905516,0.6638541,0.6827921,0.6960451,0.5882256,0.61605066,0.67873704,0.64928186,0.58808094,0.58760756,0.59751284,0.5982735,0.5488938,0.553853,0.5959702,0.64051265,0.61272514,0.67925525,0.6437546,0.6492847,0.6103047,0.60645866,0.59976983,0.6101854,0.6135731,0.5934605,0.5937556,0.59180236,0.603434,0.5999564,0.6395139,0.62328416,0.6076913,0.6045424,0.63315773,0.6130637,0.60205656,0.63658917,0.59496874,0.53980094,0.59073806,0.6126634,0.5608588,0.6096069,0.5042181,0.62456745,0.66061383,0.57998055,0.5816789,0.632824,0.6015344,0.65997547,0.6846384,0.6932389,0.6313109,0.55836874,0.6328671,0.55680037,0.55723614,0.58772755,0.6321881,0.64640594,0.61144954,0.6075825,0.6062867,0.60747546,0.6481537,0.6559032,0.60591775,0.6262767,0.6521161,0.6237426,0.5392929,0.5299515,0.63102996,0.58650964,0.61483836,0.6056509,0.57854706,0.6104725,0.6103014,0.6564056,0.6319582,0.6199797,0.6157587,0.6254203,0.66820455,0.6051013,0.6142849,0.619908,0.568323,0.58954823,0.5857317,0.56332034,0.65226203,0.6090889,0.58059454,0.64548737,0.6158525,0.613665,0.59394413,0.5681027,0.585802,0.5618638,0.5473924,0.57533574,0.60158074,0.56123865,0.5685964,0.6589988,0.627898,0.6548034,0.6040952,0.6148013,0.61671674,0.62282574,0.6001387,0.5517919,0.57326967,0.53629506,0.5843705,0.5998945,0.5719321,0.6199398,0.652795,0.6171127,0.6455852,0.6142498,0.6492023,0.6199456,0.6185644,0.640914,0.6350624,0.63662463,0.6331617,0.6263716,0.5999169,0.6706415,0.6355091,0.6569362,0.6362801,0.6190182,0.5942541,0.5887077,0.5689643,0.6411163,0.61207527,0.53519845,0.5570679,0.55692714,0.6041453,0.5562998,0.56704074,0.62028646,0.5758157,0.6219907,0.6342497,0.61425257,0.6453531,0.6206585,0.6588192,0.6367537,0.66588426,0.59016865,0.6165748,0.65676105,0.5778895,0.59233284,0.58145064,0.55400735,0.5600209,0.56337243,0.6095185,0.5991396,0.5845327,0.56443053,0.54781467,0.5933397,0.6156312,0.64310473,0.5800086,0.66171294,0.68442416,0.688817,0.5763868,0.6051692,0.6687084,0.6595157,0.6268965,0.5768291,0.5572678,0.6249154,0.56075,0.5673434,0.6370262,0.61749285,0.59478295,0.66854465,0.6379858,0.65727687,0.6131803,0.587362,0.59004176,0.6052464,0.6009036,0.5774272,0.5793115,0.61785465,0.6467625,0.620106,0.6309053,0.60714334,0.5893618,0.59453994,0.62819195,0.58247465,0.57956254,0.6279549,0.6000479,0.5995475,0.6273894,0.6040936,0.5329326,0.59959733,0.4904593,0.61657536,0.66161263,0.61649066,0.6019361,0.6374235,0.53771883,0.6630924,0.66741854,0.69948906,0.6070967,0.55447173,0.5871222,0.5568028,0.52684414,0.52981734,0.5510776,0.56643564,0.56865925,0.5649873,0.56002504,0.56444854,0.5639803,0.5371396,0.54863924,0.59948176,0.602332,0.5261527,0.5312823,0.57799435,0.57235277,0.56372917,0.5554796,0.56259674
876,0.5686718,0.6433141,0.62431884,0.6012821,0.6071382,0.60654587,0.59752375,0.62880856,0.6463294,0.5995852,0.6111505,0.63444674,0.6240193,0.5181451,0.51214325,0.6298873,0.59103084,0.6151446,0.6084088,0.610606,0.5920719,0.60368353,0.6482498,0.6249649,0.63757265,0.57516783,0.5883185,0.65744054,0.58012986,0.5682169,0.5791212,0.55147135,0.533203,0.5566634,0.52549636,0.64332324,0.6024142,0.60343814,0.6248364,0.615875,0.6065324,0.5931942,0.58864707,0.59279317,0.5636841,0.57775325,0.5916546,0.58771944,0.54544044,0.57061327,0.64574325,0.62082464,0.64296985,0.6190796,0.60614437,0.609598,0.6240272,0.6210891,0.5740529,0.57430947,0.53539395,0.55623317,0.60042244,0.5636031,0.5566183,0.59435946,0.59915847,0.6039563,0.5809553,0.58319664,0.5975468,0.5899531,0.5965292,0.6248325,0.59854996,0.57112944,0.6051886,0.6045709,0.6146187,0.6205814,0.62446445,0.63718694,0.637115,0.5776162,0.58797693,0.5509722,0.5779016,0.5669769,0.57986367,0.5460766,0.5330241,0.5823283,0.5369202,0.5365741,0.6066154,0.5929616,0.60856164,0.58792555,0.6134469,0.6389248,0.6239606,0.64414877,0.62486327,0.65543455,0.6137888,0.6164249,0.6603118,0.56894505,0.58766335,0.5819427,0.53761923,0.5235464,0.5652825,0.60760653,0.60184175,0.598685,0.5801656,0.55127203,0.5464553,0.59551805,0.61994606,0.5978961,0.64237577,0.6638264,0.67203987,0.5768738,0.6025919,0.6550404,0.6310677,0.5870065,0.58114874,0.5942806,0.5922307,0.54738957,0.54923064,0.5812278,0.6238384,0.59881943,0.65564376,0.6272645,0.63081586,0.5948941,0.5940043,0.5929628,0.60280204,0.5980646,0.59503025,0.58645564,0.5925994,0.5995795,0.5975884,0.6206572,0.6097099,0.5961546,0.5941099,0.61505646,0.5987877,0.58360845,0.6160415,0.58584535,0.54472876,0.5821091,0.5993744,0.55365235,0.59951895,0.50533265,0.6109129,0.6450501,0.5667821,0.57906127,0.62654513,0.5901186,0.6440233,0.663647,0.67115176,0.615244,0.561859,0.6174182,0.54853183,0.546541,0.577085,0.6149377,0.6285544,0.5972005,0.59231174,0.5922748,0.59475166,0.6313428,0.6386934,0.5915979,0.60797507,0.6309886,0.60739666,0.53617567,0.5317479,0.61237526,0.5722456,0.60068613,0.5899481,0.5650174,0.5948017,0.5932591,0.6351494,0.6166124,0.6053226,0.6032959,0.6096277,0.64554715,0.6031571,0.61264914,0.60715336,0.5685895,0.5803021,0.57863545,0.56160885,0.6356026,0.5995039,0.57546854,0.632382,0.6045949,0.60600585,0.592691,0.565272,0.5816772,0.56033564,0.5462574,0.5776902,0.58615994,0.5554884,0.5613421,0.6422061,0.6172267,0.63882995,0.5989368,0.60769165,0.6102899,0.6102028,0.58798087,0.54722077,0.5682726,0.52658844,0.57891375,0.5960417,0.56100774,0.6022282,0.6315786,0.6147416,0.6370859,0.6051147,0.64093417,0.61392003,0.61282694,0.62957364,0.6260301,0.61808723,0.62378854,0.6252015,0.59430516,0.6454519,0.615345,0.63725704,0.61859536,0.6151505,0.58614767,0.58994615,0.5604381,0.6291108,0.60298663,0.5342285,0.5607901,0.55639255,0.59379363,0.55457777,0.56201494,0.6087651,0.5756027,0.61758596,0.6324776,0.60958177,0.6338473,0.6135574,0.64576036,0.62280124,0.6497121,0.5910857,0.6056505,0.64019835,0.5688241,0.58208936,0.5715207,0.5486089,0.55075616,0.56373805,0.60387814,0.5953389,0.58425206,0.5667573,0.54806733,0.58599865,0.6039371,0.6269404,0.5720244,0.6398276,0.6642999,0.66585267,0.56852067,0.5939141,0.64488894,0.63840497,0.6184728,0.5697373,0.55616117,0.61634165,0.5581766,0.56120807,0.6179335,0.60589516,0.5813072,0.6441558,0.62164813,0.6369579,0.59859693,0.57913834,0.58962417,0.6023784,0.5861572,0.58247614,0.5774446,0.6157205,0.63929904,0.6198419,0.6124954,0.593733,0.57874686,0.5860567,0.60967493,0.5741694,0.5645118,0.6099181,0.5877998,0.5940249,0.6137236,0.59119266,0.52955943,0.5889486,0.49189302,0.6030007,0.64766055,0.6010337,0.59763926,0.63310844,0.53570175,0.6448162,0.64703506,0.67828524,0.5974497,0.5576523,0.576756,0.5509699,0.51764506,0.52455986,0.5448245,0.56101936,0.5613172,0.558513,0.5549488,0.5602674,0.5586833,0.5351079,0.54526347,0.59013873,0.5927481,0.5278552,0.5306506,0.57080954,0.56628835,0.5575143,0.5510819,0.5577929
877,0.55530363,0.62242365,0.6095223,0.5851134,0.58999026,0.5898408,0.58513725,0.6120466,0.630364,0.57904494,0.5878743,0.61061347,0.60617,0.5162675,0.51608694,0.60747284,0.56980985,0.59760195,0.5898017,0.5895708,0.5727272,0.58788973,0.62300134,0.6138822,0.6159427,0.56754893,0.5791348,0.63752127,0.5791372,0.57090396,0.5693961,0.55244577,0.52822936,0.55490625,0.53057307,0.6250713,0.5915045,0.58806664,0.6119515,0.6044419,0.60225785,0.58877647,0.578793,0.58368504,0.55612,0.56942993,0.58506,0.56457907,0.5276711,0.5568513,0.6305055,0.60961795,0.628397,0.60725373,0.5975805,0.6008571,0.60551506,0.60151356,0.561714,0.56460595,0.5300517,0.5531855,0.5982649,0.5493774,0.54083073,0.5710655,0.6001745,0.5992315,0.57587326,0.58706236,0.5976262,0.5771604,0.58818036,0.6126925,0.5853861,0.5709958,0.6076176,0.5899612,0.59866947,0.5938761,0.6023209,0.6107081,0.623265,0.56580544,0.5828843,0.5435686,0.57647187,0.5614719,0.58419144,0.5596331,0.53425556,0.57095885,0.5378855,0.53872216,0.58690095,0.5830454,0.6041203,0.58679444,0.6111672,0.62823945,0.6164817,0.62975305,0.6145566,0.6418755,0.60986704,0.6036581,0.6440692,0.55736566,0.57283676,0.571063,0.531338,0.51803035,0.5650649,0.5987434,0.5928037,0.58924776,0.57211375,0.5456825,0.5447178,0.58600616,0.60556096,0.58504593,0.6200596,0.65204555,0.6516202,0.56695575,0.5877567,0.63252646,0.6129603,0.5877449,0.5748108,0.5924347,0.58567494,0.5458081,0.5436103,0.5620813,0.6011095,0.5805926,0.63254833,0.60785705,0.61020535,0.5798731,0.5786892,0.5843902,0.59510905,0.57898116,0.5946042,0.5729692,0.5964256,0.59707326,0.5983957,0.602238,0.597046,0.58472544,0.5845986,0.5952161,0.5808101,0.5633319,0.59446144,0.57776195,0.55244124,0.57519555,0.58543605,0.54679567,0.5907684,0.50619864,0.59556603,0.6334599,0.5496852,0.5765627,0.62004644,0.5790276,0.63339335,0.6485992,0.6545126,0.5993274,0.5688556,0.6040644,0.53960127,0.5356794,0.56217456,0.5945405,0.61239153,0.5809983,0.57430494,0.5760692,0.58044,0.6159039,0.6247711,0.5727461,0.58428305,0.606262,0.58991027,0.5336851,0.5355801,0.59261185,0.5554935,0.5846529,0.5717369,0.54917115,0.57695776,0.5741991,0.6117336,0.60441554,0.58719444,0.5877238,0.59301704,0.62215304,0.6032506,0.6164937,0.5967358,0.57399315,0.5722007,0.5724839,0.5646593,0.6208956,0.5881282,0.5688158,0.621036,0.59435284,0.5983809,0.5892002,0.5593029,0.57391196,0.552344,0.5394288,0.57846653,0.5674591,0.54492956,0.54935855,0.62891346,0.6086323,0.6258588,0.59498453,0.6003773,0.6034793,0.59541196,0.57491004,0.5394315,0.5597746,0.5185383,0.57743275,0.5939388,0.5528984,0.58401906,0.604443,0.61704636,0.6339938,0.59755296,0.6353845,0.6113067,0.6105001,0.61971825,0.61708754,0.59468293,0.6142025,0.62870705,0.5839232,0.6177017,0.5895766,0.6133939,0.595298,0.61485505,0.57701993,0.5967366,0.55063486,0.61630917,0.59366274,0.53832287,0.56852484,0.55785376,0.58031684,0.55378014,0.55672413,0.59391403,0.5720309,0.61630523,0.6371105,0.60587555,0.62539756,0.6095346,0.6348051,0.6111049,0.6383322,0.5938514,0.59453154,0.62784046,0.5568755,0.57015795,0.5607532,0.54438406,0.54278874,0.5611277,0.597531,0.58977383,0.58231974,0.5654736,0.54987323,0.5802182,0.5938367,0.61177075,0.5630102,0.6169262,0.65100116,0.6454956,0.56277853,0.5827586,0.620653,0.61678064,0.6124525,0.5630503,0.557699,0.60787845,0.5558666,0.554858,0.59246546,0.58889043,0.5642804,0.6175313,0.6017805,0.6130037,0.5840506,0.5671086,0.5898018,0.60139567,0.5677207,0.58702636,0.57065976,0.61845416,0.6361499,0.6258755,0.59310454,0.58065903,0.5675782,0.5786225,0.58869374,0.56128967,0.54667735,0.59063697,0.57538056,0.5927396,0.60095763,0.5773549,0.52642125,0.58030194,0.49301437,0.5880717,0.6368329,0.58221185,0.59842604,0.6329146,0.5334381,0.6312341,0.6323382,0.6627596,0.5914701,0.5634933,0.5679229,0.54631543,0.50804734,0.51788086,0.5375858,0.5555585,0.5534054,0.5493935,0.5479831,0.5547865,0.5515199,0.5321629,0.5413697,0.5818532,0.5845517,0.52907085,0.530027,0.56083614,0.5572259,0.5493983,0.5451804,0.55245775
878,0.54286397,0.6042363,0.5990065,0.5713068,0.57492226,0.5751345,0.5738916,0.60070974,0.62132263,0.55831206,0.56430936,0.58922553,0.5903074,0.51704144,0.52258927,0.5874399,0.54810214,0.58182204,0.5715475,0.56920075,0.55358326,0.57388157,0.60033023,0.60766894,0.5974801,0.5626459,0.5737169,0.62230736,0.5822058,0.5778575,0.5634621,0.56027424,0.5261641,0.55754906,0.53904516,0.6143107,0.5830169,0.575552,0.6057613,0.5980124,0.60280335,0.5874976,0.56950676,0.57583445,0.5476431,0.56051093,0.5797911,0.54027414,0.506125,0.54148114,0.62208533,0.60338396,0.62004817,0.6003113,0.5929704,0.5936457,0.5907452,0.5852911,0.55119306,0.555436,0.5268352,0.5551237,0.6003012,0.5394506,0.52663815,0.54681945,0.6044498,0.5993766,0.57441455,0.59330636,0.6020802,0.5666336,0.58344406,0.6023329,0.5727077,0.57265395,0.612639,0.57465607,0.58384836,0.5669635,0.58038217,0.58446443,0.6122846,0.554035,0.58028185,0.53814477,0.57663494,0.5569502,0.5936698,0.57659566,0.53720677,0.56057304,0.5391366,0.5428943,0.56752425,0.5736368,0.60308194,0.5902297,0.6110744,0.6222215,0.6139599,0.62097627,0.6089704,0.63478494,0.6093512,0.59357136,0.63259006,0.545122,0.55837435,0.56307805,0.52707124,0.5154314,0.56269556,0.59126467,0.58414304,0.57937425,0.5625825,0.5409697,0.54514086,0.5802795,0.59521216,0.57368094,0.6005987,0.6472293,0.6372202,0.5590193,0.5740142,0.61502934,0.59853005,0.5920846,0.5705653,0.59360737,0.58075106,0.5448631,0.538244,0.54262084,0.5786736,0.56226236,0.61317384,0.59017324,0.5920431,0.56719685,0.56344885,0.5779927,0.5905701,0.55964154,0.5948176,0.55816597,0.6046037,0.59808356,0.6031612,0.5865204,0.58612895,0.5740999,0.57774293,0.5764791,0.56233466,0.5421902,0.5736244,0.5699591,0.56430894,0.5729878,0.5728979,0.54191506,0.5856435,0.5073652,0.58231515,0.6277976,0.53201485,0.5759046,0.6166326,0.5699746,0.62804353,0.64043874,0.6443401,0.586706,0.5797933,0.59435004,0.5330413,0.52875286,0.54828817,0.5734264,0.60010695,0.5666176,0.55750453,0.56049323,0.5658875,0.6059384,0.6176082,0.5526032,0.55958503,0.58401,0.5732099,0.534299,0.54314405,0.57413,0.5373418,0.5695413,0.5521773,0.53125465,0.5585391,0.5554766,0.5896258,0.59587693,0.5689676,0.5755929,0.5799512,0.60232896,0.60786813,0.62809545,0.5913993,0.5876563,0.5689885,0.5722561,0.5747166,0.6137176,0.5792602,0.5636704,0.6173905,0.5888187,0.5945461,0.58772635,0.55265164,0.5662674,0.54185605,0.52928466,0.5806702,0.54725164,0.5313235,0.5354994,0.6223888,0.60530996,0.6193211,0.5954129,0.5971862,0.5986386,0.5838983,0.5659106,0.5305192,0.55027914,0.51498735,0.5834026,0.5975102,0.5504565,0.5697823,0.5779485,0.6265177,0.6388266,0.5963614,0.6366917,0.61623305,0.61526483,0.6161308,0.6131169,0.5737913,0.6090917,0.6385129,0.57303643,0.593116,0.5638927,0.59215057,0.57310903,0.6208699,0.5699667,0.61105776,0.5432642,0.6079906,0.58759373,0.5488329,0.58166486,0.5630965,0.56791335,0.5545453,0.5552821,0.580687,0.5677815,0.6214647,0.6500466,0.6042478,0.6213884,0.61052066,0.6295925,0.6029701,0.63291705,0.5989984,0.5860475,0.62025243,0.54448295,0.55969673,0.5518295,0.543884,0.53920376,0.5567624,0.59107465,0.58426017,0.5808078,0.5627157,0.554063,0.5785081,0.5885433,0.6007918,0.5547094,0.5981715,0.64436007,0.63069576,0.55864817,0.5722383,0.6006344,0.6000934,0.6128256,0.558479,0.56229717,0.6034267,0.5552484,0.54973125,0.5664699,0.5720131,0.5457465,0.59347445,0.58314407,0.5901045,0.5716037,0.55376965,0.5943645,0.6060984,0.5482017,0.5917787,0.56239444,0.62879306,0.64036125,0.6393279,0.5754414,0.56887823,0.555382,0.57220465,0.5682827,0.5458417,0.5263641,0.5714576,0.56243116,0.5986783,0.5932948,0.5637001,0.52440673,0.5764394,0.4938042,0.5751348,0.63185024,0.5650131,0.6066141,0.6405762,0.53174376,0.6230446,0.62313265,0.654177,0.59116036,0.57287604,0.560657,0.5462624,0.5011837,0.51137173,0.53176117,0.5512089,0.54660225,0.5409323,0.54236007,0.55076045,0.5452692,0.5292984,0.53866816,0.5772,0.5802668,0.53019625,0.52976936,0.55106175,0.5482025,0.54268444,0.5407469,0.5485895
879,0.53625584,0.5907322,0.5933751,0.56308824,0.56509745,0.56495625,0.56420094,0.5965394,0.6205893,0.5408638,0.543896,0.57516515,0.5781515,0.5220904,0.53181815,0.5716341,0.5287387,0.5698427,0.5552251,0.55054307,0.5363338,0.5630332,0.58280563,0.60514915,0.58527625,0.5634179,0.5735241,0.61253166,0.58907396,0.5883131,0.56177115,0.57588553,0.52715313,0.5662693,0.5513302,0.61470336,0.58048004,0.5696779,0.6101805,0.59899336,0.6100582,0.59307295,0.5635536,0.57320815,0.5425642,0.5552893,0.57899,0.5169973,0.48451972,0.530029,0.62123966,0.60349876,0.61876154,0.6004521,0.5949416,0.5897039,0.5849417,0.57725996,0.5459878,0.549978,0.52743447,0.5627896,0.60757065,0.5353826,0.5164346,0.5264988,0.6120734,0.603751,0.57865053,0.6027084,0.6105868,0.5605598,0.58392847,0.5970008,0.5645355,0.5780277,0.6199686,0.56341875,0.57436895,0.54536724,0.5634717,0.56461626,0.6067007,0.54583067,0.5813799,0.53660625,0.580607,0.5551317,0.60715747,0.59558755,0.5420666,0.55356,0.54097766,0.5502762,0.5531283,0.56826735,0.6062171,0.5973221,0.6121159,0.6198838,0.61670464,0.61839014,0.60742223,0.6322267,0.6125054,0.58785975,0.6246479,0.53470033,0.5472644,0.55952483,0.5258175,0.516268,0.5598268,0.58585346,0.5783687,0.5729758,0.55550194,0.5382972,0.54784805,0.57972217,0.5903106,0.56610477,0.5865441,0.6459374,0.62846035,0.55287343,0.56334096,0.6042816,0.5901963,0.60059935,0.5695547,0.59806067,0.57876825,0.54490066,0.5341787,0.5266578,0.5626183,0.5477578,0.5988455,0.5778158,0.5796579,0.55805516,0.5513998,0.5767312,0.59149104,0.54339135,0.59767026,0.54708517,0.6166524,0.6034244,0.61093223,0.57468647,0.57697356,0.5644799,0.5742377,0.56063604,0.54629284,0.5212453,0.5546282,0.5616281,0.5802144,0.5767519,0.562869,0.539571,0.5846125,0.50931984,0.5740499,0.6272976,0.5172191,0.57818115,0.61818165,0.5639701,0.6255966,0.6369359,0.63846713,0.57899994,0.593532,0.58808416,0.530982,0.52830875,0.5404748,0.5537447,0.5922385,0.55716366,0.5453645,0.54800475,0.5522519,0.60342646,0.6180981,0.53475523,0.5381508,0.56944877,0.5588819,0.5392604,0.5547713,0.5588516,0.5190283,0.55730814,0.5328625,0.5121083,0.54071826,0.5388421,0.5711523,0.5900366,0.55382705,0.5723584,0.57333815,0.5885953,0.6175663,0.64609945,0.59167045,0.60903895,0.57197833,0.5801718,0.5911104,0.61710626,0.57633233,0.5624355,0.62480444,0.5901107,0.5969258,0.5920399,0.5479532,0.5623178,0.53406185,0.51974493,0.58697855,0.52770656,0.5179657,0.5232071,0.62333447,0.6085296,0.6201114,0.6018407,0.6010066,0.5969882,0.5797904,0.563995,0.523032,0.54248863,0.5168139,0.59693664,0.608191,0.554141,0.56178933,0.55788153,0.64235383,0.65023774,0.6034129,0.6456794,0.62929964,0.6272029,0.6208907,0.6167696,0.5619791,0.61087817,0.6532947,0.56557816,0.5761637,0.5435547,0.57902575,0.55772144,0.63305044,0.5668984,0.6313989,0.54110396,0.60730034,0.5863959,0.5646575,0.5994368,0.5722482,0.5598429,0.5568747,0.5600666,0.5732248,0.56563187,0.6333842,0.66934144,0.6046404,0.62112266,0.61666083,0.63152295,0.5981743,0.6321574,0.6062092,0.5817123,0.61581177,0.53404486,0.55278766,0.5465682,0.5481517,0.54108757,0.55227107,0.5846021,0.58013284,0.5813395,0.5608062,0.5604847,0.5817834,0.5891279,0.5955156,0.5483512,0.58696157,0.64117944,0.6217401,0.55503786,0.56259644,0.5876087,0.5920318,0.62104666,0.5567041,0.56889623,0.6049088,0.5569458,0.54651487,0.5455253,0.5603967,0.52786607,0.57558954,0.56959534,0.5720685,0.56257874,0.5421442,0.6048726,0.61773926,0.53039676,0.5970302,0.5562407,0.64608353,0.651502,0.6579045,0.56152654,0.55867743,0.5418809,0.5664654,0.55079246,0.53049934,0.50463647,0.55339456,0.5486394,0.6117512,0.59286195,0.5509231,0.5237132,0.577817,0.49450544,0.5666198,0.63298464,0.5534506,0.6214064,0.6560097,0.5312099,0.6186326,0.61677855,0.6504177,0.5961273,0.58522975,0.55436575,0.55234265,0.49896598,0.50642943,0.528979,0.5485638,0.5420558,0.5361023,0.54066837,0.5502051,0.54229844,0.5274245,0.53838813,0.5771089,0.5807063,0.5317162,0.53013664,0.54422915,0.54209495,0.5402228,0.54022986,0.5476056
880,0.5386144,0.58157736,0.59097385,0.56169134,0.5617445,0.55994534,0.5554199,0.598178,0.62590367,0.5290909,0.5288527,0.57096004,0.56970114,0.531443,0.5429493,0.55996066,0.5135125,0.56183887,0.54134405,0.53359926,0.52158916,0.5549696,0.5704701,0.6035346,0.58026296,0.5711404,0.5782396,0.6064928,0.59808785,0.59952277,0.5629312,0.59694076,0.52991056,0.57982516,0.5661995,0.62535113,0.5852936,0.57205635,0.62498534,0.6067328,0.62309885,0.60667413,0.5623523,0.5780665,0.5444229,0.5570104,0.5839119,0.49638072,0.4668981,0.52676207,0.6253268,0.60855174,0.6221123,0.6068975,0.6034582,0.5887989,0.59004223,0.5788934,0.54791504,0.5502482,0.53206044,0.57463133,0.6187144,0.5366155,0.5110199,0.5135725,0.6213935,0.609608,0.5882749,0.61434704,0.6208966,0.5590216,0.58937585,0.59778553,0.56339246,0.5876138,0.62774545,0.55939287,0.5726722,0.53278637,0.5546917,0.55507934,0.6066203,0.54377353,0.5859809,0.5398889,0.5891496,0.55642736,0.6215452,0.61397594,0.5483825,0.5508032,0.54337054,0.5607551,0.546489,0.5690174,0.61233014,0.6057312,0.6120608,0.617975,0.622637,0.6196673,0.6074294,0.6298672,0.61788875,0.58611697,0.61701626,0.5282047,0.5412976,0.5601259,0.5277502,0.52002984,0.5580515,0.5819925,0.5764001,0.5723579,0.5533851,0.53792953,0.55187905,0.58331347,0.5898105,0.5629753,0.57829994,0.64262575,0.6220883,0.54762465,0.5564332,0.59910405,0.58807397,0.6119634,0.5715507,0.6041362,0.57967114,0.5457952,0.5319967,0.51688635,0.55687803,0.5394848,0.5886665,0.57244,0.57400304,0.55237687,0.5447604,0.5814149,0.5979104,0.5323523,0.60360265,0.5437929,0.6301529,0.6118499,0.61898196,0.5661952,0.56859964,0.5553309,0.5733641,0.54788476,0.5345269,0.501205,0.53753644,0.5519283,0.5981547,0.58554184,0.55511665,0.539153,0.5861449,0.51246965,0.5719963,0.62832105,0.50815743,0.5832144,0.6242266,0.5608956,0.6221376,0.6334934,0.6322078,0.5755711,0.60726535,0.58357716,0.5342584,0.53489566,0.54191566,0.5369316,0.5871676,0.5540486,0.5398308,0.53995734,0.54021907,0.60710293,0.6238806,0.5221813,0.5228131,0.5652171,0.5474393,0.5479437,0.56887287,0.5473328,0.5013343,0.54851615,0.51517,0.49279934,0.524044,0.5249726,0.5567895,0.5848257,0.5442041,0.5806413,0.5737501,0.5811383,0.6303311,0.6656187,0.5954576,0.6337896,0.57945323,0.59466296,0.6101516,0.6298115,0.58057684,0.5661689,0.64219433,0.59763664,0.60537064,0.60365665,0.5471129,0.56446505,0.5337252,0.5146958,0.5981353,0.5105733,0.5082605,0.5149461,0.62915313,0.61668193,0.6257967,0.6132623,0.61184216,0.59771997,0.5844612,0.5691747,0.5193488,0.53860056,0.52308816,0.6148168,0.62414765,0.5622125,0.55927575,0.54716307,0.6606952,0.6633555,0.6170006,0.6593963,0.6473937,0.64259416,0.6324981,0.6273991,0.56286615,0.61872226,0.66884965,0.5637183,0.5686986,0.53176326,0.5761864,0.55213743,0.64807385,0.56828177,0.6530355,0.54558796,0.6141406,0.5890995,0.58281237,0.6188501,0.58375174,0.5573026,0.5599559,0.57084966,0.57322186,0.56731343,0.6489922,0.68969643,0.6056001,0.6216123,0.62579477,0.6388377,0.59506655,0.6324447,0.61399734,0.58096397,0.6112056,0.5274689,0.5499011,0.5453422,0.5564795,0.54742837,0.5491973,0.577547,0.577465,0.58398306,0.5609385,0.56785494,0.5887579,0.59403193,0.594911,0.54424447,0.5839248,0.6363189,0.6160754,0.5504632,0.5534508,0.58164924,0.59317946,0.6352611,0.55720437,0.5752648,0.6114061,0.56050277,0.5449943,0.53334355,0.5571821,0.5120956,0.5653043,0.56306684,0.560623,0.55685735,0.53466606,0.61967915,0.63404185,0.51620686,0.6019555,0.5549514,0.6663297,0.66557735,0.6762859,0.55180436,0.549501,0.5270142,0.5606433,0.53727114,0.5177515,0.4828286,0.5367098,0.53371376,0.6284938,0.5988396,0.5390118,0.5238954,0.58239245,0.49575084,0.5633127,0.63747776,0.5493634,0.63906837,0.6750039,0.5320849,0.61456454,0.60921454,0.64672184,0.6036368,0.59824365,0.54817086,0.5640025,0.50195175,0.5041474,0.5297951,0.54748994,0.5401822,0.536709,0.5440915,0.553805,0.5438961,0.52708876,0.5408602,0.58043134,0.5845698,0.53404856,0.5311647,0.54204357,0.54077876,0.5433965,0.54465103,0.5498148
881,0.55020255,0.57446337,0.5882389,0.56576854,0.5635449,0.5585222,0.54613644,0.60145664,0.63191664,0.52342826,0.5198167,0.57566994,0.5629108,0.5434603,0.55411667,0.5501833,0.50245005,0.5563817,0.5289548,0.5172147,0.5087252,0.54792374,0.5611879,0.5994939,0.5808742,0.58448744,0.58579826,0.6010232,0.6065823,0.6077428,0.56423366,0.6186504,0.5323266,0.5944509,0.5809044,0.6409422,0.59611106,0.581648,0.64568096,0.61745477,0.6383012,0.626022,0.56532955,0.59005773,0.5545915,0.5662391,0.5928899,0.479028,0.45604476,0.53285766,0.62890154,0.6144248,0.6250307,0.6156911,0.61561817,0.58854777,0.6039345,0.5880785,0.55656105,0.5563739,0.5395644,0.587465,0.6302401,0.5412305,0.50969917,0.50917286,0.62936646,0.61326456,0.60075337,0.6256392,0.6294834,0.56041366,0.59744453,0.6029898,0.5690071,0.599988,0.6329549,0.56306523,0.57838136,0.5299173,0.5540998,0.5561784,0.6098034,0.5488386,0.5924485,0.5477465,0.6009055,0.55986756,0.632693,0.6284543,0.55516136,0.5515724,0.5458505,0.57274806,0.54743624,0.5756225,0.6185622,0.6126086,0.6080129,0.61190385,0.62775135,0.62028444,0.60545963,0.62243116,0.6228311,0.58583724,0.6056398,0.526811,0.540713,0.5628354,0.5321704,0.52541983,0.55829704,0.5781429,0.5769988,0.57709306,0.55615604,0.5391791,0.55549973,0.588036,0.5904924,0.5631798,0.5738763,0.631511,0.6131033,0.54192513,0.55230695,0.5957102,0.58961,0.62304705,0.5748944,0.60870725,0.58217317,0.5469747,0.53174734,0.51437587,0.56206113,0.5376189,0.5800612,0.5735315,0.5735823,0.54858124,0.5438505,0.5903347,0.6073677,0.52655596,0.6110399,0.550222,0.64143807,0.6202143,0.6236604,0.5587648,0.5592937,0.5453796,0.57310677,0.53695667,0.52727634,0.482164,0.52144027,0.5399352,0.614526,0.5964238,0.54826057,0.5393193,0.5874134,0.5170268,0.5752531,0.62531537,0.506333,0.58919924,0.63201237,0.5593613,0.61351955,0.6248787,0.62007123,0.5738104,0.6172736,0.578347,0.54230404,0.5470497,0.5527532,0.52339804,0.58145106,0.55633765,0.54055125,0.535983,0.5297592,0.6126418,0.6299187,0.51628965,0.51420546,0.5705121,0.5378238,0.5578675,0.58205384,0.53814566,0.48413873,0.5423219,0.49952307,0.47411254,0.5084577,0.5132929,0.5452768,0.57773036,0.5411857,0.59920734,0.57923365,0.5780644,0.64180976,0.6800642,0.59865594,0.6554191,0.5875146,0.6110363,0.626313,0.6465048,0.59047675,0.5741286,0.66420984,0.6079702,0.61694384,0.6207463,0.5505415,0.5730561,0.543147,0.5159766,0.61186194,0.49632493,0.5038757,0.5109411,0.6344649,0.6253698,0.63113785,0.6258955,0.62651515,0.5979073,0.59598845,0.57873183,0.5208417,0.5395543,0.5317806,0.631788,0.64083016,0.5715216,0.55907744,0.545103,0.676068,0.67178714,0.63265204,0.67233944,0.6650416,0.6556399,0.6463235,0.64118767,0.57583857,0.62883306,0.67941624,0.5670485,0.5694985,0.52874374,0.58184934,0.5559869,0.66050416,0.5731467,0.66975975,0.55637217,0.62528425,0.5927595,0.5993585,0.6355818,0.59479296,0.5591456,0.562323,0.5848211,0.5791868,0.5725745,0.6628839,0.7045372,0.60463023,0.6181826,0.6338521,0.6469538,0.59113896,0.6289955,0.6198668,0.5810681,0.6025135,0.52566165,0.54992,0.54695886,0.5665451,0.5556887,0.54845953,0.5688598,0.5746588,0.5865987,0.5622393,0.57410777,0.59619164,0.5996073,0.59553903,0.5416747,0.5867845,0.6244176,0.6092851,0.5433243,0.5435392,0.5801877,0.6006982,0.6508037,0.55848604,0.57878006,0.6195325,0.5644965,0.54425925,0.5308414,0.56250346,0.49865323,0.5616211,0.5631773,0.55516106,0.55257183,0.53202635,0.63435495,0.6498762,0.5058045,0.6043398,0.5595115,0.68364584,0.67657465,0.68798476,0.5448195,0.5400708,0.5108257,0.5534161,0.52739626,0.50897974,0.4619826,0.5207655,0.51725465,0.6430968,0.60767436,0.52724624,0.52422374,0.5866587,0.49840343,0.5640266,0.6401293,0.5519442,0.65413725,0.69096375,0.5341657,0.6066842,0.5963571,0.63745284,0.6094943,0.6083749,0.5412184,0.57890356,0.5094833,0.5051788,0.5336406,0.54724467,0.54062325,0.5427821,0.55200964,0.56069565,0.54982466,0.5283431,0.5454411,0.58434117,0.5888203,0.537347,0.53262794,0.5446522,0.54452664,0.55148554,0.5530861,0.5542119
882,0.5679831,0.5659253,0.5807934,0.5715661,0.56685746,0.5573315,0.53474176,0.6008871,0.63199896,0.5219623,0.515881,0.5850293,0.5541493,0.5550983,0.56252027,0.53845483,0.49356237,0.5513159,0.51586425,0.49936685,0.4961434,0.53955466,0.55162066,0.59045583,0.5834887,0.5994372,0.5927764,0.5929073,0.6113541,0.6097122,0.56269723,0.63554066,0.5323493,0.60543925,0.59185374,0.65388274,0.6091732,0.59493554,0.66533005,0.62553793,0.6506362,0.64596355,0.5698615,0.6060266,0.57129806,0.5800436,0.60162926,0.46431416,0.4522224,0.5455934,0.6254917,0.61552894,0.62153304,0.62082857,0.6266322,0.58530587,0.62124056,0.6003337,0.56925195,0.5662163,0.5480489,0.59763414,0.6378292,0.54690343,0.5110265,0.512186,0.6326935,0.61162287,0.6123125,0.6333349,0.6328247,0.562695,0.60425305,0.60875905,0.5781979,0.61207515,0.63262,0.5721282,0.58831424,0.53440154,0.55856514,0.56474453,0.61280394,0.55985004,0.598051,0.5582978,0.6126932,0.5638228,0.6366847,0.6360365,0.56103355,0.5542262,0.5477092,0.5836541,0.55277336,0.5853299,0.62141025,0.6154741,0.5973995,0.59748024,0.6273979,0.6152189,0.5982273,0.6057161,0.6243937,0.5834107,0.58746064,0.5301551,0.544215,0.56458807,0.53754884,0.5306679,0.56043243,0.57241213,0.57722074,0.58399314,0.5610377,0.5407185,0.5569692,0.5901715,0.5881996,0.56446946,0.56971765,0.6087761,0.59690183,0.53443605,0.5487262,0.58923596,0.5904074,0.62999076,0.57708263,0.6085855,0.58444816,0.54765093,0.53309673,0.5184387,0.57533115,0.5400495,0.5699343,0.578643,0.5752065,0.5437707,0.5467161,0.59981436,0.6157239,0.52380323,0.616906,0.5653562,0.64686626,0.6245741,0.6218205,0.5490252,0.54728055,0.53303885,0.5709312,0.5256164,0.5229338,0.46354997,0.5048229,0.52483374,0.62500983,0.60542744,0.54044306,0.5387814,0.5857262,0.52279204,0.58106524,0.6127082,0.51125056,0.5930119,0.6377706,0.5571022,0.5969784,0.6072577,0.5980934,0.5704304,0.6203455,0.5702387,0.5531193,0.5615763,0.56966066,0.5122787,0.57101923,0.56075764,0.5446875,0.5338622,0.52007544,0.6142128,0.630219,0.51614445,0.51069516,0.5812478,0.5274975,0.5652588,0.5898997,0.52800906,0.46637082,0.53687567,0.48495814,0.45613584,0.49348792,0.5022009,0.5342797,0.5667291,0.54391235,0.6228605,0.5857594,0.5761181,0.6465509,0.6836205,0.5966053,0.6678912,0.59191084,0.62352145,0.63415694,0.6598974,0.6022138,0.58377564,0.683499,0.6159913,0.62695634,0.6385492,0.5566995,0.5858306,0.56059337,0.52198386,0.62332386,0.48372248,0.5035889,0.50888723,0.6328821,0.6287677,0.62988234,0.63430226,0.63976914,0.59356296,0.60982245,0.5885547,0.5271078,0.54438865,0.5405335,0.6425594,0.6527503,0.5785442,0.55751544,0.54838336,0.6833267,0.6701616,0.6449396,0.67878103,0.6765344,0.6610473,0.65631014,0.65261596,0.59602326,0.6361651,0.6798183,0.5728008,0.5746385,0.53173834,0.59128,0.56593174,0.66484666,0.57921195,0.6761195,0.57084465,0.63579714,0.59408045,0.610286,0.6453642,0.60207695,0.5627854,0.562434,0.5976833,0.58685654,0.57898414,0.66931874,0.7084729,0.5991381,0.60611224,0.636224,0.6501313,0.5839867,0.6176488,0.621152,0.57815975,0.5868972,0.52798325,0.5506964,0.54918677,0.5750297,0.56275755,0.54994595,0.55761784,0.56896377,0.58544344,0.56188214,0.57718897,0.6000569,0.6015368,0.59276026,0.5392589,0.59122646,0.6018727,0.5970586,0.5323729,0.5309724,0.5790411,0.609204,0.661898,0.55868024,0.5774468,0.6248967,0.56708455,0.5431798,0.53591496,0.57339644,0.48651138,0.56154406,0.5673435,0.5531329,0.5465082,0.5325895,0.6434282,0.6592722,0.4973801,0.6013397,0.5686151,0.69242084,0.6787886,0.6876454,0.5377108,0.5288385,0.4933929,0.5431588,0.5196358,0.50374633,0.44244096,0.5042531,0.49878857,0.64929146,0.6143029,0.5145197,0.524246,0.58746773,0.50313455,0.56604004,0.6351063,0.5581441,0.6611986,0.69775844,0.53680575,0.59171844,0.5756356,0.61834556,0.6096007,0.61220294,0.5330883,0.5934654,0.5198848,0.50947875,0.53895736,0.5468687,0.5424059,0.55247295,0.5621359,0.56867594,0.55825007,0.5307741,0.55073774,0.585499,0.58981025,0.5413813,0.5341642,0.55061173,0.5518731,0.5617596,0.56282294,0.55875957
883,0.58632,0.5524354,0.5648947,0.5740374,0.5669613,0.552519,0.52006185,0.5915817,0.62045383,0.52098686,0.5149576,0.5928415,0.5394451,0.56283027,0.5651767,0.5206266,0.48364937,0.5446196,0.49959478,0.47811294,0.48199034,0.52800405,0.5384343,0.5757841,0.58366066,0.6103434,0.595346,0.58013624,0.6093413,0.60384434,0.5562469,0.6433737,0.5288197,0.60906756,0.59586304,0.6570332,0.6196868,0.6071232,0.6771181,0.6255729,0.65548664,0.6605508,0.57198066,0.62088954,0.5900907,0.5929548,0.6049489,0.45086086,0.45316622,0.5594102,0.60971045,0.6066655,0.60678464,0.61631054,0.6314453,0.57565475,0.6354405,0.6106574,0.5819411,0.5759098,0.5556805,0.6022562,0.6380043,0.55169034,0.51376164,0.520399,0.62913895,0.6032411,0.6193763,0.63483316,0.62872964,0.5645827,0.60577184,0.61082935,0.5861689,0.62032366,0.6251212,0.5824891,0.59757406,0.54184085,0.56304145,0.57574284,0.61259496,0.5736626,0.59974074,0.5680366,0.6207892,0.5669442,0.6309803,0.6349846,0.56472415,0.5573714,0.54837555,0.5909225,0.5574809,0.5938677,0.61795115,0.612695,0.57923055,0.572871,0.6178437,0.6009553,0.5843511,0.5784952,0.62049115,0.57601273,0.5621187,0.53611636,0.5495082,0.5626311,0.541899,0.5341997,0.56341046,0.5636797,0.57396746,0.58861136,0.5638396,0.5411752,0.555325,0.5867921,0.5793054,0.56454486,0.56222004,0.5745764,0.57141393,0.5242829,0.54336303,0.5757495,0.5858295,0.62969756,0.5757588,0.60200065,0.58490926,0.54727054,0.53556085,0.52703226,0.59153205,0.54319954,0.5558861,0.584051,0.57517606,0.53465265,0.54982805,0.60556275,0.6186581,0.52056813,0.61805975,0.58553314,0.6440481,0.6216569,0.61203474,0.53367895,0.53147584,0.5172097,0.56483287,0.5114017,0.51854295,0.44454253,0.48628113,0.5064484,0.62599254,0.6089645,0.5301506,0.5369481,0.5799329,0.52913696,0.5861656,0.58712137,0.520456,0.59144217,0.638486,0.5518618,0.5726786,0.5799614,0.5658986,0.5629441,0.6150362,0.55866104,0.5635835,0.5745016,0.58668715,0.5016759,0.55275136,0.5626791,0.5478461,0.5303819,0.51002884,0.60654676,0.61986107,0.5185793,0.50911444,0.59125525,0.5134082,0.566347,0.5885121,0.51298076,0.44682232,0.5299913,0.4696442,0.43847504,0.478759,0.48998156,0.5212798,0.5514798,0.54960173,0.6438609,0.5884582,0.5717734,0.6397482,0.67294985,0.5858135,0.6676604,0.5898079,0.62764883,0.63020235,0.66322106,0.6110372,0.5916233,0.6934492,0.61668515,0.6306857,0.65135264,0.5623039,0.59834296,0.5805842,0.5281773,0.62715125,0.4704425,0.5038938,0.5050678,0.6191167,0.62158793,0.61692655,0.6331964,0.6461112,0.58128625,0.6205875,0.5947458,0.53600377,0.550331,0.54737693,0.64361006,0.6555131,0.5805286,0.5523975,0.5531472,0.6791633,0.6558327,0.64934963,0.674879,0.67776346,0.65586627,0.65718514,0.6566724,0.6159519,0.63674563,0.66736335,0.5770873,0.57867676,0.5360961,0.5988684,0.5772229,0.65746886,0.5834438,0.6689708,0.58451635,0.6411676,0.59100413,0.61244607,0.6452203,0.60295963,0.56588656,0.5594128,0.6055434,0.59074,0.58283615,0.6640141,0.69865274,0.5876218,0.58276445,0.62943065,0.6437206,0.57257444,0.59665,0.6161519,0.5692436,0.5643273,0.5321882,0.5500942,0.54978114,0.578835,0.5661394,0.5525992,0.543927,0.55800694,0.5770047,0.55643094,0.5758334,0.59708685,0.59645045,0.58241224,0.53567696,0.5925808,0.5686643,0.5772074,0.51725274,0.5142498,0.57411224,0.6126105,0.6637181,0.5562906,0.5707327,0.62389004,0.5667998,0.5409345,0.5441398,0.584963,0.47416657,0.5610767,0.57153493,0.5508701,0.53541356,0.5330208,0.64245206,0.65747255,0.48792288,0.590974,0.5791804,0.68897444,0.6686117,0.6725495,0.52742565,0.5146624,0.47510704,0.5286885,0.5116608,0.50000733,0.42407718,0.48594138,0.4782696,0.64243937,0.61388266,0.4999928,0.52422005,0.58349365,0.51006144,0.5664513,0.6182248,0.5639773,0.6564715,0.69180983,0.5391239,0.5690411,0.5475389,0.58848965,0.60153544,0.60791945,0.5242792,0.60378623,0.53101045,0.51619613,0.54365516,0.5456113,0.54426974,0.56274045,0.57132447,0.5749464,0.5663158,0.5337001,0.5550228,0.58139205,0.58467156,0.5456015,0.53546417,0.5574765,0.5601565,0.57049,0.570346,0.5611659
884,0.5990921,0.5317188,0.5388115,0.56873894,0.5599779,0.5413778,0.50180155,0.5708415,0.5943208,0.5166618,0.5144765,0.59343356,0.5161217,0.5642754,0.56044734,0.49402094,0.4699276,0.53492075,0.47857434,0.4528371,0.46507326,0.51273674,0.5195896,0.557195,0.5779793,0.61208767,0.59077215,0.56266755,0.59865904,0.59062266,0.54454195,0.64046216,0.52202564,0.60391265,0.5916128,0.6456834,0.6236915,0.614165,0.67624456,0.61420935,0.65006423,0.6654064,0.5678649,0.62956506,0.6059111,0.59944135,0.59897107,0.43744677,0.45534748,0.56856036,0.5789988,0.5847918,0.57872635,0.5982912,0.62627053,0.5576561,0.641469,0.6151975,0.5910034,0.5815277,0.5613657,0.60015744,0.62919694,0.5546651,0.5175324,0.5319193,0.61823535,0.58855724,0.61985284,0.6289095,0.6170186,0.5658566,0.5996073,0.60632306,0.5886311,0.62217134,0.6106646,0.59004134,0.60141736,0.5476383,0.56283414,0.5847113,0.60769004,0.58653367,0.5952825,0.5732362,0.6224809,0.5686285,0.6151579,0.6252569,0.56577194,0.5605365,0.5477053,0.593186,0.5568962,0.59717906,0.60671175,0.6036624,0.5548128,0.5396887,0.5975367,0.57686156,0.5654249,0.54330754,0.61065507,0.5632428,0.5323767,0.54161704,0.55436194,0.55580044,0.5436094,0.53557277,0.565898,0.55245227,0.5656294,0.58743614,0.56093967,0.5397002,0.5506671,0.57672256,0.56176585,0.5619401,0.5493064,0.53361166,0.53815407,0.5112965,0.5348647,0.55391,0.5727955,0.6209188,0.5696197,0.5891311,0.582629,0.54587114,0.5386495,0.537693,0.60537463,0.5435228,0.5371254,0.5860329,0.57055736,0.519012,0.5496019,0.60435987,0.6132162,0.5135979,0.6127703,0.6061813,0.6324602,0.6099244,0.5949331,0.51080745,0.5118917,0.497923,0.55399,0.4925983,0.51112956,0.42471394,0.46533158,0.4855638,0.61604685,0.6051675,0.516769,0.5340241,0.5708538,0.5353613,0.5885482,0.54900146,0.5306789,0.58277565,0.63288337,0.54240257,0.54413295,0.54610443,0.5272835,0.550581,0.60199285,0.5451809,0.5705676,0.58282506,0.5975985,0.489617,0.525755,0.5579807,0.54605657,0.5229401,0.49881607,0.58659935,0.59652376,0.51967764,0.5061286,0.5947304,0.49349514,0.5590918,0.5763312,0.4903279,0.4251853,0.51997066,0.4520452,0.42084393,0.46448138,0.4759332,0.5045394,0.53397095,0.5548098,0.6550494,0.5835517,0.5627517,0.61872554,0.6478132,0.56523544,0.6544524,0.5807119,0.62175703,0.6141849,0.65179783,0.6129777,0.5947549,0.6897917,0.6067414,0.62491053,0.65482867,0.5635699,0.6057787,0.5964525,0.5293544,0.61970645,0.45445094,0.5009648,0.4962169,0.590625,0.6008157,0.589949,0.6191445,0.64146376,0.55960315,0.62427354,0.5948042,0.5448235,0.55403185,0.5514886,0.63412714,0.6470864,0.57658154,0.54385716,0.55689377,0.6627897,0.6293628,0.643555,0.659614,0.6672286,0.639895,0.646241,0.65063494,0.6288726,0.6291705,0.6426412,0.5765982,0.57686585,0.5373763,0.60038733,0.5859079,0.6376027,0.58327985,0.6480976,0.5930531,0.6389983,0.58330065,0.6046819,0.63419825,0.59656966,0.5675895,0.5534552,0.606599,0.58629024,0.58072144,0.6451097,0.67492616,0.5703927,0.5490649,0.6122871,0.6258207,0.55810016,0.5675051,0.6047924,0.55391526,0.5380696,0.53543675,0.5471294,0.54749656,0.57645667,0.5650991,0.55507463,0.5293314,0.54131,0.55986005,0.5435311,0.56986505,0.5859135,0.58305246,0.56220347,0.53030765,0.587885,0.52895504,0.55073446,0.49868122,0.49323073,0.5632574,0.6065572,0.6539281,0.5507731,0.5597124,0.6148797,0.5631471,0.5372897,0.55058384,0.5925186,0.4606141,0.5569062,0.5718516,0.5448415,0.51761043,0.52981156,0.629382,0.6421311,0.47469217,0.5732286,0.58784944,0.67224675,0.6452847,0.64310926,0.5120871,0.49735487,0.4569512,0.5099021,0.501217,0.49530265,0.40681002,0.46548322,0.45654494,0.6212688,0.6033993,0.48360574,0.52501637,0.575431,0.51880676,0.5637806,0.58864504,0.5662825,0.6388174,0.6726029,0.5403964,0.5414511,0.516144,0.55110955,0.5854814,0.5959771,0.5163656,0.6070979,0.54131967,0.5240908,0.5459867,0.5431606,0.54513174,0.5707078,0.5768577,0.57723755,0.571341,0.5364513,0.55678946,0.57118684,0.57233626,0.5493667,0.5363792,0.5628522,0.5666642,0.5745197,0.5728031,0.5598288
885,0.60226566,0.50404775,0.50391984,0.55380327,0.5446285,0.5236086,0.48083362,0.53927493,0.5547208,0.5069974,0.512421,0.58436745,0.4842413,0.55943805,0.5492245,0.459012,0.4514274,0.52198976,0.45291975,0.42486262,0.44550198,0.49476558,0.49548912,0.53785825,0.56584615,0.602434,0.5788005,0.54262465,0.5798571,0.5723419,0.5292281,0.6279956,0.51374054,0.5911579,0.58038574,0.6186908,0.61932695,0.6144167,0.66081417,0.59123784,0.6340358,0.6589521,0.55567944,0.62918586,0.61530596,0.5963658,0.58269924,0.42356446,0.45555085,0.5696391,0.53511435,0.5505208,0.539114,0.5669255,0.6097228,0.5318008,0.63751864,0.61244273,0.59480464,0.5809319,0.565023,0.5922842,0.61215794,0.5562904,0.5227826,0.54568684,0.6013513,0.5696987,0.61377466,0.6158081,0.59953207,0.5669268,0.58630145,0.59483576,0.5836779,0.61698097,0.5909118,0.59235895,0.5972751,0.5490243,0.5557509,0.58961535,0.59848505,0.5959129,0.58444685,0.57208484,0.61708146,0.56890893,0.591256,0.6084413,0.56485236,0.5638586,0.5459756,0.5906882,0.54878575,0.59308034,0.5882984,0.5892089,0.5272886,0.5025694,0.567907,0.5454206,0.5453662,0.5054179,0.59608525,0.5472745,0.50294596,0.5442152,0.5575865,0.5450153,0.5422703,0.53579664,0.56692046,0.5405722,0.5527847,0.57942307,0.55088836,0.53621817,0.54391104,0.5608678,0.5358892,0.556365,0.5315653,0.49317262,0.5018913,0.4962322,0.523292,0.525918,0.5513812,0.6046894,0.5589231,0.57170236,0.57749087,0.5439743,0.54192466,0.5484573,0.61360145,0.5389911,0.5150941,0.58252984,0.56035525,0.49698818,0.5439337,0.595433,0.5990709,0.5013621,0.6014546,0.6238408,0.6135858,0.5901429,0.57292765,0.48087463,0.48969966,0.47647852,0.53905034,0.4693155,0.49919248,0.40432125,0.44276252,0.46373883,0.5967641,0.5946463,0.5008249,0.5306942,0.5606615,0.54107046,0.5882701,0.5029998,0.5394222,0.56779724,0.62152,0.5291942,0.5166398,0.5112664,0.48872063,0.53464377,0.583526,0.5328768,0.5724414,0.5859117,0.5985373,0.47521785,0.49198478,0.54497755,0.5376607,0.5108494,0.4863829,0.5547238,0.56144184,0.51679784,0.49967834,0.5891433,0.46785802,0.5442538,0.5551757,0.46011394,0.40225855,0.50647336,0.43170968,0.4033123,0.45141768,0.46069333,0.48401928,0.51757294,0.55721575,0.6529558,0.57015127,0.5493545,0.584272,0.61141545,0.53694224,0.6311711,0.5665077,0.60724574,0.5894207,0.6240329,0.6060515,0.5920343,0.6710987,0.5856358,0.60883147,0.6473325,0.55810875,0.60528797,0.6033921,0.5220629,0.6005028,0.4350927,0.49243715,0.4809525,0.5489509,0.56709385,0.5504854,0.59207386,0.62429863,0.52986455,0.6196679,0.58829534,0.55165964,0.55321956,0.55358064,0.6161732,0.6283369,0.56826395,0.53383374,0.559088,0.63627654,0.59448373,0.6281203,0.6348958,0.6465526,0.615422,0.6243913,0.6349211,0.6318393,0.6146486,0.6093476,0.5700154,0.5676777,0.53347653,0.59456885,0.59038186,0.6077567,0.5779884,0.61657107,0.5946662,0.629629,0.57224935,0.58875877,0.613776,0.58428264,0.5684155,0.5456697,0.6016139,0.5718599,0.5709789,0.61397773,0.6400015,0.54947424,0.50954807,0.5863409,0.5977964,0.5434152,0.53435063,0.58850014,0.5345726,0.51322883,0.5359119,0.54243225,0.54255843,0.56867456,0.5609712,0.55642086,0.5160952,0.52065957,0.5355423,0.52305275,0.56016064,0.56753397,0.5626352,0.53271997,0.5234071,0.5774418,0.48942664,0.521663,0.4782538,0.46922633,0.547526,0.59061885,0.633522,0.54276544,0.54651546,0.5986181,0.55673116,0.5325899,0.5519717,0.59353954,0.445712,0.5482596,0.5663752,0.5331633,0.49393117,0.52076685,0.6053198,0.61417586,0.4565202,0.5501766,0.59241617,0.6442148,0.6112885,0.60305953,0.49178725,0.47787935,0.44019863,0.48798713,0.48727643,0.48801905,0.39066002,0.44361365,0.43513757,0.58888304,0.58288676,0.46608478,0.5275006,0.56524336,0.5288143,0.5585929,0.5495102,0.5639844,0.61052984,0.64259803,0.5404557,0.5138928,0.48734844,0.5124843,0.5643085,0.5787562,0.5114408,0.6031241,0.55058897,0.5322073,0.54544044,0.5396835,0.54454446,0.5749534,0.57760787,0.5747977,0.57201356,0.53856707,0.5553483,0.55597687,0.5539715,0.5522016,0.5369493,0.56539124,0.56980085,0.5725288,0.56917214,0.5544579
886,0.5952284,0.47302353,0.4651124,0.53098947,0.5229731,0.5017365,0.45946082,0.501337,0.5076187,0.492901,0.508303,0.5675208,0.44735053,0.5505907,0.53473246,0.41977158,0.42969584,0.50732154,0.4248713,0.39717698,0.42495525,0.47647667,0.4694764,0.52105814,0.5498488,0.58304447,0.5619796,0.5238696,0.5565509,0.5527722,0.51364774,0.6095067,0.5067379,0.5742798,0.5656382,0.5792677,0.60702175,0.6088161,0.632245,0.5599776,0.6096391,0.64237297,0.5367581,0.6201608,0.617117,0.58410054,0.55867195,0.4095941,0.45202142,0.5626619,0.48504063,0.50912684,0.49389175,0.5274926,0.58357894,0.5018221,0.625256,0.6037465,0.5938065,0.57439584,0.567381,0.5815056,0.590143,0.5580828,0.5300843,0.56093085,0.5816347,0.5503684,0.60318524,0.59742105,0.57987446,0.56856054,0.5693375,0.5787982,0.5723793,0.60617495,0.5688698,0.58960307,0.5858171,0.54615617,0.5429764,0.59110874,0.5872285,0.6010706,0.56956685,0.56549513,0.6060585,0.56824327,0.5638095,0.5875535,0.5632976,0.5674828,0.54373455,0.5848912,0.53434306,0.5821517,0.56594783,0.57215446,0.5006585,0.46780604,0.533721,0.5116781,0.52857023,0.47093168,0.5793282,0.531756,0.4789764,0.54313964,0.5591536,0.53283846,0.538731,0.53653014,0.56610566,0.5301127,0.5381044,0.56646746,0.5352971,0.531405,0.53645784,0.54218686,0.50491667,0.5488192,0.5122975,0.4602439,0.46921033,0.48096794,0.5102101,0.49716446,0.52528495,0.5842354,0.5455326,0.5526038,0.570429,0.5422143,0.54507256,0.5582043,0.6158479,0.53003955,0.49344432,0.57414526,0.5461432,0.4714376,0.53305703,0.5810565,0.5792756,0.4848927,0.5866764,0.63686496,0.5909676,0.5656616,0.55009735,0.44711772,0.4672521,0.45537248,0.5223592,0.44416952,0.48374063,0.38442394,0.4205359,0.4430896,0.5726111,0.5803496,0.48421374,0.5278203,0.5519994,0.5461001,0.58678985,0.45700663,0.54564315,0.5498372,0.6067733,0.51432675,0.4950917,0.48135453,0.45703456,0.5183561,0.5631378,0.5249389,0.5696985,0.5852021,0.5892547,0.4594378,0.45610055,0.5253076,0.52387315,0.49562496,0.47360617,0.5153822,0.5198069,0.5096536,0.48992914,0.57630146,0.4390621,0.52519685,0.52988076,0.4258036,0.37984923,0.49108696,0.40962797,0.38643157,0.44060564,0.445771,0.4619234,0.50532717,0.5563794,0.63866293,0.5507638,0.534439,0.54184407,0.5707074,0.5061296,0.60338134,0.550953,0.58813334,0.5620973,0.58255583,0.59064513,0.58427685,0.63909084,0.5562179,0.5844258,0.63003373,0.54618764,0.597107,0.59981,0.50596935,0.5727408,0.41359523,0.47824442,0.46056545,0.5006142,0.52567995,0.5044521,0.5564786,0.59639263,0.49678203,0.6083987,0.57707375,0.5556921,0.5474974,0.555336,0.59430045,0.6031673,0.559006,0.5251531,0.56070405,0.60477495,0.55790067,0.6066552,0.6055078,0.6205111,0.5871631,0.59636927,0.6130688,0.6261068,0.59634763,0.5736978,0.5586815,0.55363137,0.5254446,0.5834311,0.59140956,0.5737622,0.56903327,0.58078015,0.59048116,0.6157771,0.56026787,0.56905663,0.58798355,0.56923276,0.5694071,0.5376643,0.59315133,0.5497207,0.55459774,0.5761432,0.5999758,0.52806425,0.471129,0.555882,0.5640826,0.53155345,0.5026022,0.5698198,0.5152771,0.49470606,0.53355545,0.5376661,0.5364483,0.5580764,0.55622774,0.55622584,0.50607777,0.4996127,0.50854313,0.4978026,0.54860663,0.5452985,0.5390764,0.49798587,0.5160332,0.5646435,0.4567299,0.49583155,0.45830888,0.44474334,0.53077304,0.56870013,0.6068597,0.53394175,0.5336812,0.5782834,0.5490056,0.527683,0.54791313,0.5883709,0.43033263,0.537358,0.5560864,0.51674324,0.46763277,0.50599164,0.5749951,0.57876784,0.4346956,0.5256565,0.59237033,0.6102252,0.5727042,0.5596145,0.46863,0.45829174,0.42604396,0.46553352,0.47079995,0.47820228,0.37576675,0.42203292,0.41583902,0.5525236,0.5559903,0.44894508,0.53195655,0.55543107,0.5392918,0.5527972,0.5075459,0.55819654,0.57755303,0.60735303,0.53973895,0.49130994,0.46622607,0.4798209,0.5428212,0.559878,0.5110974,0.5941769,0.55933005,0.540068,0.5429334,0.5357668,0.54284954,0.5758691,0.57436925,0.5686031,0.568756,0.5398306,0.55114186,0.5386438,0.5329198,0.5538795,0.53735024,0.56519556,0.5695904,0.5653694,0.56054074,0.5460999
887,0.58043784,0.44503042,0.42976898,0.50518876,0.49970204,0.48040748,0.4412014,0.46461064,0.4627328,0.47770783,0.5034192,0.54756105,0.4119143,0.54135406,0.5214915,0.38348237,0.40889227,0.49414492,0.39883366,0.37375897,0.4066237,0.4612216,0.44709864,0.5096932,0.534193,0.5585818,0.5446709,0.5108067,0.53443015,0.5368504,0.50192046,0.5900375,0.5041341,0.5585635,0.55211353,0.5351577,0.5891707,0.59978706,0.5956181,0.5268848,0.5815273,0.61919945,0.5152642,0.60545033,0.61187243,0.5662881,0.5326713,0.39713395,0.44525123,0.5508945,0.43954772,0.46980405,0.45205298,0.48945507,0.55300295,0.4744382,0.60869575,0.5927638,0.5894813,0.56382304,0.5695322,0.5718441,0.5685297,0.56157637,0.5394581,0.5764907,0.5637444,0.5353548,0.5915931,0.5776711,0.5628008,0.57196647,0.55378956,0.5628014,0.55796075,0.59284663,0.5491179,0.5842408,0.57043225,0.541538,0.5284257,0.5912923,0.5774695,0.6022743,0.55476326,0.5560923,0.59250885,0.5675091,0.5392279,0.5669198,0.562284,0.5713255,0.5416705,0.57791936,0.51784784,0.5676011,0.54515195,0.5569076,0.4790361,0.44176224,0.5023659,0.4822235,0.51847553,0.4455671,0.5638984,0.52044237,0.46503097,0.53896904,0.5595289,0.5224613,0.53439337,0.53904426,0.56350976,0.522526,0.5258062,0.5529929,0.5189662,0.52657926,0.52998805,0.5251734,0.47461343,0.54154605,0.49608043,0.44005206,0.4463657,0.4682039,0.49847236,0.47415274,0.5003682,0.5643617,0.5325194,0.53588647,0.5635159,0.5411244,0.5479556,0.5664431,0.61396146,0.51966673,0.47679365,0.56367916,0.53155243,0.4471997,0.5194657,0.5660663,0.55984837,0.46781147,0.5724843,0.6447637,0.5698299,0.54210573,0.531961,0.41509616,0.44793043,0.43800873,0.507607,0.42192456,0.4685143,0.367203,0.40158117,0.426224,0.5500673,0.5664981,0.47017518,0.5262651,0.5472046,0.5501633,0.58570236,0.419957,0.54924715,0.533966,0.59248865,0.5006373,0.4830153,0.461391,0.437746,0.5059759,0.5450577,0.52336466,0.5642582,0.5827533,0.57260907,0.44518062,0.42441237,0.5032778,0.5079259,0.48036927,0.4623822,0.47659907,0.47986108,0.5000259,0.47937718,0.5604872,0.41162097,0.5069531,0.50692844,0.39358586,0.36123356,0.4771019,0.38862064,0.37180653,0.4334235,0.4332289,0.4424406,0.49925262,0.5531402,0.6164463,0.53015065,0.5217869,0.50097287,0.5353839,0.4798056,0.5782039,0.53882384,0.5702338,0.5396418,0.53504544,0.56949574,0.57360995,0.5991449,0.52449703,0.5563099,0.6066391,0.5305044,0.5838757,0.58706945,0.48436484,0.5429915,0.39326215,0.46099398,0.43944445,0.4559715,0.48579594,0.46111268,0.52104044,0.5631179,0.4676723,0.5939351,0.5647242,0.5566127,0.5380546,0.5582978,0.5743113,0.57773143,0.5522859,0.5207607,0.5633678,0.5756525,0.5279743,0.5850064,0.57838637,0.5958585,0.56178707,0.5693733,0.59058386,0.614924,0.578585,0.54318494,0.54621536,0.5393763,0.5165199,0.57115394,0.5908928,0.54354036,0.5590099,0.54887253,0.5828274,0.60132927,0.5506704,0.5507414,0.5627602,0.55509484,0.57130593,0.5311764,0.58435124,0.5256471,0.53533465,0.5405333,0.5635688,0.5098604,0.44107375,0.52736354,0.5314968,0.5248734,0.47790658,0.55215544,0.50023913,0.4860355,0.5293753,0.53437454,0.5312018,0.5477473,0.55312556,0.5543793,0.50018543,0.48276645,0.48554087,0.47374925,0.5378259,0.5242719,0.51796895,0.46474716,0.5098906,0.55382025,0.43617758,0.4789302,0.44176978,0.42344853,0.51755756,0.546784,0.58046556,0.5265183,0.5237645,0.5589531,0.54174614,0.52375174,0.5407083,0.57969046,0.4169455,0.5277437,0.54420877,0.4993081,0.4435308,0.4882722,0.54619324,0.5449137,0.41327557,0.5047706,0.58870906,0.57802784,0.53833646,0.52238506,0.44635522,0.441468,0.415883,0.44634962,0.4546943,0.46805432,0.3630922,0.40352032,0.40074563,0.5215708,0.5291612,0.4347698,0.5379993,0.54852957,0.5487602,0.54843354,0.47136703,0.5513124,0.54777443,0.57475424,0.53887165,0.47760758,0.45597062,0.459365,0.52616686,0.5433922,0.5155374,0.5838098,0.567631,0.54727036,0.54012764,0.5322599,0.5409281,0.57493526,0.56917775,0.5606855,0.56315935,0.540242,0.54553604,0.52322775,0.513941,0.5542888,0.5377133,0.5634709,0.5673235,0.5555738,0.54954374,0.53667074
888,0.56238484,0.42725888,0.40563163,0.48287562,0.48055217,0.46485418,0.42993438,0.43766484,0.43025792,0.4659385,0.50026494,0.52973026,0.38556817,0.5358777,0.5143722,0.35816395,0.39505926,0.48650742,0.38059416,0.3590341,0.39481333,0.45256412,0.43437746,0.505907,0.5227598,0.5352194,0.5316122,0.5067884,0.5191338,0.52972865,0.49749368,0.57528067,0.50858724,0.55009335,0.54500806,0.49723175,0.56994516,0.59005344,0.55952543,0.50004023,0.5560648,0.5950455,0.4968226,0.58923435,0.60141796,0.5489122,0.51250446,0.38931775,0.43845513,0.5400223,0.4092964,0.44270426,0.4228501,0.46317855,0.52571696,0.45746535,0.592738,0.58388907,0.5834488,0.55187744,0.5724788,0.56722516,0.5533302,0.56727713,0.55013144,0.5906397,0.55278987,0.52907914,0.5832242,0.5622078,0.5530133,0.57837653,0.5444498,0.5518982,0.54470813,0.5811744,0.5370564,0.5797984,0.5559461,0.5383096,0.51735544,0.59206,0.5726587,0.60000694,0.5442975,0.5470278,0.5805437,0.5679353,0.52411246,0.55166537,0.56240404,0.57499266,0.54045326,0.5722164,0.5053135,0.55431426,0.5318007,0.54776555,0.46601027,0.42933342,0.48156288,0.46350685,0.5167782,0.4337604,0.55346906,0.5160369,0.463903,0.53297603,0.5591286,0.51668066,0.5306148,0.5438279,0.559554,0.5185424,0.5204415,0.54470295,0.50893766,0.5234715,0.5261159,0.51459074,0.4516617,0.53732556,0.4868971,0.4355398,0.437422,0.460665,0.4913578,0.46211526,0.48259404,0.55044466,0.5233997,0.52635306,0.5593421,0.54108,0.5505025,0.57286817,0.6106774,0.51247483,0.46901473,0.5548311,0.52097946,0.42985216,0.50717396,0.5563169,0.5477357,0.4554057,0.5632119,0.6474923,0.55578387,0.5261826,0.5240864,0.39149207,0.43564537,0.4279626,0.4985135,0.40825206,0.4590825,0.3562001,0.38960454,0.41609594,0.53631705,0.557083,0.46249446,0.5266718,0.5475789,0.5527342,0.5857961,0.3992051,0.55046785,0.5255928,0.5826826,0.49083853,0.48212177,0.45472023,0.43401074,0.50144315,0.5334588,0.5280149,0.55841595,0.58014876,0.5534372,0.43674898,0.40330526,0.48439598,0.49387762,0.468878,0.4553459,0.44769672,0.4503968,0.49100894,0.47209698,0.5459914,0.39110222,0.49518546,0.4928956,0.37066334,0.35136533,0.4685926,0.37336287,0.3627344,0.43189016,0.42584845,0.4307783,0.50021833,0.54886645,0.5920726,0.51361793,0.51434606,0.4720545,0.51485085,0.46431813,0.5624087,0.5346123,0.55958396,0.52859515,0.49311066,0.54755545,0.56277937,0.5602284,0.49821243,0.5310337,0.58302104,0.5152255,0.569402,0.56917846,0.4640705,0.51981056,0.37922564,0.44605878,0.4246526,0.4256252,0.45770773,0.43019104,0.49581438,0.53272074,0.45021755,0.58043253,0.5551863,0.55440503,0.52729726,0.563046,0.5612429,0.55839384,0.54990065,0.52279514,0.56828785,0.5560218,0.5118407,0.56940126,0.560461,0.5790802,0.5459995,0.5503057,0.5729253,0.6015049,0.5656638,0.52436435,0.53722066,0.52895653,0.51033336,0.56209475,0.59041554,0.5244279,0.5503557,0.52785814,0.57384664,0.5897747,0.54685205,0.537945,0.5443379,0.54495054,0.5740259,0.52769876,0.5779075,0.50709426,0.51897186,0.51612824,0.5390619,0.49828812,0.425012,0.5076191,0.5075529,0.52464145,0.46501952,0.5392479,0.49263912,0.48860836,0.52464205,0.53322935,0.52857935,0.54013383,0.55290025,0.5511168,0.4985039,0.474681,0.4736354,0.45896477,0.5304321,0.5097967,0.5047831,0.44042373,0.506906,0.54789954,0.43110836,0.4745697,0.4316394,0.40981033,0.5109743,0.53012913,0.56093,0.5225347,0.51889193,0.54602766,0.5364503,0.52190834,0.53422624,0.57143193,0.40991327,0.5222098,0.5347949,0.48628038,0.42688376,0.4726969,0.5273891,0.5224647,0.39833853,0.492853,0.583541,0.55514944,0.5168847,0.5003024,0.42978173,0.4307108,0.411719,0.43449935,0.4432968,0.46184158,0.35530266,0.39195982,0.39244148,0.5044704,0.5094396,0.42707217,0.5447412,0.5464564,0.55499566,0.54675204,0.44882828,0.54583746,0.5280012,0.5524127,0.53824365,0.4751445,0.457694,0.45486385,0.51797765,0.5327746,0.5231847,0.57519466,0.57468265,0.55308855,0.5385079,0.530029,0.5397579,0.5736628,0.5642598,0.5532893,0.5572396,0.5400102,0.5402765,0.5137394,0.5017442,0.55334336,0.5379496,0.5617703,0.56474876,0.5464996,0.5394505,0.52839774
889,0.54632944,0.42537773,0.39882365,0.4703013,0.47075266,0.45930356,0.42883536,0.4274697,0.41756415,0.46200946,0.5013627,0.5187806,0.3751288,0.5377424,0.5172921,0.35038695,0.39439982,0.48783353,0.37562588,0.3571611,0.39396787,0.45328405,0.43592343,0.50967443,0.5182643,0.5194335,0.52666354,0.5128086,0.51451707,0.53463525,0.5017534,0.56997466,0.5209774,0.5534234,0.54840887,0.47600493,0.5546742,0.58209324,0.5339625,0.48664713,0.5394827,0.5768487,0.4869949,0.576146,0.5892204,0.5388509,0.50598735,0.39017186,0.43698773,0.5366217,0.40161237,0.43573987,0.41296127,0.45657223,0.50965226,0.4573982,0.5819769,0.5805647,0.5773982,0.54174185,0.57668453,0.5699006,0.54885954,0.57436424,0.5606546,0.6012997,0.5522294,0.53357667,0.5817096,0.556444,0.55345386,0.5877747,0.54416037,0.54958594,0.5370332,0.5752743,0.53655374,0.5794113,0.5471953,0.53873515,0.5146247,0.59412736,0.5744489,0.5952197,0.54105353,0.5414389,0.57433826,0.57044,0.5227726,0.5459817,0.56366843,0.57765687,0.5404689,0.5698946,0.5025038,0.54744023,0.529766,0.5470249,0.46386418,0.43281496,0.4766092,0.4597221,0.52271384,0.43727466,0.55044943,0.51947296,0.47525877,0.5270675,0.5583424,0.5172389,0.52859354,0.5505315,0.5552491,0.51841503,0.52530104,0.5468486,0.5123458,0.52362216,0.5256975,0.51379585,0.44164896,0.53813773,0.4870786,0.44639364,0.44353324,0.46027917,0.49135137,0.46389794,0.4768139,0.54686683,0.52100366,0.52782995,0.55970436,0.5421751,0.5524776,0.5770301,0.6085739,0.5128994,0.4722522,0.5510986,0.5182756,0.4244337,0.50061315,0.55641806,0.547806,0.4529434,0.5622636,0.645482,0.5527189,0.52346075,0.5294864,0.38237986,0.43388048,0.42799133,0.49733192,0.40822524,0.4609417,0.35563895,0.38839048,0.41551262,0.5369741,0.5545505,0.4641219,0.52916217,0.55297446,0.5532531,0.5867034,0.39885116,0.5497816,0.52849996,0.57975763,0.48705593,0.49118364,0.46159416,0.44574636,0.50699294,0.5312997,0.5363738,0.55424184,0.57833964,0.5372533,0.43859527,0.3978276,0.47391933,0.4857098,0.4646941,0.45490685,0.43632695,0.4379645,0.48625723,0.47228876,0.53641105,0.3829722,0.49473968,0.49277765,0.3632999,0.3556728,0.4692392,0.36912584,0.36360186,0.43831,0.42681783,0.43177083,0.50703156,0.54527,0.57176775,0.50577545,0.5136461,0.46282384,0.5145306,0.46327195,0.5599293,0.54066503,0.5600488,0.5322805,0.46837324,0.5310641,0.55468273,0.53267556,0.4844438,0.5153988,0.56612116,0.5050822,0.5579379,0.55262625,0.45399013,0.5114782,0.37724078,0.4404932,0.42395863,0.41701385,0.44932798,0.4188269,0.48866233,0.5139525,0.4502648,0.57180446,0.5512857,0.5497954,0.5186908,0.56892365,0.557516,0.5493347,0.55167437,0.5315146,0.57535833,0.5499054,0.51255006,0.56420445,0.5557479,0.57417655,0.5436647,0.54321504,0.56367064,0.5888513,0.5602722,0.52047265,0.5357559,0.5247986,0.5095735,0.5590407,0.5905826,0.5205125,0.54502034,0.5214074,0.56557363,0.5830707,0.5506916,0.53308946,0.5371797,0.5407156,0.57659954,0.5280389,0.5753059,0.5006248,0.51177853,0.5083736,0.5309014,0.49571523,0.42592385,0.501307,0.49781996,0.5301855,0.46613404,0.5341013,0.49406663,0.5008558,0.5209341,0.53417367,0.5295012,0.5366117,0.55559224,0.54736096,0.50067306,0.4785112,0.47827038,0.46119907,0.5280995,0.50570923,0.50295174,0.43093982,0.50848395,0.5477051,0.4416776,0.4833191,0.43022898,0.40796062,0.51193607,0.52236295,0.55286235,0.5230995,0.5199758,0.54302794,0.5339403,0.52277136,0.53248084,0.5676621,0.41430873,0.52215594,0.53161234,0.48295707,0.4223,0.46532953,0.52457494,0.5180628,0.3961284,0.49414688,0.57960385,0.54613966,0.5135619,0.49810416,0.4237424,0.42910218,0.4156189,0.4330196,0.44135094,0.4645955,0.35640743,0.39141414,0.39354295,0.50592107,0.5019921,0.4291526,0.5508598,0.5497705,0.55583584,0.5478448,0.4447789,0.54351765,0.5219305,0.5445306,0.5380092,0.48344588,0.46942103,0.46629345,0.51920193,0.5298893,0.53110623,0.5702355,0.5791507,0.5565841,0.5388614,0.529681,0.54002595,0.57292134,0.56128764,0.54836667,0.5529445,0.5394438,0.5368944,0.5128478,0.49948126,0.55111146,0.53774357,0.5612633,0.56328297,0.5412818,0.5332326,0.52331835
890,0.536531,0.44156983,0.41216832,0.47145054,0.4734438,0.46558443,0.4391142,0.4371643,0.42738348,0.46882066,0.50799704,0.5181099,0.38465255,0.54856676,0.5316272,0.3635108,0.41114122,0.49934545,0.38701597,0.37056702,0.4068873,0.46434805,0.45305115,0.5179009,0.52188224,0.5163068,0.53175676,0.5270071,0.5219254,0.55068547,0.51348895,0.5757462,0.53939074,0.5689875,0.5633066,0.47760716,0.5480961,0.57794285,0.52631557,0.49046603,0.53544,0.570929,0.4895527,0.57041293,0.5802045,0.54184324,0.5184051,0.40284225,0.44631177,0.5460736,0.41920868,0.4526302,0.4246757,0.4731411,0.50972974,0.47722623,0.57956,0.58414847,0.5732523,0.5367527,0.5819319,0.5794257,0.55574006,0.5814338,0.56946796,0.6066542,0.561754,0.54713947,0.58844286,0.562618,0.56379235,0.59808487,0.55279785,0.5563257,0.53796357,0.57741946,0.5473246,0.5847326,0.54728854,0.5436084,0.5227068,0.5969848,0.58174974,0.5897517,0.5455566,0.541796,0.5764128,0.5747491,0.5350704,0.5508045,0.5656253,0.5781919,0.5416138,0.57185286,0.5128944,0.55072534,0.539284,0.5539824,0.47271547,0.45123848,0.4886987,0.4712166,0.53315735,0.45399696,0.5549594,0.5299256,0.49516442,0.5236085,0.5577723,0.5244767,0.5294838,0.558232,0.5521249,0.52207845,0.54129654,0.5626052,0.53364086,0.52756506,0.52823365,0.52328455,0.44714236,0.5440733,0.4967976,0.46827075,0.462791,0.46746978,0.49925926,0.479544,0.48568627,0.5550297,0.5261576,0.5408035,0.5643731,0.5440562,0.55343103,0.5785245,0.60949796,0.52349186,0.48649433,0.55500615,0.5255914,0.43406177,0.50331235,0.5676524,0.56058705,0.46389157,0.5713019,0.6401203,0.56080854,0.5356946,0.5464663,0.39116475,0.4441537,0.43896767,0.5040612,0.42452598,0.47744155,0.36864528,0.40017974,0.42606354,0.55336577,0.5591822,0.47583205,0.5331481,0.5619488,0.55155814,0.58734304,0.4190596,0.54809815,0.5428816,0.58326894,0.49024513,0.5056275,0.4783235,0.46915302,0.5220357,0.5390394,0.54465944,0.5533622,0.5781263,0.5284394,0.45337033,0.41021985,0.47520757,0.48621076,0.46986476,0.4618711,0.44593176,0.44495147,0.48883545,0.48244205,0.5345336,0.3908297,0.50785965,0.50833553,0.37499246,0.37787858,0.48090953,0.37949178,0.37765354,0.45388323,0.43823978,0.4479243,0.516078,0.54418683,0.5608521,0.5095168,0.5198606,0.4763773,0.53340083,0.47668678,0.5700023,0.55567545,0.5714689,0.54928976,0.46776238,0.5253556,0.5518647,0.5240862,0.48714316,0.51394683,0.5618061,0.50403047,0.55331635,0.54505163,0.46210796,0.5234803,0.39158547,0.4505828,0.44296953,0.43279895,0.46410275,0.42960548,0.5028137,0.51259065,0.47014326,0.5707942,0.55385023,0.544683,0.5158858,0.574587,0.5622537,0.5510251,0.5565149,0.5448913,0.5831528,0.55656356,0.52780795,0.57022125,0.5633757,0.581228,0.55367464,0.54810154,0.56346995,0.5798898,0.5620786,0.5299737,0.54394525,0.52796793,0.5154157,0.56233776,0.591292,0.5311236,0.544437,0.52903426,0.5602153,0.5811973,0.56117177,0.5367456,0.542281,0.54280144,0.57763225,0.5319694,0.57651186,0.5095225,0.51836884,0.5175132,0.53796303,0.50260055,0.4435906,0.5091878,0.50379187,0.5388005,0.47967872,0.53794944,0.5044824,0.51839006,0.5201658,0.53698856,0.5339134,0.5375647,0.5604561,0.54470927,0.5061069,0.49482617,0.5016268,0.485054,0.5308994,0.51301324,0.512661,0.4389757,0.51476663,0.5524331,0.463922,0.5025491,0.43829566,0.4201758,0.5194637,0.5254968,0.55740976,0.52780986,0.5259869,0.54993665,0.53420776,0.5262508,0.53816307,0.57135314,0.43352875,0.5277746,0.53715956,0.49244595,0.43253678,0.47112644,0.5388379,0.5325619,0.41087314,0.5105744,0.5794874,0.55090815,0.52785194,0.5142607,0.431316,0.43819827,0.4282553,0.44293144,0.4521098,0.4799724,0.36984947,0.40415213,0.4053982,0.52529216,0.50845665,0.442429,0.55478245,0.5572495,0.5504743,0.550984,0.45987484,0.5448777,0.52955735,0.55008465,0.5382774,0.49850506,0.48577324,0.489346,0.52795273,0.5342659,0.5364198,0.56945854,0.58023447,0.5571977,0.5412232,0.5311886,0.5417829,0.57285804,0.5610464,0.547144,0.55164975,0.5387716,0.5362236,0.5208612,0.5076917,0.54801136,0.53678703,0.56231105,0.5635471,0.54178435,0.5327139,0.52268434
891,0.5346739,0.4735257,0.4438929,0.48646787,0.488461,0.4823946,0.4590922,0.46472234,0.45720136,0.48660743,0.5195544,0.5283733,0.4140363,0.5674352,0.55571437,0.39662427,0.44586632,0.51903677,0.4141841,0.39862394,0.43309325,0.4842662,0.4826228,0.5259412,0.532849,0.5274208,0.54630727,0.5453635,0.54015577,0.5726773,0.5293687,0.5902868,0.55961204,0.5926172,0.5869274,0.50169134,0.5523255,0.578782,0.53829587,0.5105162,0.54376924,0.58061665,0.5050857,0.57423913,0.57912546,0.56024945,0.55021805,0.42794022,0.46947366,0.57043165,0.45945922,0.49182507,0.45509028,0.5110442,0.5258043,0.51487535,0.5860279,0.5933619,0.5728799,0.5393891,0.5874275,0.5928809,0.5705215,0.5872998,0.57538277,0.6056601,0.5769788,0.564656,0.60162735,0.5780974,0.5802042,0.6057622,0.56738484,0.5692946,0.54745626,0.5867008,0.56432676,0.595322,0.5561175,0.5521486,0.54034233,0.5992492,0.59105116,0.5858309,0.55590856,0.549069,0.5860156,0.5791131,0.5561629,0.5630969,0.56753373,0.57551825,0.5433243,0.577387,0.536311,0.56495494,0.5568873,0.5650545,0.4903178,0.4804383,0.51494795,0.4943315,0.5442263,0.47834325,0.5652736,0.5454093,0.5173529,0.5246004,0.55831337,0.5371727,0.5343178,0.56608284,0.5518194,0.5293061,0.56671447,0.59183717,0.5722077,0.53443193,0.5319858,0.5402184,0.46652654,0.5531633,0.51383364,0.4939054,0.4903682,0.48071238,0.5137919,0.5059675,0.50839734,0.5722937,0.5370477,0.5613814,0.5708902,0.54594505,0.5528436,0.5773916,0.6140087,0.5438683,0.5094174,0.5674485,0.5424561,0.45872587,0.51658434,0.58736104,0.58221805,0.48867318,0.5899737,0.6337139,0.57613266,0.55934376,0.56884223,0.41721067,0.4648602,0.45923084,0.5163821,0.45594037,0.50845265,0.39565304,0.4242791,0.44704765,0.58152133,0.5693234,0.49559245,0.5373891,0.57209307,0.54830015,0.5868965,0.45574933,0.54673636,0.5647957,0.5899107,0.4996633,0.51943606,0.49867737,0.4974958,0.54286903,0.5539748,0.5498388,0.55665326,0.5804723,0.52864283,0.48039547,0.43857738,0.48835862,0.49592224,0.48401818,0.47476143,0.4743099,0.46885067,0.4999857,0.5019547,0.5412777,0.41491142,0.5332208,0.5374822,0.40525016,0.4180446,0.5024612,0.404748,0.40492117,0.47747302,0.459572,0.4777266,0.5231171,0.5470304,0.56162953,0.5250432,0.53182685,0.5103922,0.564025,0.50106275,0.587592,0.57481724,0.5899165,0.5742614,0.49108496,0.53258973,0.55584025,0.5363015,0.50571334,0.5271416,0.5727305,0.5137032,0.55761105,0.5523324,0.49225628,0.5564238,0.42308176,0.47926587,0.48261937,0.47020555,0.50015265,0.4596706,0.5359237,0.52901894,0.5073337,0.5780622,0.5615431,0.5417718,0.52121073,0.5790409,0.5721013,0.5603735,0.56345433,0.5592092,0.58952206,0.5709557,0.5508803,0.58429587,0.57785815,0.59628886,0.57028747,0.56133664,0.57002676,0.5763723,0.56763965,0.5470279,0.56108904,0.5380031,0.5273291,0.5699582,0.5921748,0.55120647,0.5491024,0.5466517,0.55968237,0.5823481,0.57433146,0.5477733,0.5568604,0.5501051,0.5758208,0.5382312,0.58021706,0.5326383,0.5397411,0.5389962,0.5541855,0.51707304,0.47415817,0.5283122,0.52262026,0.5474425,0.5008848,0.55009776,0.52241164,0.53568614,0.5239703,0.54161996,0.5408995,0.5426943,0.5666433,0.54499644,0.5141652,0.52131855,0.5416347,0.52965224,0.537277,0.5295511,0.5307073,0.46286604,0.5243504,0.56015897,0.49079698,0.5268963,0.45449805,0.44561094,0.5310995,0.5392926,0.5718999,0.53472245,0.5340553,0.5631987,0.53648084,0.5314645,0.55142754,0.58317363,0.46717697,0.5380136,0.5515745,0.5141585,0.45740288,0.49187648,0.5659371,0.56106925,0.44316038,0.5408943,0.58469355,0.5649522,0.55343336,0.54141665,0.45238122,0.45683753,0.44799414,0.46266547,0.47561762,0.50860155,0.39660913,0.42910886,0.426961,0.5570663,0.52657217,0.46540165,0.5551146,0.56597745,0.5402518,0.5554091,0.4903546,0.54922986,0.5475161,0.5634616,0.53904665,0.514452,0.50028664,0.5165787,0.54012287,0.5432996,0.5378688,0.57234746,0.5786049,0.55519265,0.54507,0.533573,0.54415035,0.57313484,0.5633403,0.54969513,0.55361813,0.53805107,0.53818095,0.5353903,0.5239678,0.54477787,0.53509194,0.56444067,0.5653093,0.5479937,0.53804266,0.5264799
892,0.5397844,0.5150137,0.48756418,0.51178527,0.5125283,0.5058983,0.48475397,0.50318277,0.49960548,0.5127032,0.53380984,0.54653585,0.45878026,0.5911291,0.58536094,0.4443903,0.49442264,0.54212105,0.45307964,0.43752605,0.46854633,0.50932074,0.5179331,0.5303326,0.5484389,0.5495087,0.5672213,0.5631108,0.5656027,0.5930881,0.5448069,0.6083991,0.57660204,0.61728173,0.6136227,0.54154235,0.566164,0.5843981,0.565603,0.54156584,0.5610883,0.60468817,0.5309645,0.58664,0.5883721,0.5914818,0.59590966,0.46299037,0.5053215,0.6067621,0.51390225,0.545965,0.49656108,0.56280005,0.5531017,0.5631099,0.59871286,0.60433054,0.5772267,0.5502266,0.59163064,0.60576767,0.5869768,0.5907329,0.5771726,0.59784675,0.5913004,0.579482,0.61659044,0.5961982,0.5966126,0.60699385,0.5830966,0.5832269,0.5618865,0.5989885,0.57994074,0.6086501,0.5699354,0.56189954,0.5626312,0.59888524,0.5976128,0.5851124,0.5686366,0.5623797,0.598886,0.5807318,0.57851255,0.57741934,0.5685509,0.56882465,0.5447637,0.58424914,0.5684188,0.5873018,0.5766464,0.5749891,0.5131383,0.5142901,0.5496654,0.5227365,0.55309033,0.5035067,0.57913077,0.5632655,0.53574365,0.53103614,0.56093514,0.552624,0.5432945,0.5734279,0.5559297,0.53989214,0.5975326,0.6303895,0.6213423,0.5423044,0.53473026,0.55934846,0.49448013,0.56213266,0.5339685,0.5161139,0.51949394,0.49680805,0.5317026,0.53719825,0.5399573,0.5927086,0.5499231,0.58253723,0.57564527,0.5469239,0.5502309,0.57405555,0.6207281,0.5704051,0.53663194,0.5871251,0.56547844,0.49481624,0.53873795,0.60992897,0.60614866,0.5240279,0.615944,0.62860894,0.5922904,0.5865035,0.5884776,0.45601395,0.49178517,0.48507974,0.5301802,0.49711683,0.5498393,0.43398207,0.4571906,0.475439,0.61354524,0.5818879,0.5192004,0.54027903,0.5802255,0.54474026,0.58536214,0.5009739,0.54688025,0.5875834,0.59453356,0.51308155,0.5280769,0.51680064,0.5233664,0.56358266,0.57084244,0.55085003,0.5636572,0.5858221,0.53667676,0.51575726,0.47687098,0.5103418,0.5131435,0.50463796,0.49074498,0.51389873,0.50292695,0.51878744,0.52715,0.5546407,0.4519687,0.5660671,0.57466936,0.4494937,0.4712335,0.52970773,0.4419129,0.44187713,0.5056467,0.48742977,0.51579,0.5257442,0.55452055,0.57199895,0.54939574,0.5471921,0.55703354,0.59528434,0.5300349,0.6056797,0.59140766,0.60936016,0.60014355,0.53126234,0.5510384,0.56654876,0.56498355,0.5352343,0.5514278,0.597291,0.53298014,0.57052594,0.5757549,0.5416682,0.60477465,0.46802816,0.5242838,0.53739965,0.52093107,0.5502198,0.5011378,0.5805583,0.55834234,0.5544355,0.5916821,0.57125074,0.5434278,0.53498185,0.5818587,0.5826581,0.5721582,0.5713785,0.57001024,0.5919612,0.5860771,0.573168,0.60038567,0.5914824,0.6127285,0.58582747,0.5772059,0.57894367,0.5775175,0.5718747,0.5638009,0.5837793,0.5523622,0.543129,0.5782468,0.5925884,0.5733968,0.558461,0.5681253,0.5648503,0.58363336,0.58458054,0.56376976,0.5755834,0.5604291,0.5701616,0.5448839,0.58404434,0.5647134,0.57251316,0.56522757,0.5712904,0.53574026,0.51078624,0.55351484,0.548453,0.55452865,0.52388704,0.56851554,0.5450305,0.5481769,0.5331603,0.5480188,0.54880553,0.5510296,0.57324326,0.5499529,0.52456623,0.5536935,0.59169483,0.58743286,0.544604,0.5505997,0.5515557,0.4967917,0.53469527,0.56817687,0.51512504,0.5496418,0.47566476,0.47991663,0.543332,0.5604105,0.5907688,0.5410737,0.5405227,0.57728267,0.5394449,0.5368209,0.5696086,0.6008987,0.5102951,0.5504928,0.5721619,0.54376113,0.49319687,0.52504617,0.5979965,0.5949564,0.48901966,0.58061564,0.59517705,0.58147097,0.5805523,0.56935245,0.4835397,0.48145378,0.4716012,0.48815355,0.50837964,0.5475492,0.43444824,0.4621513,0.4549577,0.5927617,0.5510472,0.49399593,0.55105525,0.57202184,0.5280786,0.5607541,0.5288565,0.55500716,0.57008433,0.577018,0.5399627,0.52645093,0.5088007,0.54021686,0.5505475,0.55321807,0.5362017,0.57766354,0.57587075,0.55141646,0.54951304,0.5351313,0.5454817,0.57300395,0.5669758,0.5548537,0.5578175,0.53719795,0.5418685,0.55199677,0.54361075,0.5421177,0.5329877,0.566639,0.5677128,0.5579997,0.5476396,0.533433
893,0.54956603,0.5575419,0.53387904,0.541703,0.54059476,0.53115535,0.5113782,0.5428949,0.54415727,0.5422156,0.54802865,0.56631976,0.51079077,0.6146917,0.61455935,0.49791676,0.5477823,0.5628393,0.49730256,0.48092034,0.50679326,0.534597,0.5512132,0.53036875,0.5643156,0.57485986,0.5895828,0.5758238,0.5926172,0.60475016,0.5551447,0.6238874,0.5860925,0.6354869,0.636463,0.58595884,0.58622926,0.59330803,0.59971994,0.5759624,0.58229166,0.6371669,0.5622459,0.6040039,0.60701287,0.6283698,0.64488393,0.5029151,0.54829276,0.64718515,0.56972164,0.6028507,0.53893006,0.6164275,0.5844163,0.61129916,0.6124527,0.61174726,0.5857193,0.56760234,0.5923801,0.61330104,0.5982283,0.5902539,0.5734127,0.5833917,0.598341,0.58577865,0.6273484,0.6087814,0.60658395,0.5989288,0.5945812,0.5917801,0.5751225,0.60813975,0.58705634,0.620843,0.582164,0.56919116,0.58253366,0.5935858,0.5969573,0.5883417,0.5796339,0.5792622,0.60872304,0.5767172,0.5946872,0.58800685,0.56794584,0.55796534,0.54506814,0.58903366,0.60140634,0.6122869,0.5919318,0.5789999,0.5376028,0.54633874,0.5856714,0.54950464,0.5585643,0.52398527,0.5942001,0.58027416,0.5464414,0.5428807,0.56615436,0.5671751,0.55498314,0.5794091,0.56565386,0.55338395,0.6279139,0.67039204,0.66975826,0.54900914,0.53478545,0.5749293,0.52398604,0.56772894,0.55181986,0.5304038,0.54300076,0.51208055,0.5490286,0.56546694,0.57166696,0.60890496,0.56053424,0.59669966,0.5754784,0.5462951,0.545394,0.56908005,0.62644964,0.5970417,0.5622795,0.61025065,0.58919215,0.535815,0.56558573,0.62853104,0.6250791,0.56324595,0.64460737,0.62636364,0.6027529,0.60784954,0.59822714,0.5005063,0.51986635,0.51210743,0.5409808,0.5396381,0.59360987,0.47822234,0.49381143,0.50695735,0.6402308,0.59311754,0.541881,0.54047734,0.58304876,0.54193556,0.58337545,0.54464823,0.54891384,0.6043124,0.59166455,0.52741927,0.53011996,0.52926964,0.5408465,0.57782483,0.58343804,0.5482462,0.57248867,0.59325737,0.5498138,0.55348676,0.5169176,0.53643936,0.53478354,0.5281027,0.5073625,0.55426294,0.538433,0.5427316,0.5527497,0.5699346,0.4960685,0.5992699,0.6117775,0.49996233,0.5274799,0.5566754,0.48567772,0.48254308,0.5336791,0.5168849,0.55482686,0.52438176,0.5666492,0.5860716,0.57698864,0.5627758,0.6043827,0.6162936,0.5559273,0.6175124,0.5991528,0.6233621,0.6199784,0.576663,0.57621944,0.5823094,0.6011548,0.5682046,0.58074343,0.6297381,0.5585353,0.5898318,0.61104643,0.6003569,0.65725946,0.5185154,0.57764935,0.5955839,0.57283884,0.6028869,0.54347837,0.6260635,0.5925119,0.60100955,0.6075683,0.57908237,0.55070114,0.5558967,0.58273876,0.589599,0.5805365,0.5782839,0.57332474,0.58811253,0.5954423,0.5868131,0.61164486,0.5971308,0.6232405,0.59358114,0.58946633,0.5848138,0.5800028,0.57000285,0.5727742,0.6067048,0.5665537,0.5594394,0.58301795,0.5914641,0.5900877,0.5713052,0.5863891,0.57515836,0.58206075,0.586615,0.5813824,0.59213614,0.5707708,0.56014067,0.549776,0.5846943,0.597713,0.6096741,0.58761626,0.58167535,0.5550237,0.54550904,0.57881856,0.57432103,0.56011474,0.5437256,0.5900724,0.5681347,0.55332196,0.5474831,0.55559367,0.5555552,0.5605592,0.5788551,0.56065774,0.5373823,0.5866179,0.64140815,0.6453706,0.5499344,0.5701925,0.5692098,0.5325315,0.5430416,0.57329226,0.53217673,0.56447184,0.4977796,0.51640993,0.55211,0.5823586,0.60707223,0.5443267,0.54233253,0.5864906,0.5414557,0.54051596,0.5882756,0.61980546,0.55446845,0.5617921,0.59405804,0.57472855,0.53319496,0.56421727,0.6258613,0.6242923,0.5400702,0.62231416,0.60942984,0.5936576,0.59957933,0.58853346,0.5192343,0.5076613,0.49572894,0.5139541,0.5441846,0.59048355,0.47805423,0.4977319,0.4850877,0.6229753,0.5752979,0.52299094,0.54281867,0.5718377,0.5169405,0.56672746,0.5662628,0.5601458,0.590422,0.5833767,0.5403142,0.53246635,0.51104116,0.55464125,0.554569,0.5599107,0.5331426,0.58362705,0.57329655,0.5468478,0.5534458,0.53434646,0.5442333,0.57131946,0.56995237,0.5605485,0.56234,0.5361601,0.5459139,0.5656523,0.56113356,0.5403571,0.5307602,0.56780213,0.569596,0.5685976,0.55862236,0.5415044
894,0.5615964,0.59242594,0.57373905,0.57004255,0.5671041,0.55328906,0.53467584,0.57501674,0.5807984,0.5694478,0.56023157,0.58045185,0.5600296,0.6328951,0.63695014,0.546808,0.5941818,0.5764581,0.5391615,0.52081716,0.5408438,0.5553311,0.5760923,0.5280306,0.5755247,0.5940994,0.6081373,0.58016026,0.61470586,0.60301906,0.5574793,0.6316087,0.58625543,0.641424,0.6493465,0.62309766,0.6085373,0.6034872,0.63091844,0.6060271,0.6020762,0.66885906,0.5928913,0.6217196,0.63109803,0.6616991,0.6850074,0.54120874,0.59010285,0.68149865,0.6140735,0.6491784,0.57296413,0.65911824,0.6124928,0.64879674,0.6216125,0.61096364,0.5967065,0.58824044,0.5881519,0.6122209,0.5988679,0.5854248,0.56395024,0.5641188,0.593512,0.58030516,0.62882805,0.6088565,0.6050803,0.5808698,0.5976162,0.5892198,0.5806228,0.608007,0.5808176,0.6278585,0.58544,0.5705264,0.593239,0.581477,0.58622813,0.5953631,0.58494776,0.59640676,0.60961807,0.5654264,0.5993588,0.59006417,0.5654094,0.5439594,0.5435938,0.5883108,0.62636846,0.63378584,0.59716845,0.57475746,0.5604152,0.5709922,0.61544514,0.5691427,0.5608624,0.53695565,0.60754025,0.59303325,0.5483126,0.5591805,0.5736452,0.57723814,0.5667488,0.58347565,0.58072364,0.5684897,0.6511976,0.70228326,0.7058078,0.5528842,0.5320112,0.5827934,0.5487146,0.5679324,0.5621704,0.535643,0.55510503,0.5239974,0.56277645,0.58327764,0.59361154,0.6142375,0.56541145,0.59813666,0.5686026,0.5438041,0.53887105,0.56306404,0.6271356,0.6171671,0.5802994,0.63109416,0.60777104,0.5741772,0.59184396,0.63700444,0.6325112,0.59774506,0.669149,0.627385,0.60263586,0.6158176,0.59377134,0.54264027,0.54468423,0.53627765,0.5458977,0.5742483,0.62962556,0.5209378,0.5285752,0.53723574,0.6539075,0.5998409,0.5597245,0.53777814,0.5784844,0.54017955,0.58179677,0.57753533,0.5524352,0.60991484,0.5770095,0.53937554,0.5272227,0.5354146,0.5465346,0.5808426,0.58655006,0.5433247,0.5808383,0.60114217,0.5650203,0.5868533,0.5511899,0.5616286,0.55706173,0.55049133,0.52323353,0.5859595,0.56753457,0.56844485,0.573847,0.5815234,0.5395744,0.6256817,0.64035606,0.54737777,0.5745711,0.5775389,0.5291684,0.5201167,0.5568662,0.543312,0.58795923,0.52173394,0.58233935,0.59675485,0.6013561,0.5752336,0.6403422,0.619586,0.5724674,0.61831546,0.59449464,0.6268288,0.6284229,0.6152375,0.6026667,0.6001249,0.6342167,0.5970366,0.6084553,0.6613682,0.58550125,0.6118929,0.64951336,0.6544054,0.7004047,0.56465304,0.6277332,0.643392,0.6139073,0.6458667,0.577249,0.6615588,0.6231121,0.63674104,0.6210055,0.5818516,0.5631572,0.58150595,0.58192664,0.5899003,0.58058566,0.5821224,0.567554,0.5769808,0.5946837,0.5865682,0.61286575,0.5901876,0.62204385,0.58940476,0.59286493,0.5826127,0.5796392,0.559012,0.5681812,0.6239111,0.5756604,0.57271814,0.58082974,0.58751863,0.5949217,0.58598685,0.59439963,0.5889036,0.5755132,0.57736963,0.5969493,0.60072076,0.57778734,0.54608583,0.5510421,0.57901144,0.6231048,0.64264464,0.5986674,0.5801004,0.5718459,0.57132655,0.59848994,0.5939812,0.5650335,0.5572958,0.6102591,0.58677304,0.5507034,0.5654488,0.5631253,0.5593159,0.5687011,0.5821937,0.57657,0.5521748,0.6141295,0.6792315,0.6896711,0.5509154,0.58310807,0.5792382,0.56219363,0.5473481,0.5727016,0.54041564,0.5670291,0.5172156,0.5484396,0.55395865,0.59733504,0.61435175,0.54309213,0.5382658,0.5863025,0.5408669,0.5413475,0.60293794,0.63395715,0.5906042,0.5684172,0.6117778,0.60046476,0.5696053,0.6010068,0.64136857,0.6401686,0.58562887,0.65668446,0.6245686,0.5962525,0.60392666,0.5924106,0.5532593,0.5316228,0.5176893,0.5350687,0.5756846,0.62867707,0.51986367,0.5304951,0.5131506,0.63968295,0.59345627,0.54757696,0.5320576,0.56392264,0.5088245,0.5726857,0.594225,0.5627109,0.60225034,0.5768379,0.53938246,0.5333839,0.50989705,0.5572584,0.54988027,0.5596826,0.5301169,0.5886191,0.5718531,0.5425828,0.555896,0.53083277,0.53997976,0.567023,0.5702476,0.5644564,0.56515735,0.53508925,0.54889476,0.57247275,0.572106,0.5393605,0.528393,0.56722856,0.56990093,0.5764326,0.56767553,0.5485657
895,0.573517,0.6130193,0.60073006,0.5912191,0.58692384,0.5683199,0.55127084,0.5939082,0.60276246,0.589843,0.56976813,0.58351505,0.59709907,0.642447,0.6481434,0.5821423,0.62345314,0.58041453,0.57109624,0.54967016,0.56507844,0.56830555,0.58892685,0.52703166,0.578236,0.59975797,0.61896294,0.5747583,0.6266093,0.5868203,0.5521309,0.628938,0.57865745,0.63236684,0.6489324,0.6443634,0.6292881,0.6129476,0.6511563,0.62596655,0.6163044,0.69060254,0.6174233,0.63550675,0.6547535,0.68349105,0.7068929,0.5719022,0.6228278,0.7011381,0.6381963,0.6751048,0.5928487,0.68153745,0.63151914,0.66823417,0.6220823,0.59960127,0.60861135,0.6087015,0.57942337,0.602048,0.5863145,0.57824767,0.55152625,0.54399467,0.57448876,0.5630227,0.6183591,0.591814,0.5894889,0.5547052,0.59058917,0.57218325,0.57346255,0.5942739,0.5587863,0.6266365,0.5741052,0.5641765,0.5902659,0.56184703,0.565027,0.6049292,0.5818295,0.61068547,0.59785056,0.54733473,0.59007597,0.5803716,0.5612586,0.52889735,0.5400489,0.580189,0.63654953,0.64677507,0.5893618,0.5626991,0.57874966,0.5845767,0.63268757,0.5789216,0.56144553,0.54238725,0.6157078,0.5991443,0.5426477,0.57815963,0.5826724,0.5804297,0.57644504,0.5866162,0.59894425,0.5834268,0.66175973,0.71799445,0.72152925,0.55324215,0.5281081,0.58151966,0.5644755,0.5623465,0.56176203,0.5333798,0.55312955,0.53203315,0.57155377,0.58585787,0.5983172,0.6043689,0.5625838,0.5840414,0.55450386,0.53967845,0.5319898,0.556558,0.61908615,0.62571174,0.58636785,0.64381266,0.61657715,0.6036244,0.61239314,0.6314539,0.6240878,0.619927,0.68240553,0.6308928,0.58951104,0.60610706,0.57417405,0.57509583,0.56301266,0.55448914,0.54463714,0.5937212,0.6491253,0.554399,0.5565118,0.56250006,0.65037197,0.60052156,0.5703006,0.5334335,0.56674445,0.5392181,0.5814875,0.5940357,0.55703306,0.6022939,0.54862064,0.5461904,0.5232807,0.53681,0.53991205,0.57087225,0.5773848,0.5379269,0.58728814,0.6088445,0.57937425,0.60992205,0.5745307,0.58134097,0.57603616,0.5682109,0.53753644,0.60307753,0.5850516,0.5924688,0.5874544,0.58507806,0.5747852,0.64096767,0.65498996,0.58326006,0.60291886,0.58835995,0.5650648,0.54878753,0.57185966,0.5638195,0.610209,0.5217416,0.5993556,0.598594,0.6174253,0.58220565,0.6569427,0.602566,0.57723296,0.606637,0.5780407,0.6177119,0.62347144,0.63802165,0.6252135,0.6164179,0.6552489,0.6158375,0.62897843,0.68309754,0.60857046,0.63229847,0.68123174,0.69234765,0.7236188,0.5981229,0.66389614,0.6709365,0.6357792,0.6698334,0.596597,0.6786056,0.6434589,0.65437084,0.6284403,0.5782562,0.5794954,0.6086858,0.581135,0.5832225,0.57010996,0.58289254,0.55487305,0.56010365,0.582315,0.57110673,0.6020516,0.5693767,0.6066943,0.5722377,0.5848386,0.569641,0.5735185,0.5385401,0.5473655,0.6307676,0.57649535,0.58075875,0.5701827,0.5800937,0.58448213,0.6005643,0.58733225,0.6041612,0.56344044,0.557258,0.6078631,0.5975404,0.5791791,0.52944547,0.5476399,0.5658134,0.63476187,0.6640856,0.59416145,0.5644884,0.5839565,0.58381546,0.60811293,0.6033823,0.5704411,0.56359273,0.6237816,0.5971427,0.5419358,0.58477825,0.56994706,0.559104,0.57408553,0.58369285,0.5953865,0.56771326,0.63076895,0.6963228,0.7110053,0.5466197,0.58666116,0.57999754,0.5804519,0.5468221,0.5655517,0.541016,0.55605763,0.5317327,0.5714093,0.54765093,0.5994962,0.6085294,0.53757167,0.52948415,0.57452875,0.53666055,0.53925717,0.6104205,0.6381588,0.61203283,0.5682909,0.6210216,0.6159343,0.5963491,0.627696,0.6395976,0.63692164,0.61655176,0.67517525,0.6368755,0.58677024,0.59132403,0.5784361,0.58017385,0.55051774,0.5355659,0.5483645,0.59656835,0.65365213,0.55215555,0.5562245,0.53582686,0.63867486,0.601813,0.56446296,0.52157855,0.5494621,0.5046068,0.5779448,0.60746634,0.56199217,0.6018943,0.5549077,0.53683764,0.53228706,0.5097541,0.54839844,0.5377105,0.5504895,0.5279961,0.5923642,0.57346547,0.53996426,0.5565689,0.5253767,0.53356045,0.5599622,0.56694025,0.5648326,0.56474894,0.5343128,0.5497128,0.5708478,0.5744364,0.53867364,0.5257248,0.56500494,0.56817627,0.57909626,0.5720871,0.55301374
896,0.58342695,0.61657876,0.61230457,0.60162604,0.59684706,0.57448757,0.5596496,0.59764516,0.60776305,0.6017956,0.57729244,0.57366097,0.61654365,0.6432148,0.6470836,0.59958786,0.63076365,0.57464904,0.58853996,0.56369513,0.57697767,0.57306284,0.58920616,0.53139603,0.5712983,0.5881727,0.62035114,0.56094414,0.6261388,0.5582211,0.5426056,0.61582303,0.56738687,0.6089781,0.63500494,0.645973,0.6452905,0.6203174,0.65560234,0.6328663,0.62288123,0.6962076,0.63267064,0.6423389,0.67229915,0.68919045,0.7056213,0.59212375,0.64182913,0.70172906,0.63867486,0.676098,0.59691274,0.6794472,0.6378178,0.66673404,0.61237425,0.57832336,0.6209568,0.6269388,0.568588,0.58491665,0.5613428,0.57270306,0.5412645,0.52815026,0.5411759,0.53666776,0.59571177,0.5555526,0.55980486,0.5243269,0.57476795,0.5412516,0.55159664,0.56532073,0.52087116,0.61624485,0.5459702,0.5515163,0.5726164,0.53626007,0.5358468,0.61507803,0.5699262,0.6200322,0.57211393,0.52458495,0.5672813,0.557246,0.5562605,0.51554066,0.5344734,0.5650379,0.629663,0.6483657,0.5691686,0.54492474,0.59113485,0.5865496,0.6339608,0.57931566,0.5628511,0.5424312,0.61595505,0.5987003,0.5325458,0.59781575,0.59314567,0.57642394,0.5839594,0.59138143,0.6171955,0.597299,0.65698504,0.71303093,0.71344185,0.55051243,0.52584916,0.5723524,0.57001543,0.55203503,0.55057526,0.526798,0.5384258,0.537448,0.5755577,0.5726613,0.58299536,0.5778333,0.5516683,0.55431384,0.5337557,0.5344664,0.5262748,0.55040437,0.60041076,0.6207769,0.5796326,0.6448649,0.61329705,0.6210451,0.6236473,0.6114251,0.59884304,0.62619525,0.6795197,0.63548374,0.56362385,0.57751864,0.5417229,0.59352666,0.573245,0.56549925,0.5392436,0.59507173,0.64778584,0.5738016,0.5749294,0.5804051,0.628785,0.59565413,0.57303196,0.5294903,0.55041635,0.53880966,0.58343244,0.59349877,0.56324714,0.5824237,0.5079869,0.5464587,0.52294385,0.5366258,0.52338094,0.5492626,0.5558657,0.5346299,0.592064,0.6175449,0.5907233,0.61939824,0.58482647,0.5925877,0.5888998,0.57918376,0.54994684,0.60355836,0.5889459,0.6124509,0.5933457,0.5791887,0.59685457,0.6448486,0.6549943,0.60277987,0.6089099,0.58798635,0.5883449,0.56563425,0.57758075,0.5779526,0.6192801,0.5284563,0.61524487,0.5892958,0.62303823,0.5834675,0.65178204,0.56718916,0.57230973,0.58456004,0.5538084,0.59778893,0.6070263,0.6401954,0.6399732,0.62841475,0.6588453,0.621131,0.6388385,0.68831885,0.6237642,0.647202,0.69893396,0.70901287,0.7211061,0.61514634,0.6802775,0.67472357,0.63489985,0.67014015,0.5997211,0.6721333,0.6495049,0.6509075,0.6284965,0.56941104,0.5985172,0.6345989,0.5831582,0.5722715,0.55069023,0.5833978,0.54064214,0.5417595,0.55962336,0.5433293,0.5802307,0.53676635,0.5783339,0.5439887,0.56643057,0.54709494,0.56121874,0.5110622,0.5119123,0.6258342,0.56902975,0.58409387,0.5524628,0.570518,0.55969083,0.6134494,0.56483734,0.619549,0.54723954,0.5297616,0.613504,0.58140475,0.5748727,0.5129602,0.53970945,0.5468426,0.63097316,0.6699283,0.57457083,0.53618133,0.59050345,0.5821911,0.6055249,0.60157216,0.57787,0.5636849,0.6262788,0.5987477,0.5303179,0.6036257,0.57737565,0.5551029,0.577961,0.5859809,0.61420417,0.58308643,0.633649,0.6883718,0.7055732,0.53769314,0.5813121,0.57268167,0.5856782,0.5420674,0.5537611,0.53698444,0.5337251,0.54104406,0.5838384,0.5350786,0.58732253,0.5888282,0.5292,0.5187443,0.5521949,0.52903956,0.5352951,0.6098648,0.6298593,0.6163459,0.5619057,0.6200017,0.6187376,0.6111856,0.63962275,0.62026024,0.6135792,0.628581,0.6725403,0.64324135,0.56611454,0.56352496,0.5482484,0.5969339,0.5629577,0.5486252,0.5532641,0.60349214,0.6601978,0.570219,0.572756,0.55170417,0.6205036,0.5995975,0.5727259,0.51404595,0.53149,0.50440186,0.5826347,0.6049943,0.5595055,0.5894855,0.51964086,0.53282857,0.5333088,0.51499456,0.53084576,0.52207047,0.5329216,0.527739,0.5963562,0.5812734,0.54033285,0.55609536,0.5190412,0.5262309,0.55130917,0.56077033,0.5611112,0.5604654,0.5342097,0.54790914,0.56155664,0.5686418,0.5376945,0.5227867,0.56200284,0.5648146,0.57580817,0.57062113,0.55424345
897,0.59118104,0.6051243,0.61019135,0.6013047,0.59731376,0.57367337,0.5613224,0.5877594,0.5981172,0.60733426,0.5843696,0.5533205,0.61901605,0.63802165,0.6361242,0.60096884,0.61795884,0.5616057,0.59259176,0.5651875,0.578204,0.57225966,0.5795299,0.5438507,0.5569367,0.56050074,0.61298096,0.54269624,0.61479264,0.5218067,0.5345649,0.5943103,0.55743897,0.575558,0.61019206,0.6287814,0.6545308,0.62543213,0.6430227,0.6270102,0.6219977,0.68346685,0.63851136,0.64117765,0.6801344,0.67804205,0.6804065,0.6034922,0.6468568,0.6834642,0.61728764,0.6527006,0.5874377,0.6535984,0.63026446,0.64569646,0.594255,0.5512036,0.6345126,0.6428048,0.558864,0.56492704,0.5285522,0.5729052,0.5384617,0.5213502,0.49655056,0.5062879,0.5631297,0.501917,0.51915395,0.49497145,0.55384666,0.502221,0.5173132,0.5233067,0.47058487,0.5986655,0.50406885,0.5373954,0.54381186,0.50957173,0.5040027,0.6239178,0.5519219,0.62389404,0.5339161,0.50026494,0.5345779,0.5210926,0.5512418,0.5069275,0.5273376,0.5454642,0.6087486,0.6382765,0.5412981,0.52452534,0.5981339,0.58000344,0.6198395,0.57369703,0.56786996,0.5403553,0.6074444,0.59468114,0.5220631,0.61656296,0.6058598,0.5672192,0.59138286,0.60034275,0.63261104,0.61061525,0.6383381,0.6869798,0.68178105,0.5460733,0.5278528,0.558579,0.56779224,0.53936905,0.53213525,0.5195813,0.5160205,0.5426902,0.576674,0.54780793,0.5505312,0.53696537,0.53396034,0.5119723,0.5085238,0.5288536,0.52280354,0.5461755,0.5727412,0.6045493,0.5634172,0.63447994,0.59902686,0.62737346,0.6249822,0.5807854,0.5606239,0.6185246,0.65952337,0.6397347,0.5283781,0.53274125,0.5019817,0.5982333,0.57617533,0.57102644,0.53334355,0.5804629,0.6269571,0.5800328,0.58491963,0.5910866,0.5915384,0.58777297,0.56969565,0.52773505,0.5336815,0.53912514,0.58879393,0.58017355,0.5728299,0.5543825,0.46102145,0.54068667,0.52971995,0.53864837,0.5017103,0.5203451,0.524657,0.53623253,0.59702265,0.62935644,0.5990317,0.615621,0.58342385,0.59542686,0.5955431,0.58411616,0.5613286,0.5887722,0.58060396,0.62791044,0.59374404,0.56601787,0.6061322,0.64056426,0.64385563,0.6066486,0.59542954,0.57819414,0.59896433,0.5718425,0.5754873,0.5874986,0.6157908,0.54469174,0.6283013,0.5704106,0.6192288,0.58101183,0.6272725,0.51952916,0.5635126,0.5569926,0.5275217,0.57254815,0.58431584,0.62090546,0.6451536,0.6351594,0.64349765,0.61232144,0.6372304,0.6744125,0.62965065,0.6544551,0.69973344,0.70442474,0.6909263,0.61734,0.67641157,0.6566158,0.6126038,0.646963,0.58854157,0.64094853,0.64008564,0.62772715,0.62221295,0.55871695,0.6195518,0.6573262,0.59036815,0.56171125,0.52730626,0.58774817,0.53123057,0.52795285,0.53024817,0.50960535,0.55080324,0.4975162,0.54101,0.5092624,0.5420637,0.5201945,0.54516274,0.48136726,0.46786958,0.6112863,0.5565807,0.5857245,0.5322655,0.56233245,0.52585196,0.6236573,0.53153425,0.6340859,0.5302124,0.50008327,0.6149533,0.5537826,0.5667287,0.50027543,0.52863944,0.52636933,0.6145982,0.6596704,0.5451368,0.4997605,0.59225756,0.5695666,0.5917055,0.59111214,0.58891547,0.5603151,0.61591035,0.5949022,0.51976156,0.6211351,0.5882666,0.5487865,0.58362174,0.59226197,0.6305638,0.5983951,0.6236913,0.6556821,0.67361873,0.5259561,0.57035434,0.56074417,0.5803921,0.5349747,0.54126996,0.53208333,0.5049375,0.54689395,0.587659,0.5206953,0.5642976,0.55820554,0.51997924,0.5089901,0.52369034,0.51955706,0.53116655,0.6030099,0.61009026,0.60570496,0.55231196,0.6097479,0.6096903,0.6161575,0.63626635,0.5878253,0.57474613,0.6233029,0.6478228,0.64227456,0.5382311,0.52585846,0.5075895,0.60420156,0.569667,0.5578853,0.5519169,0.596992,0.6478016,0.5747209,0.58091414,0.5621796,0.5905046,0.5892379,0.5743135,0.51069534,0.513577,0.5079595,0.58792245,0.59020877,0.5587471,0.5688063,0.47765654,0.5278192,0.54019254,0.5287962,0.5089383,0.50782186,0.5102817,0.5306339,0.6028155,0.5980874,0.5445108,0.55573165,0.5122713,0.51872855,0.5434207,0.55391705,0.5540301,0.5528122,0.5351719,0.54398876,0.5473395,0.5574737,0.5358913,0.52002084,0.5594947,0.5608476,0.56783485,0.56407493,0.55290496
898,0.59887844,0.58447546,0.5994141,0.5940857,0.5923992,0.57098335,0.5604362,0.5682389,0.5795171,0.6107709,0.5924221,0.52867603,0.6103046,0.6317601,0.62090844,0.59268546,0.59328485,0.54551375,0.58963764,0.56138283,0.57384425,0.5703587,0.5643907,0.56460726,0.54005754,0.5235729,0.60005754,0.52551365,0.5972442,0.48494267,0.53405917,0.5687713,0.5537641,0.54053086,0.5804384,0.59761125,0.6564352,0.6291224,0.61594534,0.61142874,0.61575794,0.6543601,0.6368182,0.63295203,0.6772241,0.65291613,0.63519526,0.61064523,0.64132744,0.651226,0.58080095,0.6108977,0.5693411,0.6105411,0.61048836,0.61037135,0.57246375,0.5248882,0.6500656,0.65677714,0.5534049,0.54757935,0.49618858,0.5813201,0.5463757,0.52649647,0.44825432,0.47877645,0.5262216,0.43968797,0.47482878,0.4725575,0.5334463,0.46543083,0.4783688,0.47577134,0.41671202,0.57813025,0.4578136,0.5282962,0.5122488,0.48876053,0.47633317,0.62973225,0.5327503,0.6231081,0.4892109,0.47852427,0.49901453,0.4765677,0.5468755,0.50535023,0.51983213,0.52614915,0.58166724,0.6189328,0.5136015,0.50568485,0.6011832,0.56972253,0.59513056,0.56678873,0.5779776,0.53896,0.59166,0.5910096,0.5148318,0.63272697,0.6208427,0.5562887,0.6013677,0.614421,0.64259404,0.62364477,0.61091286,0.6440875,0.63141996,0.54169685,0.5355561,0.54453385,0.56320053,0.527625,0.5123693,0.51466984,0.49250683,0.55036795,0.5779549,0.5190062,0.509412,0.48952407,0.51271677,0.46456096,0.4831937,0.5236962,0.5220352,0.54568523,0.5418267,0.58302295,0.54394,0.61635244,0.57863337,0.6267475,0.6192201,0.54763746,0.5188594,0.6040201,0.62549496,0.6421152,0.4908394,0.48053956,0.46378103,0.59327286,0.5748496,0.57512635,0.53101,0.556423,0.59372306,0.57931143,0.59045047,0.59711057,0.54603803,0.58099383,0.5641079,0.5289699,0.52083665,0.54094136,0.59820807,0.5612157,0.5874171,0.5253763,0.4172201,0.5309861,0.54445505,0.54574,0.48047262,0.4912213,0.4894553,0.544317,0.60455936,0.64541644,0.60667163,0.6018472,0.5742836,0.59295654,0.5984912,0.58629334,0.5735145,0.5627957,0.56423885,0.63944286,0.5917178,0.55026746,0.6072683,0.63354164,0.6279909,0.60015273,0.57078236,0.56299037,0.60159266,0.5721062,0.5690334,0.59516114,0.60247546,0.570659,0.6374409,0.54717517,0.60966957,0.57774323,0.5900316,0.46972036,0.5581922,0.5306793,0.50562,0.55013067,0.562982,0.5832907,0.6412351,0.6372038,0.611687,0.59193224,0.6259606,0.64339894,0.6268187,0.65343785,0.68473655,0.6817776,0.6360632,0.6102724,0.6564176,0.62296575,0.57523113,0.6059329,0.5676456,0.58997387,0.6170144,0.59030604,0.61254245,0.55048937,0.64162296,0.675198,0.60358906,0.55604136,0.5065567,0.5988017,0.5315827,0.524009,0.49981767,0.47809467,0.5195337,0.45916086,0.5011284,0.474697,0.5183926,0.49627784,0.53006077,0.4554337,0.42438835,0.5913988,0.54432917,0.5886062,0.5161919,0.55895054,0.49084663,0.63000876,0.49511787,0.6463537,0.5164747,0.47424212,0.6139432,0.5193466,0.5572793,0.49426684,0.5168516,0.5098288,0.5918638,0.63587976,0.51431257,0.46216214,0.5904198,0.55112505,0.5712255,0.5773288,0.6042936,0.5567362,0.59407747,0.5902969,0.51335543,0.63624185,0.60399616,0.54255277,0.5938821,0.6038701,0.6422843,0.61328906,0.6047178,0.6040982,0.61999553,0.51403373,0.55879104,0.54863966,0.570167,0.5281313,0.53215444,0.5296331,0.4757111,0.5521521,0.5873242,0.50975096,0.53763694,0.52362734,0.5121022,0.5024722,0.4957617,0.5105928,0.5284605,0.5931363,0.58316904,0.58601093,0.5435881,0.59332716,0.5927782,0.616114,0.62116975,0.5502283,0.53057176,0.6071847,0.60460913,0.63406944,0.50884837,0.48694086,0.46560815,0.60557115,0.57303274,0.5657098,0.5484243,0.5811181,0.62067574,0.57143766,0.58412,0.5707379,0.5585623,0.5757254,0.57329166,0.51113945,0.49903408,0.5149693,0.59481394,0.569433,0.56328464,0.54583853,0.4379719,0.52247536,0.5548195,0.55203885,0.4873327,0.4991731,0.48786184,0.53750235,0.6127646,0.6240964,0.55246425,0.55670357,0.5048735,0.51119953,0.53917027,0.549178,0.54540634,0.5436001,0.537582,0.5394808,0.53204095,0.5448849,0.5331995,0.51823753,0.5586251,0.5575376,0.55837816,0.55513424,0.55059576
899,0.6096566,0.5618324,0.5862973,0.5859848,0.587953,0.5723277,0.56207705,0.54399294,0.558258,0.61613107,0.6020399,0.50722224,0.5984712,0.6298141,0.60937077,0.5826571,0.56903714,0.5307755,0.58847666,0.561079,0.5702026,0.57147497,0.54842377,0.5913613,0.5261254,0.48796952,0.5868778,0.5143273,0.57995266,0.45694315,0.5449084,0.5457481,0.56004167,0.51485795,0.5544627,0.5599758,0.65194654,0.63226056,0.5805653,0.5907694,0.6073371,0.6150244,0.62987363,0.61979336,0.6649279,0.62013435,0.57927126,0.61853623,0.63085645,0.61404943,0.5391171,0.56149775,0.5479742,0.5620538,0.5829013,0.56828785,0.5524363,0.50573653,0.6667343,0.6683981,0.55413824,0.5381701,0.4737932,0.59727997,0.56465095,0.54346216,0.40766573,0.46127588,0.493242,0.38353968,0.43716937,0.462167,0.5197879,0.4419383,0.44589603,0.4342864,0.37163445,0.5590173,0.4200111,0.52888566,0.48881513,0.4798613,0.4591649,0.6312906,0.51788455,0.6195598,0.44814023,0.4641902,0.46965486,0.4334328,0.54391736,0.5112546,0.5138131,0.51256895,0.5585365,0.59505683,0.49452776,0.49298784,0.60074395,0.5586865,0.56702465,0.56225026,0.5920848,0.53955406,0.57174814,0.58952796,0.512725,0.6440852,0.6358696,0.5468127,0.6148421,0.6321017,0.64478564,0.63491917,0.5808288,0.5927036,0.5726337,0.53904456,0.54880184,0.5341068,0.56189024,0.5200512,0.49701092,0.51351386,0.47311634,0.56189996,0.58232105,0.49427885,0.47062415,0.44749424,0.49271727,0.42290395,0.4638311,0.5200909,0.5239555,0.54985714,0.51545304,0.5637872,0.52712977,0.59554374,0.5592189,0.6245107,0.61169636,0.5219683,0.48613694,0.592403,0.58297133,0.6408935,0.46044353,0.43461445,0.43736485,0.5844118,0.57340026,0.5819626,0.5353001,0.531359,0.558783,0.58037454,0.59624416,0.6024542,0.5049525,0.579861,0.56053257,0.5330284,0.5146149,0.5451829,0.61083245,0.5428205,0.6065857,0.50435525,0.38612765,0.5202114,0.5651084,0.5586499,0.46406922,0.46969205,0.45783478,0.5579778,0.6157443,0.6641423,0.617012,0.583044,0.56236404,0.5898603,0.6015119,0.5901922,0.58865297,0.5313175,0.54498,0.6476373,0.58989805,0.53657,0.6065436,0.6295562,0.61495566,0.59057564,0.54617876,0.5470915,0.60346353,0.5731724,0.5627162,0.6036818,0.58332396,0.6035492,0.6419812,0.52619785,0.5994313,0.5758915,0.54976,0.42936075,0.5617286,0.512327,0.49371043,0.5386132,0.55085963,0.53456426,0.6307202,0.63574684,0.56981444,0.565086,0.60889363,0.60209596,0.6167599,0.64456505,0.65843743,0.64736575,0.5669132,0.6010016,0.6281856,0.5840624,0.532513,0.55758786,0.5425115,0.53127027,0.5851164,0.54649895,0.6027506,0.5475036,0.6623352,0.6863841,0.62131447,0.55727285,0.49391064,0.6158715,0.5433155,0.5318517,0.4746755,0.4559627,0.49314937,0.42934704,0.46582302,0.44722557,0.50179166,0.4815698,0.52071655,0.43898222,0.39053756,0.57019615,0.5362381,0.5935511,0.51000154,0.5610992,0.46240982,0.63115674,0.46307862,0.6544951,0.5091472,0.4577879,0.6117673,0.48550197,0.54873013,0.4954072,0.5070812,0.5014271,0.57047415,0.6037584,0.4905123,0.43063283,0.5852848,0.5308538,0.5506648,0.5659065,0.62292314,0.5552972,0.56495935,0.5872745,0.5124898,0.6468109,0.6219875,0.5385626,0.608595,0.6189203,0.64735043,0.62561566,0.5811981,0.54445165,0.55539507,0.5047623,0.55115837,0.53983337,0.56099516,0.5238491,0.5286897,0.5316514,0.45121264,0.55938643,0.5880548,0.5057992,0.51463574,0.49397045,0.507482,0.5002051,0.47534332,0.5042995,0.52787685,0.58344716,0.5551317,0.5651689,0.5385609,0.5743764,0.57441497,0.6164675,0.60130686,0.51587206,0.49349618,0.58964497,0.55011594,0.6196034,0.48363468,0.45646465,0.43230647,0.6055482,0.5759947,0.57511693,0.547118,0.5623459,0.5867678,0.56898,0.58719444,0.5813092,0.53631324,0.5651045,0.5740642,0.51416,0.4903865,0.52455664,0.6026752,0.54882926,0.5746909,0.526291,0.40860626,0.51750046,0.5764016,0.58283883,0.46991086,0.49830407,0.4711915,0.54766345,0.62484854,0.65532184,0.56291753,0.5593139,0.49688104,0.50386745,0.5406934,0.54867107,0.537688,0.5356522,0.54170257,0.5363114,0.51926035,0.5343783,0.5302537,0.51815766,0.55999416,0.5560154,0.5514092,0.54719317,0.5491189
